0	0
1	0
2	0
3	0
4	0
5	0
6	0
7	0
8	0
9	0
10	0
11	0
12	0
13	0
14	0
15	0
16	0
17	0
18	0
19	0
20	0
21	0
22	0
23	0
24	0
25	0
26	0
27	0
28	0
29	0
30	0
31	0
32	0
33	0
34	0
35	0
36	0
37	0
38	0
39	0
40	0
41	0
42	0
43	0
44	0
45	0
46	0
47	0
48	0
49	0
50	0
51	0
52	0
53	0
54	0
55	0
56	0
57	0
58	0
59	0
60	0
61	0
62	0
63	0
64	0
65	0
66	0
67	0
68	0
69	0
70	0
71	0
72	0
73	0
74	0
75	0
76	0
77	0
78	0
79	0
80	0
81	0
82	0
83	0
84	0
85	0
86	0
87	0
88	0
89	0
90	0
91	0
92	0
93	0
94	0
95	0
96	0
97	0
98	0
99	0
100	0
101	0
102	0
103	0
104	0
105	0
106	0
107	0
108	0
109	0
110	0
111	0
112	0
113	0
114	0
115	1
116	0
117	0
118	0
119	0
120	0
121	0
122	0
123	0
124	0
125	0
126	0
127	0
128	0
129	0
130	0
131	0
132	1
133	0
134	0
135	0
136	0
137	0
138	0
139	0
140	0
141	0
142	0
143	0
144	1
145	0
146	0
147	1
148	0
149	0
150	0
151	0
152	0
153	0
154	0
155	0
156	0
157	0
158	0
159	0
160	0
161	0
162	0
163	0
164	0
165	0
166	0
167	0
168	0
169	0
170	1
171	0
172	0
173	0
174	0
175	0
176	0
177	0
178	0
179	0
180	0
181	0
182	0
183	0
184	0
185	0
186	0
187	0
188	0
189	0
190	0
191	0
192	0
193	0
194	0
195	0
196	0
197	0
198	0
199	0
200	0
201	0
202	0
203	0
204	0
205	0
206	0
207	0
208	0
209	0
210	0
211	0
212	0
213	0
214	0
215	0
216	0
217	0
218	0
219	0
220	0
221	0
222	0
223	0
224	0
225	0
226	0
227	0
228	0
229	0
230	0
231	0
232	0
233	0
234	1
235	0
236	0
237	0
238	0
239	0
240	0
241	0
242	0
243	0
244	0
245	0
246	0
247	0
248	0
249	0
250	0
251	0
252	0
253	0
254	0
255	0
256	0
257	0
258	0
259	0
260	0
261	1
262	0
263	0
264	0
265	0
266	0
267	0
268	0
269	0
270	0
271	0
272	0
273	0
274	0
275	0
276	0
277	0
278	0
279	0
280	0
281	0
282	0
283	0
284	0
285	1
286	0
287	0
288	0
289	0
290	0
291	0
292	0
293	0
294	0
295	0
296	0
297	0
298	0
299	0
300	0
301	0
302	0
303	0
304	0
305	0
306	0
307	0
308	0
309	0
310	0
311	0
312	0
313	0
314	0
315	0
316	0
317	0
318	0
319	0
320	0
321	1
322	0
323	0
324	0
325	0
326	0
327	0
328	0
329	0
330	0
331	0
332	0
333	0
334	0
335	0
336	0
337	0
338	0
339	0
340	0
341	0
342	0
343	0
344	0
345	0
346	0
347	0
348	0
349	0
350	0
351	0
352	0
353	0
354	0
355	0
356	0
357	0
358	0
359	0
360	0
361	0
362	1
363	0
364	0
365	0
366	0
367	0
368	0
369	0
370	0
371	0
372	0
373	0
374	0
375	0
376	0
377	0
378	0
379	0
380	0
381	0
382	0
383	0
384	0
385	0
386	0
387	0
388	0
389	0
390	0
391	0
392	0
393	0
394	0
395	0
396	0
397	0
398	0
399	0
400	0
401	0
402	0
403	0
404	0
405	0
406	0
407	0
408	0
409	0
410	0
411	0
412	0
413	0
414	0
415	0
416	0
417	0
418	0
419	0
420	0
421	0
422	0
423	0
424	0
425	0
426	0
427	0
428	0
429	0
430	0
431	0
432	0
433	0
434	0
435	0
436	0
437	0
438	0
439	0
440	0
441	0
442	0
443	0
444	0
445	0
446	0
447	0
448	0
449	0
450	0
451	0
452	1
453	0
454	0
455	0
456	0
457	0
458	0
459	0
460	0
461	0
462	0
463	0
464	0
465	0
466	0
467	0
468	1
469	0
470	0
471	0
472	0
473	0
474	0
475	0
476	0
477	0
478	0
479	0
480	0
481	0
482	0
483	0
484	0
485	0
486	0
487	0
488	0
489	0
490	0
491	0
492	0
493	0
494	0
495	0
496	0
497	0
498	0
499	0
500	0
501	0
502	0
503	0
504	0
505	0
506	0
507	0
508	0
509	0
510	0
511	0
512	0
513	0
514	0
515	0
516	0
517	0
518	0
519	0
520	0
521	0
522	0
523	0
524	0
525	0
526	0
527	0
528	0
529	0
530	0
531	0
532	0
533	0
534	0
535	0
536	0
537	0
538	0
539	0
540	0
541	0
542	0
543	0
544	0
545	0
546	0
547	0
548	1
549	0
550	0
551	0
552	0
553	0
554	0
555	0
556	0
557	0
558	0
559	0
560	0
561	0
562	0
563	0
564	1
565	1
566	1
567	0
568	0
569	0
570	0
571	0
572	0
573	0
574	0
575	0
576	0
577	0
578	0
579	0
580	0
581	0
582	0
583	0
584	0
585	0
586	0
587	0
588	0
589	0
590	1
591	0
592	0
593	0
594	0
595	0
596	0
597	0
598	0
599	0
600	0
601	0
602	0
603	0
604	0
605	0
606	0
607	0
608	0
609	0
610	0
611	0
612	0
613	0
614	0
615	0
616	0
617	0
618	0
619	0
620	0
621	0
622	0
623	1
624	0
625	0
626	0
627	0
628	0
629	0
630	0
631	0
632	0
633	0
634	0
635	0
636	0
637	0
638	0
639	0
640	0
641	0
642	0
643	0
644	0
645	0
646	0
647	0
648	0
649	0
650	0
651	0
652	0
653	1
654	0
655	0
656	0
657	0
658	0
659	0
660	0
661	0
662	0
663	0
664	0
665	0
666	0
667	0
668	0
669	0
670	0
671	0
672	0
673	0
674	0
675	0
676	0
677	0
678	0
679	0
680	0
681	0
682	0
683	0
684	0
685	0
686	0
687	0
688	0
689	0
690	0
691	0
692	0
693	0
694	0
695	1
696	0
697	0
698	0
699	0
700	0
701	0
702	0
703	0
704	0
705	0
706	0
707	0
708	0
709	0
710	0
711	0
712	0
713	0
714	0
715	0
716	0
717	0
718	0
719	0
720	0
721	0
722	0
723	0
724	0
725	0
726	0
727	0
728	0
729	0
730	0
731	0
732	0
733	0
734	0
735	0
736	0
737	0
738	0
739	0
740	0
741	0
742	0
743	0
744	0
745	0
746	1
747	0
748	0
749	0
750	0
751	0
752	0
753	0
754	1
755	0
756	0
757	0
758	0
759	0
760	0
761	0
762	0
763	0
764	0
765	0
766	0
767	1
768	0
769	0
770	0
771	0
772	0
773	1
774	0
775	0
776	0
777	0
778	0
779	0
780	0
781	0
782	0
783	0
784	0
785	0
786	1
787	0
788	0
789	0
790	0
791	0
792	0
793	0
794	0
795	0
796	0
797	0
798	0
799	0
800	0
801	0
802	0
803	0
804	0
805	1
806	0
807	0
808	0
809	0
810	0
811	0
812	0
813	0
814	0
815	0
816	0
817	0
818	0
819	0
820	0
821	0
822	0
823	0
824	0
825	0
826	0
827	0
828	0
829	0
830	0
831	0
832	0
833	0
834	0
835	0
836	0
837	0
838	0
839	0
840	0
841	0
842	0
843	0
844	0
845	0
846	0
847	0
848	0
849	0
850	0
851	0
852	0
853	0
854	0
855	0
856	0
857	0
858	0
859	0
860	0
861	0
862	0
863	0
864	0
865	0
866	0
867	0
868	0
869	0
870	0
871	0
872	0
873	0
874	0
875	0
876	0
877	0
878	0
879	0
880	0
881	0
882	0
883	0
884	0
885	0
886	0
887	0
888	1
889	0
890	1
891	0
892	0
893	0
894	0
895	0
896	0
897	0
898	0
899	0
900	0
901	0
902	0
903	0
904	0
905	0
906	0
907	0
908	0
909	0
910	1
911	0
912	0
913	0
914	0
915	0
916	0
917	0
918	0
919	0
920	0
921	0
922	0
923	0
924	0
925	0
926	1
927	0
928	0
929	0
930	0
931	0
932	1
933	0
934	0
935	0
936	0
937	0
938	0
939	0
940	0
941	0
942	0
943	0
944	0
945	0
946	0
947	0
948	0
949	0
950	0
951	0
952	0
953	0
954	0
955	0
956	0
957	0
958	0
959	0
960	1
961	0
962	1
963	0
964	0
965	0
966	0
967	0
968	0
969	0
970	0
971	0
972	0
973	0
974	0
975	0
976	0
977	0
978	0
979	0
980	0
981	0
982	0
983	0
984	0
985	0
986	0
987	0
988	0
989	0
990	0
991	0
992	0
993	0
994	0
995	0
996	0
997	0
998	0
999	0
1000	0
1001	0
1002	0
1003	0
1004	1
1005	0
1006	0
1007	1
1008	0
1009	0
1010	0
1011	0
1012	0
1013	0
1014	0
1015	0
1016	0
1017	0
1018	0
1019	0
1020	0
1021	0
1022	0
1023	0
1024	0
1025	0
1026	0
1027	0
1028	0
1029	0
1030	0
1031	1
1032	0
1033	1
1034	0
1035	0
1036	0
1037	0
1038	0
1039	0
1040	0
1041	0
1042	0
1043	0
1044	0
1045	0
1046	1
1047	0
1048	0
1049	0
1050	0
1051	0
1052	0
1053	0
1054	0
1055	0
1056	0
1057	0
1058	0
1059	0
1060	0
1061	0
1062	0
1063	0
1064	0
1065	0
1066	0
1067	1
1068	0
1069	0
1070	0
1071	0
1072	1
1073	0
1074	0
1075	0
1076	0
1077	0
1078	0
1079	0
1080	0
1081	0
1082	0
1083	0
1084	0
1085	0
1086	0
1087	0
1088	0
1089	0
1090	1
1091	0
1092	0
1093	0
1094	0
1095	0
1096	0
1097	0
1098	1
1099	0
1100	0
1101	0
1102	0
1103	0
1104	0
1105	0
1106	0
1107	0
1108	0
1109	0
1110	0
1111	0
1112	0
1113	0
1114	0
1115	0
1116	0
1117	0
1118	0
1119	0
1120	0
1121	0
1122	0
1123	0
1124	1
1125	0
1126	0
1127	0
1128	0
1129	0
1130	0
1131	0
1132	0
1133	0
1134	0
1135	0
1136	0
1137	0
1138	0
1139	0
1140	0
1141	0
1142	0
1143	0
1144	0
1145	0
1146	0
1147	0
1148	0
1149	0
1150	0
1151	0
1152	0
1153	0
1154	0
1155	0
1156	0
1157	0
1158	0
1159	0
1160	0
1161	0
1162	0
1163	0
1164	0
1165	0
1166	0
1167	1
1168	0
1169	0
1170	0
1171	0
1172	0
1173	0
1174	0
1175	0
1176	0
1177	0
1178	0
1179	1
1180	0
1181	0
1182	0
1183	0
1184	0
1185	0
1186	0
1187	0
1188	0
1189	0
1190	0
1191	0
1192	0
1193	0
1194	0
1195	0
1196	1
1197	0
1198	0
1199	0
1200	0
1201	0
1202	0
1203	0
1204	0
1205	0
1206	0
1207	0
1208	0
1209	0
1210	0
1211	0
1212	0
1213	0
1214	1
1215	0
1216	0
1217	0
1218	0
1219	0
1220	0
1221	0
1222	0
1223	0
1224	0
1225	0
1226	0
1227	0
1228	0
1229	0
1230	0
1231	0
1232	0
1233	0
1234	0
1235	0
1236	0
1237	0
1238	0
1239	0
1240	0
1241	0
1242	0
1243	0
1244	0
1245	0
1246	0
1247	0
1248	0
1249	0
1250	0
1251	0
1252	0
1253	0
1254	0
1255	0
1256	0
1257	0
1258	0
1259	0
1260	0
1261	0
1262	0
1263	0
1264	0
1265	0
1266	1
1267	0
1268	0
1269	0
1270	0
1271	0
1272	0
1273	0
1274	0
1275	0
1276	0
1277	0
1278	0
1279	0
1280	0
1281	0
1282	0
1283	0
1284	0
1285	0
1286	0
1287	0
1288	0
1289	1
1290	0
1291	1
1292	0
1293	0
1294	0
1295	0
1296	0
1297	0
1298	0
1299	0
1300	0
1301	0
1302	0
1303	0
1304	1
1305	2
1306	0
1307	0
1308	1
1309	1
1310	0
1311	0
1312	0
1313	1
1314	1
1315	0
1316	2
1317	1
1318	0
1319	1
1320	0
1321	0
1322	0
1323	2
1324	0
1325	1
1326	1
1327	0
1328	1
1329	0
1330	1
1331	0
1332	0
1333	1
1334	2
1335	0
1336	3
1337	0
1338	1
1339	0
1340	0
1341	1
1342	1
1343	1
1344	0
1345	2
1346	0
1347	1
1348	3
1349	1
1350	0
1351	0
1352	1
1353	2
1354	0
1355	1
1356	1
1357	2
1358	0
1359	1
1360	2
1361	0
1362	4
1363	3
1364	1
1365	1
1366	4
1367	1
1368	7
1369	1
1370	3
1371	3
1372	4
1373	1
1374	2
1375	3
1376	3
1377	4
1378	4
1379	3
1380	4
1381	2
1382	5
1383	2
1384	1
1385	5
1386	5
1387	4
1388	0
1389	6
1390	5
1391	3
1392	5
1393	5
1394	6
1395	2
1396	4
1397	5
1398	5
1399	3
1400	4
1401	6
1402	6
1403	4
1404	6
1405	5
1406	5
1407	8
1408	6
1409	7
1410	5
1411	8
1412	6
1413	11
1414	5
1415	8
1416	7
1417	3
1418	7
1419	6
1420	9
1421	6
1422	7
1423	8
1424	11
1425	10
1426	10
1427	8
1428	15
1429	9
1430	10
1431	13
1432	10
1433	19
1434	8
1435	11
1436	7
1437	11
1438	12
1439	8
1440	16
1441	17
1442	13
1443	18
1444	9
1445	14
1446	13
1447	22
1448	25
1449	10
1450	13
1451	25
1452	19
1453	21
1454	27
1455	15
1456	14
1457	20
1458	23
1459	22
1460	13
1461	16
1462	18
1463	21
1464	15
1465	28
1466	19
1467	17
1468	24
1469	17
1470	21
1471	34
1472	16
1473	25
1474	31
1475	29
1476	23
1477	32
1478	28
1479	32
1480	32
1481	31
1482	35
1483	21
1484	37
1485	29
1486	41
1487	36
1488	35
1489	39
1490	34
1491	33
1492	35
1493	38
1494	24
1495	36
1496	50
1497	41
1498	44
1499	39
1500	41
1501	61
1502	30
1503	46
1504	49
1505	35
1506	46
1507	57
1508	43
1509	50
1510	40
1511	42
1512	39
1513	50
1514	61
1515	57
1516	63
1517	57
1518	55
1519	54
1520	73
1521	64
1522	52
1523	66
1524	56
1525	53
1526	65
1527	69
1528	58
1529	68
1530	65
1531	67
1532	74
1533	58
1534	69
1535	74
1536	83
1537	84
1538	72
1539	67
1540	71
1541	83
1542	84
1543	66
1544	70
1545	88
1546	89
1547	84
1548	76
1549	96
1550	84
1551	87
1552	78
1553	98
1554	83
1555	82
1556	86
1557	88
1558	91
1559	65
1560	97
1561	95
1562	104
1563	114
1564	80
1565	96
1566	85
1567	117
1568	99
1569	99
1570	87
1571	82
1572	104
1573	111
1574	101
1575	114
1576	112
1577	114
1578	103
1579	94
1580	98
1581	105
1582	101
1583	102
1584	98
1585	108
1586	118
1587	105
1588	113
1589	116
1590	125
1591	110
1592	107
1593	127
1594	126
1595	127
1596	111
1597	137
1598	120
1599	131
1600	126
1601	111
1602	138
1603	131
1604	139
1605	139
1606	113
1607	132
1608	118
1609	114
1610	117
1611	127
1612	141
1613	126
1614	116
1615	123
1616	125
1617	133
1618	136
1619	121
1620	144
1621	144
1622	139
1623	149
1624	136
1625	141
1626	153
1627	140
1628	135
1629	148
1630	146
1631	147
1632	146
1633	142
1634	152
1635	127
1636	163
1637	136
1638	136
1639	160
1640	156
1641	156
1642	170
1643	161
1644	144
1645	172
1646	148
1647	164
1648	139
1649	150
1650	140
1651	139
1652	145
1653	140
1654	135
1655	153
1656	151
1657	163
1658	146
1659	170
1660	165
1661	157
1662	153
1663	156
1664	144
1665	164
1666	154
1667	173
1668	168
1669	139
1670	147
1671	146
1672	154
1673	155
1674	158
1675	137
1676	174
1677	162
1678	149
1679	151
1680	180
1681	154
1682	165
1683	154
1684	163
1685	142
1686	166
1687	158
1688	152
1689	141
1690	153
1691	151
1692	169
1693	148
1694	154
1695	169
1696	142
1697	169
1698	174
1699	150
1700	159
1701	171
1702	152
1703	150
1704	174
1705	152
1706	133
1707	170
1708	157
1709	166
1710	156
1711	175
1712	162
1713	162
1714	159
1715	143
1716	169
1717	153
1718	158
1719	132
1720	147
1721	165
1722	184
1723	159
1724	155
1725	146
1726	169
1727	137
1728	176
1729	158
1730	158
1731	146
1732	152
1733	142
1734	142
1735	152
1736	148
1737	147
1738	142
1739	136
1740	169
1741	135
1742	153
1743	160
1744	169
1745	154
1746	141
1747	142
1748	140
1749	144
1750	173
1751	160
1752	180
1753	164
1754	166
1755	156
1756	152
1757	168
1758	162
1759	160
1760	130
1761	142
1762	150
1763	157
1764	168
1765	156
1766	126
1767	152
1768	148
1769	156
1770	174
1771	155
1772	145
1773	169
1774	128
1775	128
1776	164
1777	155
1778	150
1779	137
1780	139
1781	135
1782	154
1783	154
1784	145
1785	162
1786	150
1787	167
1788	149
1789	140
1790	158
1791	163
1792	153
1793	130
1794	151
1795	159
1796	141
1797	136
1798	134
1799	155
1800	150
1801	152
1802	122
1803	142
1804	155
1805	168
1806	134
1807	129
1808	146
1809	135
1810	147
1811	145
1812	137
1813	127
1814	147
1815	128
1816	155
1817	138
1818	147
1819	136
1820	172
1821	145
1822	119
1823	127
1824	128
1825	148
1826	146
1827	139
1828	141
1829	142
1830	127
1831	141
1832	144
1833	142
1834	116
1835	114
1836	124
1837	120
1838	126
1839	128
1840	140
1841	129
1842	136
1843	132
1844	141
1845	131
1846	123
1847	121
1848	126
1849	114
1850	141
1851	134
1852	128
1853	123
1854	123
1855	122
1856	141
1857	117
1858	133
1859	115
1860	115
1861	122
1862	129
1863	125
1864	151
1865	124
1866	115
1867	129
1868	123
1869	126
1870	132
1871	123
1872	118
1873	110
1874	120
1875	131
1876	129
1877	126
1878	128
1879	133
1880	122
1881	121
1882	117
1883	118
1884	105
1885	118
1886	133
1887	130
1888	115
1889	118
1890	142
1891	115
1892	125
1893	128
1894	109
1895	129
1896	112
1897	143
1898	128
1899	126
1900	126
1901	108
1902	140
1903	126
1904	126
1905	104
1906	115
1907	120
1908	115
1909	115
1910	111
1911	123
1912	112
1913	119
1914	128
1915	112
1916	120
1917	120
1918	96
1919	96
1920	108
1921	118
1922	132
1923	117
1924	120
1925	105
1926	108
1927	104
1928	106
1929	120
1930	111
1931	101
1932	115
1933	96
1934	115
1935	117
1936	125
1937	96
1938	106
1939	109
1940	115
1941	94
1942	84
1943	108
1944	116
1945	114
1946	86
1947	97
1948	93
1949	102
1950	121
1951	106
1952	93
1953	99
1954	113
1955	110
1956	116
1957	101
1958	98
1959	92
1960	84
1961	81
1962	91
1963	98
1964	74
1965	105
1966	86
1967	88
1968	113
1969	104
1970	104
1971	102
1972	104
1973	91
1974	110
1975	94
1976	85
1977	90
1978	100
1979	98
1980	88
1981	87
1982	79
1983	90
1984	104
1985	111
1986	90
1987	94
1988	90
1989	100
1990	100
1991	87
1992	107
1993	85
1994	87
1995	83
1996	88
1997	79
1998	97
1999	78
2000	88
2001	104
2002	95
2003	109
2004	85
2005	92
2006	84
2007	71
2008	87
2009	73
2010	92
2011	105
2012	94
2013	82
2014	85
2015	73
2016	86
2017	78
2018	95
2019	92
2020	71
2021	86
2022	86
2023	86
2024	64
2025	77
2026	74
2027	72
2028	86
2029	81
2030	74
2031	72
2032	68
2033	94
2034	78
2035	79
2036	88
2037	83
2038	64
2039	72
2040	86
2041	77
2042	74
2043	80
2044	63
2045	71
2046	76
2047	82
2048	68
2049	67
2050	74
2051	81
2052	75
2053	74
2054	87
2055	83
2056	72
2057	76
2058	76
2059	75
2060	68
2061	68
2062	73
2063	57
2064	68
2065	73
2066	63
2067	58
2068	75
2069	73
2070	64
2071	66
2072	66
2073	59
2074	71
2075	59
2076	58
2077	65
2078	77
2079	70
2080	72
2081	67
2082	74
2083	60
2084	54
2085	71
2086	52
2087	66
2088	61
2089	63
2090	66
2091	71
2092	72
2093	52
2094	64
2095	65
2096	63
2097	73
2098	60
2099	58
2100	58
2101	60
2102	62
2103	61
2104	75
2105	70
2106	58
2107	60
2108	68
2109	64
2110	60
2111	76
2112	68
2113	54
2114	57
2115	60
2116	71
2117	55
2118	54
2119	64
2120	48
2121	53
2122	54
2123	57
2124	55
2125	53
2126	68
2127	72
2128	64
2129	57
2130	75
2131	68
2132	70
2133	58
2134	46
2135	57
2136	41
2137	66
2138	52
2139	59
2140	52
2141	63
2142	62
2143	60
2144	61
2145	58
2146	62
2147	56
2148	57
2149	61
2150	60
2151	50
2152	55
2153	52
2154	63
2155	54
2156	57
2157	57
2158	45
2159	63
2160	62
2161	59
2162	64
2163	52
2164	55
2165	62
2166	44
2167	52
2168	51
2169	55
2170	58
2171	59
2172	40
2173	55
2174	46
2175	68
2176	57
2177	64
2178	54
2179	64
2180	50
2181	55
2182	42
2183	43
2184	54
2185	57
2186	53
2187	50
2188	63
2189	59
2190	57
2191	35
2192	39
2193	54
2194	60
2195	59
2196	42
2197	47
2198	41
2199	51
2200	59
2201	56
2202	44
2203	56
2204	52
2205	53
2206	51
2207	45
2208	56
2209	52
2210	49
2211	47
2212	50
2213	53
2214	41
2215	43
2216	43
2217	41
2218	41
2219	46
2220	50
2221	56
2222	45
2223	45
2224	52
2225	37
2226	55
2227	54
2228	44
2229	37
2230	54
2231	43
2232	43
2233	46
2234	47
2235	50
2236	38
2237	42
2238	42
2239	35
2240	47
2241	39
2242	58
2243	49
2244	29
2245	50
2246	37
2247	43
2248	43
2249	37
2250	37
2251	56
2252	46
2253	46
2254	57
2255	41
2256	44
2257	44
2258	52
2259	39
2260	48
2261	40
2262	54
2263	40
2264	42
2265	44
2266	49
2267	37
2268	36
2269	34
2270	48
2271	48
2272	46
2273	59
2274	41
2275	45
2276	38
2277	46
2278	31
2279	38
2280	44
2281	47
2282	33
2283	48
2284	40
2285	43
2286	37
2287	30
2288	46
2289	36
2290	30
2291	36
2292	35
2293	35
2294	36
2295	44
2296	36
2297	40
2298	40
2299	36
2300	31
2301	38
2302	35
2303	41
2304	40
2305	39
2306	44
2307	39
2308	44
2309	51
2310	27
2311	36
2312	45
2313	46
2314	25
2315	47
2316	39
2317	37
2318	37
2319	45
2320	38
2321	37
2322	43
2323	32
2324	42
2325	42
2326	38
2327	27
2328	29
2329	33
2330	29
2331	39
2332	39
2333	33
2334	34
2335	22
2336	33
2337	32
2338	45
2339	37
2340	27
2341	26
2342	33
2343	39
2344	32
2345	26
2346	20
2347	38
2348	31
2349	42
2350	44
2351	32
2352	31
2353	22
2354	36
2355	37
2356	36
2357	35
2358	38
2359	23
2360	29
2361	28
2362	41
2363	29
2364	28
2365	42
2366	49
2367	35
2368	32
2369	37
2370	24
2371	35
2372	32
2373	34
2374	23
2375	37
2376	21
2377	31
2378	35
2379	24
2380	33
2381	35
2382	40
2383	34
2384	36
2385	34
2386	28
2387	29
2388	35
2389	43
2390	21
2391	34
2392	39
2393	26
2394	27
2395	33
2396	24
2397	28
2398	34
2399	22
2400	26
2401	31
2402	37
2403	33
2404	31
2405	28
2406	37
2407	23
2408	36
2409	21
2410	26
2411	22
2412	34
2413	41
2414	33
2415	18
2416	23
2417	29
2418	39
2419	27
2420	27
2421	24
2422	24
2423	17
2424	32
2425	28
2426	23
2427	30
2428	22
2429	16
2430	28
2431	19
2432	11
2433	24
2434	31
2435	19
2436	20
2437	25
2438	24
2439	26
2440	37
2441	31
2442	29
2443	25
2444	27
2445	26
2446	31
2447	26
2448	18
2449	21
2450	25
2451	20
2452	14
2453	26
2454	22
2455	27
2456	25
2457	30
2458	30
2459	27
2460	17
2461	24
2462	24
2463	25
2464	25
2465	21
2466	23
2467	27
2468	22
2469	33
2470	24
2471	20
2472	14
2473	24
2474	22
2475	21
2476	28
2477	29
2478	27
2479	25
2480	15
2481	26
2482	21
2483	30
2484	19
2485	29
2486	25
2487	19
2488	20
2489	23
2490	17
2491	33
2492	21
2493	19
2494	26
2495	31
2496	31
2497	20
2498	30
2499	28
2500	25
2501	22
2502	24
2503	21
2504	17
2505	20
2506	23
2507	26
2508	17
2509	18
2510	22
2511	19
2512	22
2513	21
2514	25
2515	16
2516	12
2517	21
2518	15
2519	17
2520	18
2521	13
2522	13
2523	18
2524	23
2525	12
2526	16
2527	20
2528	20
2529	19
2530	19
2531	17
2532	16
2533	18
2534	18
2535	14
2536	24
2537	22
2538	17
2539	17
2540	18
2541	16
2542	19
2543	15
2544	14
2545	17
2546	14
2547	19
2548	13
2549	18
2550	28
2551	16
2552	22
2553	21
2554	20
2555	13
2556	17
2557	14
2558	21
2559	17
2560	14
2561	17
2562	18
2563	18
2564	22
2565	15
2566	13
2567	15
2568	14
2569	12
2570	21
2571	20
2572	17
2573	13
2574	24
2575	13
2576	14
2577	17
2578	20
2579	9
2580	9
2581	17
2582	19
2583	22
2584	16
2585	15
2586	17
2587	20
2588	17
2589	22
2590	15
2591	18
2592	15
2593	13
2594	20
2595	17
2596	17
2597	19
2598	20
2599	16
2600	14
2601	16
2602	14
2603	19
2604	20
2605	13
2606	25
2607	18
2608	13
2609	14
2610	12
2611	17
2612	16
2613	14
2614	15
2615	14
2616	18
2617	18
2618	15
2619	10
2620	11
2621	23
2622	21
2623	21
2624	18
2625	21
2626	11
2627	17
2628	13
2629	17
2630	15
2631	17
2632	13
2633	12
2634	15
2635	14
2636	16
2637	16
2638	22
2639	21
2640	11
2641	20
2642	16
2643	16
2644	20
2645	16
2646	18
2647	13
2648	13
2649	7
2650	11
2651	11
2652	13
2653	16
2654	16
2655	16
2656	10
2657	14
2658	12
2659	15
2660	14
2661	12
2662	11
2663	14
2664	14
2665	18
2666	11
2667	10
2668	15
2669	11
2670	16
2671	8
2672	9
2673	11
2674	18
2675	11
2676	10
2677	17
2678	18
2679	15
2680	16
2681	14
2682	11
2683	10
2684	19
2685	15
2686	10
2687	10
2688	9
2689	10
2690	15
2691	11
2692	7
2693	11
2694	16
2695	12
2696	13
2697	18
2698	14
2699	18
2700	8
2701	14
2702	12
2703	11
2704	12
2705	13
2706	14
2707	10
2708	14
2709	13
2710	6
2711	13
2712	15
2713	15
2714	12
2715	7
2716	14
2717	13
2718	8
2719	16
2720	9
2721	15
2722	13
2723	8
2724	11
2725	8
2726	8
2727	15
2728	12
2729	13
2730	13
2731	9
2732	12
2733	9
2734	14
2735	16
2736	15
2737	12
2738	6
2739	14
2740	12
2741	15
2742	9
2743	12
2744	13
2745	10
2746	21
2747	13
2748	14
2749	6
2750	10
2751	13
2752	6
2753	15
2754	14
2755	10
2756	19
2757	10
2758	13
2759	10
2760	10
2761	17
2762	6
2763	9
2764	7
2765	7
2766	9
2767	6
2768	9
2769	15
2770	13
2771	14
2772	14
2773	6
2774	9
2775	10
2776	14
2777	13
2778	10
2779	11
2780	14
2781	12
2782	11
2783	7
2784	13
2785	11
2786	5
2787	7
2788	7
2789	11
2790	10
2791	7
2792	11
2793	9
2794	9
2795	16
2796	11
2797	10
2798	8
2799	10
2800	7
2801	14
2802	10
2803	10
2804	17
2805	8
2806	10
2807	11
2808	12
2809	13
2810	8
2811	15
2812	8
2813	9
2814	11
2815	9
2816	10
2817	11
2818	11
2819	8
2820	6
2821	12
2822	12
2823	9
2824	4
2825	7
2826	7
2827	7
2828	7
2829	5
2830	9
2831	7
2832	9
2833	8
2834	10
2835	8
2836	6
2837	11
2838	13
2839	15
2840	9
2841	11
2842	6
2843	6
2844	8
2845	4
2846	9
2847	7
2848	11
2849	9
2850	11
2851	11
2852	5
2853	4
2854	8
2855	4
2856	14
2857	2
2858	8
2859	5
2860	6
2861	8
2862	5
2863	14
2864	5
2865	6
2866	11
2867	5
2868	6
2869	6
2870	6
2871	8
2872	11
2873	6
2874	10
2875	6
2876	13
2877	5
2878	8
2879	13
2880	11
2881	2
2882	7
2883	4
2884	9
2885	5
2886	4
2887	6
2888	6
2889	9
2890	1
2891	9
2892	8
2893	4
2894	6
2895	8
2896	8
2897	14
2898	2
2899	8
2900	7
2901	9
2902	3
2903	9
2904	11
2905	8
2906	4
2907	12
2908	5
2909	10
2910	6
2911	9
2912	5
2913	4
2914	6
2915	5
2916	6
2917	5
2918	7
2919	2
2920	9
2921	7
2922	7
2923	7
2924	7
2925	5
2926	8
2927	7
2928	4
2929	6
2930	5
2931	9
2932	7
2933	10
2934	5
2935	5
2936	5
2937	13
2938	10
2939	7
2940	6
2941	5
2942	5
2943	5
2944	8
2945	5
2946	9
2947	4
2948	2
2949	5
2950	4
2951	5
2952	4
2953	6
2954	5
2955	6
2956	3
2957	7
2958	11
2959	6
2960	9
2961	3
2962	9
2963	7
2964	11
2965	6
2966	6
2967	5
2968	9
2969	2
2970	3
2971	12
2972	5
2973	6
2974	8
2975	3
2976	5
2977	3
2978	6
2979	5
2980	5
2981	3
2982	4
2983	5
2984	3
2985	2
2986	8
2987	4
2988	4
2989	5
2990	2
2991	3
2992	5
2993	5
2994	9
2995	6
2996	2
2997	8
2998	2
2999	2
3000	5
3001	8
3002	3
3003	10
3004	6
3005	4
3006	5
3007	5
3008	3
3009	5
3010	1
3011	3
3012	2
3013	6
3014	2
3015	6
3016	3
3017	5
3018	8
3019	5
3020	7
3021	5
3022	2
3023	4
3024	2
3025	10
3026	7
3027	8
3028	7
3029	4
3030	2
3031	9
3032	3
3033	8
3034	5
3035	8
3036	7
3037	3
3038	5
3039	7
3040	4
3041	8
3042	1
3043	7
3044	3
3045	7
3046	3
3047	6
3048	5
3049	2
3050	3
3051	4
3052	8
3053	2
3054	5
3055	6
3056	7
3057	4
3058	4
3059	5
3060	0
3061	6
3062	6
3063	3
3064	4
3065	4
3066	2
3067	5
3068	7
3069	7
3070	5
3071	6
3072	1
3073	4
3074	4
3075	5
3076	3
3077	5
3078	5
3079	3
3080	4
3081	2
3082	2
3083	7
3084	3
3085	5
3086	1
3087	4
3088	6
3089	3
3090	6
3091	8
3092	4
3093	4
3094	4
3095	4
3096	3
3097	6
3098	7
3099	5
3100	1
3101	5
3102	2
3103	1
3104	3
3105	1
3106	2
3107	5
3108	2
3109	2
3110	7
3111	4
3112	8
3113	6
3114	3
3115	2
3116	3
3117	2
3118	6
3119	1
3120	3
3121	3
3122	0
3123	2
3124	3
3125	4
3126	2
3127	8
3128	5
3129	4
3130	3
3131	2
3132	4
3133	4
3134	6
3135	4
3136	2
3137	1
3138	4
3139	4
3140	0
3141	2
3142	4
3143	2
3144	4
3145	5
3146	1
3147	3
3148	2
3149	5
3150	0
3151	6
3152	0
3153	2
3154	0
3155	5
3156	3
3157	4
3158	2
3159	4
3160	2
3161	4
3162	3
3163	1
3164	5
3165	5
3166	1
3167	1
3168	3
3169	2
3170	2
3171	1
3172	5
3173	3
3174	5
3175	1
3176	1
3177	1
3178	0
3179	2
3180	1
3181	4
3182	3
3183	1
3184	3
3185	3
3186	3
3187	5
3188	5
3189	7
3190	4
3191	2
3192	4
3193	2
3194	4
3195	3
3196	3
3197	2
3198	0
3199	1
3200	2
3201	3
3202	5
3203	4
3204	4
3205	4
3206	3
3207	3
3208	6
3209	1
3210	4
3211	0
3212	4
3213	2
3214	0
3215	3
3216	2
3217	2
3218	3
3219	2
3220	3
3221	2
3222	3
3223	2
3224	2
3225	2
3226	5
3227	1
3228	0
3229	1
3230	2
3231	4
3232	4
3233	5
3234	1
3235	0
3236	2
3237	1
3238	0
3239	5
3240	2
3241	2
3242	2
3243	3
3244	4
3245	5
3246	1
3247	4
3248	3
3249	3
3250	2
3251	4
3252	3
3253	3
3254	1
3255	1
3256	0
3257	6
3258	2
3259	2
3260	4
3261	2
3262	3
3263	4
3264	1
3265	2
3266	3
3267	3
3268	1
3269	1
3270	5
3271	2
3272	2
3273	5
3274	3
3275	6
3276	4
3277	5
3278	3
3279	3
3280	1
3281	3
3282	3
3283	1
3284	4
3285	3
3286	3
3287	2
3288	1
3289	3
3290	4
3291	3
3292	1
3293	2
3294	1
3295	1
3296	1
3297	3
3298	0
3299	6
3300	2
3301	1
3302	6
3303	2
3304	3
3305	5
3306	1
3307	2
3308	2
3309	2
3310	1
3311	2
3312	2
3313	1
3314	4
3315	0
3316	2
3317	1
3318	1
3319	4
3320	0
3321	2
3322	2
3323	2
3324	1
3325	4
3326	2
3327	3
3328	2
3329	2
3330	2
3331	1
3332	2
3333	2
3334	1
3335	3
3336	2
3337	1
3338	4
3339	2
3340	2
3341	0
3342	0
3343	2
3344	3
3345	2
3346	1
3347	3
3348	0
3349	4
3350	1
3351	1
3352	5
3353	3
3354	4
3355	1
3356	4
3357	2
3358	0
3359	1
3360	2
3361	0
3362	2
3363	3
3364	2
3365	0
3366	1
3367	2
3368	1
3369	3
3370	2
3371	0
3372	4
3373	2
3374	0
3375	1
3376	4
3377	3
3378	2
3379	5
3380	1
3381	1
3382	2
3383	4
3384	1
3385	0
3386	1
3387	0
3388	2
3389	0
3390	1
3391	3
3392	2
3393	1
3394	3
3395	1
3396	0
3397	2
3398	1
3399	2
3400	4
3401	1
3402	0
3403	2
3404	1
3405	3
3406	1
3407	2
3408	1
3409	1
3410	2
3411	1
3412	2
3413	3
3414	2
3415	2
3416	1
3417	0
3418	0
3419	0
3420	0
3421	1
3422	1
3423	1
3424	3
3425	1
3426	0
3427	1
3428	0
3429	1
3430	1
3431	0
3432	1
3433	1
3434	0
3435	2
3436	1
3437	0
3438	0
3439	2
3440	0
3441	1
3442	4
3443	2
3444	2
3445	0
3446	2
3447	1
3448	2
3449	0
3450	2
3451	1
3452	4
3453	1
3454	0
3455	1
3456	2
3457	0
3458	1
3459	0
3460	1
3461	3
3462	1
3463	2
3464	1
3465	0
3466	0
3467	0
3468	2
3469	2
3470	1
3471	1
3472	1
3473	0
3474	1
3475	3
3476	2
3477	1
3478	0
3479	3
3480	1
3481	1
3482	2
3483	1
3484	2
3485	0
3486	1
3487	2
3488	2
3489	3
3490	2
3491	3
3492	0
3493	0
3494	1
3495	1
3496	1
3497	1
3498	2
3499	3
3500	1
3501	0
3502	1
3503	3
3504	0
3505	0
3506	1
3507	1
3508	1
3509	4
3510	2
3511	0
3512	0
3513	1
3514	1
3515	0
3516	0
3517	1
3518	0
3519	0
3520	3
3521	2
3522	2
3523	2
3524	2
3525	2
3526	1
3527	0
3528	2
3529	0
3530	0
3531	1
3532	2
3533	2
3534	2
3535	2
3536	2
3537	1
3538	2
3539	0
3540	1
3541	3
3542	2
3543	3
3544	3
3545	0
3546	0
3547	0
3548	1
3549	2
3550	1
3551	1
3552	0
3553	0
3554	0
3555	1
3556	1
3557	1
3558	0
3559	1
3560	2
3561	1
3562	0
3563	0
3564	2
3565	0
3566	1
3567	1
3568	0
3569	0
3570	1
3571	0
3572	1
3573	0
3574	3
3575	0
3576	1
3577	2
3578	0
3579	1
3580	0
3581	0
3582	1
3583	0
3584	0
3585	1
3586	0
3587	1
3588	0
3589	0
3590	1
3591	0
3592	2
3593	1
3594	3
3595	0
3596	1
3597	1
3598	1
3599	0
3600	1
3601	2
3602	1
3603	0
3604	1
3605	1
3606	4
3607	3
3608	2
3609	1
3610	1
3611	1
3612	1
3613	2
3614	2
3615	1
3616	1
3617	0
3618	1
3619	0
3620	0
3621	0
3622	0
3623	2
3624	1
3625	1
3626	1
3627	1
3628	0
3629	0
3630	2
3631	0
3632	0
3633	0
3634	3
3635	1
3636	1
3637	0
3638	1
3639	1
3640	2
3641	1
3642	2
3643	0
3644	1
3645	1
3646	2
3647	2
3648	1
3649	0
3650	0
3651	0
3652	3
3653	0
3654	1
3655	0
3656	0
3657	1
3658	0
3659	1
3660	0
3661	1
3662	1
3663	1
3664	1
3665	1
3666	0
3667	1
3668	0
3669	1
3670	1
3671	0
3672	0
3673	0
3674	1
3675	1
3676	0
3677	0
3678	1
3679	1
3680	0
3681	1
3682	0
3683	4
3684	0
3685	1
3686	1
3687	0
3688	0
3689	4
3690	0
3691	0
3692	1
3693	0
3694	1
3695	2
3696	0
3697	0
3698	0
3699	0
3700	0
3701	2
3702	0
3703	0
3704	0
3705	0
3706	1
3707	0
3708	0
3709	1
3710	2
3711	1
3712	0
3713	1
3714	0
3715	1
3716	0
3717	0
3718	0
3719	0
3720	0
3721	1
3722	0
3723	1
3724	0
3725	0
3726	0
3727	0
3728	1
3729	3
3730	1
3731	0
3732	0
3733	0
3734	1
3735	0
3736	1
3737	0
3738	0
3739	0
3740	0
3741	1
3742	1
3743	1
3744	0
3745	1
3746	1
3747	3
3748	0
3749	0
3750	0
3751	0
3752	1
3753	0
3754	1
3755	0
3756	2
3757	2
3758	0
3759	1
3760	0
3761	1
3762	0
3763	1
3764	0
3765	1
3766	1
3767	0
3768	1
3769	2
3770	2
3771	0
3772	0
3773	0
3774	0
3775	0
3776	0
3777	1
3778	0
3779	0
3780	0
3781	2
3782	0
3783	0
3784	0
3785	0
3786	0
3787	1
3788	0
3789	1
3790	0
3791	0
3792	0
3793	0
3794	0
3795	0
3796	0
3797	0
3798	0
3799	0
3800	1
3801	1
3802	1
3803	0
3804	0
3805	1
3806	0
3807	2
3808	0
3809	1
3810	1
3811	2
3812	0
3813	1
3814	0
3815	1
3816	0
3817	0
3818	0
3819	0
3820	0
3821	0
3822	1
3823	1
3824	0
3825	0
3826	0
3827	0
3828	0
3829	0
3830	1
3831	0
3832	0
3833	0
3834	1
3835	0
3836	0
3837	1
3838	1
3839	0
3840	0
3841	0
3842	0
3843	0
3844	0
3845	1
3846	0
3847	1
3848	0
3849	0
3850	1
3851	0
3852	1
3853	1
3854	0
3855	1
3856	0
3857	3
3858	0
3859	0
3860	1
3861	0
3862	0
3863	0
3864	0
3865	1
3866	0
3867	0
3868	2
3869	1
3870	0
3871	0
3872	0
3873	1
3874	0
3875	0
3876	0
3877	0
3878	0
3879	0
3880	0
3881	0
3882	2
3883	1
3884	0
3885	0
3886	0
3887	0
3888	1
3889	0
3890	0
3891	0
3892	1
3893	1
3894	1
3895	0
3896	0
3897	0
3898	0
3899	0
3900	0
3901	0
3902	0
3903	0
3904	1
3905	0
3906	0
3907	0
3908	0
3909	0
3910	0
3911	1
3912	0
3913	0
3914	0
3915	1
3916	0
3917	1
3918	0
3919	1
3920	0
3921	1
3922	0
3923	0
3924	0
3925	0
3926	0
3927	0
3928	0
3929	1
3930	0
3931	0
3932	1
3933	0
3934	0
3935	1
3936	0
3937	1
3938	0
3939	0
3940	0
3941	0
3942	0
3943	1
3944	2
3945	0
3946	0
3947	0
3948	1
3949	0
3950	0
3951	0
3952	0
3953	0
3954	0
3955	1
3956	0
3957	0
3958	0
3959	0
3960	0
3961	0
3962	2
3963	0
3964	1
3965	1
3966	0
3967	1
3968	2
3969	0
3970	0
3971	0
3972	0
3973	1
3974	1
3975	0
3976	0
3977	0
3978	1
3979	0
3980	2
3981	0
3982	0
3983	0
3984	0
3985	0
3986	0
3987	1
3988	0
3989	0
3990	2
3991	0
3992	0
3993	0
3994	0
3995	1
3996	0
3997	0
3998	1
3999	1
4000	0
4001	0
4002	0
4003	0
4004	0
4005	0
4006	1
4007	0
4008	0
4009	0
4010	0
4011	0
4012	0
4013	0
4014	1
4015	1
4016	0
4017	0
4018	0
4019	0
4020	1
4021	2
4022	0
4023	1
4024	1
4025	0
4026	2
4027	0
4028	0
4029	1
4030	0
4031	0
4032	0
4033	1
4034	1
4035	0
4036	0
4037	1
4038	0
4039	0
4040	0
4041	0
4042	0
4043	1
4044	0
4045	0
4046	0
4047	0
4048	0
4049	0
4050	0
4051	0
4052	0
4053	0
4054	0
4055	0
4056	0
4057	0
4058	0
4059	2
4060	0
4061	0
4062	0
4063	1
4064	0
4065	0
4066	0
4067	0
4068	1
4069	0
4070	0
4071	0
4072	0
4073	0
4074	0
4075	0
4076	0
4077	0
4078	1
4079	0
4080	0
4081	0
4082	0
4083	0
4084	0
4085	0
4086	0
4087	0
4088	0
4089	0
4090	0
4091	0
4092	0
4093	0
4094	0
4095	0
4096	1
4097	0
4098	0
4099	0
4100	1
4101	1
4102	0
4103	0
4104	0
4105	1
4106	0
4107	0
4108	0
4109	0
4110	0
4111	0
4112	1
4113	0
4114	0
4115	0
4116	0
4117	0
4118	0
4119	0
4120	0
4121	1
4122	0
4123	0
4124	0
4125	0
4126	0
4127	0
4128	1
4129	0
4130	0
4131	0
4132	0
4133	0
4134	0
4135	0
4136	0
4137	0
4138	0
4139	0
4140	0
4141	0
4142	0
4143	0
4144	1
4145	0
4146	0
4147	0
4148	0
4149	0
4150	0
4151	0
4152	0
4153	0
4154	0
4155	0
4156	0
4157	0
4158	0
4159	0
4160	0
4161	0
4162	0
4163	0
4164	0
4165	0
4166	0
4167	0
4168	0
4169	0
4170	0
4171	0
4172	0
4173	0
4174	1
4175	0
4176	0
4177	0
4178	0
4179	0
4180	0
4181	0
4182	0
4183	0
4184	0
4185	0
4186	0
4187	0
4188	0
4189	1
4190	0
4191	0
4192	0
4193	0
4194	0
4195	0
4196	0
4197	0
4198	0
4199	0
4200	0
4201	0
4202	0
4203	0
4204	0
4205	0
4206	0
4207	0
4208	0
4209	0
4210	0
4211	0
4212	0
4213	0
4214	0
4215	0
4216	0
4217	0
4218	0
4219	0
4220	0
4221	0
4222	1
4223	0
4224	1
4225	0
4226	0
4227	0
4228	0
4229	0
4230	0
4231	0
4232	0
4233	0
4234	0
4235	0
4236	0
4237	1
4238	1
4239	0
4240	0
4241	1
4242	0
4243	0
4244	0
4245	0
4246	0
4247	0
4248	0
4249	0
4250	1
4251	0
4252	0
4253	0
4254	0
4255	0
4256	0
4257	0
4258	0
4259	0
4260	0
4261	0
4262	1
4263	0
4264	0
4265	0
4266	0
4267	1
4268	0
4269	0
4270	0
4271	0
4272	1
4273	0
4274	0
4275	0
4276	0
4277	0
4278	0
4279	0
4280	0
4281	0
4282	0
4283	0
4284	0
4285	0
4286	0
4287	0
4288	0
4289	0
4290	0
4291	0
4292	0
4293	0
4294	0
4295	0
4296	0
4297	0
4298	0
4299	0
4300	0
4301	0
4302	0
4303	0
4304	0
4305	0
4306	0
4307	0
4308	0
4309	0
4310	0
4311	0
4312	0
4313	0
4314	0
4315	1
4316	0
4317	0
4318	0
4319	0
4320	0
4321	0
4322	0
4323	0
4324	2
4325	0
4326	0
4327	0
4328	0
4329	0
4330	0
4331	0
4332	1
4333	0
4334	0
4335	0
4336	0
4337	0
4338	0
4339	0
4340	0
4341	0
4342	0
4343	0
4344	0
4345	0
4346	0
4347	0
4348	0
4349	0
4350	0
4351	0
4352	0
4353	0
4354	0
4355	0
4356	0
4357	0
4358	0
4359	0
4360	0
4361	0
4362	0
4363	0
4364	0
4365	0
4366	0
4367	0
4368	0
4369	0
4370	1
4371	0
4372	0
4373	0
4374	0
4375	0
4376	0
4377	0
4378	0
4379	0
4380	0
4381	0
4382	0
4383	0
4384	0
4385	0
4386	0
4387	0
4388	0
4389	0
4390	0
4391	0
4392	0
4393	0
4394	0
4395	0
4396	0
4397	0
4398	1
4399	0
4400	0
4401	0
4402	0
4403	1
4404	0
4405	0
4406	0
4407	0
4408	0
4409	0
4410	0
4411	0
4412	0
4413	0
4414	0
4415	1
4416	0
4417	1
4418	0
4419	0
4420	0
4421	0
4422	0
4423	0
4424	0
4425	0
4426	0
4427	0
4428	1
4429	0
4430	0
4431	1
4432	0
4433	0
4434	0
4435	0
4436	0
4437	0
4438	0
4439	0
4440	0
4441	0
4442	0
4443	0
4444	2
4445	0
4446	0
4447	0
4448	0
4449	0
4450	0
4451	0
4452	0
4453	0
4454	0
4455	0
4456	0
4457	0
4458	0
4459	0
4460	0
4461	0
4462	0
4463	0
4464	0
4465	0
4466	0
4467	0
4468	0
4469	0
4470	0
4471	0
4472	0
4473	0
4474	0
4475	0
4476	0
4477	0
4478	0
4479	0
4480	0
4481	0
4482	0
4483	0
4484	0
4485	0
4486	0
4487	0
4488	0
4489	0
4490	0
4491	0
4492	0
4493	0
4494	0
4495	0
4496	0
4497	0
4498	0
4499	0
4500	1
4501	0
4502	0
4503	0
4504	0
4505	0
4506	0
4507	0
4508	0
4509	0
4510	0
4511	0
4512	0
4513	0
4514	0
4515	0
4516	0
4517	0
4518	0
4519	0
4520	1
4521	0
4522	0
4523	0
4524	0
4525	0
4526	0
4527	0
4528	0
4529	0
4530	0
4531	0
4532	0
4533	0
4534	0
4535	0
4536	0
4537	0
4538	0
4539	0
4540	0
4541	0
4542	0
4543	0
4544	0
4545	0
4546	0
4547	0
4548	0
4549	0
4550	0
4551	0
4552	0
4553	0
4554	1
4555	0
4556	0
4557	0
4558	0
4559	0
4560	0
4561	0
4562	0
4563	0
4564	0
4565	0
4566	0
4567	0
4568	0
4569	0
4570	0
4571	0
4572	0
4573	0
4574	0
4575	0
4576	0
4577	0
4578	0
4579	0
4580	0
4581	0
4582	0
4583	0
4584	0
4585	0
4586	0
4587	0
4588	0
4589	0
4590	0
4591	0
4592	0
4593	0
4594	0
4595	0
4596	0
4597	0
4598	0
4599	0
4600	0
4601	0
4602	0
4603	0
4604	0
4605	0
4606	0
4607	0
4608	0
4609	0
4610	0
4611	0
4612	0
4613	0
4614	0
4615	0
4616	0
4617	0
4618	0
4619	0
4620	0
4621	0
4622	0
4623	0
4624	0
4625	0
4626	0
4627	0
4628	0
4629	0
4630	0
4631	0
4632	0
4633	0
4634	0
4635	0
4636	0
4637	0
4638	0
4639	0
4640	0
4641	0
4642	0
4643	0
4644	1
4645	0
4646	0
4647	0
4648	0
4649	0
4650	0
4651	0
4652	0
4653	0
4654	0
4655	0
4656	0
4657	1
4658	0
4659	0
4660	0
4661	0
4662	0
4663	0
4664	0
4665	0
4666	0
4667	0
4668	0
4669	0
4670	0
4671	0
4672	0
4673	0
4674	0
4675	0
4676	0
4677	0
4678	0
4679	0
4680	0
4681	0
4682	0
4683	0
4684	0
4685	0
4686	0
4687	0
4688	0
4689	0
4690	0
4691	0
4692	0
4693	0
4694	0
4695	0
4696	0
4697	0
4698	0
4699	0
4700	0
4701	0
4702	0
4703	0
4704	0
4705	0
4706	0
4707	0
4708	0
4709	0
4710	0
4711	0
4712	0
4713	0
4714	0
4715	0
4716	0
4717	0
4718	0
4719	0
4720	0
4721	0
4722	0
4723	0
4724	0
4725	0
4726	0
4727	0
4728	0
4729	0
4730	0
4731	0
4732	0
4733	0
4734	0
4735	0
4736	0
4737	0
4738	0
4739	0
4740	0
4741	0
4742	0
4743	0
4744	0
4745	0
4746	0
4747	0
4748	0
4749	0
4750	0
4751	0
4752	0
4753	0
4754	0
4755	0
4756	0
4757	0
4758	0
4759	0
4760	0
4761	0
4762	0
4763	0
4764	0
4765	0
4766	1
4767	0
4768	0
4769	0
4770	0
4771	0
4772	0
4773	0
4774	1
4775	0
4776	0
4777	0
4778	0
4779	0
4780	0
4781	0
4782	0
4783	0
4784	0
4785	0
4786	0
4787	0
4788	0
4789	0
4790	0
4791	0
4792	0
4793	0
4794	0
4795	0
4796	0
4797	0
4798	0
4799	0
4800	0
4801	0
4802	0
4803	0
4804	0
4805	0
4806	0
4807	0
4808	0
4809	0
4810	0
4811	0
4812	0
4813	0
4814	0
4815	0
4816	0
4817	0
4818	0
4819	0
4820	0
4821	0
4822	0
4823	0
4824	0
4825	0
4826	0
4827	0
4828	0
4829	0
4830	0
4831	0
4832	0
4833	0
4834	0
4835	0
4836	0
4837	0
4838	0
4839	0
4840	0
4841	0
4842	0
4843	0
4844	0
4845	0
4846	0
4847	0
4848	0
4849	0
4850	0
4851	0
4852	0
4853	0
4854	0
4855	0
4856	0
4857	0
4858	0
4859	0
4860	0
4861	0
4862	0
4863	0
4864	0
4865	0
4866	0
4867	0
4868	0
4869	0
4870	0
4871	0
4872	0
4873	0
4874	0
4875	0
4876	0
4877	0
4878	0
4879	0
4880	0
4881	0
4882	0
4883	0
4884	0
4885	0
4886	0
4887	0
4888	0
4889	0
4890	0
4891	0
4892	0
4893	0
4894	0
4895	0
4896	0
4897	0
4898	0
4899	0
4900	0
4901	0
4902	0
4903	0
4904	0
4905	0
4906	0
4907	0
4908	0
4909	0
4910	0
4911	0
4912	0
4913	1
4914	0
4915	0
4916	0
4917	0
4918	0
4919	0
4920	0
4921	0
4922	0
4923	0
4924	0
4925	0
4926	0
4927	0
4928	0
4929	0
4930	0
4931	0
4932	0
4933	0
4934	0
4935	0
4936	0
4937	0
4938	0
4939	0
4940	0
4941	0
4942	0
4943	0
4944	0
4945	0
4946	0
4947	0
4948	0
4949	0
4950	0
4951	0
4952	0
4953	0
4954	0
4955	0
4956	0
4957	0
4958	0
4959	0
4960	0
4961	0
4962	0
4963	0
4964	0
4965	0
4966	0
4967	0
4968	0
4969	0
4970	0
4971	0
4972	0
4973	0
4974	0
4975	0
4976	0
4977	0
4978	0
4979	0
4980	0
4981	0
4982	0
4983	0
4984	0
4985	0
4986	0
4987	0
4988	0
4989	0
4990	0
4991	0
4992	0
4993	0
4994	0
4995	0
4996	0
4997	0
4998	0
4999	0
5000	0
5001	0
5002	0
5003	0
5004	0
5005	0
5006	0
5007	0
5008	0
5009	0
5010	0
5011	0
5012	0
5013	0
5014	0
5015	0
5016	0
5017	0
5018	0
5019	0
5020	0
5021	0
5022	0
5023	0
5024	0
5025	0
5026	0
5027	0
5028	0
5029	0
5030	0
5031	0
5032	0
5033	0
5034	0
5035	0
5036	0
5037	0
5038	0
5039	0
5040	0
5041	0
5042	0
5043	0
5044	0
5045	0
5046	0
5047	0
5048	0
5049	0
5050	0
5051	0
5052	0
5053	0
5054	0
5055	0
5056	0
5057	0
5058	0
5059	0
5060	0
5061	0
5062	0
5063	0
5064	0
5065	0
5066	0
5067	0
5068	0
5069	0
5070	0
5071	0
5072	0
5073	0
5074	0
5075	0
5076	0
5077	0
5078	0
5079	0
5080	0
5081	0
5082	0
5083	0
5084	0
5085	0
5086	0
5087	0
5088	0
5089	0
5090	0
5091	0
5092	1
5093	0
5094	0
5095	0
5096	0
5097	0
5098	0
5099	0
5100	0
5101	0
5102	0
5103	0
5104	0
5105	0
5106	0
5107	0
5108	0
5109	0
5110	0
5111	0
5112	0
5113	0
5114	0
5115	0
5116	0
5117	0
5118	0
5119	0
5120	0
5121	0
5122	0
5123	0
5124	0
5125	0
5126	0
5127	0
5128	0
5129	0
5130	0
5131	0
5132	0
5133	0
5134	0
5135	0
5136	0
5137	0
5138	0
5139	0
5140	0
5141	0
5142	0
5143	0
5144	0
5145	0
5146	0
5147	0
5148	0
5149	0
5150	0
5151	0
5152	0
5153	1
5154	0
5155	0
5156	0
5157	0
5158	0
5159	0
5160	0
5161	0
5162	0
5163	0
5164	0
5165	0
5166	0
5167	0
5168	0
5169	0
5170	0
5171	0
5172	0
5173	1
5174	0
5175	0
5176	0
5177	0
5178	0
5179	0
5180	0
5181	0
5182	0
5183	0
5184	0
5185	0
5186	0
5187	0
5188	0
5189	0
5190	0
5191	0
5192	0
5193	0
5194	0
5195	0
5196	0
5197	0
5198	0
5199	0
5200	0
5201	0
5202	0
5203	0
5204	0
5205	0
5206	0
5207	0
5208	0
5209	0
5210	0
5211	0
5212	0
5213	0
5214	0
5215	0
5216	0
5217	0
5218	0
5219	0
5220	0
5221	1
5222	0
5223	0
5224	0
5225	0
5226	0
5227	0
5228	0
5229	0
5230	0
5231	0
5232	0
5233	0
5234	0
5235	0
5236	0
5237	0
5238	0
5239	0
5240	0
5241	0
5242	0
5243	0
5244	0
5245	0
5246	0
5247	0
5248	0
5249	0
5250	0
5251	0
5252	0
5253	0
5254	0
5255	0
5256	0
5257	0
5258	0
5259	0
5260	0
5261	0
5262	0
5263	0
5264	0
5265	0
5266	0
5267	0
5268	0
5269	0
5270	0
5271	0
5272	0
5273	0
5274	0
5275	0
5276	0
5277	0
5278	0
5279	0
5280	0
5281	0
5282	0
5283	0
5284	0
5285	0
5286	0
5287	0
5288	0
5289	0
5290	0
5291	0
5292	0
5293	0
5294	0
5295	0
5296	0
5297	0
5298	0
5299	0
5300	0
5301	0
5302	0
5303	0
5304	0
5305	0
5306	0
5307	0
5308	0
5309	0
5310	0
5311	0
5312	0
5313	0
5314	0
5315	0
5316	0
5317	0
5318	0
5319	0
5320	0
5321	0
5322	0
5323	0
5324	0
5325	0
5326	0
5327	0
5328	0
5329	0
5330	0
5331	0
5332	0
5333	0
5334	0
5335	0
5336	0
5337	0
5338	0
5339	0
5340	0
5341	0
5342	0
5343	0
5344	0
5345	0
5346	0
5347	0
5348	0
5349	0
5350	0
5351	0
5352	0
5353	0
5354	0
5355	0
5356	0
5357	0
5358	0
5359	0
5360	0
5361	0
5362	0
5363	0
5364	0
5365	0
5366	0
5367	0
5368	0
5369	0
5370	0
5371	0
5372	0
5373	0
5374	0
5375	0
5376	0
5377	0
5378	0
5379	0
5380	0
5381	0
5382	0
5383	0
5384	0
5385	0
5386	0
5387	0
5388	0
5389	0
5390	0
5391	0
5392	0
5393	0
5394	0
5395	1
5396	0
5397	0
5398	0
5399	0
5400	0
5401	0
5402	0
5403	0
5404	0
5405	0
5406	0
5407	0
5408	0
5409	0
5410	0
5411	0
5412	0
5413	0
5414	0
5415	0
5416	0
5417	0
5418	0
5419	0
5420	0
5421	0
5422	0
5423	0
5424	0
5425	0
5426	0
5427	0
5428	0
5429	0
5430	0
5431	0
5432	0
5433	0
5434	0
5435	0
5436	0
5437	0
5438	0
5439	0
5440	0
5441	0
5442	0
5443	0
5444	0
5445	0
5446	0
5447	0
5448	0
5449	0
5450	0
5451	0
5452	0
5453	0
5454	0
5455	0
5456	0
5457	0
5458	0
5459	0
5460	0
5461	0
5462	0
5463	0
5464	0
5465	0
5466	0
5467	0
5468	0
5469	0
5470	0
5471	0
5472	0
5473	0
5474	0
5475	0
5476	0
5477	0
5478	0
5479	0
5480	0
5481	0
5482	0
5483	0
5484	0
5485	0
5486	0
5487	0
5488	0
5489	0
5490	0
5491	0
5492	0
5493	0
5494	0
5495	0
5496	0
5497	0
5498	0
5499	0
5500	0
5501	0
5502	0
5503	0
5504	0
5505	0
5506	0
5507	0
5508	0
5509	0
5510	0
5511	0
5512	0
5513	0
5514	0
5515	0
5516	0
5517	0
5518	0
5519	0
5520	0
5521	0
5522	0
5523	0
5524	0
5525	0
5526	0
5527	0
5528	0
5529	0
5530	0
5531	0
5532	0
5533	0
5534	0
5535	0
5536	0
5537	0
5538	0
5539	0
5540	0
5541	0
5542	0
5543	0
5544	0
5545	0
5546	0
5547	0
5548	0
5549	0
5550	0
5551	0
5552	0
5553	0
5554	0
5555	0
5556	0
5557	0
5558	0
5559	0
5560	0
5561	0
5562	0
5563	0
5564	0
5565	0
5566	0
5567	0
5568	0
5569	0
5570	0
5571	0
5572	0
5573	0
5574	0
5575	0
5576	0
5577	0
5578	0
5579	0
5580	0
5581	0
5582	0
5583	0
5584	0
5585	0
5586	0
5587	0
5588	0
5589	0
5590	0
5591	0
5592	0
5593	0
5594	0
5595	0
5596	0
5597	0
5598	0
5599	0
5600	0
5601	0
5602	0
5603	0
5604	0
5605	0
5606	0
5607	0
5608	0
5609	0
5610	0
5611	0
5612	0
5613	0
5614	0
5615	0
5616	0
5617	0
5618	0
5619	0
5620	0
5621	0
5622	0
5623	0
5624	0
5625	0
5626	0
5627	0
5628	0
5629	0
5630	0
5631	0
5632	0
5633	0
5634	0
5635	0
5636	0
5637	0
5638	0
5639	0
5640	0
5641	0
5642	0
5643	0
5644	0
5645	0
5646	0
5647	0
5648	0
5649	0
5650	0
5651	0
5652	0
5653	0
5654	0
5655	0
5656	0
5657	0
5658	0
5659	0
5660	0
5661	0
5662	0
5663	0
5664	0
5665	0
5666	0
5667	0
5668	0
5669	0
5670	0
5671	0
5672	0
5673	0
5674	0
5675	0
5676	0
5677	0
5678	0
5679	0
5680	0
5681	0
5682	0
5683	0
5684	0
5685	0
5686	0
5687	0
5688	0
5689	0
5690	0
5691	0
5692	0
5693	0
5694	0
5695	0
5696	0
5697	0
5698	0
5699	0
5700	0
5701	0
5702	0
5703	0
5704	0
5705	0
5706	0
5707	0
5708	0
5709	0
5710	0
5711	0
5712	0
5713	0
5714	0
5715	0
5716	0
5717	0
5718	0
5719	0
5720	0
5721	0
5722	0
5723	0
5724	0
5725	0
5726	0
5727	0
5728	0
5729	0
5730	0
5731	0
5732	0
5733	0
5734	0
5735	0
5736	0
5737	0
5738	0
5739	0
5740	0
5741	0
5742	0
5743	0
5744	0
5745	0
5746	0
5747	0
5748	0
5749	0
5750	0
5751	0
5752	0
5753	0
5754	0
5755	0
5756	0
5757	0
5758	0
5759	0
5760	0
5761	0
5762	0
5763	0
5764	0
5765	0
5766	0
5767	0
5768	0
5769	0
5770	0
5771	0
5772	0
5773	0
5774	0
5775	0
5776	0
5777	0
5778	0
5779	0
5780	0
5781	0
5782	0
5783	0
5784	0
5785	0
5786	0
5787	0
5788	0
5789	0
5790	0
5791	0
5792	0
5793	0
5794	0
5795	0
5796	0
5797	0
5798	0
5799	0
5800	0
5801	0
5802	0
5803	0
5804	0
5805	0
5806	0
5807	0
5808	0
5809	0
5810	0
5811	0
5812	0
5813	0
5814	0
5815	0
5816	0
5817	0
5818	0
5819	0
5820	0
5821	0
5822	0
5823	0
5824	0
5825	0
5826	0
5827	0
5828	0
5829	0
5830	0
5831	0
5832	0
5833	0
5834	0
5835	0
5836	0
5837	0
5838	0
5839	0
5840	0
5841	0
5842	0
5843	0
5844	0
5845	0
5846	0
5847	0
5848	0
5849	0
5850	0
5851	0
5852	0
5853	0
5854	0
5855	0
5856	0
5857	0
5858	0
5859	0
5860	0
5861	0
5862	0
5863	0
5864	0
5865	0
5866	0
5867	0
5868	0
5869	0
5870	0
5871	0
5872	0
5873	0
5874	0
5875	0
5876	0
5877	0
5878	0
5879	0
5880	0
5881	0
5882	0
5883	0
5884	0
5885	0
5886	0
5887	0
5888	0
5889	0
5890	0
5891	0
5892	0
5893	0
5894	0
5895	0
5896	0
5897	0
5898	0
5899	0
5900	0
5901	0
5902	0
5903	0
5904	0
5905	0
5906	0
5907	0
5908	0
5909	0
5910	0
5911	0
5912	0
5913	0
5914	0
5915	0
5916	0
5917	0
5918	0
5919	0
5920	0
5921	0
5922	0
5923	0
5924	0
5925	0
5926	0
5927	0
5928	0
5929	0
5930	0
5931	0
5932	0
5933	0
5934	0
5935	0
5936	0
5937	0
5938	0
5939	0
5940	0
5941	0
5942	0
5943	0
5944	0
5945	0
5946	0
5947	0
5948	0
5949	0
5950	0
5951	0
5952	0
5953	0
5954	0
5955	0
5956	0
5957	0
5958	0
5959	0
5960	0
5961	0
5962	0
5963	0
5964	0
5965	0
5966	0
5967	0
5968	0
5969	0
5970	0
5971	0
5972	0
5973	0
5974	0
5975	0
5976	0
5977	0
5978	0
5979	0
5980	0
5981	0
5982	0
5983	0
5984	0
5985	0
5986	0
5987	0
5988	0
5989	0
5990	0
5991	0
5992	0
5993	0
5994	0
5995	0
5996	0
5997	0
5998	0
5999	0
6000	0
6001	0
6002	0
6003	0
6004	0
6005	0
6006	0
6007	0
6008	0
6009	0
6010	0
6011	0
6012	0
6013	0
6014	0
6015	0
6016	0
6017	0
6018	0
6019	0
6020	0
6021	0
6022	0
6023	0
6024	0
6025	0
6026	0
6027	0
6028	0
6029	0
6030	0
6031	0
6032	0
6033	0
6034	0
6035	0
6036	0
6037	0
6038	0
6039	0
6040	0
6041	0
6042	0
6043	0
6044	0
6045	0
6046	0
6047	0
6048	0
6049	0
6050	0
6051	0
6052	0
6053	0
6054	0
6055	0
6056	0
6057	0
6058	0
6059	0
6060	0
6061	0
6062	0
6063	0
6064	0
6065	0
6066	0
6067	0
6068	0
6069	0
6070	0
6071	0
6072	0
6073	0
6074	0
6075	0
6076	0
6077	0
6078	0
6079	0
6080	0
6081	0
6082	0
6083	0
6084	0
6085	0
6086	0
6087	0
6088	0
6089	0
6090	0
6091	0
6092	0
6093	0
6094	0
6095	0
6096	0
6097	0
6098	0
6099	0
6100	0
6101	0
6102	0
6103	0
6104	0
6105	0
6106	0
6107	0
6108	0
6109	0
6110	0
6111	0
6112	0
6113	0
6114	0
6115	0
6116	0
6117	0
6118	0
6119	0
6120	0
6121	0
6122	0
6123	0
6124	0
6125	0
6126	0
6127	0
6128	0
6129	0
6130	0
6131	0
6132	0
6133	0
6134	0
6135	0
6136	0
6137	0
6138	0
6139	0
6140	0
6141	0
6142	0
6143	0
6144	0
6145	0
6146	0
6147	0
6148	0
6149	0
6150	0
6151	0
6152	0
6153	0
6154	0
6155	0
6156	0
6157	0
6158	0
6159	0
6160	0
6161	0
6162	0
6163	0
6164	0
6165	0
6166	0
6167	0
6168	0
6169	0
6170	0
6171	0
6172	0
6173	0
6174	0
6175	0
6176	0
6177	0
6178	0
6179	0
6180	0
6181	0
6182	0
6183	0
6184	0
6185	0
6186	0
6187	0
6188	0
6189	0
6190	0
6191	0
6192	0
6193	0
6194	0
6195	0
6196	0
6197	0
6198	0
6199	0
6200	0
6201	0
6202	0
6203	0
6204	0
6205	0
6206	0
6207	0
6208	0
6209	0
6210	0
6211	0
6212	0
6213	0
6214	0
6215	0
6216	0
6217	0
6218	0
6219	0
6220	0
6221	0
6222	0
6223	0
6224	0
6225	0
6226	0
6227	0
6228	0
6229	0
6230	0
6231	0
6232	0
6233	0
6234	0
6235	0
6236	0
6237	0
6238	0
6239	0
6240	0
6241	0
6242	0
6243	0
6244	0
6245	0
6246	0
6247	0
6248	0
6249	0
6250	0
6251	0
6252	0
6253	0
6254	0
6255	0
6256	0
6257	0
6258	0
6259	0
6260	0
6261	0
6262	0
6263	0
6264	0
6265	0
6266	0
6267	0
6268	0
6269	0
6270	0
6271	0
6272	0
6273	0
6274	0
6275	0
6276	0
6277	0
6278	0
6279	0
6280	0
6281	0
6282	0
6283	0
6284	0
6285	0
6286	0
6287	0
6288	0
6289	0
6290	0
6291	0
6292	0
6293	0
6294	0
6295	0
6296	0
6297	0
6298	0
6299	0
6300	0
6301	0
6302	0
6303	0
6304	0
6305	0
6306	0
6307	0
6308	0
6309	0
6310	0
6311	0
6312	0
6313	0
6314	0
6315	0
6316	0
6317	0
6318	0
6319	0
6320	0
6321	0
6322	0
6323	0
6324	0
6325	0
6326	0
6327	0
6328	0
6329	0
6330	0
6331	0
6332	0
6333	0
6334	0
6335	0
6336	0
6337	0
6338	0
6339	0
6340	0
6341	0
6342	0
6343	0
6344	0
6345	0
6346	0
6347	0
6348	0
6349	0
6350	0
6351	0
6352	0
6353	0
6354	0
6355	0
6356	0
6357	0
6358	0
6359	0
6360	0
6361	0
6362	0
6363	0
6364	0
6365	0
6366	0
6367	0
6368	0
6369	0
6370	0
6371	0
6372	0
6373	0
6374	0
6375	0
6376	0
6377	0
6378	0
6379	0
6380	0
6381	0
6382	0
6383	0
6384	0
6385	0
6386	0
6387	0
6388	0
6389	0
6390	0
6391	0
6392	0
6393	0
6394	0
6395	0
6396	0
6397	0
6398	0
6399	0
6400	0
6401	0
6402	0
6403	0
6404	0
6405	0
6406	0
6407	0
6408	0
6409	0
6410	0
6411	0
6412	0
6413	0
6414	0
6415	0
6416	0
6417	0
6418	0
6419	0
6420	0
6421	0
6422	0
6423	0
6424	0
6425	0
6426	0
6427	0
6428	0
6429	0
6430	0
6431	0
6432	0
6433	0
6434	0
6435	0
6436	0
6437	0
6438	0
6439	0
6440	0
6441	0
6442	0
6443	0
6444	0
6445	0
6446	0
6447	0
6448	0
6449	0
6450	0
6451	0
6452	0
6453	0
6454	0
6455	0
6456	0
6457	0
6458	0
6459	0
6460	0
6461	0
6462	0
6463	0
6464	0
6465	0
6466	0
6467	0
6468	0
6469	0
6470	0
6471	0
6472	0
6473	0
6474	0
6475	0
6476	0
6477	0
6478	0
6479	0
6480	0
6481	0
6482	0
6483	0
6484	0
6485	0
6486	0
6487	0
6488	0
6489	0
6490	0
6491	0
6492	0
6493	0
6494	0
6495	0
6496	0
6497	0
6498	0
6499	0
6500	0
6501	0
6502	0
6503	0
6504	0
6505	0
6506	0
6507	0
6508	0
6509	0
6510	0
6511	0
6512	0
6513	0
6514	0
6515	0
6516	0
6517	0
6518	0
6519	0
6520	0
6521	0
6522	0
6523	0
6524	0
6525	0
6526	0
6527	0
6528	0
6529	0
6530	0
6531	0
6532	0
6533	0
6534	0
6535	0
6536	0
6537	0
6538	0
6539	0
6540	0
6541	0
6542	0
6543	0
6544	0
6545	0
6546	0
6547	0
6548	0
6549	0
6550	0
6551	0
6552	0
6553	0
6554	0
6555	0
6556	0
6557	0
6558	0
6559	0
6560	0
6561	0
6562	0
6563	0
6564	0
6565	0
6566	0
6567	0
6568	0
6569	0
6570	0
6571	0
6572	0
6573	0
6574	0
6575	0
6576	0
6577	0
6578	0
6579	0
6580	0
6581	0
6582	0
6583	0
6584	0
6585	0
6586	0
6587	0
6588	0
6589	0
6590	0
6591	0
6592	0
6593	0
6594	0
6595	0
6596	0
6597	0
6598	0
6599	0
6600	0
6601	0
6602	0
6603	0
6604	0
6605	0
6606	0
6607	0
6608	0
6609	0
6610	0
6611	0
6612	0
6613	0
6614	0
6615	0
6616	0
6617	0
6618	0
6619	0
6620	0
6621	0
6622	0
6623	0
6624	0
6625	0
6626	0
6627	0
6628	0
6629	0
6630	0
6631	0
6632	0
6633	0
6634	0
6635	0
6636	0
6637	0
6638	0
6639	0
6640	0
6641	0
6642	0
6643	0
6644	0
6645	0
6646	0
6647	0
6648	0
6649	0
6650	0
6651	0
6652	0
6653	0
6654	0
6655	0
6656	0
6657	0
6658	0
6659	0
6660	0
6661	0
6662	0
6663	0
6664	0
6665	0
6666	0
6667	0
6668	0
6669	0
6670	0
6671	0
6672	0
6673	0
6674	0
6675	0
6676	0
6677	0
6678	0
6679	0
6680	0
6681	0
6682	0
6683	0
6684	0
6685	0
6686	0
6687	0
6688	0
6689	0
6690	0
6691	0
6692	0
6693	0
6694	0
6695	0
6696	0
6697	0
6698	0
6699	0
6700	0
6701	0
6702	0
6703	0
6704	0
6705	0
6706	0
6707	0
6708	0
6709	0
6710	0
6711	0
6712	0
6713	0
6714	0
6715	0
6716	0
6717	0
6718	0
6719	0
6720	0
6721	0
6722	0
6723	0
6724	0
6725	0
6726	0
6727	0
6728	0
6729	0
6730	0
6731	0
6732	0
6733	0
6734	0
6735	0
6736	0
6737	0
6738	0
6739	0
6740	0
6741	0
6742	0
6743	0
6744	0
6745	0
6746	0
6747	0
6748	0
6749	0
6750	0
6751	0
6752	0
6753	0
6754	0
6755	0
6756	0
6757	0
6758	0
6759	0
6760	0
6761	0
6762	0
6763	0
6764	0
6765	0
6766	0
6767	0
6768	0
6769	0
6770	0
6771	0
6772	0
6773	0
6774	0
6775	0
6776	0
6777	0
6778	0
6779	0
6780	0
6781	0
6782	0
6783	0
6784	0
6785	0
6786	0
6787	0
6788	0
6789	0
6790	0
6791	0
6792	0
6793	0
6794	0
6795	0
6796	0
6797	0
6798	0
6799	0
6800	0
6801	0
6802	0
6803	0
6804	0
6805	0
6806	0
6807	0
6808	0
6809	0
6810	0
6811	0
6812	0
6813	0
6814	0
6815	0
6816	0
6817	0
6818	0
6819	0
6820	0
6821	0
6822	0
6823	0
6824	0
6825	0
6826	0
6827	0
6828	0
6829	0
6830	0
6831	0
6832	0
6833	0
6834	0
6835	0
6836	0
6837	0
6838	0
6839	0
6840	0
6841	0
6842	0
6843	0
6844	0
6845	0
6846	0
6847	0
6848	0
6849	0
6850	0
6851	0
6852	0
6853	0
6854	0
6855	0
6856	0
6857	0
6858	0
6859	0
6860	0
6861	0
6862	0
6863	0
6864	0
6865	0
6866	0
6867	0
6868	0
6869	0
6870	0
6871	0
6872	0
6873	0
6874	0
6875	0
6876	0
6877	0
6878	0
6879	0
6880	0
6881	0
6882	0
6883	0
6884	0
6885	0
6886	0
6887	0
6888	0
6889	0
6890	0
6891	0
6892	0
6893	0
6894	0
6895	0
6896	0
6897	0
6898	0
6899	0
6900	0
6901	0
6902	0
6903	0
6904	0
6905	0
6906	0
6907	0
6908	0
6909	0
6910	0
6911	0
6912	0
6913	0
6914	0
6915	0
6916	0
6917	0
6918	0
6919	0
6920	0
6921	0
6922	0
6923	0
6924	0
6925	0
6926	0
6927	0
6928	0
6929	0
6930	0
6931	0
6932	0
6933	0
6934	0
6935	0
6936	0
6937	0
6938	0
6939	0
6940	0
6941	0
6942	0
6943	0
6944	0
6945	0
6946	0
6947	0
6948	0
6949	0
6950	0
6951	0
6952	0
6953	0
6954	0
6955	0
6956	0
6957	0
6958	0
6959	0
6960	0
6961	0
6962	0
6963	0
6964	0
6965	0
6966	0
6967	0
6968	0
6969	0
6970	0
6971	0
6972	0
6973	0
6974	0
6975	0
6976	0
6977	0
6978	0
6979	0
6980	0
6981	0
6982	0
6983	0
6984	0
6985	0
6986	0
6987	0
6988	0
6989	0
6990	0
6991	0
6992	0
6993	0
6994	0
6995	0
6996	0
6997	0
6998	0
6999	0
7000	0
7001	0
7002	0
7003	0
7004	0
7005	0
7006	0
7007	0
7008	0
7009	0
7010	0
7011	0
7012	0
7013	0
7014	0
7015	0
7016	0
7017	0
7018	0
7019	0
7020	0
7021	0
7022	0
7023	0
7024	0
7025	0
7026	0
7027	0
7028	0
7029	0
7030	0
7031	0
7032	0
7033	0
7034	0
7035	0
7036	0
7037	0
7038	0
7039	0
7040	0
7041	0
7042	0
7043	0
7044	0
7045	0
7046	0
7047	0
7048	0
7049	0
7050	0
7051	0
7052	0
7053	0
7054	0
7055	0
7056	0
7057	0
7058	0
7059	0
7060	0
7061	0
7062	0
7063	0
7064	0
7065	0
7066	0
7067	0
7068	0
7069	0
7070	0
7071	0
7072	0
7073	0
7074	0
7075	0
7076	0
7077	0
7078	0
7079	0
7080	0
7081	0
7082	0
7083	0
7084	0
7085	0
7086	0
7087	0
7088	0
7089	0
7090	0
7091	0
7092	0
7093	0
7094	0
7095	0
7096	0
7097	0
7098	0
7099	0
7100	0
7101	0
7102	0
7103	0
7104	0
7105	0
7106	0
7107	0
7108	0
7109	0
7110	0
7111	0
7112	0
7113	0
7114	0
7115	0
7116	0
7117	0
7118	0
7119	0
7120	0
7121	0
7122	0
7123	0
7124	0
7125	0
7126	0
7127	0
7128	0
7129	0
7130	0
7131	0
7132	0
7133	0
7134	0
7135	0
7136	0
7137	0
7138	0
7139	0
7140	0
7141	0
7142	0
7143	0
7144	0
7145	0
7146	0
7147	0
7148	0
7149	0
7150	0
7151	0
7152	0
7153	0
7154	0
7155	0
7156	0
7157	0
7158	0
7159	0
7160	0
7161	0
7162	0
7163	0
7164	0
7165	0
7166	0
7167	0
7168	0
7169	0
7170	0
7171	0
7172	0
7173	0
7174	0
7175	0
7176	0
7177	0
7178	0
7179	0
7180	0
7181	0
7182	0
7183	0
7184	0
7185	0
7186	0
7187	0
7188	0
7189	0
7190	0
7191	0
7192	0
7193	0
7194	0
7195	0
7196	0
7197	0
7198	0
7199	0
7200	0
7201	0
7202	0
7203	0
7204	0
7205	0
7206	0
7207	0
7208	0
7209	0
7210	0
7211	0
7212	0
7213	0
7214	0
7215	0
7216	0
7217	0
7218	0
7219	0
7220	0
7221	0
7222	0
7223	0
7224	0
7225	0
7226	0
7227	0
7228	0
7229	0
7230	0
7231	0
7232	0
7233	0
7234	0
7235	0
7236	0
7237	0
7238	0
7239	0
7240	0
7241	0
7242	0
7243	0
7244	0
7245	0
7246	0
7247	0
7248	0
7249	0
7250	0
7251	0
7252	0
7253	0
7254	0
7255	0
7256	0
7257	0
7258	0
7259	0
7260	0
7261	0
7262	0
7263	0
7264	0
7265	0
7266	0
7267	0
7268	0
7269	0
7270	0
7271	0
7272	0
7273	0
7274	0
7275	0
7276	0
7277	0
7278	0
7279	0
7280	0
7281	0
7282	0
7283	0
7284	0
7285	0
7286	0
7287	0
7288	0
7289	0
7290	0
7291	0
7292	0
7293	0
7294	0
7295	0
7296	0
7297	0
7298	0
7299	0
7300	0
7301	0
7302	0
7303	0
7304	0
7305	0
7306	0
7307	0
7308	0
7309	0
7310	0
7311	0
7312	0
7313	0
7314	0
7315	0
7316	0
7317	0
7318	0
7319	0
7320	0
7321	0
7322	0
7323	0
7324	0
7325	0
7326	0
7327	0
7328	0
7329	0
7330	0
7331	0
7332	0
7333	0
7334	0
7335	0
7336	0
7337	0
7338	0
7339	0
7340	0
7341	0
7342	0
7343	0
7344	0
7345	0
7346	0
7347	0
7348	0
7349	0
7350	0
7351	0
7352	0
7353	0
7354	0
7355	0
7356	0
7357	0
7358	0
7359	0
7360	0
7361	0
7362	0
7363	0
7364	0
7365	0
7366	0
7367	0
7368	0
7369	0
7370	0
7371	0
7372	0
7373	0
7374	0
7375	0
7376	0
7377	0
7378	0
7379	0
7380	0
7381	0
7382	0
7383	0
7384	0
7385	0
7386	0
7387	0
7388	0
7389	0
7390	0
7391	0
7392	0
7393	0
7394	0
7395	0
7396	0
7397	0
7398	0
7399	0
7400	0
7401	0
7402	0
7403	0
7404	0
7405	0
7406	0
7407	0
7408	0
7409	0
7410	0
7411	0
7412	0
7413	0
7414	0
7415	0
7416	0
7417	0
7418	0
7419	0
7420	0
7421	0
7422	0
7423	0
7424	0
7425	0
7426	0
7427	0
7428	0
7429	0
7430	0
7431	0
7432	0
7433	0
7434	0
7435	0
7436	0
7437	0
7438	0
7439	0
7440	0
7441	0
7442	0
7443	0
7444	0
7445	0
7446	0
7447	0
7448	0
7449	0
7450	0
7451	0
7452	0
7453	0
7454	0
7455	0
7456	0
7457	0
7458	0
7459	0
7460	0
7461	0
7462	0
7463	0
7464	0
7465	0
7466	0
7467	0
7468	0
7469	0
7470	0
7471	0
7472	0
7473	0
7474	0
7475	0
7476	0
7477	0
7478	0
7479	0
7480	0
7481	0
7482	0
7483	0
7484	0
7485	0
7486	0
7487	0
7488	0
7489	0
7490	0
7491	0
7492	0
7493	0
7494	0
7495	0
7496	0
7497	0
7498	0
7499	0
7500	0
7501	0
7502	0
7503	0
7504	0
7505	0
7506	0
7507	0
7508	0
7509	0
7510	0
7511	0
7512	0
7513	0
7514	0
7515	0
7516	0
7517	0
7518	0
7519	0
7520	0
7521	0
7522	0
7523	0
7524	0
7525	0
7526	0
7527	0
7528	0
7529	0
7530	0
7531	0
7532	0
7533	0
7534	0
7535	0
7536	0
7537	0
7538	0
7539	0
7540	0
7541	0
7542	0
7543	0
7544	0
7545	0
7546	0
7547	0
7548	0
7549	0
7550	0
7551	0
7552	0
7553	0
7554	0
7555	0
7556	0
7557	0
7558	0
7559	0
7560	0
7561	0
7562	0
7563	0
7564	0
7565	0
7566	0
7567	0
7568	0
7569	0
7570	0
7571	0
7572	0
7573	0
7574	0
7575	0
7576	0
7577	0
7578	0
7579	0
7580	0
7581	0
7582	0
7583	0
7584	0
7585	0
7586	0
7587	0
7588	0
7589	0
7590	0
7591	0
7592	0
7593	0
7594	0
7595	0
7596	0
7597	0
7598	0
7599	0
7600	0
7601	0
7602	0
7603	0
7604	0
7605	0
7606	0
7607	0
7608	0
7609	0
7610	0
7611	0
7612	0
7613	0
7614	0
7615	0
7616	0
7617	0
7618	0
7619	0
7620	0
7621	0
7622	0
7623	0
7624	0
7625	0
7626	0
7627	0
7628	0
7629	0
7630	0
7631	0
7632	0
7633	0
7634	0
7635	0
7636	0
7637	0
7638	0
7639	0
7640	0
7641	0
7642	0
7643	0
7644	0
7645	0
7646	0
7647	0
7648	0
7649	0
7650	0
7651	0
7652	0
7653	0
7654	0
7655	0
7656	0
7657	0
7658	0
7659	0
7660	0
7661	0
7662	0
7663	0
7664	0
7665	0
7666	0
7667	0
7668	0
7669	0
7670	0
7671	0
7672	0
7673	0
7674	0
7675	0
7676	0
7677	0
7678	0
7679	0
7680	0
7681	0
7682	0
7683	0
7684	0
7685	0
7686	0
7687	0
7688	0
7689	0
7690	0
7691	0
7692	0
7693	0
7694	0
7695	0
7696	0
7697	0
7698	0
7699	0
7700	0
7701	0
7702	0
7703	0
7704	0
7705	0
7706	0
7707	0
7708	0
7709	0
7710	0
7711	0
7712	0
7713	0
7714	0
7715	0
7716	0
7717	0
7718	0
7719	0
7720	0
7721	0
7722	0
7723	0
7724	0
7725	0
7726	0
7727	0
7728	0
7729	0
7730	0
7731	0
7732	0
7733	0
7734	0
7735	0
7736	0
7737	0
7738	0
7739	0
7740	0
7741	0
7742	0
7743	0
7744	0
7745	0
7746	0
7747	0
7748	0
7749	0
7750	0
7751	0
7752	0
7753	0
7754	0
7755	0
7756	0
7757	0
7758	0
7759	0
7760	0
7761	0
7762	0
7763	0
7764	0
7765	0
7766	0
7767	0
7768	0
7769	0
7770	0
7771	0
7772	0
7773	0
7774	0
7775	0
7776	0
7777	0
7778	0
7779	0
7780	0
7781	0
7782	0
7783	0
7784	0
7785	0
7786	0
7787	0
7788	0
7789	0
7790	0
7791	0
7792	0
7793	0
7794	0
7795	0
7796	0
7797	0
7798	0
7799	0
7800	0
7801	0
7802	0
7803	0
7804	0
7805	0
7806	0
7807	0
7808	0
7809	0
7810	0
7811	0
7812	0
7813	0
7814	0
7815	0
7816	0
7817	0
7818	0
7819	0
7820	0
7821	0
7822	0
7823	0
7824	0
7825	0
7826	0
7827	0
7828	0
7829	0
7830	0
7831	0
7832	0
7833	0
7834	0
7835	0
7836	0
7837	0
7838	0
7839	0
7840	0
7841	0
7842	0
7843	0
7844	0
7845	0
7846	0
7847	0
7848	0
7849	0
7850	0
7851	0
7852	0
7853	0
7854	0
7855	0
7856	0
7857	0
7858	0
7859	0
7860	0
7861	0
7862	0
7863	0
7864	0
7865	0
7866	0
7867	0
7868	0
7869	0
7870	0
7871	0
7872	0
7873	0
7874	0
7875	0
7876	0
7877	0
7878	0
7879	0
7880	0
7881	0
7882	0
7883	0
7884	0
7885	0
7886	0
7887	0
7888	0
7889	0
7890	0
7891	0
7892	0
7893	0
7894	0
7895	0
7896	0
7897	0
7898	0
7899	0
7900	0
7901	0
7902	0
7903	0
7904	0
7905	0
7906	0
7907	0
7908	0
7909	0
7910	0
7911	0
7912	0
7913	0
7914	0
7915	0
7916	0
7917	0
7918	0
7919	0
7920	0
7921	0
7922	0
7923	0
7924	0
7925	0
7926	0
7927	0
7928	0
7929	0
7930	0
7931	0
7932	0
7933	0
7934	0
7935	0
7936	0
7937	0
7938	0
7939	0
7940	0
7941	0
7942	0
7943	0
7944	0
7945	0
7946	0
7947	0
7948	0
7949	0
7950	0
7951	0
7952	0
7953	0
7954	0
7955	0
7956	0
7957	0
7958	0
7959	0
7960	0
7961	0
7962	0
7963	0
7964	0
7965	0
7966	0
7967	0
7968	0
7969	0
7970	0
7971	0
7972	0
7973	0
7974	0
7975	0
7976	0
7977	0
7978	0
7979	0
7980	0
7981	0
7982	0
7983	0
7984	0
7985	0
7986	0
7987	0
7988	0
7989	0
7990	0
7991	0
7992	0
7993	0
7994	0
7995	0
7996	0
7997	0
7998	0
7999	0
8000	0
8001	0
8002	0
8003	0
8004	0
8005	0
8006	0
8007	0
8008	0
8009	0
8010	0
8011	0
8012	0
8013	0
8014	0
8015	0
8016	0
8017	0
8018	0
8019	0
8020	0
8021	0
8022	0
8023	0
8024	0
8025	0
8026	0
8027	0
8028	0
8029	0
8030	0
8031	0
8032	0
8033	0
8034	0
8035	0
8036	0
8037	0
8038	0
8039	0
8040	0
8041	0
8042	0
8043	0
8044	0
8045	0
8046	0
8047	0
8048	0
8049	0
8050	0
8051	0
8052	0
8053	0
8054	0
8055	0
8056	0
8057	0
8058	0
8059	0
8060	0
8061	0
8062	0
8063	0
8064	0
8065	0
8066	0
8067	0
8068	0
8069	0
8070	0
8071	0
8072	0
8073	0
8074	0
8075	0
8076	0
8077	0
8078	0
8079	0
8080	0
8081	0
8082	0
8083	0
8084	0
8085	0
8086	0
8087	0
8088	0
8089	0
8090	0
8091	0
8092	0
8093	0
8094	0
8095	0
8096	0
8097	0
8098	0
8099	0
8100	0
8101	0
8102	0
8103	0
8104	0
8105	0
8106	0
8107	0
8108	0
8109	0
8110	0
8111	0
8112	0
8113	0
8114	0
8115	0
8116	0
8117	0
8118	0
8119	0
8120	0
8121	0
8122	0
8123	0
8124	0
8125	0
8126	0
8127	0
8128	0
8129	0
8130	0
8131	0
8132	0
8133	0
8134	0
8135	0
8136	0
8137	0
8138	0
8139	0
8140	0
8141	0
8142	0
8143	0
8144	0
8145	0
8146	0
8147	0
8148	0
8149	0
8150	0
8151	0
8152	0
8153	0
8154	0
8155	0
8156	0
8157	0
8158	0
8159	0
8160	0
8161	0
8162	0
8163	0
8164	0
8165	0
8166	0
8167	0
8168	0
8169	0
8170	0
8171	0
8172	0
8173	0
8174	0
8175	0
8176	0
8177	0
8178	0
8179	0
8180	0
8181	0
8182	0
8183	0
8184	0
8185	0
8186	0
8187	0
8188	0
8189	0
8190	0
8191	0
