0	0
1	0
2	0
3	0
4	0
5	0
6	0
7	0
8	0
9	0
10	0
11	0
12	0
13	0
14	0
15	0
16	0
17	0
18	0
19	0
20	0
21	0
22	0
23	0
24	0
25	0
26	0
27	0
28	0
29	0
30	0
31	0
32	0
33	0
34	0
35	0
36	0
37	0
38	0
39	0
40	0
41	0
42	0
43	0
44	0
45	0
46	0
47	0
48	0
49	0
50	0
51	0
52	0
53	0
54	0
55	0
56	0
57	0
58	0
59	0
60	0
61	0
62	0
63	0
64	0
65	0
66	0
67	0
68	0
69	0
70	0
71	0
72	0
73	0
74	0
75	0
76	0
77	0
78	0
79	0
80	0
81	0
82	0
83	0
84	0
85	0
86	0
87	0
88	0
89	0
90	0
91	0
92	0
93	0
94	0
95	0
96	0
97	0
98	0
99	0
100	0
101	0
102	0
103	0
104	0
105	0
106	0
107	0
108	0
109	0
110	0
111	0
112	0
113	0
114	0
115	0
116	0
117	0
118	0
119	0
120	0
121	0
122	0
123	0
124	0
125	0
126	0
127	0
128	0
129	0
130	0
131	0
132	0
133	0
134	0
135	0
136	0
137	0
138	0
139	0
140	0
141	0
142	0
143	0
144	0
145	0
146	0
147	0
148	0
149	0
150	0
151	0
152	0
153	0
154	0
155	0
156	0
157	0
158	0
159	0
160	0
161	0
162	0
163	0
164	0
165	0
166	0
167	0
168	0
169	0
170	0
171	0
172	0
173	0
174	0
175	0
176	0
177	0
178	0
179	0
180	0
181	0
182	0
183	0
184	0
185	0
186	0
187	0
188	0
189	0
190	0
191	0
192	0
193	0
194	0
195	0
196	0
197	0
198	0
199	0
200	0
201	0
202	0
203	0
204	0
205	0
206	0
207	0
208	0
209	0
210	0
211	0
212	0
213	0
214	0
215	0
216	0
217	0
218	0
219	0
220	0
221	0
222	0
223	0
224	0
225	0
226	0
227	0
228	0
229	0
230	0
231	0
232	0
233	0
234	0
235	0
236	0
237	0
238	0
239	0
240	0
241	0
242	0
243	0
244	0
245	0
246	0
247	0
248	0
249	0
250	0
251	0
252	0
253	0
254	0
255	0
256	0
257	0
258	0
259	0
260	0
261	0
262	0
263	0
264	0
265	0
266	0
267	0
268	0
269	0
270	0
271	0
272	0
273	0
274	0
275	0
276	0
277	0
278	0
279	0
280	0
281	0
282	0
283	0
284	0
285	0
286	0
287	0
288	0
289	0
290	0
291	0
292	0
293	0
294	0
295	0
296	0
297	0
298	0
299	0
300	0
301	0
302	0
303	0
304	0
305	0
306	0
307	0
308	0
309	0
310	0
311	0
312	0
313	0
314	0
315	0
316	0
317	0
318	0
319	0
320	0
321	0
322	0
323	0
324	0
325	0
326	0
327	0
328	0
329	0
330	0
331	0
332	0
333	0
334	0
335	0
336	0
337	0
338	0
339	0
340	0
341	0
342	0
343	0
344	0
345	0
346	0
347	0
348	0
349	0
350	0
351	0
352	0
353	0
354	0
355	0
356	0
357	0
358	0
359	0
360	0
361	0
362	0
363	0
364	0
365	0
366	0
367	0
368	0
369	0
370	0
371	0
372	0
373	0
374	0
375	0
376	0
377	0
378	0
379	0
380	0
381	0
382	0
383	0
384	0
385	0
386	0
387	0
388	0
389	0
390	0
391	0
392	0
393	0
394	0
395	0
396	0
397	0
398	0
399	0
400	0
401	0
402	0
403	0
404	0
405	0
406	0
407	0
408	0
409	0
410	0
411	0
412	0
413	0
414	0
415	0
416	0
417	0
418	0
419	0
420	0
421	0
422	0
423	0
424	0
425	0
426	0
427	0
428	0
429	0
430	0
431	0
432	0
433	0
434	0
435	0
436	0
437	0
438	0
439	0
440	0
441	0
442	0
443	0
444	0
445	0
446	0
447	0
448	0
449	0
450	0
451	0
452	0
453	0
454	0
455	0
456	0
457	0
458	0
459	0
460	0
461	0
462	0
463	0
464	0
465	0
466	0
467	0
468	1
469	0
470	0
471	0
472	0
473	0
474	0
475	0
476	0
477	0
478	0
479	0
480	0
481	0
482	0
483	0
484	0
485	0
486	0
487	0
488	0
489	0
490	0
491	0
492	0
493	0
494	0
495	0
496	0
497	0
498	0
499	0
500	1
501	0
502	0
503	0
504	0
505	0
506	0
507	0
508	0
509	0
510	0
511	0
512	0
513	0
514	0
515	0
516	0
517	0
518	0
519	0
520	0
521	0
522	0
523	0
524	0
525	0
526	0
527	0
528	0
529	0
530	0
531	0
532	0
533	0
534	0
535	0
536	0
537	0
538	0
539	0
540	0
541	0
542	0
543	0
544	0
545	0
546	0
547	0
548	0
549	0
550	0
551	0
552	0
553	0
554	0
555	0
556	0
557	0
558	0
559	0
560	0
561	0
562	0
563	0
564	0
565	0
566	0
567	0
568	0
569	0
570	0
571	0
572	0
573	0
574	0
575	0
576	0
577	0
578	0
579	0
580	0
581	0
582	0
583	0
584	0
585	0
586	1
587	0
588	0
589	0
590	0
591	0
592	0
593	0
594	0
595	0
596	0
597	0
598	0
599	0
600	0
601	0
602	0
603	0
604	1
605	0
606	1
607	0
608	0
609	0
610	0
611	0
612	0
613	0
614	0
615	0
616	0
617	0
618	0
619	0
620	0
621	1
622	0
623	0
624	0
625	0
626	1
627	0
628	0
629	1
630	0
631	1
632	0
633	0
634	0
635	0
636	0
637	0
638	0
639	0
640	1
641	0
642	0
643	0
644	0
645	0
646	1
647	1
648	0
649	1
650	0
651	0
652	3
653	0
654	1
655	0
656	0
657	0
658	3
659	0
660	1
661	0
662	0
663	2
664	0
665	1
666	0
667	0
668	0
669	0
670	0
671	1
672	0
673	0
674	2
675	2
676	1
677	0
678	1
679	2
680	1
681	0
682	1
683	0
684	1
685	1
686	2
687	1
688	1
689	3
690	1
691	1
692	0
693	0
694	2
695	2
696	3
697	7
698	1
699	3
700	2
701	1
702	2
703	0
704	2
705	2
706	0
707	1
708	2
709	4
710	6
711	2
712	2
713	2
714	1
715	4
716	2
717	2
718	1
719	2
720	1
721	3
722	1
723	1
724	2
725	2
726	1
727	1
728	2
729	5
730	2
731	3
732	0
733	0
734	3
735	2
736	3
737	1
738	3
739	2
740	2
741	3
742	3
743	6
744	0
745	2
746	0
747	5
748	2
749	3
750	2
751	1
752	3
753	3
754	7
755	1
756	5
757	2
758	3
759	3
760	4
761	5
762	3
763	2
764	5
765	1
766	5
767	1
768	4
769	4
770	5
771	2
772	4
773	2
774	5
775	4
776	1
777	3
778	4
779	5
780	7
781	2
782	3
783	1
784	6
785	7
786	6
787	4
788	3
789	3
790	11
791	6
792	10
793	8
794	8
795	12
796	10
797	10
798	9
799	13
800	10
801	7
802	12
803	4
804	7
805	7
806	9
807	6
808	10
809	9
810	16
811	13
812	9
813	10
814	8
815	11
816	15
817	10
818	9
819	11
820	16
821	16
822	13
823	16
824	16
825	22
826	9
827	16
828	18
829	10
830	18
831	21
832	19
833	20
834	13
835	10
836	14
837	15
838	11
839	16
840	14
841	20
842	21
843	24
844	13
845	19
846	21
847	8
848	20
849	22
850	23
851	17
852	15
853	11
854	14
855	17
856	24
857	23
858	15
859	25
860	24
861	22
862	22
863	25
864	24
865	28
866	23
867	25
868	38
869	25
870	28
871	33
872	27
873	16
874	26
875	25
876	24
877	33
878	26
879	27
880	27
881	34
882	21
883	32
884	23
885	27
886	26
887	30
888	29
889	28
890	37
891	37
892	34
893	38
894	36
895	27
896	29
897	23
898	27
899	33
900	25
901	35
902	32
903	39
904	33
905	38
906	40
907	35
908	37
909	37
910	27
911	37
912	24
913	26
914	32
915	32
916	34
917	36
918	41
919	42
920	42
921	47
922	41
923	30
924	30
925	29
926	34
927	40
928	40
929	53
930	43
931	39
932	41
933	32
934	41
935	43
936	51
937	57
938	52
939	54
940	59
941	67
942	56
943	52
944	58
945	68
946	56
947	49
948	53
949	56
950	59
951	72
952	80
953	51
954	74
955	81
956	61
957	77
958	69
959	77
960	89
961	89
962	82
963	95
964	93
965	104
966	81
967	86
968	80
969	91
970	105
971	96
972	104
973	96
974	101
975	120
976	106
977	141
978	107
979	90
980	132
981	137
982	143
983	131
984	111
985	133
986	150
987	155
988	169
989	169
990	161
991	158
992	175
993	212
994	179
995	213
996	171
997	170
998	183
999	225
1000	205
1001	189
1002	222
1003	236
1004	238
1005	248
1006	251
1007	258
1008	264
1009	281
1010	295
1011	325
1012	296
1013	284
1014	332
1015	311
1016	325
1017	294
1018	356
1019	342
1020	375
1021	383
1022	342
1023	395
1024	400
1025	391
1026	414
1027	440
1028	411
1029	460
1030	430
1031	456
1032	443
1033	495
1034	470
1035	498
1036	488
1037	511
1038	506
1039	527
1040	535
1041	552
1042	507
1043	550
1044	563
1045	516
1046	533
1047	549
1048	572
1049	577
1050	615
1051	578
1052	630
1053	580
1054	584
1055	616
1056	594
1057	581
1058	627
1059	599
1060	627
1061	610
1062	594
1063	579
1064	607
1065	589
1066	628
1067	624
1068	627
1069	629
1070	627
1071	568
1072	642
1073	624
1074	617
1075	618
1076	629
1077	588
1078	651
1079	580
1080	590
1081	603
1082	535
1083	536
1084	543
1085	528
1086	526
1087	528
1088	532
1089	522
1090	492
1091	507
1092	551
1093	496
1094	508
1095	499
1096	498
1097	466
1098	473
1099	469
1100	451
1101	436
1102	444
1103	470
1104	422
1105	417
1106	409
1107	374
1108	379
1109	395
1110	424
1111	341
1112	383
1113	375
1114	362
1115	315
1116	329
1117	274
1118	306
1119	329
1120	299
1121	323
1122	235
1123	278
1124	275
1125	262
1126	250
1127	213
1128	251
1129	191
1130	202
1131	202
1132	211
1133	190
1134	191
1135	230
1136	197
1137	185
1138	184
1139	161
1140	183
1141	168
1142	159
1143	127
1144	148
1145	139
1146	131
1147	126
1148	124
1149	120
1150	141
1151	112
1152	126
1153	92
1154	92
1155	108
1156	99
1157	91
1158	100
1159	90
1160	95
1161	83
1162	94
1163	74
1164	76
1165	74
1166	75
1167	59
1168	65
1169	66
1170	73
1171	56
1172	51
1173	65
1174	58
1175	69
1176	78
1177	60
1178	57
1179	56
1180	48
1181	50
1182	46
1183	70
1184	46
1185	43
1186	60
1187	44
1188	54
1189	41
1190	42
1191	35
1192	44
1193	48
1194	45
1195	39
1196	34
1197	31
1198	37
1199	50
1200	36
1201	34
1202	47
1203	32
1204	42
1205	39
1206	33
1207	32
1208	41
1209	49
1210	33
1211	39
1212	39
1213	39
1214	32
1215	42
1216	34
1217	30
1218	40
1219	23
1220	41
1221	39
1222	30
1223	29
1224	29
1225	36
1226	34
1227	36
1228	34
1229	28
1230	31
1231	39
1232	29
1233	42
1234	37
1235	28
1236	29
1237	33
1238	39
1239	30
1240	26
1241	28
1242	38
1243	32
1244	38
1245	34
1246	31
1247	42
1248	38
1249	28
1250	35
1251	34
1252	36
1253	35
1254	28
1255	43
1256	41
1257	47
1258	28
1259	41
1260	37
1261	23
1262	29
1263	34
1264	26
1265	36
1266	25
1267	35
1268	30
1269	33
1270	44
1271	36
1272	33
1273	35
1274	28
1275	32
1276	39
1277	39
1278	30
1279	34
1280	33
1281	36
1282	36
1283	30
1284	41
1285	29
1286	28
1287	37
1288	40
1289	30
1290	46
1291	39
1292	39
1293	28
1294	35
1295	30
1296	36
1297	36
1298	33
1299	29
1300	20
1301	34
1302	36
1303	34
1304	42
1305	41
1306	30
1307	31
1308	34
1309	36
1310	34
1311	28
1312	37
1313	33
1314	29
1315	32
1316	35
1317	29
1318	26
1319	34
1320	27
1321	33
1322	42
1323	38
1324	32
1325	35
1326	40
1327	45
1328	30
1329	33
1330	31
1331	19
1332	34
1333	30
1334	33
1335	45
1336	30
1337	31
1338	36
1339	39
1340	32
1341	39
1342	32
1343	39
1344	35
1345	29
1346	36
1347	38
1348	31
1349	37
1350	39
1351	16
1352	35
1353	34
1354	44
1355	39
1356	33
1357	39
1358	29
1359	40
1360	38
1361	28
1362	41
1363	32
1364	34
1365	36
1366	45
1367	40
1368	31
1369	35
1370	44
1371	37
1372	46
1373	47
1374	39
1375	31
1376	36
1377	29
1378	40
1379	37
1380	41
1381	39
1382	38
1383	41
1384	32
1385	43
1386	41
1387	42
1388	38
1389	43
1390	57
1391	46
1392	40
1393	33
1394	35
1395	37
1396	41
1397	46
1398	40
1399	42
1400	48
1401	38
1402	49
1403	36
1404	26
1405	50
1406	38
1407	38
1408	34
1409	48
1410	42
1411	37
1412	36
1413	41
1414	45
1415	54
1416	37
1417	54
1418	49
1419	48
1420	59
1421	45
1422	60
1423	38
1424	51
1425	52
1426	61
1427	50
1428	43
1429	52
1430	52
1431	56
1432	46
1433	47
1434	50
1435	45
1436	45
1437	60
1438	56
1439	54
1440	62
1441	59
1442	69
1443	63
1444	60
1445	52
1446	44
1447	69
1448	55
1449	60
1450	49
1451	61
1452	53
1453	59
1454	57
1455	68
1456	58
1457	48
1458	69
1459	53
1460	70
1461	62
1462	64
1463	48
1464	74
1465	66
1466	66
1467	65
1468	68
1469	56
1470	85
1471	89
1472	67
1473	82
1474	70
1475	73
1476	72
1477	71
1478	75
1479	72
1480	64
1481	72
1482	62
1483	66
1484	61
1485	97
1486	73
1487	74
1488	85
1489	84
1490	65
1491	83
1492	63
1493	76
1494	74
1495	66
1496	87
1497	89
1498	85
1499	71
1500	65
1501	79
1502	72
1503	58
1504	66
1505	75
1506	78
1507	89
1508	73
1509	78
1510	56
1511	92
1512	79
1513	84
1514	91
1515	78
1516	82
1517	72
1518	95
1519	71
1520	70
1521	71
1522	81
1523	79
1524	72
1525	69
1526	60
1527	70
1528	84
1529	74
1530	73
1531	72
1532	55
1533	93
1534	81
1535	50
1536	70
1537	76
1538	57
1539	54
1540	65
1541	66
1542	95
1543	63
1544	76
1545	64
1546	65
1547	67
1548	57
1549	60
1550	78
1551	64
1552	72
1553	68
1554	56
1555	63
1556	55
1557	43
1558	61
1559	52
1560	58
1561	71
1562	62
1563	60
1564	47
1565	62
1566	54
1567	57
1568	65
1569	52
1570	57
1571	62
1572	61
1573	64
1574	50
1575	38
1576	51
1577	54
1578	56
1579	49
1580	52
1581	59
1582	51
1583	53
1584	58
1585	44
1586	51
1587	49
1588	39
1589	37
1590	43
1591	42
1592	38
1593	36
1594	39
1595	41
1596	42
1597	48
1598	38
1599	40
1600	41
1601	40
1602	49
1603	52
1604	54
1605	47
1606	35
1607	40
1608	53
1609	46
1610	62
1611	44
1612	49
1613	43
1614	37
1615	34
1616	42
1617	37
1618	17
1619	40
1620	40
1621	25
1622	34
1623	38
1624	39
1625	46
1626	40
1627	31
1628	47
1629	46
1630	47
1631	31
1632	37
1633	38
1634	25
1635	22
1636	46
1637	37
1638	35
1639	43
1640	25
1641	35
1642	39
1643	42
1644	36
1645	37
1646	41
1647	27
1648	33
1649	37
1650	28
1651	27
1652	36
1653	35
1654	29
1655	41
1656	43
1657	27
1658	41
1659	34
1660	27
1661	32
1662	34
1663	40
1664	35
1665	25
1666	31
1667	41
1668	29
1669	43
1670	42
1671	29
1672	37
1673	35
1674	21
1675	37
1676	37
1677	41
1678	27
1679	40
1680	31
1681	34
1682	31
1683	31
1684	29
1685	33
1686	27
1687	31
1688	30
1689	37
1690	33
1691	35
1692	48
1693	30
1694	35
1695	47
1696	30
1697	47
1698	42
1699	34
1700	41
1701	27
1702	28
1703	37
1704	41
1705	41
1706	44
1707	39
1708	38
1709	35
1710	41
1711	32
1712	44
1713	33
1714	34
1715	25
1716	45
1717	38
1718	34
1719	29
1720	34
1721	42
1722	38
1723	31
1724	33
1725	36
1726	34
1727	40
1728	36
1729	36
1730	44
1731	39
1732	35
1733	35
1734	32
1735	44
1736	45
1737	39
1738	47
1739	44
1740	39
1741	38
1742	48
1743	35
1744	31
1745	34
1746	40
1747	37
1748	50
1749	31
1750	38
1751	40
1752	32
1753	44
1754	44
1755	42
1756	35
1757	33
1758	38
1759	41
1760	35
1761	38
1762	35
1763	37
1764	30
1765	39
1766	45
1767	37
1768	37
1769	36
1770	52
1771	52
1772	39
1773	50
1774	55
1775	41
1776	45
1777	38
1778	35
1779	44
1780	43
1781	53
1782	36
1783	35
1784	51
1785	43
1786	48
1787	45
1788	40
1789	35
1790	31
1791	45
1792	44
1793	38
1794	34
1795	41
1796	37
1797	44
1798	48
1799	55
1800	40
1801	44
1802	57
1803	37
1804	55
1805	49
1806	32
1807	43
1808	47
1809	40
1810	43
1811	38
1812	32
1813	43
1814	44
1815	37
1816	37
1817	30
1818	40
1819	45
1820	57
1821	45
1822	36
1823	40
1824	50
1825	46
1826	58
1827	56
1828	53
1829	45
1830	54
1831	56
1832	49
1833	51
1834	47
1835	48
1836	50
1837	47
1838	50
1839	43
1840	38
1841	51
1842	44
1843	47
1844	48
1845	51
1846	46
1847	38
1848	53
1849	49
1850	40
1851	54
1852	51
1853	45
1854	44
1855	59
1856	41
1857	46
1858	39
1859	46
1860	54
1861	61
1862	49
1863	46
1864	52
1865	51
1866	58
1867	53
1868	47
1869	54
1870	54
1871	44
1872	46
1873	51
1874	50
1875	43
1876	57
1877	55
1878	38
1879	55
1880	54
1881	40
1882	53
1883	57
1884	42
1885	54
1886	59
1887	56
1888	45
1889	61
1890	56
1891	59
1892	38
1893	50
1894	54
1895	48
1896	55
1897	49
1898	51
1899	57
1900	53
1901	67
1902	51
1903	59
1904	49
1905	51
1906	62
1907	49
1908	56
1909	59
1910	54
1911	43
1912	48
1913	52
1914	55
1915	58
1916	53
1917	49
1918	42
1919	53
1920	52
1921	53
1922	52
1923	47
1924	63
1925	57
1926	50
1927	66
1928	51
1929	62
1930	54
1931	61
1932	44
1933	52
1934	50
1935	51
1936	53
1937	60
1938	57
1939	58
1940	36
1941	74
1942	43
1943	63
1944	51
1945	70
1946	48
1947	60
1948	46
1949	53
1950	59
1951	46
1952	72
1953	50
1954	62
1955	47
1956	41
1957	54
1958	63
1959	55
1960	69
1961	53
1962	56
1963	56
1964	56
1965	53
1966	55
1967	60
1968	60
1969	62
1970	47
1971	54
1972	47
1973	57
1974	43
1975	45
1976	62
1977	56
1978	54
1979	63
1980	59
1981	44
1982	51
1983	50
1984	61
1985	65
1986	70
1987	72
1988	50
1989	54
1990	55
1991	59
1992	49
1993	69
1994	61
1995	63
1996	55
1997	59
1998	52
1999	64
2000	64
2001	62
2002	54
2003	53
2004	57
2005	48
2006	60
2007	50
2008	64
2009	47
2010	48
2011	62
2012	50
2013	48
2014	56
2015	63
2016	58
2017	50
2018	57
2019	59
2020	49
2021	54
2022	60
2023	50
2024	52
2025	60
2026	39
2027	69
2028	58
2029	59
2030	57
2031	57
2032	47
2033	58
2034	52
2035	58
2036	55
2037	56
2038	49
2039	44
2040	47
2041	61
2042	45
2043	50
2044	44
2045	49
2046	46
2047	58
2048	60
2049	52
2050	51
2051	56
2052	61
2053	48
2054	56
2055	36
2056	42
2057	51
2058	49
2059	48
2060	56
2061	46
2062	53
2063	60
2064	47
2065	41
2066	55
2067	56
2068	50
2069	46
2070	42
2071	69
2072	51
2073	53
2074	53
2075	53
2076	48
2077	54
2078	46
2079	51
2080	47
2081	42
2082	64
2083	59
2084	57
2085	55
2086	50
2087	54
2088	59
2089	47
2090	54
2091	50
2092	45
2093	52
2094	62
2095	50
2096	49
2097	51
2098	44
2099	49
2100	56
2101	50
2102	63
2103	54
2104	49
2105	48
2106	51
2107	51
2108	62
2109	49
2110	48
2111	55
2112	46
2113	46
2114	45
2115	37
2116	48
2117	51
2118	50
2119	45
2120	45
2121	50
2122	49
2123	49
2124	34
2125	55
2126	46
2127	50
2128	41
2129	47
2130	58
2131	58
2132	43
2133	47
2134	56
2135	47
2136	45
2137	41
2138	47
2139	41
2140	45
2141	48
2142	39
2143	40
2144	56
2145	48
2146	47
2147	66
2148	38
2149	32
2150	53
2151	46
2152	49
2153	44
2154	47
2155	44
2156	41
2157	37
2158	43
2159	33
2160	51
2161	38
2162	44
2163	44
2164	56
2165	50
2166	57
2167	34
2168	53
2169	43
2170	37
2171	52
2172	37
2173	38
2174	56
2175	35
2176	38
2177	39
2178	42
2179	40
2180	39
2181	44
2182	50
2183	42
2184	54
2185	49
2186	44
2187	36
2188	40
2189	34
2190	45
2191	49
2192	43
2193	30
2194	44
2195	47
2196	40
2197	40
2198	44
2199	39
2200	46
2201	52
2202	46
2203	55
2204	29
2205	50
2206	52
2207	37
2208	48
2209	41
2210	47
2211	38
2212	45
2213	45
2214	44
2215	51
2216	53
2217	45
2218	35
2219	38
2220	45
2221	43
2222	40
2223	34
2224	39
2225	38
2226	47
2227	45
2228	40
2229	44
2230	41
2231	44
2232	42
2233	44
2234	40
2235	43
2236	35
2237	35
2238	45
2239	40
2240	49
2241	35
2242	48
2243	42
2244	31
2245	38
2246	52
2247	39
2248	46
2249	37
2250	44
2251	42
2252	45
2253	35
2254	37
2255	31
2256	44
2257	44
2258	31
2259	33
2260	41
2261	38
2262	36
2263	48
2264	33
2265	39
2266	40
2267	36
2268	37
2269	31
2270	34
2271	34
2272	41
2273	38
2274	36
2275	21
2276	42
2277	51
2278	40
2279	40
2280	37
2281	44
2282	42
2283	32
2284	30
2285	39
2286	43
2287	40
2288	42
2289	36
2290	28
2291	37
2292	39
2293	31
2294	41
2295	30
2296	34
2297	39
2298	36
2299	38
2300	38
2301	42
2302	32
2303	28
2304	24
2305	30
2306	44
2307	40
2308	32
2309	37
2310	40
2311	29
2312	45
2313	31
2314	41
2315	28
2316	36
2317	47
2318	33
2319	33
2320	30
2321	52
2322	32
2323	32
2324	35
2325	42
2326	37
2327	33
2328	36
2329	41
2330	36
2331	46
2332	39
2333	24
2334	37
2335	29
2336	32
2337	26
2338	37
2339	36
2340	31
2341	32
2342	30
2343	41
2344	27
2345	36
2346	30
2347	29
2348	44
2349	36
2350	32
2351	35
2352	44
2353	22
2354	34
2355	44
2356	24
2357	41
2358	42
2359	44
2360	44
2361	40
2362	31
2363	30
2364	40
2365	34
2366	25
2367	39
2368	41
2369	37
2370	38
2371	29
2372	22
2373	32
2374	41
2375	43
2376	43
2377	34
2378	32
2379	24
2380	29
2381	32
2382	34
2383	33
2384	37
2385	32
2386	36
2387	44
2388	37
2389	42
2390	31
2391	33
2392	43
2393	42
2394	42
2395	33
2396	24
2397	29
2398	36
2399	35
2400	28
2401	22
2402	40
2403	35
2404	33
2405	29
2406	40
2407	44
2408	41
2409	28
2410	35
2411	26
2412	34
2413	30
2414	47
2415	13
2416	36
2417	35
2418	27
2419	44
2420	34
2421	36
2422	39
2423	33
2424	28
2425	27
2426	24
2427	33
2428	29
2429	32
2430	41
2431	23
2432	35
2433	33
2434	34
2435	38
2436	35
2437	35
2438	42
2439	46
2440	34
2441	40
2442	29
2443	40
2444	29
2445	27
2446	30
2447	25
2448	32
2449	28
2450	25
2451	30
2452	28
2453	28
2454	38
2455	32
2456	38
2457	30
2458	36
2459	27
2460	29
2461	40
2462	28
2463	29
2464	24
2465	39
2466	25
2467	30
2468	33
2469	32
2470	22
2471	27
2472	31
2473	31
2474	25
2475	29
2476	27
2477	25
2478	29
2479	40
2480	33
2481	29
2482	17
2483	28
2484	31
2485	34
2486	27
2487	30
2488	34
2489	28
2490	31
2491	29
2492	23
2493	20
2494	25
2495	36
2496	30
2497	36
2498	31
2499	32
2500	20
2501	28
2502	38
2503	32
2504	21
2505	38
2506	25
2507	21
2508	36
2509	29
2510	29
2511	27
2512	26
2513	23
2514	43
2515	32
2516	34
2517	45
2518	23
2519	34
2520	32
2521	35
2522	28
2523	29
2524	27
2525	33
2526	26
2527	35
2528	23
2529	29
2530	27
2531	27
2532	41
2533	25
2534	41
2535	30
2536	25
2537	24
2538	30
2539	26
2540	21
2541	37
2542	30
2543	31
2544	23
2545	27
2546	33
2547	23
2548	34
2549	25
2550	18
2551	25
2552	27
2553	28
2554	31
2555	30
2556	18
2557	29
2558	31
2559	25
2560	31
2561	26
2562	26
2563	27
2564	34
2565	25
2566	26
2567	29
2568	24
2569	21
2570	25
2571	33
2572	33
2573	21
2574	38
2575	20
2576	22
2577	21
2578	26
2579	32
2580	24
2581	30
2582	26
2583	34
2584	24
2585	29
2586	20
2587	27
2588	30
2589	24
2590	31
2591	28
2592	31
2593	23
2594	31
2595	28
2596	29
2597	24
2598	17
2599	22
2600	16
2601	26
2602	22
2603	26
2604	21
2605	24
2606	18
2607	24
2608	23
2609	35
2610	26
2611	28
2612	20
2613	40
2614	31
2615	21
2616	29
2617	30
2618	19
2619	33
2620	17
2621	27
2622	14
2623	28
2624	25
2625	34
2626	29
2627	23
2628	23
2629	23
2630	23
2631	34
2632	26
2633	16
2634	21
2635	20
2636	20
2637	19
2638	24
2639	35
2640	21
2641	26
2642	24
2643	18
2644	16
2645	23
2646	29
2647	28
2648	19
2649	17
2650	17
2651	31
2652	24
2653	34
2654	17
2655	32
2656	27
2657	17
2658	24
2659	28
2660	32
2661	25
2662	27
2663	22
2664	28
2665	25
2666	27
2667	17
2668	24
2669	25
2670	18
2671	31
2672	18
2673	30
2674	20
2675	28
2676	24
2677	27
2678	21
2679	21
2680	23
2681	18
2682	22
2683	26
2684	19
2685	25
2686	22
2687	26
2688	18
2689	24
2690	29
2691	19
2692	11
2693	16
2694	19
2695	24
2696	19
2697	23
2698	30
2699	23
2700	33
2701	35
2702	29
2703	32
2704	20
2705	18
2706	16
2707	11
2708	21
2709	29
2710	18
2711	27
2712	28
2713	18
2714	17
2715	28
2716	20
2717	30
2718	32
2719	30
2720	33
2721	31
2722	16
2723	18
2724	24
2725	27
2726	25
2727	22
2728	29
2729	28
2730	22
2731	22
2732	20
2733	26
2734	27
2735	13
2736	26
2737	28
2738	34
2739	23
2740	24
2741	26
2742	26
2743	18
2744	19
2745	22
2746	30
2747	22
2748	21
2749	23
2750	17
2751	26
2752	19
2753	32
2754	23
2755	16
2756	24
2757	20
2758	25
2759	29
2760	21
2761	32
2762	20
2763	16
2764	15
2765	23
2766	19
2767	21
2768	15
2769	18
2770	25
2771	27
2772	19
2773	20
2774	25
2775	19
2776	16
2777	28
2778	23
2779	23
2780	24
2781	18
2782	25
2783	28
2784	14
2785	21
2786	18
2787	17
2788	33
2789	22
2790	28
2791	10
2792	23
2793	17
2794	20
2795	22
2796	20
2797	22
2798	23
2799	22
2800	15
2801	13
2802	22
2803	19
2804	23
2805	28
2806	23
2807	29
2808	27
2809	27
2810	15
2811	27
2812	19
2813	24
2814	23
2815	18
2816	19
2817	24
2818	25
2819	19
2820	25
2821	22
2822	27
2823	16
2824	22
2825	15
2826	24
2827	23
2828	23
2829	20
2830	20
2831	16
2832	21
2833	15
2834	13
2835	20
2836	22
2837	25
2838	19
2839	19
2840	28
2841	16
2842	16
2843	29
2844	20
2845	15
2846	21
2847	16
2848	23
2849	18
2850	15
2851	20
2852	34
2853	26
2854	27
2855	18
2856	13
2857	16
2858	24
2859	24
2860	18
2861	18
2862	23
2863	24
2864	13
2865	18
2866	21
2867	25
2868	22
2869	22
2870	21
2871	21
2872	26
2873	22
2874	19
2875	18
2876	19
2877	13
2878	19
2879	14
2880	19
2881	18
2882	19
2883	22
2884	21
2885	18
2886	24
2887	25
2888	33
2889	22
2890	19
2891	12
2892	16
2893	13
2894	15
2895	16
2896	19
2897	22
2898	18
2899	14
2900	18
2901	17
2902	21
2903	12
2904	15
2905	22
2906	16
2907	12
2908	18
2909	24
2910	20
2911	26
2912	17
2913	23
2914	19
2915	16
2916	13
2917	14
2918	25
2919	14
2920	23
2921	20
2922	22
2923	11
2924	18
2925	18
2926	25
2927	11
2928	18
2929	17
2930	16
2931	11
2932	20
2933	14
2934	19
2935	22
2936	21
2937	22
2938	22
2939	15
2940	21
2941	23
2942	21
2943	10
2944	23
2945	22
2946	23
2947	24
2948	18
2949	19
2950	7
2951	16
2952	18
2953	16
2954	13
2955	23
2956	20
2957	12
2958	16
2959	14
2960	25
2961	15
2962	14
2963	18
2964	27
2965	13
2966	23
2967	15
2968	16
2969	29
2970	16
2971	19
2972	20
2973	23
2974	15
2975	15
2976	24
2977	20
2978	18
2979	17
2980	22
2981	27
2982	14
2983	19
2984	18
2985	8
2986	17
2987	21
2988	19
2989	22
2990	19
2991	13
2992	16
2993	18
2994	16
2995	21
2996	26
2997	15
2998	19
2999	16
3000	19
3001	16
3002	14
3003	28
3004	24
3005	16
3006	15
3007	16
3008	22
3009	15
3010	19
3011	16
3012	24
3013	19
3014	19
3015	13
3016	25
3017	22
3018	22
3019	20
3020	16
3021	16
3022	16
3023	9
3024	15
3025	21
3026	15
3027	18
3028	17
3029	18
3030	17
3031	19
3032	18
3033	19
3034	17
3035	14
3036	18
3037	14
3038	14
3039	21
3040	25
3041	13
3042	12
3043	21
3044	25
3045	30
3046	22
3047	16
3048	20
3049	18
3050	14
3051	12
3052	17
3053	20
3054	23
3055	17
3056	21
3057	16
3058	25
3059	13
3060	21
3061	19
3062	17
3063	27
3064	13
3065	16
3066	13
3067	21
3068	19
3069	22
3070	21
3071	19
3072	22
3073	15
3074	11
3075	24
3076	22
3077	14
3078	17
3079	12
3080	29
3081	16
3082	22
3083	18
3084	20
3085	27
3086	21
3087	15
3088	15
3089	21
3090	16
3091	16
3092	18
3093	19
3094	22
3095	21
3096	21
3097	22
3098	19
3099	15
3100	18
3101	17
3102	30
3103	23
3104	18
3105	19
3106	17
3107	17
3108	20
3109	25
3110	20
3111	15
3112	15
3113	27
3114	15
3115	22
3116	21
3117	19
3118	17
3119	22
3120	20
3121	20
3122	13
3123	23
3124	14
3125	18
3126	17
3127	21
3128	17
3129	21
3130	20
3131	21
3132	11
3133	22
3134	18
3135	15
3136	16
3137	13
3138	21
3139	18
3140	19
3141	26
3142	13
3143	22
3144	14
3145	15
3146	25
3147	28
3148	22
3149	24
3150	19
3151	20
3152	18
3153	27
3154	22
3155	23
3156	21
3157	23
3158	13
3159	17
3160	27
3161	11
3162	14
3163	11
3164	29
3165	22
3166	19
3167	27
3168	17
3169	22
3170	18
3171	21
3172	18
3173	20
3174	26
3175	25
3176	24
3177	10
3178	20
3179	24
3180	24
3181	17
3182	17
3183	25
3184	22
3185	22
3186	27
3187	16
3188	24
3189	14
3190	20
3191	30
3192	17
3193	22
3194	24
3195	27
3196	29
3197	27
3198	17
3199	20
3200	22
3201	32
3202	12
3203	29
3204	22
3205	18
3206	25
3207	25
3208	33
3209	24
3210	22
3211	24
3212	27
3213	19
3214	20
3215	18
3216	27
3217	21
3218	21
3219	26
3220	25
3221	26
3222	29
3223	22
3224	24
3225	28
3226	23
3227	22
3228	28
3229	28
3230	22
3231	26
3232	26
3233	29
3234	37
3235	24
3236	18
3237	21
3238	29
3239	26
3240	40
3241	28
3242	24
3243	40
3244	29
3245	35
3246	39
3247	27
3248	24
3249	39
3250	34
3251	25
3252	39
3253	30
3254	29
3255	21
3256	35
3257	30
3258	33
3259	23
3260	29
3261	28
3262	25
3263	37
3264	18
3265	34
3266	28
3267	27
3268	26
3269	30
3270	30
3271	40
3272	32
3273	32
3274	30
3275	24
3276	36
3277	25
3278	40
3279	33
3280	30
3281	32
3282	32
3283	36
3284	28
3285	33
3286	29
3287	33
3288	29
3289	37
3290	38
3291	44
3292	20
3293	35
3294	25
3295	47
3296	26
3297	39
3298	32
3299	31
3300	38
3301	51
3302	44
3303	38
3304	30
3305	29
3306	40
3307	47
3308	31
3309	33
3310	33
3311	36
3312	27
3313	37
3314	44
3315	40
3316	40
3317	37
3318	43
3319	39
3320	44
3321	48
3322	33
3323	46
3324	44
3325	45
3326	35
3327	32
3328	31
3329	38
3330	31
3331	39
3332	30
3333	45
3334	34
3335	38
3336	40
3337	33
3338	36
3339	42
3340	46
3341	31
3342	46
3343	45
3344	45
3345	41
3346	45
3347	48
3348	52
3349	39
3350	53
3351	40
3352	26
3353	55
3354	51
3355	40
3356	37
3357	39
3358	36
3359	33
3360	46
3361	45
3362	39
3363	44
3364	34
3365	53
3366	48
3367	33
3368	48
3369	37
3370	27
3371	43
3372	50
3373	41
3374	34
3375	43
3376	40
3377	34
3378	43
3379	43
3380	42
3381	54
3382	49
3383	47
3384	33
3385	48
3386	36
3387	46
3388	48
3389	37
3390	35
3391	50
3392	37
3393	49
3394	38
3395	33
3396	43
3397	47
3398	45
3399	46
3400	40
3401	51
3402	58
3403	45
3404	47
3405	37
3406	35
3407	43
3408	47
3409	44
3410	43
3411	47
3412	50
3413	47
3414	45
3415	56
3416	45
3417	48
3418	55
3419	38
3420	43
3421	53
3422	52
3423	47
3424	46
3425	38
3426	45
3427	40
3428	31
3429	42
3430	43
3431	50
3432	64
3433	48
3434	44
3435	35
3436	46
3437	33
3438	49
3439	46
3440	50
3441	41
3442	54
3443	67
3444	46
3445	35
3446	46
3447	44
3448	43
3449	51
3450	49
3451	42
3452	54
3453	43
3454	66
3455	53
3456	60
3457	41
3458	60
3459	40
3460	53
3461	58
3462	42
3463	48
3464	37
3465	47
3466	38
3467	50
3468	47
3469	48
3470	48
3471	49
3472	48
3473	57
3474	61
3475	55
3476	52
3477	55
3478	49
3479	48
3480	43
3481	67
3482	49
3483	52
3484	42
3485	54
3486	46
3487	62
3488	62
3489	62
3490	45
3491	47
3492	53
3493	60
3494	46
3495	37
3496	57
3497	44
3498	44
3499	48
3500	35
3501	49
3502	57
3503	60
3504	55
3505	51
3506	59
3507	61
3508	72
3509	51
3510	45
3511	56
3512	49
3513	63
3514	57
3515	49
3516	59
3517	65
3518	48
3519	63
3520	53
3521	44
3522	51
3523	55
3524	62
3525	57
3526	73
3527	55
3528	67
3529	61
3530	67
3531	55
3532	63
3533	46
3534	63
3535	70
3536	62
3537	52
3538	54
3539	51
3540	48
3541	63
3542	46
3543	63
3544	61
3545	55
3546	53
3547	65
3548	42
3549	35
3550	65
3551	61
3552	73
3553	50
3554	66
3555	51
3556	50
3557	53
3558	58
3559	67
3560	54
3561	53
3562	52
3563	61
3564	59
3565	60
3566	54
3567	62
3568	60
3569	63
3570	75
3571	70
3572	67
3573	62
3574	63
3575	53
3576	49
3577	56
3578	68
3579	58
3580	61
3581	66
3582	80
3583	65
3584	78
3585	70
3586	73
3587	60
3588	64
3589	74
3590	90
3591	68
3592	54
3593	59
3594	75
3595	68
3596	73
3597	72
3598	60
3599	70
3600	69
3601	69
3602	65
3603	56
3604	68
3605	62
3606	60
3607	55
3608	65
3609	53
3610	87
3611	75
3612	69
3613	62
3614	82
3615	90
3616	82
3617	86
3618	74
3619	69
3620	64
3621	89
3622	71
3623	63
3624	61
3625	75
3626	83
3627	71
3628	72
3629	73
3630	70
3631	85
3632	70
3633	68
3634	78
3635	66
3636	65
3637	80
3638	87
3639	72
3640	63
3641	76
3642	78
3643	90
3644	62
3645	68
3646	83
3647	79
3648	82
3649	66
3650	65
3651	87
3652	76
3653	74
3654	74
3655	68
3656	81
3657	83
3658	75
3659	84
3660	76
3661	71
3662	77
3663	78
3664	89
3665	71
3666	81
3667	81
3668	72
3669	85
3670	74
3671	71
3672	93
3673	89
3674	84
3675	73
3676	88
3677	87
3678	85
3679	95
3680	72
3681	70
3682	84
3683	83
3684	78
3685	79
3686	76
3687	77
3688	77
3689	93
3690	78
3691	72
3692	65
3693	77
3694	97
3695	74
3696	89
3697	65
3698	74
3699	90
3700	81
3701	90
3702	83
3703	72
3704	80
3705	80
3706	80
3707	87
3708	86
3709	75
3710	90
3711	76
3712	74
3713	78
3714	80
3715	84
3716	100
3717	88
3718	102
3719	91
3720	82
3721	96
3722	86
3723	48
3724	82
3725	84
3726	90
3727	88
3728	73
3729	81
3730	73
3731	82
3732	87
3733	85
3734	90
3735	72
3736	82
3737	89
3738	85
3739	64
3740	81
3741	88
3742	90
3743	74
3744	84
3745	92
3746	80
3747	70
3748	87
3749	70
3750	83
3751	74
3752	76
3753	83
3754	77
3755	87
3756	88
3757	79
3758	97
3759	96
3760	81
3761	85
3762	79
3763	79
3764	83
3765	72
3766	78
3767	90
3768	88
3769	69
3770	69
3771	73
3772	67
3773	67
3774	80
3775	78
3776	77
3777	78
3778	94
3779	81
3780	80
3781	75
3782	81
3783	85
3784	97
3785	69
3786	67
3787	79
3788	66
3789	88
3790	79
3791	90
3792	73
3793	83
3794	90
3795	70
3796	63
3797	81
3798	88
3799	88
3800	73
3801	80
3802	66
3803	72
3804	82
3805	75
3806	76
3807	83
3808	86
3809	87
3810	65
3811	72
3812	76
3813	70
3814	73
3815	69
3816	63
3817	73
3818	73
3819	69
3820	80
3821	79
3822	58
3823	81
3824	70
3825	65
3826	81
3827	91
3828	67
3829	84
3830	83
3831	76
3832	71
3833	75
3834	66
3835	71
3836	56
3837	73
3838	52
3839	76
3840	65
3841	67
3842	60
3843	69
3844	70
3845	58
3846	59
3847	63
3848	66
3849	74
3850	68
3851	66
3852	60
3853	56
3854	64
3855	71
3856	60
3857	56
3858	76
3859	58
3860	61
3861	69
3862	45
3863	58
3864	74
3865	60
3866	58
3867	61
3868	58
3869	62
3870	63
3871	58
3872	63
3873	56
3874	59
3875	58
3876	65
3877	56
3878	58
3879	62
3880	59
3881	61
3882	55
3883	54
3884	54
3885	59
3886	41
3887	63
3888	55
3889	51
3890	64
3891	57
3892	36
3893	53
3894	59
3895	48
3896	56
3897	58
3898	52
3899	42
3900	55
3901	51
3902	45
3903	46
3904	52
3905	59
3906	44
3907	44
3908	43
3909	53
3910	53
3911	45
3912	42
3913	56
3914	46
3915	47
3916	56
3917	49
3918	52
3919	54
3920	42
3921	43
3922	41
3923	44
3924	44
3925	36
3926	62
3927	39
3928	46
3929	34
3930	37
3931	45
3932	40
3933	45
3934	45
3935	33
3936	54
3937	40
3938	36
3939	43
3940	37
3941	44
3942	50
3943	36
3944	36
3945	38
3946	34
3947	42
3948	47
3949	51
3950	44
3951	40
3952	36
3953	50
3954	40
3955	34
3956	37
3957	31
3958	35
3959	36
3960	30
3961	44
3962	36
3963	34
3964	39
3965	43
3966	40
3967	27
3968	38
3969	41
3970	43
3971	47
3972	38
3973	49
3974	39
3975	39
3976	49
3977	32
3978	50
3979	31
3980	30
3981	37
3982	33
3983	38
3984	44
3985	43
3986	26
3987	36
3988	33
3989	33
3990	42
3991	36
3992	33
3993	32
3994	47
3995	43
3996	37
3997	32
3998	29
3999	39
4000	37
4001	45
4002	43
4003	35
4004	32
4005	46
4006	40
4007	44
4008	36
4009	42
4010	40
4011	26
4012	41
4013	43
4014	40
4015	48
4016	45
4017	32
4018	41
4019	37
4020	45
4021	46
4022	39
4023	40
4024	33
4025	47
4026	48
4027	39
4028	33
4029	41
4030	45
4031	35
4032	44
4033	44
4034	52
4035	48
4036	33
4037	38
4038	46
4039	47
4040	38
4041	43
4042	42
4043	45
4044	47
4045	61
4046	59
4047	49
4048	51
4049	41
4050	59
4051	45
4052	58
4053	46
4054	38
4055	41
4056	48
4057	59
4058	58
4059	44
4060	47
4061	49
4062	42
4063	53
4064	56
4065	44
4066	72
4067	49
4068	56
4069	60
4070	60
4071	51
4072	46
4073	51
4074	48
4075	64
4076	42
4077	55
4078	61
4079	60
4080	56
4081	63
4082	65
4083	69
4084	60
4085	57
4086	60
4087	44
4088	61
4089	56
4090	61
4091	54
4092	63
4093	66
4094	59
4095	59
4096	60
4097	63
4098	74
4099	65
4100	49
4101	81
4102	74
4103	67
4104	72
4105	80
4106	67
4107	78
4108	61
4109	65
4110	89
4111	75
4112	65
4113	73
4114	73
4115	95
4116	77
4117	67
4118	72
4119	65
4120	79
4121	83
4122	81
4123	76
4124	66
4125	74
4126	82
4127	79
4128	67
4129	86
4130	99
4131	78
4132	86
4133	83
4134	83
4135	87
4136	92
4137	89
4138	78
4139	95
4140	85
4141	75
4142	108
4143	71
4144	104
4145	85
4146	95
4147	98
4148	83
4149	81
4150	119
4151	93
4152	86
4153	83
4154	102
4155	91
4156	88
4157	96
4158	73
4159	120
4160	95
4161	105
4162	119
4163	84
4164	105
4165	100
4166	80
4167	107
4168	92
4169	123
4170	75
4171	108
4172	97
4173	110
4174	131
4175	107
4176	85
4177	109
4178	111
4179	120
4180	112
4181	111
4182	132
4183	105
4184	129
4185	122
4186	123
4187	124
4188	111
4189	121
4190	108
4191	114
4192	133
4193	125
4194	119
4195	114
4196	138
4197	130
4198	114
4199	119
4200	123
4201	118
4202	137
4203	131
4204	152
4205	140
4206	144
4207	132
4208	129
4209	145
4210	143
4211	119
4212	134
4213	139
4214	154
4215	130
4216	119
4217	158
4218	143
4219	127
4220	140
4221	150
4222	122
4223	134
4224	123
4225	169
4226	154
4227	149
4228	152
4229	152
4230	156
4231	129
4232	158
4233	160
4234	152
4235	145
4236	150
4237	154
4238	132
4239	131
4240	169
4241	157
4242	144
4243	162
4244	167
4245	146
4246	130
4247	149
4248	147
4249	178
4250	153
4251	172
4252	172
4253	163
4254	173
4255	165
4256	177
4257	172
4258	139
4259	160
4260	169
4261	162
4262	166
4263	181
4264	169
4265	178
4266	158
4267	175
4268	157
4269	185
4270	178
4271	186
4272	171
4273	163
4274	180
4275	185
4276	169
4277	175
4278	173
4279	173
4280	163
4281	163
4282	167
4283	184
4284	201
4285	155
4286	179
4287	167
4288	180
4289	171
4290	186
4291	209
4292	182
4293	162
4294	194
4295	188
4296	192
4297	178
4298	181
4299	182
4300	179
4301	184
4302	172
4303	175
4304	214
4305	202
4306	190
4307	172
4308	193
4309	195
4310	170
4311	210
4312	178
4313	193
4314	173
4315	193
4316	187
4317	159
4318	214
4319	186
4320	212
4321	213
4322	198
4323	196
4324	211
4325	191
4326	190
4327	216
4328	192
4329	185
4330	192
4331	184
4332	195
4333	207
4334	200
4335	175
4336	213
4337	222
4338	200
4339	204
4340	197
4341	205
4342	207
4343	193
4344	179
4345	178
4346	194
4347	191
4348	180
4349	190
4350	187
4351	220
4352	202
4353	187
4354	177
4355	207
4356	212
4357	195
4358	197
4359	202
4360	192
4361	185
4362	201
4363	226
4364	201
4365	200
4366	196
4367	212
4368	188
4369	226
4370	209
4371	179
4372	177
4373	175
4374	188
4375	178
4376	191
4377	204
4378	173
4379	210
4380	218
4381	193
4382	187
4383	175
4384	205
4385	201
4386	194
4387	196
4388	217
4389	183
4390	223
4391	195
4392	222
4393	215
4394	204
4395	218
4396	188
4397	193
4398	212
4399	188
4400	187
4401	206
4402	183
4403	191
4404	204
4405	194
4406	183
4407	184
4408	197
4409	202
4410	204
4411	194
4412	198
4413	209
4414	200
4415	194
4416	165
4417	204
4418	203
4419	182
4420	218
4421	188
4422	187
4423	186
4424	190
4425	191
4426	199
4427	194
4428	168
4429	181
4430	197
4431	211
4432	184
4433	190
4434	222
4435	205
4436	193
4437	182
4438	200
4439	201
4440	183
4441	174
4442	160
4443	178
4444	196
4445	183
4446	173
4447	187
4448	170
4449	193
4450	178
4451	203
4452	169
4453	175
4454	187
4455	188
4456	171
4457	187
4458	183
4459	170
4460	191
4461	184
4462	172
4463	185
4464	167
4465	184
4466	219
4467	184
4468	185
4469	172
4470	172
4471	166
4472	193
4473	190
4474	177
4475	164
4476	195
4477	169
4478	166
4479	174
4480	159
4481	162
4482	157
4483	151
4484	164
4485	185
4486	169
4487	192
4488	167
4489	161
4490	157
4491	159
4492	168
4493	154
4494	150
4495	184
4496	178
4497	131
4498	166
4499	172
4500	151
4501	144
4502	157
4503	152
4504	184
4505	151
4506	142
4507	146
4508	127
4509	141
4510	183
4511	138
4512	156
4513	151
4514	139
4515	148
4516	150
4517	163
4518	138
4519	163
4520	168
4521	137
4522	182
4523	164
4524	149
4525	154
4526	135
4527	129
4528	132
4529	137
4530	167
4531	144
4532	124
4533	164
4534	160
4535	142
4536	174
4537	109
4538	120
4539	138
4540	122
4541	125
4542	140
4543	136
4544	120
4545	146
4546	120
4547	145
4548	132
4549	148
4550	129
4551	121
4552	138
4553	131
4554	97
4555	126
4556	124
4557	141
4558	135
4559	129
4560	133
4561	131
4562	100
4563	133
4564	137
4565	104
4566	136
4567	123
4568	120
4569	116
4570	114
4571	129
4572	130
4573	112
4574	130
4575	97
4576	126
4577	114
4578	123
4579	121
4580	105
4581	113
4582	104
4583	107
4584	110
4585	121
4586	103
4587	104
4588	88
4589	97
4590	94
4591	128
4592	110
4593	110
4594	111
4595	108
4596	111
4597	110
4598	97
4599	84
4600	118
4601	98
4602	99
4603	97
4604	86
4605	107
4606	99
4607	88
4608	103
4609	78
4610	111
4611	84
4612	83
4613	109
4614	88
4615	98
4616	90
4617	92
4618	105
4619	106
4620	91
4621	95
4622	98
4623	88
4624	94
4625	84
4626	88
4627	104
4628	95
4629	95
4630	96
4631	88
4632	89
4633	86
4634	95
4635	84
4636	72
4637	98
4638	87
4639	89
4640	83
4641	80
4642	72
4643	92
4644	96
4645	82
4646	93
4647	79
4648	98
4649	67
4650	98
4651	78
4652	67
4653	74
4654	83
4655	93
4656	93
4657	85
4658	79
4659	82
4660	81
4661	85
4662	78
4663	82
4664	74
4665	75
4666	82
4667	80
4668	81
4669	77
4670	78
4671	80
4672	93
4673	80
4674	64
4675	78
4676	72
4677	69
4678	69
4679	89
4680	84
4681	78
4682	79
4683	64
4684	74
4685	80
4686	62
4687	83
4688	93
4689	71
4690	83
4691	74
4692	70
4693	71
4694	78
4695	71
4696	61
4697	71
4698	72
4699	78
4700	72
4701	71
4702	63
4703	82
4704	70
4705	63
4706	70
4707	69
4708	78
4709	70
4710	74
4711	90
4712	69
4713	70
4714	86
4715	73
4716	64
4717	76
4718	60
4719	76
4720	61
4721	88
4722	67
4723	76
4724	79
4725	69
4726	59
4727	61
4728	63
4729	73
4730	63
4731	72
4732	79
4733	58
4734	70
4735	65
4736	55
4737	71
4738	64
4739	74
4740	67
4741	63
4742	54
4743	66
4744	69
4745	49
4746	57
4747	64
4748	65
4749	51
4750	63
4751	62
4752	63
4753	65
4754	79
4755	81
4756	63
4757	80
4758	67
4759	64
4760	61
4761	57
4762	64
4763	74
4764	60
4765	55
4766	71
4767	73
4768	68
4769	57
4770	62
4771	59
4772	59
4773	61
4774	58
4775	53
4776	50
4777	53
4778	55
4779	53
4780	57
4781	55
4782	81
4783	71
4784	55
4785	69
4786	68
4787	68
4788	58
4789	74
4790	71
4791	51
4792	52
4793	64
4794	63
4795	52
4796	77
4797	62
4798	69
4799	60
4800	58
4801	64
4802	55
4803	55
4804	57
4805	60
4806	61
4807	45
4808	63
4809	60
4810	67
4811	70
4812	53
4813	47
4814	75
4815	67
4816	60
4817	64
4818	58
4819	50
4820	55
4821	76
4822	54
4823	55
4824	53
4825	43
4826	59
4827	69
4828	65
4829	55
4830	48
4831	66
4832	85
4833	46
4834	62
4835	60
4836	58
4837	54
4838	47
4839	59
4840	63
4841	60
4842	68
4843	63
4844	48
4845	49
4846	54
4847	57
4848	69
4849	65
4850	73
4851	50
4852	52
4853	52
4854	57
4855	53
4856	53
4857	64
4858	45
4859	58
4860	66
4861	56
4862	52
4863	60
4864	59
4865	59
4866	51
4867	42
4868	58
4869	49
4870	58
4871	52
4872	49
4873	60
4874	41
4875	52
4876	54
4877	52
4878	52
4879	40
4880	54
4881	46
4882	51
4883	56
4884	61
4885	45
4886	56
4887	60
4888	43
4889	39
4890	59
4891	57
4892	53
4893	42
4894	51
4895	39
4896	49
4897	37
4898	44
4899	54
4900	49
4901	49
4902	47
4903	44
4904	48
4905	54
4906	42
4907	49
4908	60
4909	37
4910	47
4911	38
4912	55
4913	53
4914	50
4915	47
4916	46
4917	45
4918	55
4919	40
4920	42
4921	41
4922	56
4923	39
4924	39
4925	46
4926	31
4927	42
4928	46
4929	41
4930	45
4931	34
4932	41
4933	43
4934	47
4935	46
4936	27
4937	29
4938	45
4939	35
4940	46
4941	28
4942	50
4943	43
4944	39
4945	42
4946	38
4947	43
4948	30
4949	39
4950	32
4951	50
4952	37
4953	46
4954	32
4955	48
4956	37
4957	46
4958	50
4959	39
4960	38
4961	37
4962	29
4963	27
4964	33
4965	46
4966	36
4967	41
4968	45
4969	30
4970	36
4971	28
4972	41
4973	36
4974	29
4975	38
4976	43
4977	32
4978	40
4979	36
4980	37
4981	28
4982	49
4983	28
4984	35
4985	24
4986	26
4987	27
4988	34
4989	36
4990	30
4991	25
4992	28
4993	24
4994	36
4995	22
4996	30
4997	24
4998	34
4999	35
5000	25
5001	37
5002	32
5003	31
5004	22
5005	31
5006	23
5007	24
5008	31
5009	24
5010	30
5011	35
5012	33
5013	28
5014	25
5015	19
5016	21
5017	33
5018	28
5019	20
5020	30
5021	19
5022	27
5023	26
5024	28
5025	24
5026	26
5027	31
5028	25
5029	20
5030	29
5031	30
5032	31
5033	33
5034	19
5035	33
5036	28
5037	26
5038	17
5039	29
5040	24
5041	21
5042	30
5043	21
5044	27
5045	22
5046	33
5047	22
5048	23
5049	20
5050	25
5051	22
5052	22
5053	17
5054	26
5055	22
5056	17
5057	25
5058	28
5059	20
5060	17
5061	24
5062	21
5063	15
5064	23
5065	18
5066	13
5067	22
5068	14
5069	16
5070	15
5071	25
5072	24
5073	19
5074	25
5075	17
5076	26
5077	18
5078	16
5079	27
5080	21
5081	22
5082	18
5083	20
5084	13
5085	23
5086	23
5087	14
5088	21
5089	20
5090	20
5091	19
5092	15
5093	20
5094	16
5095	23
5096	13
5097	26
5098	14
5099	29
5100	15
5101	16
5102	14
5103	19
5104	21
5105	13
5106	28
5107	16
5108	13
5109	16
5110	23
5111	20
5112	20
5113	13
5114	22
5115	18
5116	16
5117	21
5118	18
5119	24
5120	22
5121	22
5122	15
5123	20
5124	19
5125	16
5126	21
5127	19
5128	14
5129	15
5130	20
5131	23
5132	19
5133	13
5134	17
5135	17
5136	21
5137	21
5138	18
5139	19
5140	22
5141	21
5142	20
5143	23
5144	15
5145	20
5146	12
5147	18
5148	20
5149	18
5150	18
5151	9
5152	7
5153	9
5154	27
5155	14
5156	17
5157	16
5158	14
5159	15
5160	14
5161	21
5162	16
5163	10
5164	11
5165	18
5166	11
5167	13
5168	12
5169	16
5170	10
5171	11
5172	20
5173	7
5174	22
5175	16
5176	22
5177	10
5178	25
5179	19
5180	10
5181	23
5182	16
5183	18
5184	27
5185	21
5186	17
5187	27
5188	14
5189	14
5190	17
5191	12
5192	16
5193	15
5194	14
5195	17
5196	15
5197	17
5198	15
5199	15
5200	19
5201	23
5202	19
5203	14
5204	19
5205	23
5206	13
5207	17
5208	22
5209	12
5210	19
5211	14
5212	15
5213	17
5214	20
5215	21
5216	20
5217	14
5218	18
5219	19
5220	16
5221	18
5222	12
5223	11
5224	12
5225	12
5226	18
5227	24
5228	26
5229	21
5230	19
5231	7
5232	13
5233	20
5234	26
5235	20
5236	18
5237	18
5238	19
5239	18
5240	17
5241	13
5242	12
5243	11
5244	21
5245	20
5246	18
5247	29
5248	16
5249	19
5250	19
5251	16
5252	23
5253	24
5254	30
5255	16
5256	21
5257	21
5258	10
5259	20
5260	20
5261	21
5262	26
5263	28
5264	21
5265	16
5266	17
5267	25
5268	13
5269	17
5270	16
5271	16
5272	27
5273	11
5274	20
5275	18
5276	28
5277	18
5278	28
5279	14
5280	9
5281	19
5282	14
5283	22
5284	21
5285	17
5286	19
5287	20
5288	19
5289	26
5290	17
5291	23
5292	25
5293	23
5294	17
5295	24
5296	27
5297	8
5298	18
5299	26
5300	21
5301	18
5302	27
5303	23
5304	21
5305	19
5306	14
5307	21
5308	19
5309	16
5310	22
5311	25
5312	14
5313	26
5314	25
5315	26
5316	14
5317	22
5318	23
5319	24
5320	28
5321	25
5322	25
5323	15
5324	14
5325	12
5326	18
5327	21
5328	20
5329	20
5330	18
5331	26
5332	21
5333	21
5334	19
5335	19
5336	21
5337	21
5338	17
5339	31
5340	24
5341	29
5342	24
5343	19
5344	23
5345	32
5346	17
5347	38
5348	15
5349	18
5350	18
5351	21
5352	16
5353	27
5354	24
5355	23
5356	23
5357	29
5358	17
5359	22
5360	21
5361	30
5362	22
5363	26
5364	23
5365	24
5366	37
5367	25
5368	28
5369	22
5370	27
5371	21
5372	27
5373	30
5374	28
5375	27
5376	25
5377	22
5378	28
5379	24
5380	22
5381	29
5382	25
5383	21
5384	21
5385	26
5386	19
5387	30
5388	23
5389	29
5390	32
5391	21
5392	32
5393	26
5394	26
5395	39
5396	24
5397	25
5398	27
5399	27
5400	34
5401	23
5402	26
5403	22
5404	19
5405	28
5406	16
5407	34
5408	31
5409	27
5410	19
5411	33
5412	27
5413	24
5414	28
5415	34
5416	22
5417	24
5418	28
5419	29
5420	25
5421	16
5422	27
5423	25
5424	38
5425	21
5426	28
5427	24
5428	31
5429	24
5430	29
5431	35
5432	21
5433	29
5434	22
5435	26
5436	24
5437	24
5438	35
5439	27
5440	26
5441	30
5442	22
5443	23
5444	23
5445	28
5446	30
5447	35
5448	28
5449	19
5450	29
5451	34
5452	22
5453	23
5454	17
5455	22
5456	23
5457	21
5458	26
5459	21
5460	24
5461	23
5462	34
5463	29
5464	38
5465	20
5466	25
5467	27
5468	29
5469	28
5470	29
5471	25
5472	29
5473	24
5474	32
5475	23
5476	28
5477	24
5478	30
5479	28
5480	27
5481	26
5482	27
5483	25
5484	25
5485	19
5486	25
5487	36
5488	30
5489	20
5490	22
5491	28
5492	26
5493	29
5494	24
5495	19
5496	22
5497	19
5498	19
5499	22
5500	24
5501	30
5502	21
5503	31
5504	34
5505	23
5506	15
5507	28
5508	33
5509	28
5510	20
5511	18
5512	25
5513	20
5514	30
5515	12
5516	22
5517	28
5518	20
5519	22
5520	28
5521	15
5522	15
5523	34
5524	29
5525	20
5526	28
5527	24
5528	29
5529	29
5530	28
5531	27
5532	22
5533	32
5534	27
5535	23
5536	22
5537	24
5538	26
5539	18
5540	24
5541	30
5542	15
5543	28
5544	23
5545	28
5546	25
5547	29
5548	23
5549	19
5550	27
5551	22
5552	29
5553	19
5554	38
5555	28
5556	21
5557	20
5558	25
5559	24
5560	19
5561	19
5562	30
5563	21
5564	11
5565	21
5566	28
5567	22
5568	26
5569	15
5570	21
5571	21
5572	22
5573	18
5574	25
5575	18
5576	23
5577	23
5578	19
5579	14
5580	19
5581	25
5582	23
5583	33
5584	18
5585	18
5586	23
5587	22
5588	22
5589	21
5590	26
5591	25
5592	24
5593	20
5594	21
5595	22
5596	25
5597	20
5598	20
5599	18
5600	10
5601	22
5602	19
5603	19
5604	18
5605	25
5606	23
5607	24
5608	13
5609	17
5610	16
5611	17
5612	17
5613	21
5614	19
5615	22
5616	17
5617	20
5618	31
5619	14
5620	15
5621	18
5622	14
5623	14
5624	12
5625	20
5626	29
5627	21
5628	19
5629	23
5630	16
5631	16
5632	11
5633	17
5634	22
5635	15
5636	16
5637	18
5638	15
5639	25
5640	17
5641	16
5642	19
5643	18
5644	16
5645	15
5646	12
5647	12
5648	11
5649	20
5650	10
5651	19
5652	14
5653	13
5654	11
5655	16
5656	17
5657	13
5658	15
5659	11
5660	13
5661	14
5662	14
5663	14
5664	10
5665	20
5666	12
5667	9
5668	15
5669	14
5670	11
5671	11
5672	25
5673	18
5674	13
5675	14
5676	15
5677	17
5678	10
5679	25
5680	7
5681	18
5682	11
5683	11
5684	6
5685	13
5686	5
5687	12
5688	12
5689	9
5690	10
5691	19
5692	15
5693	7
5694	10
5695	9
5696	16
5697	12
5698	16
5699	16
5700	15
5701	13
5702	13
5703	11
5704	12
5705	10
5706	14
5707	13
5708	19
5709	12
5710	11
5711	9
5712	8
5713	13
5714	11
5715	7
5716	9
5717	15
5718	8
5719	8
5720	12
5721	4
5722	7
5723	12
5724	7
5725	7
5726	9
5727	10
5728	6
5729	13
5730	9
5731	4
5732	7
5733	6
5734	10
5735	6
5736	5
5737	11
5738	4
5739	14
5740	11
5741	7
5742	7
5743	4
5744	6
5745	8
5746	14
5747	7
5748	6
5749	8
5750	11
5751	9
5752	10
5753	8
5754	6
5755	6
5756	5
5757	11
5758	10
5759	7
5760	10
5761	9
5762	11
5763	3
5764	3
5765	6
5766	7
5767	4
5768	9
5769	8
5770	7
5771	6
5772	10
5773	10
5774	5
5775	10
5776	5
5777	10
5778	3
5779	3
5780	9
5781	3
5782	7
5783	6
5784	2
5785	8
5786	5
5787	6
5788	6
5789	5
5790	6
5791	3
5792	9
5793	5
5794	3
5795	4
5796	6
5797	15
5798	7
5799	8
5800	2
5801	4
5802	6
5803	10
5804	9
5805	7
5806	2
5807	5
5808	1
5809	6
5810	7
5811	3
5812	7
5813	6
5814	6
5815	4
5816	3
5817	7
5818	3
5819	4
5820	6
5821	2
5822	2
5823	5
5824	5
5825	5
5826	1
5827	4
5828	0
5829	3
5830	9
5831	6
5832	9
5833	3
5834	5
5835	1
5836	3
5837	11
5838	2
5839	4
5840	5
5841	4
5842	5
5843	5
5844	3
5845	4
5846	3
5847	5
5848	5
5849	3
5850	3
5851	7
5852	5
5853	2
5854	4
5855	1
5856	6
5857	3
5858	4
5859	3
5860	7
5861	6
5862	7
5863	2
5864	1
5865	3
5866	6
5867	3
5868	2
5869	4
5870	3
5871	3
5872	1
5873	3
5874	3
5875	2
5876	2
5877	2
5878	1
5879	1
5880	4
5881	4
5882	2
5883	3
5884	1
5885	5
5886	6
5887	4
5888	3
5889	6
5890	3
5891	2
5892	4
5893	3
5894	2
5895	2
5896	3
5897	3
5898	4
5899	7
5900	3
5901	1
5902	4
5903	5
5904	4
5905	7
5906	2
5907	6
5908	0
5909	4
5910	3
5911	1
5912	1
5913	4
5914	4
5915	7
5916	3
5917	0
5918	1
5919	3
5920	5
5921	2
5922	3
5923	4
5924	4
5925	2
5926	1
5927	2
5928	3
5929	4
5930	7
5931	1
5932	5
5933	2
5934	2
5935	3
5936	1
5937	1
5938	6
5939	2
5940	4
5941	3
5942	6
5943	5
5944	1
5945	5
5946	5
5947	1
5948	7
5949	3
5950	2
5951	1
5952	6
5953	3
5954	1
5955	3
5956	7
5957	2
5958	1
5959	1
5960	5
5961	6
5962	2
5963	1
5964	2
5965	3
5966	1
5967	3
5968	3
5969	1
5970	6
5971	2
5972	5
5973	0
5974	3
5975	2
5976	1
5977	2
5978	2
5979	4
5980	0
5981	2
5982	5
5983	2
5984	4
5985	3
5986	3
5987	4
5988	2
5989	4
5990	2
5991	3
5992	1
5993	1
5994	1
5995	4
5996	2
5997	2
5998	3
5999	4
6000	3
6001	5
6002	5
6003	1
6004	1
6005	0
6006	4
6007	1
6008	0
6009	4
6010	1
6011	3
6012	3
6013	4
6014	1
6015	2
6016	0
6017	3
6018	0
6019	3
6020	3
6021	3
6022	0
6023	4
6024	3
6025	4
6026	0
6027	3
6028	0
6029	3
6030	3
6031	1
6032	0
6033	0
6034	1
6035	1
6036	0
6037	4
6038	1
6039	0
6040	2
6041	3
6042	1
6043	1
6044	3
6045	1
6046	2
6047	1
6048	3
6049	0
6050	1
6051	1
6052	4
6053	1
6054	0
6055	1
6056	3
6057	1
6058	2
6059	1
6060	3
6061	1
6062	1
6063	1
6064	2
6065	0
6066	1
6067	3
6068	4
6069	0
6070	0
6071	0
6072	4
6073	0
6074	0
6075	3
6076	1
6077	2
6078	1
6079	4
6080	1
6081	1
6082	3
6083	1
6084	2
6085	1
6086	1
6087	1
6088	1
6089	0
6090	3
6091	1
6092	1
6093	3
6094	2
6095	2
6096	3
6097	1
6098	2
6099	0
6100	1
6101	1
6102	1
6103	0
6104	0
6105	1
6106	2
6107	1
6108	3
6109	2
6110	0
6111	4
6112	0
6113	4
6114	2
6115	3
6116	0
6117	1
6118	0
6119	1
6120	2
6121	1
6122	1
6123	3
6124	1
6125	2
6126	2
6127	2
6128	3
6129	1
6130	0
6131	1
6132	0
6133	5
6134	0
6135	1
6136	1
6137	4
6138	1
6139	3
6140	2
6141	3
6142	1
6143	1
6144	2
6145	2
6146	0
6147	4
6148	2
6149	1
6150	2
6151	0
6152	0
6153	1
6154	1
6155	0
6156	0
6157	2
6158	1
6159	2
6160	2
6161	2
6162	1
6163	1
6164	3
6165	1
6166	2
6167	1
6168	2
6169	1
6170	1
6171	1
6172	4
6173	2
6174	0
6175	2
6176	0
6177	2
6178	0
6179	0
6180	1
6181	1
6182	1
6183	1
6184	1
6185	0
6186	1
6187	0
6188	1
6189	1
6190	1
6191	0
6192	1
6193	0
6194	1
6195	1
6196	0
6197	0
6198	0
6199	0
6200	0
6201	2
6202	1
6203	0
6204	2
6205	3
6206	1
6207	2
6208	2
6209	0
6210	4
6211	1
6212	2
6213	1
6214	2
6215	2
6216	1
6217	0
6218	1
6219	0
6220	1
6221	2
6222	1
6223	4
6224	1
6225	0
6226	1
6227	2
6228	2
6229	1
6230	0
6231	0
6232	0
6233	2
6234	0
6235	0
6236	1
6237	0
6238	3
6239	2
6240	2
6241	1
6242	1
6243	1
6244	0
6245	0
6246	0
6247	0
6248	2
6249	2
6250	1
6251	2
6252	2
6253	0
6254	0
6255	1
6256	3
6257	2
6258	1
6259	0
6260	0
6261	0
6262	2
6263	0
6264	0
6265	2
6266	2
6267	0
6268	0
6269	1
6270	0
6271	0
6272	0
6273	2
6274	1
6275	1
6276	3
6277	1
6278	1
6279	1
6280	2
6281	0
6282	0
6283	1
6284	0
6285	1
6286	1
6287	2
6288	1
6289	0
6290	0
6291	1
6292	0
6293	0
6294	3
6295	2
6296	0
6297	0
6298	0
6299	1
6300	1
6301	3
6302	2
6303	1
6304	0
6305	3
6306	4
6307	0
6308	0
6309	0
6310	0
6311	0
6312	0
6313	0
6314	2
6315	0
6316	0
6317	0
6318	0
6319	0
6320	1
6321	0
6322	1
6323	0
6324	0
6325	0
6326	0
6327	1
6328	1
6329	1
6330	2
6331	2
6332	2
6333	2
6334	2
6335	1
6336	1
6337	0
6338	0
6339	0
6340	2
6341	0
6342	2
6343	1
6344	1
6345	1
6346	0
6347	1
6348	0
6349	0
6350	2
6351	0
6352	2
6353	1
6354	0
6355	1
6356	0
6357	0
6358	1
6359	2
6360	0
6361	1
6362	1
6363	3
6364	0
6365	1
6366	0
6367	0
6368	0
6369	0
6370	0
6371	0
6372	0
6373	0
6374	1
6375	0
6376	1
6377	1
6378	0
6379	0
6380	1
6381	1
6382	1
6383	0
6384	1
6385	1
6386	1
6387	0
6388	0
6389	0
6390	1
6391	1
6392	1
6393	0
6394	0
6395	0
6396	0
6397	0
6398	1
6399	2
6400	0
6401	0
6402	1
6403	0
6404	1
6405	1
6406	1
6407	1
6408	0
6409	2
6410	1
6411	0
6412	1
6413	1
6414	1
6415	0
6416	1
6417	1
6418	1
6419	0
6420	0
6421	2
6422	1
6423	1
6424	1
6425	0
6426	2
6427	0
6428	0
6429	1
6430	0
6431	0
6432	0
6433	0
6434	0
6435	0
6436	0
6437	1
6438	1
6439	0
6440	0
6441	0
6442	0
6443	0
6444	1
6445	0
6446	1
6447	1
6448	0
6449	0
6450	1
6451	0
6452	0
6453	0
6454	0
6455	1
6456	0
6457	1
6458	0
6459	1
6460	0
6461	1
6462	0
6463	2
6464	1
6465	0
6466	2
6467	0
6468	0
6469	1
6470	0
6471	1
6472	0
6473	1
6474	1
6475	0
6476	1
6477	1
6478	0
6479	0
6480	0
6481	2
6482	1
6483	0
6484	2
6485	1
6486	0
6487	1
6488	1
6489	1
6490	1
6491	2
6492	0
6493	1
6494	0
6495	0
6496	0
6497	0
6498	0
6499	1
6500	1
6501	0
6502	1
6503	1
6504	1
6505	0
6506	0
6507	2
6508	2
6509	2
6510	2
6511	0
6512	0
6513	0
6514	0
6515	3
6516	1
6517	1
6518	0
6519	2
6520	1
6521	0
6522	0
6523	0
6524	1
6525	0
6526	0
6527	0
6528	0
6529	0
6530	0
6531	1
6532	1
6533	0
6534	1
6535	0
6536	1
6537	0
6538	0
6539	0
6540	0
6541	0
6542	0
6543	0
6544	1
6545	0
6546	0
6547	1
6548	0
6549	1
6550	0
6551	0
6552	0
6553	0
6554	0
6555	1
6556	2
6557	3
6558	1
6559	1
6560	0
6561	1
6562	1
6563	0
6564	0
6565	1
6566	0
6567	0
6568	1
6569	0
6570	2
6571	0
6572	0
6573	0
6574	0
6575	0
6576	0
6577	0
6578	0
6579	0
6580	0
6581	1
6582	1
6583	1
6584	3
6585	0
6586	0
6587	3
6588	2
6589	0
6590	2
6591	0
6592	2
6593	1
6594	0
6595	0
6596	2
6597	0
6598	1
6599	0
6600	0
6601	0
6602	0
6603	2
6604	0
6605	1
6606	0
6607	0
6608	0
6609	0
6610	0
6611	0
6612	0
6613	1
6614	1
6615	1
6616	0
6617	1
6618	1
6619	0
6620	0
6621	1
6622	0
6623	0
6624	0
6625	2
6626	1
6627	0
6628	0
6629	0
6630	3
6631	0
6632	0
6633	1
6634	2
6635	1
6636	1
6637	0
6638	0
6639	0
6640	0
6641	0
6642	0
6643	0
6644	0
6645	1
6646	0
6647	2
6648	0
6649	1
6650	0
6651	1
6652	0
6653	0
6654	1
6655	1
6656	1
6657	2
6658	0
6659	0
6660	1
6661	0
6662	1
6663	0
6664	2
6665	1
6666	1
6667	0
6668	0
6669	0
6670	0
6671	1
6672	0
6673	1
6674	1
6675	0
6676	2
6677	0
6678	0
6679	0
6680	1
6681	0
6682	1
6683	2
6684	0
6685	0
6686	0
6687	0
6688	0
6689	1
6690	0
6691	0
6692	3
6693	0
6694	0
6695	0
6696	1
6697	0
6698	0
6699	0
6700	0
6701	0
6702	0
6703	1
6704	0
6705	1
6706	0
6707	0
6708	1
6709	0
6710	0
6711	0
6712	1
6713	0
6714	1
6715	0
6716	0
6717	1
6718	1
6719	0
6720	0
6721	1
6722	0
6723	0
6724	0
6725	1
6726	0
6727	0
6728	0
6729	1
6730	0
6731	0
6732	0
6733	0
6734	1
6735	1
6736	0
6737	0
6738	1
6739	0
6740	0
6741	0
6742	2
6743	3
6744	0
6745	1
6746	1
6747	1
6748	0
6749	0
6750	2
6751	1
6752	0
6753	0
6754	1
6755	1
6756	2
6757	1
6758	0
6759	0
6760	0
6761	0
6762	1
6763	1
6764	0
6765	0
6766	1
6767	0
6768	0
6769	0
6770	0
6771	2
6772	0
6773	0
6774	1
6775	1
6776	1
6777	0
6778	0
6779	0
6780	1
6781	1
6782	0
6783	0
6784	0
6785	0
6786	2
6787	1
6788	0
6789	0
6790	1
6791	0
6792	1
6793	0
6794	1
6795	3
6796	0
6797	0
6798	0
6799	0
6800	1
6801	2
6802	0
6803	0
6804	1
6805	0
6806	1
6807	0
6808	0
6809	0
6810	0
6811	1
6812	0
6813	0
6814	0
6815	0
6816	0
6817	0
6818	1
6819	0
6820	1
6821	0
6822	1
6823	0
6824	1
6825	0
6826	0
6827	0
6828	0
6829	1
6830	0
6831	0
6832	1
6833	2
6834	2
6835	0
6836	0
6837	0
6838	0
6839	0
6840	0
6841	0
6842	0
6843	0
6844	2
6845	0
6846	1
6847	0
6848	0
6849	0
6850	2
6851	1
6852	0
6853	0
6854	2
6855	0
6856	0
6857	0
6858	1
6859	0
6860	0
6861	1
6862	0
6863	1
6864	0
6865	1
6866	0
6867	1
6868	0
6869	2
6870	0
6871	1
6872	1
6873	1
6874	1
6875	0
6876	1
6877	0
6878	2
6879	2
6880	0
6881	2
6882	1
6883	5
6884	0
6885	1
6886	2
6887	2
6888	0
6889	0
6890	1
6891	1
6892	2
6893	0
6894	0
6895	0
6896	2
6897	1
6898	0
6899	0
6900	0
6901	1
6902	1
6903	0
6904	1
6905	0
6906	0
6907	0
6908	0
6909	0
6910	0
6911	0
6912	0
6913	0
6914	0
6915	0
6916	1
6917	0
6918	0
6919	1
6920	0
6921	0
6922	0
6923	0
6924	0
6925	0
6926	0
6927	0
6928	0
6929	2
6930	1
6931	2
6932	0
6933	1
6934	1
6935	1
6936	1
6937	0
6938	0
6939	1
6940	1
6941	1
6942	0
6943	0
6944	0
6945	2
6946	0
6947	0
6948	0
6949	1
6950	0
6951	0
6952	0
6953	0
6954	1
6955	2
6956	0
6957	1
6958	0
6959	0
6960	2
6961	0
6962	2
6963	0
6964	2
6965	0
6966	3
6967	0
6968	1
6969	1
6970	0
6971	0
6972	0
6973	1
6974	0
6975	0
6976	1
6977	0
6978	1
6979	1
6980	0
6981	1
6982	1
6983	0
6984	0
6985	0
6986	0
6987	2
6988	0
6989	0
6990	0
6991	0
6992	1
6993	0
6994	1
6995	0
6996	0
6997	1
6998	0
6999	1
7000	1
7001	1
7002	0
7003	0
7004	0
7005	0
7006	0
7007	0
7008	0
7009	0
7010	0
7011	0
7012	0
7013	0
7014	0
7015	0
7016	0
7017	2
7018	0
7019	0
7020	0
7021	0
7022	0
7023	1
7024	3
7025	1
7026	0
7027	1
7028	1
7029	0
7030	0
7031	1
7032	0
7033	0
7034	0
7035	0
7036	1
7037	0
7038	0
7039	1
7040	0
7041	0
7042	0
7043	0
7044	1
7045	3
7046	0
7047	0
7048	1
7049	0
7050	0
7051	0
7052	0
7053	1
7054	0
7055	0
7056	0
7057	0
7058	1
7059	0
7060	0
7061	0
7062	2
7063	0
7064	0
7065	0
7066	0
7067	1
7068	0
7069	0
7070	0
7071	2
7072	0
7073	0
7074	0
7075	0
7076	1
7077	0
7078	1
7079	1
7080	2
7081	2
7082	0
7083	2
7084	0
7085	0
7086	0
7087	1
7088	0
7089	0
7090	0
7091	0
7092	1
7093	0
7094	0
7095	0
7096	0
7097	1
7098	1
7099	1
7100	0
7101	0
7102	1
7103	1
7104	0
7105	0
7106	2
7107	0
7108	0
7109	0
7110	1
7111	1
7112	1
7113	0
7114	0
7115	1
7116	2
7117	1
7118	1
7119	0
7120	2
7121	0
7122	0
7123	0
7124	2
7125	0
7126	0
7127	0
7128	1
7129	0
7130	0
7131	0
7132	0
7133	0
7134	0
7135	0
7136	2
7137	0
7138	1
7139	0
7140	0
7141	0
7142	0
7143	0
7144	2
7145	1
7146	1
7147	0
7148	0
7149	0
7150	0
7151	0
7152	0
7153	0
7154	0
7155	0
7156	0
7157	0
7158	0
7159	0
7160	1
7161	1
7162	1
7163	0
7164	0
7165	2
7166	2
7167	0
7168	0
7169	0
7170	1
7171	0
7172	2
7173	1
7174	0
7175	0
7176	1
7177	0
7178	1
7179	1
7180	0
7181	0
7182	0
7183	1
7184	0
7185	0
7186	0
7187	0
7188	1
7189	0
7190	0
7191	0
7192	0
7193	1
7194	0
7195	1
7196	0
7197	2
7198	0
7199	0
7200	0
7201	0
7202	2
7203	1
7204	1
7205	1
7206	2
7207	2
7208	0
7209	0
7210	1
7211	0
7212	2
7213	1
7214	1
7215	0
7216	1
7217	1
7218	0
7219	0
7220	0
7221	1
7222	0
7223	0
7224	0
7225	1
7226	0
7227	0
7228	0
7229	1
7230	0
7231	1
7232	0
7233	0
7234	1
7235	1
7236	0
7237	0
7238	0
7239	0
7240	0
7241	0
7242	2
7243	2
7244	1
7245	0
7246	0
7247	0
7248	2
7249	0
7250	1
7251	2
7252	0
7253	0
7254	1
7255	0
7256	0
7257	1
7258	0
7259	0
7260	0
7261	0
7262	1
7263	0
7264	0
7265	0
7266	2
7267	0
7268	0
7269	0
7270	0
7271	0
7272	1
7273	2
7274	1
7275	1
7276	1
7277	0
7278	1
7279	1
7280	0
7281	1
7282	0
7283	2
7284	0
7285	0
7286	0
7287	0
7288	0
7289	0
7290	2
7291	0
7292	2
7293	1
7294	0
7295	0
7296	1
7297	0
7298	1
7299	1
7300	0
7301	0
7302	2
7303	1
7304	1
7305	0
7306	0
7307	0
7308	2
7309	0
7310	0
7311	1
7312	0
7313	1
7314	0
7315	0
7316	0
7317	0
7318	0
7319	0
7320	0
7321	1
7322	1
7323	1
7324	0
7325	1
7326	1
7327	0
7328	1
7329	0
7330	0
7331	0
7332	1
7333	0
7334	0
7335	1
7336	0
7337	0
7338	0
7339	0
7340	1
7341	0
7342	0
7343	0
7344	0
7345	0
7346	1
7347	1
7348	1
7349	0
7350	1
7351	0
7352	0
7353	0
7354	1
7355	0
7356	0
7357	0
7358	2
7359	0
7360	0
7361	0
7362	0
7363	0
7364	0
7365	0
7366	0
7367	1
7368	0
7369	1
7370	0
7371	0
7372	0
7373	2
7374	0
7375	0
7376	0
7377	1
7378	1
7379	0
7380	0
7381	0
7382	0
7383	0
7384	1
7385	1
7386	0
7387	0
7388	1
7389	1
7390	1
7391	0
7392	0
7393	0
7394	2
7395	0
7396	2
7397	2
7398	0
7399	0
7400	0
7401	0
7402	0
7403	1
7404	0
7405	0
7406	0
7407	0
7408	1
7409	0
7410	1
7411	0
7412	1
7413	1
7414	0
7415	1
7416	1
7417	0
7418	0
7419	0
7420	0
7421	0
7422	0
7423	0
7424	1
7425	1
7426	0
7427	0
7428	1
7429	0
7430	0
7431	0
7432	0
7433	0
7434	0
7435	0
7436	3
7437	0
7438	0
7439	0
7440	0
7441	1
7442	0
7443	0
7444	1
7445	3
7446	0
7447	0
7448	0
7449	0
7450	0
7451	1
7452	1
7453	1
7454	1
7455	0
7456	0
7457	1
7458	0
7459	0
7460	0
7461	2
7462	0
7463	0
7464	0
7465	0
7466	0
7467	0
7468	0
7469	0
7470	0
7471	0
7472	0
7473	0
7474	0
7475	2
7476	0
7477	0
7478	0
7479	0
7480	1
7481	0
7482	0
7483	0
7484	0
7485	1
7486	1
7487	1
7488	0
7489	0
7490	1
7491	0
7492	0
7493	0
7494	0
7495	0
7496	0
7497	0
7498	0
7499	0
7500	1
7501	0
7502	0
7503	1
7504	0
7505	0
7506	0
7507	0
7508	0
7509	0
7510	1
7511	0
7512	0
7513	1
7514	0
7515	0
7516	0
7517	1
7518	0
7519	1
7520	1
7521	0
7522	0
7523	1
7524	1
7525	0
7526	0
7527	1
7528	0
7529	0
7530	0
7531	0
7532	0
7533	1
7534	0
7535	0
7536	1
7537	0
7538	1
7539	0
7540	1
7541	0
7542	0
7543	0
7544	0
7545	1
7546	2
7547	1
7548	1
7549	0
7550	0
7551	0
7552	0
7553	0
7554	2
7555	0
7556	0
7557	0
7558	2
7559	0
7560	0
7561	1
7562	1
7563	0
7564	0
7565	0
7566	2
7567	0
7568	1
7569	0
7570	0
7571	0
7572	0
7573	0
7574	1
7575	0
7576	1
7577	0
7578	0
7579	0
7580	0
7581	0
7582	0
7583	0
7584	0
7585	0
7586	0
7587	0
7588	2
7589	1
7590	1
7591	0
7592	1
7593	0
7594	1
7595	0
7596	0
7597	1
7598	0
7599	0
7600	0
7601	1
7602	1
7603	3
7604	0
7605	0
7606	1
7607	1
7608	0
7609	1
7610	1
7611	0
7612	0
7613	0
7614	1
7615	0
7616	0
7617	0
7618	0
7619	1
7620	2
7621	0
7622	0
7623	1
7624	1
7625	0
7626	0
7627	0
7628	0
7629	1
7630	0
7631	0
7632	0
7633	0
7634	1
7635	0
7636	0
7637	0
7638	1
7639	0
7640	0
7641	1
7642	0
7643	1
7644	0
7645	0
7646	1
7647	0
7648	0
7649	1
7650	0
7651	0
7652	1
7653	0
7654	1
7655	1
7656	0
7657	0
7658	1
7659	1
7660	0
7661	0
7662	0
7663	0
7664	0
7665	0
7666	0
7667	0
7668	0
7669	3
7670	0
7671	0
7672	1
7673	0
7674	0
7675	0
7676	0
7677	0
7678	0
7679	0
7680	2
7681	0
7682	2
7683	3
7684	0
7685	2
7686	1
7687	0
7688	0
7689	0
7690	0
7691	0
7692	0
7693	2
7694	0
7695	0
7696	0
7697	0
7698	0
7699	0
7700	0
7701	0
7702	1
7703	0
7704	1
7705	0
7706	0
7707	0
7708	0
7709	0
7710	0
7711	0
7712	1
7713	1
7714	0
7715	0
7716	2
7717	0
7718	0
7719	0
7720	0
7721	0
7722	1
7723	0
7724	0
7725	1
7726	0
7727	1
7728	0
7729	0
7730	0
7731	2
7732	1
7733	0
7734	0
7735	0
7736	1
7737	0
7738	2
7739	2
7740	1
7741	0
7742	0
7743	2
7744	0
7745	0
7746	0
7747	1
7748	1
7749	0
7750	0
7751	0
7752	1
7753	0
7754	2
7755	2
7756	0
7757	0
7758	0
7759	0
7760	1
7761	0
7762	0
7763	0
7764	0
7765	1
7766	0
7767	1
7768	0
7769	0
7770	0
7771	0
7772	2
7773	3
7774	0
7775	2
7776	2
7777	0
7778	0
7779	0
7780	0
7781	1
7782	0
7783	1
7784	1
7785	0
7786	0
7787	0
7788	0
7789	0
7790	0
7791	0
7792	1
7793	1
7794	0
7795	2
7796	0
7797	0
7798	1
7799	1
7800	1
7801	0
7802	1
7803	0
7804	0
7805	2
7806	1
7807	1
7808	2
7809	1
7810	0
7811	0
7812	0
7813	0
7814	1
7815	0
7816	1
7817	0
7818	1
7819	1
7820	0
7821	0
7822	0
7823	0
7824	0
7825	0
7826	0
7827	0
7828	3
7829	1
7830	0
7831	0
7832	1
7833	0
7834	0
7835	1
7836	0
7837	1
7838	1
7839	1
7840	0
7841	1
7842	0
7843	1
7844	1
7845	0
7846	0
7847	0
7848	1
7849	0
7850	1
7851	0
7852	1
7853	2
7854	0
7855	1
7856	0
7857	0
7858	0
7859	1
7860	0
7861	0
7862	0
7863	1
7864	1
7865	1
7866	0
7867	0
7868	0
7869	1
7870	0
7871	0
7872	0
7873	1
7874	1
7875	0
7876	1
7877	0
7878	1
7879	2
7880	0
7881	0
7882	0
7883	1
7884	2
7885	0
7886	0
7887	1
7888	2
7889	0
7890	0
7891	0
7892	1
7893	0
7894	0
7895	0
7896	1
7897	1
7898	0
7899	0
7900	0
7901	0
7902	0
7903	0
7904	1
7905	1
7906	1
7907	1
7908	0
7909	1
7910	0
7911	0
7912	1
7913	0
7914	2
7915	0
7916	0
7917	1
7918	0
7919	0
7920	0
7921	1
7922	0
7923	3
7924	0
7925	0
7926	1
7927	0
7928	1
7929	0
7930	0
7931	0
7932	1
7933	1
7934	1
7935	0
7936	0
7937	0
7938	0
7939	1
7940	0
7941	0
7942	0
7943	2
7944	0
7945	0
7946	0
7947	1
7948	0
7949	0
7950	1
7951	0
7952	0
7953	0
7954	0
7955	1
7956	1
7957	0
7958	0
7959	0
7960	1
7961	0
7962	0
7963	0
7964	0
7965	1
7966	0
7967	0
7968	0
7969	0
7970	0
7971	2
7972	0
7973	1
7974	1
7975	1
7976	0
7977	0
7978	0
7979	0
7980	0
7981	0
7982	0
7983	0
7984	0
7985	0
7986	0
7987	0
7988	0
7989	1
7990	0
7991	0
7992	0
7993	0
7994	0
7995	0
7996	0
7997	1
7998	0
7999	0
8000	0
8001	0
8002	0
8003	0
8004	0
8005	1
8006	1
8007	0
8008	1
8009	1
8010	0
8011	1
8012	0
8013	2
8014	0
8015	1
8016	2
8017	1
8018	0
8019	0
8020	1
8021	0
8022	1
8023	0
8024	0
8025	2
8026	0
8027	1
8028	0
8029	1
8030	1
8031	0
8032	0
8033	0
8034	0
8035	1
8036	1
8037	0
8038	0
8039	1
8040	1
8041	0
8042	1
8043	0
8044	0
8045	1
8046	0
8047	1
8048	0
8049	0
8050	0
8051	0
8052	0
8053	0
8054	0
8055	0
8056	0
8057	0
8058	1
8059	0
8060	2
8061	0
8062	0
8063	0
8064	0
8065	0
8066	0
8067	1
8068	1
8069	0
8070	1
8071	1
8072	0
8073	0
8074	0
8075	1
8076	0
8077	1
8078	0
8079	2
8080	2
8081	0
8082	1
8083	0
8084	2
8085	0
8086	1
8087	0
8088	0
8089	0
8090	0
8091	0
8092	1
8093	1
8094	1
8095	0
8096	0
8097	0
8098	1
8099	1
8100	0
8101	1
8102	0
8103	1
8104	0
8105	0
8106	1
8107	1
8108	0
8109	0
8110	0
8111	0
8112	0
8113	0
8114	2
8115	0
8116	0
8117	1
8118	1
8119	0
8120	0
8121	0
8122	0
8123	0
8124	0
8125	0
8126	0
8127	0
8128	0
8129	0
8130	0
8131	0
8132	0
8133	0
8134	0
8135	0
8136	0
8137	0
8138	0
8139	0
8140	0
8141	0
8142	0
8143	0
8144	0
8145	0
8146	0
8147	0
8148	0
8149	0
8150	0
8151	0
8152	0
8153	0
8154	0
8155	0
8156	0
8157	0
8158	0
8159	0
8160	0
8161	0
8162	0
8163	0
8164	0
8165	0
8166	0
8167	0
8168	0
8169	0
8170	0
8171	0
8172	0
8173	0
8174	0
8175	0
8176	0
8177	0
8178	0
8179	0
8180	0
8181	0
8182	0
8183	0
8184	0
8185	0
8186	0
8187	0
8188	0
8189	0
8190	0
8191	0
