0	0
1	0
2	0
3	0
4	0
5	0
6	0
7	0
8	0
9	0
10	0
11	0
12	0
13	0
14	0
15	0
16	0
17	0
18	0
19	0
20	0
21	0
22	0
23	0
24	0
25	0
26	0
27	0
28	0
29	0
30	0
31	0
32	0
33	0
34	0
35	0
36	0
37	0
38	0
39	0
40	0
41	0
42	0
43	0
44	0
45	0
46	0
47	0
48	0
49	0
50	0
51	0
52	0
53	0
54	0
55	0
56	0
57	0
58	0
59	0
60	0
61	0
62	0
63	0
64	0
65	0
66	0
67	0
68	0
69	0
70	0
71	0
72	0
73	0
74	0
75	0
76	0
77	0
78	0
79	0
80	0
81	0
82	0
83	0
84	0
85	0
86	0
87	0
88	0
89	0
90	0
91	0
92	0
93	0
94	0
95	0
96	0
97	0
98	0
99	0
100	0
101	0
102	0
103	0
104	0
105	0
106	0
107	0
108	2
109	5
110	6
111	12
112	7
113	13
114	10
115	12
116	3
117	6
118	14
119	4
120	3
121	11
122	7
123	7
124	12
125	4
126	6
127	5
128	10
129	6
130	13
131	8
132	7
133	7
134	9
135	8
136	14
137	10
138	6
139	8
140	4
141	9
142	3
143	9
144	4
145	2
146	3
147	3
148	2
149	1
150	0
151	1
152	6
153	3
154	2
155	3
156	2
157	1
158	2
159	2
160	1
161	1
162	1
163	0
164	2
165	4
166	2
167	3
168	1
169	1
170	3
171	0
172	3
173	7
174	0
175	0
176	0
177	3
178	4
179	4
180	5
181	2
182	1
183	7
184	3
185	0
186	2
187	0
188	1
189	0
190	1
191	3
192	2
193	2
194	2
195	1
196	3
197	3
198	0
199	2
200	2
201	2
202	3
203	4
204	5
205	1
206	4
207	0
208	3
209	0
210	0
211	3
212	0
213	3
214	3
215	2
216	2
217	3
218	3
219	2
220	2
221	0
222	4
223	1
224	0
225	4
226	4
227	2
228	1
229	1
230	1
231	2
232	4
233	2
234	3
235	0
236	3
237	3
238	1
239	3
240	1
241	1
242	0
243	4
244	0
245	1
246	1
247	1
248	2
249	3
250	2
251	2
252	2
253	3
254	3
255	3
256	0
257	1
258	1
259	1
260	1
261	0
262	3
263	3
264	2
265	1
266	2
267	3
268	5
269	3
270	0
271	0
272	0
273	4
274	1
275	0
276	2
277	2
278	2
279	3
280	3
281	2
282	0
283	3
284	1
285	0
286	1
287	5
288	4
289	3
290	4
291	2
292	5
293	0
294	3
295	2
296	2
297	1
298	1
299	1
300	4
301	4
302	2
303	0
304	0
305	4
306	1
307	1
308	4
309	2
310	1
311	3
312	2
313	5
314	2
315	1
316	1
317	1
318	3
319	1
320	2
321	1
322	3
323	0
324	3
325	3
326	2
327	1
328	4
329	1
330	0
331	2
332	4
333	3
334	4
335	3
336	3
337	0
338	1
339	1
340	2
341	1
342	1
343	1
344	2
345	2
346	3
347	3
348	1
349	1
350	2
351	1
352	3
353	2
354	2
355	2
356	3
357	3
358	3
359	0
360	1
361	4
362	2
363	1
364	3
365	1
366	1
367	3
368	0
369	1
370	1
371	3
372	2
373	1
374	0
375	1
376	2
377	2
378	0
379	4
380	3
381	5
382	3
383	0
384	2
385	5
386	5
387	6
388	0
389	2
390	1
391	1
392	0
393	1
394	2
395	2
396	3
397	3
398	0
399	4
400	1
401	3
402	4
403	2
404	1
405	1
406	4
407	5
408	3
409	2
410	1
411	4
412	0
413	6
414	2
415	1
416	2
417	0
418	1
419	1
420	4
421	3
422	1
423	2
424	3
425	0
426	1
427	5
428	2
429	3
430	1
431	3
432	2
433	5
434	2
435	1
436	2
437	2
438	3
439	2
440	3
441	2
442	1
443	4
444	0
445	6
446	1
447	1
448	2
449	4
450	3
451	4
452	4
453	1
454	2
455	3
456	0
457	5
458	1
459	3
460	0
461	0
462	3
463	4
464	3
465	2
466	1
467	4
468	1
469	4
470	2
471	2
472	2
473	1
474	3
475	4
476	0
477	2
478	1
479	1
480	3
481	2
482	2
483	3
484	1
485	2
486	3
487	2
488	3
489	1
490	4
491	3
492	0
493	4
494	2
495	6
496	4
497	4
498	0
499	1
500	1
501	1
502	3
503	1
504	3
505	4
506	1
507	1
508	3
509	1
510	5
511	0
512	3
513	4
514	5
515	2
516	4
517	4
518	2
519	3
520	3
521	3
522	4
523	3
524	4
525	4
526	2
527	6
528	3
529	2
530	3
531	4
532	5
533	1
534	1
535	1
536	1
537	3
538	3
539	2
540	1
541	7
542	4
543	4
544	2
545	0
546	2
547	4
548	2
549	2
550	2
551	3
552	1
553	2
554	4
555	1
556	3
557	4
558	3
559	1
560	4
561	0
562	4
563	1
564	4
565	2
566	3
567	2
568	3
569	3
570	1
571	3
572	4
573	1
574	3
575	0
576	3
577	3
578	3
579	1
580	2
581	4
582	4
583	0
584	5
585	1
586	6
587	2
588	4
589	1
590	3
591	4
592	3
593	2
594	5
595	5
596	3
597	2
598	1
599	4
600	3
601	4
602	3
603	2
604	0
605	3
606	3
607	9
608	1
609	3
610	2
611	1
612	3
613	0
614	3
615	0
616	5
617	3
618	3
619	3
620	5
621	5
622	3
623	2
624	2
625	5
626	2
627	5
628	2
629	3
630	5
631	4
632	4
633	2
634	1
635	3
636	5
637	2
638	1
639	2
640	2
641	4
642	1
643	3
644	3
645	2
646	3
647	3
648	3
649	1
650	2
651	3
652	2
653	3
654	2
655	7
656	4
657	2
658	2
659	3
660	2
661	3
662	5
663	5
664	2
665	3
666	3
667	1
668	0
669	1
670	5
671	3
672	5
673	3
674	3
675	3
676	2
677	3
678	4
679	2
680	2
681	1
682	4
683	0
684	3
685	2
686	2
687	1
688	1
689	2
690	2
691	4
692	3
693	3
694	1
695	1
696	2
697	0
698	1
699	1
700	4
701	3
702	2
703	3
704	4
705	2
706	6
707	2
708	1
709	3
710	3
711	6
712	3
713	2
714	3
715	2
716	2
717	4
718	4
719	3
720	3
721	3
722	1
723	2
724	3
725	4
726	4
727	1
728	2
729	3
730	2
731	2
732	0
733	2
734	7
735	2
736	4
737	3
738	0
739	6
740	1
741	1
742	1
743	2
744	0
745	1
746	5
747	1
748	1
749	2
750	2
751	6
752	3
753	0
754	2
755	2
756	5
757	3
758	3
759	1
760	1
761	0
762	3
763	8
764	2
765	4
766	2
767	1
768	0
769	0
770	2
771	4
772	1
773	2
774	1
775	1
776	4
777	4
778	4
779	2
780	4
781	3
782	1
783	4
784	3
785	2
786	2
787	5
788	0
789	3
790	3
791	1
792	2
793	3
794	1
795	5
796	2
797	2
798	1
799	3
800	3
801	1
802	2
803	4
804	1
805	3
806	4
807	3
808	4
809	5
810	2
811	3
812	1
813	1
814	3
815	3
816	4
817	4
818	1
819	3
820	4
821	1
822	1
823	4
824	2
825	1
826	4
827	2
828	2
829	2
830	2
831	2
832	2
833	2
834	5
835	3
836	1
837	1
838	3
839	3
840	2
841	2
842	0
843	3
844	1
845	2
846	5
847	2
848	2
849	0
850	2
851	4
852	4
853	2
854	1
855	2
856	1
857	2
858	1
859	0
860	2
861	4
862	3
863	2
864	2
865	6
866	3
867	1
868	3
869	0
870	3
871	4
872	0
873	5
874	1
875	1
876	4
877	1
878	3
879	0
880	1
881	3
882	2
883	3
884	0
885	3
886	1
887	3
888	2
889	0
890	2
891	1
892	3
893	4
894	4
895	1
896	3
897	5
898	2
899	3
900	2
901	4
902	7
903	2
904	1
905	4
906	6
907	1
908	4
909	5
910	5
911	1
912	3
913	4
914	2
915	8
916	3
917	2
918	4
919	2
920	5
921	0
922	4
923	5
924	2
925	5
926	1
927	4
928	2
929	6
930	1
931	4
932	1
933	5
934	4
935	2
936	6
937	2
938	2
939	2
940	3
941	5
942	4
943	4
944	6
945	4
946	4
947	4
948	6
949	4
950	3
951	5
952	7
953	1
954	0
955	0
956	1
957	3
958	7
959	3
960	1
961	3
962	4
963	3
964	2
965	1
966	6
967	4
968	1
969	2
970	6
971	4
972	3
973	2
974	4
975	5
976	2
977	5
978	3
979	2
980	2
981	1
982	5
983	4
984	6
985	4
986	3
987	7
988	2
989	10
990	0
991	1
992	5
993	1
994	3
995	2
996	2
997	2
998	2
999	3
1000	5
1001	3
1002	7
1003	5
1004	3
1005	2
1006	5
1007	3
1008	5
1009	2
1010	1
1011	3
1012	3
1013	3
1014	7
1015	6
1016	3
1017	5
1018	2
1019	5
1020	4
1021	2
1022	2
1023	3
1024	5
1025	3
1026	1
1027	0
1028	3
1029	5
1030	7
1031	3
1032	3
1033	1
1034	3
1035	1
1036	2
1037	2
1038	4
1039	1
1040	2
1041	3
1042	1
1043	2
1044	1
1045	4
1046	2
1047	4
1048	3
1049	5
1050	0
1051	3
1052	6
1053	3
1054	1
1055	2
1056	3
1057	2
1058	2
1059	1
1060	5
1061	1
1062	3
1063	6
1064	5
1065	3
1066	4
1067	3
1068	3
1069	2
1070	3
1071	2
1072	2
1073	1
1074	3
1075	3
1076	3
1077	5
1078	5
1079	6
1080	1
1081	1
1082	4
1083	3
1084	5
1085	6
1086	5
1087	3
1088	2
1089	2
1090	1
1091	6
1092	2
1093	5
1094	3
1095	2
1096	3
1097	2
1098	2
1099	4
1100	1
1101	6
1102	2
1103	2
1104	4
1105	4
1106	2
1107	0
1108	3
1109	2
1110	4
1111	3
1112	4
1113	5
1114	1
1115	3
1116	1
1117	3
1118	5
1119	5
1120	3
1121	3
1122	3
1123	1
1124	4
1125	5
1126	3
1127	5
1128	3
1129	0
1130	8
1131	5
1132	5
1133	1
1134	0
1135	6
1136	5
1137	2
1138	4
1139	3
1140	5
1141	3
1142	4
1143	4
1144	3
1145	2
1146	2
1147	0
1148	5
1149	4
1150	5
1151	1
1152	0
1153	3
1154	1
1155	5
1156	5
1157	6
1158	3
1159	3
1160	5
1161	10
1162	4
1163	7
1164	6
1165	6
1166	7
1167	5
1168	4
1169	4
1170	1
1171	4
1172	2
1173	1
1174	5
1175	2
1176	6
1177	6
1178	2
1179	7
1180	1
1181	4
1182	1
1183	1
1184	3
1185	6
1186	5
1187	4
1188	5
1189	5
1190	3
1191	7
1192	7
1193	1
1194	4
1195	1
1196	7
1197	5
1198	5
1199	6
1200	1
1201	9
1202	5
1203	6
1204	4
1205	4
1206	4
1207	5
1208	7
1209	5
1210	4
1211	9
1212	8
1213	0
1214	5
1215	9
1216	7
1217	4
1218	8
1219	8
1220	6
1221	8
1222	8
1223	5
1224	4
1225	14
1226	4
1227	8
1228	15
1229	8
1230	3
1231	9
1232	10
1233	12
1234	13
1235	8
1236	11
1237	8
1238	10
1239	7
1240	9
1241	9
1242	16
1243	15
1244	8
1245	10
1246	15
1247	6
1248	17
1249	13
1250	10
1251	11
1252	17
1253	18
1254	16
1255	7
1256	21
1257	18
1258	18
1259	17
1260	23
1261	28
1262	25
1263	18
1264	16
1265	16
1266	28
1267	31
1268	20
1269	30
1270	23
1271	31
1272	36
1273	27
1274	36
1275	36
1276	28
1277	20
1278	46
1279	28
1280	33
1281	30
1282	46
1283	28
1284	31
1285	45
1286	42
1287	29
1288	41
1289	48
1290	34
1291	55
1292	43
1293	52
1294	39
1295	58
1296	49
1297	48
1298	57
1299	65
1300	56
1301	69
1302	66
1303	60
1304	75
1305	75
1306	78
1307	74
1308	74
1309	75
1310	89
1311	66
1312	85
1313	79
1314	95
1315	97
1316	72
1317	103
1318	109
1319	91
1320	85
1321	109
1322	129
1323	114
1324	125
1325	107
1326	132
1327	115
1328	107
1329	136
1330	149
1331	161
1332	131
1333	148
1334	151
1335	150
1336	144
1337	171
1338	168
1339	185
1340	170
1341	179
1342	181
1343	200
1344	194
1345	209
1346	213
1347	205
1348	199
1349	231
1350	211
1351	236
1352	234
1353	262
1354	287
1355	268
1356	261
1357	247
1358	270
1359	311
1360	321
1361	298
1362	299
1363	333
1364	323
1365	328
1366	363
1367	343
1368	350
1369	378
1370	396
1371	384
1372	418
1373	420
1374	432
1375	438
1376	441
1377	432
1378	470
1379	492
1380	535
1381	531
1382	573
1383	559
1384	571
1385	539
1386	574
1387	618
1388	628
1389	652
1390	646
1391	645
1392	685
1393	725
1394	749
1395	771
1396	751
1397	783
1398	817
1399	825
1400	822
1401	817
1402	893
1403	859
1404	899
1405	953
1406	937
1407	978
1408	1048
1409	1039
1410	1102
1411	1109
1412	1165
1413	1101
1414	1171
1415	1188
1416	1249
1417	1315
1418	1300
1419	1274
1420	1338
1421	1430
1422	1416
1423	1403
1424	1476
1425	1450
1426	1547
1427	1530
1428	1607
1429	1683
1430	1711
1431	1762
1432	1784
1433	1835
1434	1896
1435	1875
1436	1953
1437	2007
1438	2012
1439	2096
1440	1986
1441	2161
1442	2171
1443	2155
1444	2311
1445	2283
1446	2414
1447	2405
1448	2415
1449	2471
1450	2584
1451	2587
1452	2654
1453	2711
1454	2699
1455	2880
1456	2910
1457	2916
1458	3090
1459	2969
1460	2979
1461	3104
1462	3132
1463	3293
1464	3323
1465	3319
1466	3425
1467	3539
1468	3532
1469	3653
1470	3689
1471	3721
1472	3698
1473	3800
1474	3920
1475	3938
1476	4083
1477	4118
1478	4075
1479	4222
1480	4288
1481	4235
1482	4411
1483	4465
1484	4410
1485	4630
1486	4802
1487	4799
1488	4792
1489	4875
1490	4914
1491	5072
1492	5066
1493	5134
1494	5221
1495	5339
1496	5494
1497	5470
1498	5516
1499	5679
1500	5623
1501	5691
1502	5720
1503	5890
1504	5877
1505	6021
1506	6083
1507	6110
1508	6208
1509	6314
1510	6213
1511	6324
1512	6480
1513	6587
1514	6516
1515	6699
1516	6744
1517	6932
1518	6997
1519	7134
1520	7234
1521	7220
1522	7208
1523	7399
1524	7282
1525	7356
1526	7454
1527	7704
1528	7781
1529	7636
1530	7770
1531	7964
1532	8079
1533	7876
1534	8143
1535	8200
1536	8270
1537	8238
1538	8384
1539	8597
1540	8609
1541	8627
1542	8643
1543	8472
1544	8808
1545	8818
1546	8820
1547	8863
1548	8958
1549	9062
1550	9119
1551	9583
1552	9326
1553	9432
1554	9451
1555	9434
1556	9493
1557	9804
1558	9705
1559	9920
1560	9757
1561	9905
1562	9981
1563	9997
1564	10022
1565	10194
1566	10125
1567	10319
1568	10283
1569	10356
1570	10468
1571	10405
1572	10370
1573	10742
1574	10728
1575	10647
1576	10823
1577	11057
1578	10954
1579	10985
1580	10978
1581	11034
1582	11027
1583	10952
1584	10928
1585	11195
1586	11321
1587	11276
1588	11455
1589	11446
1590	11518
1591	11554
1592	11525
1593	11545
1594	11631
1595	11450
1596	11614
1597	11816
1598	11817
1599	11811
1600	11850
1601	11850
1602	11846
1603	11866
1604	11908
1605	11959
1606	12073
1607	12115
1608	12271
1609	12434
1610	12281
1611	12560
1612	12379
1613	12287
1614	12312
1615	12386
1616	12381
1617	12289
1618	12584
1619	12611
1620	12429
1621	12593
1622	12617
1623	12845
1624	12704
1625	12721
1626	12860
1627	12857
1628	12902
1629	12739
1630	12905
1631	12877
1632	12799
1633	13056
1634	13053
1635	12849
1636	13080
1637	13014
1638	12981
1639	13078
1640	12932
1641	13193
1642	13059
1643	13016
1644	13143
1645	13122
1646	13171
1647	13303
1648	12990
1649	13114
1650	13094
1651	13270
1652	13197
1653	13313
1654	13100
1655	13288
1656	13104
1657	13252
1658	13167
1659	13396
1660	13088
1661	13244
1662	13156
1663	13300
1664	13347
1665	13404
1666	13357
1667	13146
1668	13222
1669	13414
1670	13338
1671	13407
1672	13492
1673	13312
1674	13307
1675	13287
1676	13553
1677	13331
1678	13281
1679	13562
1680	13260
1681	13264
1682	13488
1683	13418
1684	13634
1685	13626
1686	13403
1687	13485
1688	13531
1689	13399
1690	13288
1691	13425
1692	13371
1693	13434
1694	13161
1695	13408
1696	13385
1697	13550
1698	13395
1699	13568
1700	13482
1701	13353
1702	13568
1703	13667
1704	13359
1705	13542
1706	13260
1707	13194
1708	13212
1709	13508
1710	13483
1711	13399
1712	13488
1713	13388
1714	13421
1715	13391
1716	13410
1717	13307
1718	13400
1719	13546
1720	13219
1721	13367
1722	13187
1723	13386
1724	13372
1725	13336
1726	13191
1727	13250
1728	13325
1729	13202
1730	13223
1731	13329
1732	13168
1733	13455
1734	13387
1735	13261
1736	13098
1737	13166
1738	13235
1739	13265
1740	13044
1741	13213
1742	12904
1743	13021
1744	13129
1745	13119
1746	13085
1747	13185
1748	13199
1749	13156
1750	13146
1751	13200
1752	12842
1753	12927
1754	13050
1755	13016
1756	12884
1757	13014
1758	13017
1759	13247
1760	12851
1761	12958
1762	13041
1763	13003
1764	12853
1765	12913
1766	13090
1767	12970
1768	12996
1769	12963
1770	12721
1771	13122
1772	12914
1773	12726
1774	12784
1775	12734
1776	13126
1777	12861
1778	12857
1779	12791
1780	12853
1781	12875
1782	12658
1783	12780
1784	12841
1785	12590
1786	12772
1787	12684
1788	12776
1789	12489
1790	12559
1791	12612
1792	12466
1793	12519
1794	12362
1795	12244
1796	12426
1797	12242
1798	12267
1799	12348
1800	12462
1801	12368
1802	12234
1803	12299
1804	12131
1805	12352
1806	12349
1807	12121
1808	12116
1809	12147
1810	12155
1811	12157
1812	12134
1813	12009
1814	11886
1815	11965
1816	11991
1817	11994
1818	11975
1819	12056
1820	11754
1821	11750
1822	11695
1823	11953
1824	11855
1825	11996
1826	11558
1827	11754
1828	11700
1829	11465
1830	11625
1831	11751
1832	11678
1833	11541
1834	11571
1835	11366
1836	11626
1837	11498
1838	11470
1839	11485
1840	11394
1841	11299
1842	11390
1843	11259
1844	11150
1845	11266
1846	11105
1847	11308
1848	11090
1849	11157
1850	11005
1851	10829
1852	10960
1853	10960
1854	10975
1855	11081
1856	10990
1857	11014
1858	10878
1859	10898
1860	10839
1861	11036
1862	10893
1863	10684
1864	10641
1865	10507
1866	10748
1867	10584
1868	10438
1869	10675
1870	10391
1871	10517
1872	10641
1873	10237
1874	10377
1875	10278
1876	10149
1877	10431
1878	10213
1879	10267
1880	10344
1881	10122
1882	10284
1883	10308
1884	9941
1885	10048
1886	10118
1887	9932
1888	9908
1889	10146
1890	9808
1891	9845
1892	9823
1893	9886
1894	9680
1895	9585
1896	9816
1897	9695
1898	9739
1899	9531
1900	9638
1901	9623
1902	9658
1903	9486
1904	9445
1905	9451
1906	9529
1907	9486
1908	9441
1909	9311
1910	9385
1911	9303
1912	9287
1913	9145
1914	9424
1915	9227
1916	9223
1917	9171
1918	8980
1919	9058
1920	9174
1921	9230
1922	9085
1923	9097
1924	8917
1925	9007
1926	9020
1927	8995
1928	8832
1929	8922
1930	8765
1931	8590
1932	8658
1933	8944
1934	8618
1935	8774
1936	8558
1937	8573
1938	8515
1939	8511
1940	8605
1941	8547
1942	8400
1943	8384
1944	8287
1945	8465
1946	8416
1947	8378
1948	8408
1949	8313
1950	8351
1951	8348
1952	8194
1953	8264
1954	8094
1955	7975
1956	8125
1957	7855
1958	8022
1959	7880
1960	8010
1961	7992
1962	8047
1963	7869
1964	7887
1965	7912
1966	8004
1967	7713
1968	7891
1969	7678
1970	7771
1971	7708
1972	7669
1973	7570
1974	7543
1975	7525
1976	7651
1977	7495
1978	7461
1979	7352
1980	7562
1981	7444
1982	7398
1983	7446
1984	7257
1985	7446
1986	7235
1987	7364
1988	7297
1989	7442
1990	7288
1991	7285
1992	7209
1993	7138
1994	7104
1995	7090
1996	7060
1997	6965
1998	6967
1999	7007
2000	6944
2001	6992
2002	7026
2003	6868
2004	6993
2005	6898
2006	6970
2007	6702
2008	6752
2009	6784
2010	6733
2011	6782
2012	6770
2013	6800
2014	6645
2015	6617
2016	6528
2017	6667
2018	6455
2019	6542
2020	6424
2021	6488
2022	6488
2023	6423
2024	6349
2025	6458
2026	6524
2027	6546
2028	6303
2029	6433
2030	6372
2031	6149
2032	6281
2033	6238
2034	6173
2035	6169
2036	6105
2037	6122
2038	6140
2039	6122
2040	5922
2041	5994
2042	5979
2043	6062
2044	6006
2045	5975
2046	5931
2047	5965
2048	5855
2049	5833
2050	5902
2051	5922
2052	5810
2053	5934
2054	5870
2055	5742
2056	5718
2057	5781
2058	5666
2059	5760
2060	5742
2061	5522
2062	5682
2063	5719
2064	5588
2065	5537
2066	5640
2067	5488
2068	5487
2069	5535
2070	5470
2071	5440
2072	5474
2073	5562
2074	5459
2075	5421
2076	5481
2077	5346
2078	5457
2079	5532
2080	5295
2081	5405
2082	5344
2083	5308
2084	5298
2085	5271
2086	5240
2087	5312
2088	5283
2089	5171
2090	5229
2091	5146
2092	5330
2093	5307
2094	5128
2095	5079
2096	5031
2097	5112
2098	5102
2099	5191
2100	5029
2101	5034
2102	4982
2103	5014
2104	4945
2105	5039
2106	4942
2107	4982
2108	4971
2109	5057
2110	5009
2111	4993
2112	4965
2113	4800
2114	4952
2115	4863
2116	4866
2117	4879
2118	4863
2119	4957
2120	4874
2121	4748
2122	4755
2123	4865
2124	4700
2125	4724
2126	4865
2127	4677
2128	4637
2129	4671
2130	4760
2131	4669
2132	4690
2133	4696
2134	4737
2135	4775
2136	4783
2137	4756
2138	4551
2139	4634
2140	4606
2141	4602
2142	4599
2143	4572
2144	4583
2145	4573
2146	4534
2147	4527
2148	4487
2149	4514
2150	4506
2151	4422
2152	4557
2153	4590
2154	4596
2155	4474
2156	4457
2157	4420
2158	4443
2159	4374
2160	4429
2161	4373
2162	4279
2163	4341
2164	4298
2165	4263
2166	4403
2167	4226
2168	4354
2169	4342
2170	4256
2171	4217
2172	4358
2173	4228
2174	4272
2175	4311
2176	4335
2177	4323
2178	4200
2179	4226
2180	4199
2181	4382
2182	4144
2183	4233
2184	4223
2185	4142
2186	4243
2187	4231
2188	4087
2189	4108
2190	4088
2191	4043
2192	4137
2193	3988
2194	4149
2195	4087
2196	3953
2197	4016
2198	4058
2199	3983
2200	4012
2201	3921
2202	3996
2203	4006
2204	4015
2205	4051
2206	4036
2207	3934
2208	3924
2209	3925
2210	3984
2211	3992
2212	4086
2213	3988
2214	3933
2215	3779
2216	3944
2217	3862
2218	3861
2219	3921
2220	3856
2221	3830
2222	3739
2223	3927
2224	3730
2225	3823
2226	3886
2227	3798
2228	3779
2229	3746
2230	3729
2231	3839
2232	3722
2233	3761
2234	3773
2235	3786
2236	3791
2237	3696
2238	3665
2239	3655
2240	3701
2241	3750
2242	3707
2243	3644
2244	3679
2245	3599
2246	3586
2247	3563
2248	3551
2249	3637
2250	3564
2251	3645
2252	3575
2253	3557
2254	3662
2255	3605
2256	3471
2257	3564
2258	3564
2259	3475
2260	3489
2261	3526
2262	3466
2263	3530
2264	3497
2265	3363
2266	3466
2267	3489
2268	3380
2269	3453
2270	3323
2271	3289
2272	3264
2273	3345
2274	3358
2275	3338
2276	3302
2277	3407
2278	3304
2279	3339
2280	3217
2281	3302
2282	3222
2283	3339
2284	3299
2285	3186
2286	3238
2287	3368
2288	3349
2289	3404
2290	3157
2291	3176
2292	3243
2293	3190
2294	3190
2295	3112
2296	3136
2297	3153
2298	3058
2299	3070
2300	3205
2301	3061
2302	3097
2303	3167
2304	2947
2305	3094
2306	3016
2307	3070
2308	3047
2309	3090
2310	3087
2311	3062
2312	2963
2313	2962
2314	3066
2315	3053
2316	3098
2317	3029
2318	2949
2319	2947
2320	3020
2321	2945
2322	2985
2323	2912
2324	2918
2325	2885
2326	2996
2327	2935
2328	2840
2329	2915
2330	2829
2331	2892
2332	2862
2333	2914
2334	2892
2335	2870
2336	2792
2337	2784
2338	2773
2339	2756
2340	2765
2341	2873
2342	2802
2343	2885
2344	2785
2345	2760
2346	2785
2347	2719
2348	2851
2349	2775
2350	2688
2351	2683
2352	2735
2353	2653
2354	2701
2355	2682
2356	2657
2357	2621
2358	2729
2359	2561
2360	2583
2361	2611
2362	2732
2363	2636
2364	2654
2365	2649
2366	2537
2367	2487
2368	2599
2369	2584
2370	2641
2371	2554
2372	2554
2373	2504
2374	2633
2375	2590
2376	2564
2377	2464
2378	2443
2379	2526
2380	2408
2381	2461
2382	2448
2383	2414
2384	2512
2385	2428
2386	2482
2387	2382
2388	2339
2389	2351
2390	2358
2391	2400
2392	2399
2393	2335
2394	2353
2395	2346
2396	2411
2397	2443
2398	2360
2399	2369
2400	2376
2401	2392
2402	2366
2403	2272
2404	2198
2405	2258
2406	2169
2407	2268
2408	2299
2409	2325
2410	2235
2411	2193
2412	2208
2413	2133
2414	2284
2415	2228
2416	2179
2417	2155
2418	2223
2419	2171
2420	2208
2421	2146
2422	2134
2423	2153
2424	2142
2425	2092
2426	2162
2427	2106
2428	2101
2429	2036
2430	2045
2431	2001
2432	2099
2433	2016
2434	2075
2435	2071
2436	2034
2437	1979
2438	2001
2439	2017
2440	2074
2441	2003
2442	1924
2443	1870
2444	1963
2445	1981
2446	1941
2447	2011
2448	1862
2449	1936
2450	1955
2451	1949
2452	1920
2453	1882
2454	1994
2455	1893
2456	1917
2457	1929
2458	1757
2459	1925
2460	1849
2461	1824
2462	1906
2463	1841
2464	1791
2465	1826
2466	1780
2467	1748
2468	1866
2469	1830
2470	1782
2471	1787
2472	1834
2473	1806
2474	1779
2475	1718
2476	1683
2477	1724
2478	1744
2479	1824
2480	1688
2481	1772
2482	1710
2483	1684
2484	1764
2485	1694
2486	1683
2487	1807
2488	1645
2489	1699
2490	1694
2491	1670
2492	1695
2493	1646
2494	1707
2495	1648
2496	1644
2497	1645
2498	1645
2499	1669
2500	1603
2501	1584
2502	1553
2503	1615
2504	1576
2505	1627
2506	1555
2507	1572
2508	1623
2509	1630
2510	1571
2511	1664
2512	1563
2513	1521
2514	1554
2515	1596
2516	1538
2517	1619
2518	1546
2519	1530
2520	1517
2521	1529
2522	1540
2523	1551
2524	1495
2525	1521
2526	1500
2527	1563
2528	1503
2529	1552
2530	1490
2531	1494
2532	1538
2533	1538
2534	1527
2535	1561
2536	1464
2537	1482
2538	1430
2539	1445
2540	1468
2541	1460
2542	1484
2543	1476
2544	1501
2545	1404
2546	1428
2547	1486
2548	1441
2549	1399
2550	1404
2551	1415
2552	1490
2553	1452
2554	1311
2555	1467
2556	1407
2557	1363
2558	1451
2559	1415
2560	1388
2561	1420
2562	1386
2563	1454
2564	1389
2565	1423
2566	1331
2567	1403
2568	1385
2569	1337
2570	1454
2571	1387
2572	1379
2573	1321
2574	1324
2575	1381
2576	1389
2577	1349
2578	1375
2579	1383
2580	1325
2581	1369
2582	1319
2583	1296
2584	1362
2585	1256
2586	1302
2587	1328
2588	1372
2589	1231
2590	1282
2591	1299
2592	1277
2593	1336
2594	1252
2595	1282
2596	1342
2597	1280
2598	1305
2599	1244
2600	1294
2601	1255
2602	1237
2603	1242
2604	1287
2605	1187
2606	1313
2607	1213
2608	1250
2609	1261
2610	1319
2611	1233
2612	1237
2613	1207
2614	1255
2615	1198
2616	1220
2617	1165
2618	1270
2619	1194
2620	1225
2621	1220
2622	1240
2623	1213
2624	1221
2625	1268
2626	1267
2627	1184
2628	1241
2629	1190
2630	1248
2631	1204
2632	1221
2633	1188
2634	1193
2635	1194
2636	1157
2637	1151
2638	1175
2639	1187
2640	1168
2641	1188
2642	1205
2643	1123
2644	1135
2645	1180
2646	1141
2647	1206
2648	1169
2649	1129
2650	1140
2651	1155
2652	1103
2653	1134
2654	1123
2655	1124
2656	1163
2657	1054
2658	1125
2659	1089
2660	1123
2661	1095
2662	1130
2663	1144
2664	1113
2665	1115
2666	1149
2667	1099
2668	1088
2669	1077
2670	1128
2671	1101
2672	1062
2673	1100
2674	1089
2675	1114
2676	1045
2677	1062
2678	1096
2679	1126
2680	1096
2681	1044
2682	1067
2683	1040
2684	1021
2685	1049
2686	1025
2687	990
2688	1037
2689	1088
2690	1046
2691	1013
2692	1073
2693	1015
2694	1018
2695	1003
2696	1041
2697	1030
2698	1014
2699	1013
2700	1001
2701	979
2702	1002
2703	1005
2704	1015
2705	1030
2706	967
2707	985
2708	1007
2709	1016
2710	1028
2711	1007
2712	1069
2713	914
2714	983
2715	1011
2716	1029
2717	928
2718	1019
2719	992
2720	937
2721	988
2722	920
2723	984
2724	957
2725	962
2726	962
2727	919
2728	886
2729	966
2730	887
2731	990
2732	899
2733	924
2734	938
2735	941
2736	926
2737	900
2738	890
2739	904
2740	916
2741	929
2742	923
2743	897
2744	838
2745	876
2746	895
2747	902
2748	865
2749	836
2750	887
2751	875
2752	857
2753	878
2754	841
2755	823
2756	806
2757	818
2758	818
2759	805
2760	865
2761	849
2762	847
2763	838
2764	858
2765	832
2766	792
2767	778
2768	867
2769	796
2770	834
2771	825
2772	880
2773	809
2774	828
2775	806
2776	821
2777	804
2778	810
2779	749
2780	783
2781	779
2782	791
2783	837
2784	802
2785	779
2786	813
2787	769
2788	781
2789	740
2790	734
2791	754
2792	810
2793	730
2794	718
2795	801
2796	733
2797	769
2798	736
2799	741
2800	709
2801	737
2802	711
2803	756
2804	763
2805	768
2806	754
2807	744
2808	703
2809	756
2810	661
2811	720
2812	753
2813	696
2814	738
2815	732
2816	729
2817	723
2818	683
2819	720
2820	683
2821	714
2822	709
2823	687
2824	695
2825	704
2826	685
2827	654
2828	679
2829	690
2830	642
2831	697
2832	662
2833	700
2834	661
2835	693
2836	632
2837	635
2838	654
2839	660
2840	653
2841	630
2842	657
2843	658
2844	625
2845	661
2846	666
2847	636
2848	606
2849	652
2850	636
2851	626
2852	609
2853	576
2854	626
2855	612
2856	602
2857	633
2858	610
2859	612
2860	607
2861	605
2862	612
2863	594
2864	592
2865	577
2866	590
2867	587
2868	632
2869	605
2870	581
2871	627
2872	584
2873	580
2874	567
2875	587
2876	575
2877	609
2878	506
2879	574
2880	508
2881	565
2882	579
2883	583
2884	529
2885	563
2886	586
2887	532
2888	564
2889	581
2890	580
2891	520
2892	506
2893	539
2894	541
2895	550
2896	478
2897	522
2898	522
2899	555
2900	532
2901	518
2902	539
2903	525
2904	545
2905	482
2906	544
2907	521
2908	483
2909	492
2910	531
2911	513
2912	496
2913	517
2914	508
2915	502
2916	479
2917	484
2918	515
2919	506
2920	473
2921	496
2922	495
2923	497
2924	491
2925	509
2926	452
2927	488
2928	476
2929	484
2930	487
2931	435
2932	497
2933	502
2934	498
2935	491
2936	487
2937	454
2938	491
2939	469
2940	472
2941	459
2942	509
2943	477
2944	408
2945	501
2946	439
2947	484
2948	457
2949	436
2950	454
2951	474
2952	463
2953	432
2954	458
2955	415
2956	439
2957	433
2958	417
2959	436
2960	436
2961	464
2962	461
2963	421
2964	472
2965	432
2966	456
2967	418
2968	457
2969	429
2970	395
2971	414
2972	388
2973	454
2974	441
2975	410
2976	420
2977	394
2978	393
2979	487
2980	395
2981	428
2982	423
2983	435
2984	420
2985	404
2986	381
2987	440
2988	390
2989	384
2990	410
2991	414
2992	379
2993	395
2994	407
2995	389
2996	420
2997	404
2998	401
2999	434
3000	368
3001	413
3002	432
3003	420
3004	384
3005	401
3006	392
3007	379
3008	403
3009	406
3010	399
3011	362
3012	378
3013	381
3014	376
3015	397
3016	405
3017	373
3018	379
3019	363
3020	395
3021	361
3022	372
3023	354
3024	403
3025	395
3026	399
3027	357
3028	378
3029	370
3030	372
3031	351
3032	364
3033	339
3034	352
3035	370
3036	337
3037	370
3038	395
3039	380
3040	337
3041	376
3042	339
3043	375
3044	355
3045	338
3046	365
3047	336
3048	329
3049	369
3050	360
3051	329
3052	330
3053	332
3054	341
3055	362
3056	353
3057	363
3058	333
3059	365
3060	353
3061	366
3062	352
3063	359
3064	345
3065	346
3066	369
3067	360
3068	320
3069	362
3070	348
3071	346
3072	299
3073	339
3074	341
3075	355
3076	342
3077	324
3078	304
3079	310
3080	331
3081	325
3082	314
3083	295
3084	290
3085	323
3086	339
3087	336
3088	323
3089	310
3090	325
3091	295
3092	335
3093	290
3094	282
3095	326
3096	303
3097	302
3098	313
3099	328
3100	311
3101	293
3102	311
3103	312
3104	303
3105	337
3106	287
3107	272
3108	312
3109	283
3110	292
3111	271
3112	340
3113	284
3114	283
3115	254
3116	259
3117	314
3118	292
3119	285
3120	275
3121	281
3122	275
3123	311
3124	270
3125	289
3126	281
3127	264
3128	278
3129	283
3130	248
3131	270
3132	270
3133	283
3134	277
3135	291
3136	280
3137	278
3138	264
3139	279
3140	269
3141	255
3142	261
3143	279
3144	264
3145	243
3146	267
3147	267
3148	278
3149	254
3150	286
3151	258
3152	281
3153	250
3154	259
3155	232
3156	257
3157	267
3158	237
3159	260
3160	280
3161	263
3162	231
3163	257
3164	248
3165	249
3166	229
3167	237
3168	239
3169	253
3170	224
3171	249
3172	261
3173	234
3174	236
3175	250
3176	252
3177	224
3178	230
3179	250
3180	256
3181	234
3182	244
3183	231
3184	226
3185	247
3186	217
3187	251
3188	231
3189	240
3190	212
3191	219
3192	248
3193	244
3194	256
3195	223
3196	243
3197	226
3198	249
3199	243
3200	222
3201	246
3202	237
3203	221
3204	235
3205	258
3206	221
3207	200
3208	236
3209	226
3210	266
3211	245
3212	230
3213	223
3214	229
3215	220
3216	221
3217	230
3218	222
3219	215
3220	226
3221	227
3222	214
3223	201
3224	214
3225	197
3226	197
3227	217
3228	209
3229	204
3230	205
3231	216
3232	205
3233	225
3234	197
3235	205
3236	201
3237	205
3238	210
3239	194
3240	219
3241	194
3242	210
3243	217
3244	191
3245	198
3246	196
3247	226
3248	203
3249	214
3250	183
3251	200
3252	207
3253	212
3254	177
3255	182
3256	209
3257	194
3258	200
3259	195
3260	179
3261	188
3262	203
3263	201
3264	176
3265	175
3266	181
3267	177
3268	200
3269	163
3270	194
3271	167
3272	170
3273	169
3274	187
3275	205
3276	177
3277	187
3278	177
3279	170
3280	164
3281	171
3282	163
3283	176
3284	197
3285	163
3286	187
3287	183
3288	161
3289	173
3290	178
3291	174
3292	162
3293	165
3294	173
3295	167
3296	162
3297	178
3298	163
3299	173
3300	141
3301	161
3302	165
3303	189
3304	174
3305	156
3306	137
3307	165
3308	156
3309	158
3310	138
3311	134
3312	170
3313	185
3314	154
3315	144
3316	144
3317	164
3318	162
3319	155
3320	185
3321	174
3322	156
3323	144
3324	149
3325	139
3326	151
3327	171
3328	169
3329	144
3330	151
3331	153
3332	160
3333	132
3334	141
3335	138
3336	151
3337	142
3338	150
3339	159
3340	155
3341	148
3342	155
3343	162
3344	139
3345	146
3346	166
3347	147
3348	130
3349	139
3350	139
3351	132
3352	162
3353	121
3354	124
3355	117
3356	154
3357	133
3358	136
3359	114
3360	130
3361	138
3362	148
3363	154
3364	130
3365	115
3366	122
3367	133
3368	139
3369	126
3370	136
3371	133
3372	122
3373	108
3374	127
3375	129
3376	129
3377	129
3378	114
3379	126
3380	112
3381	131
3382	108
3383	129
3384	127
3385	123
3386	125
3387	140
3388	113
3389	120
3390	121
3391	109
3392	129
3393	129
3394	103
3395	121
3396	130
3397	114
3398	111
3399	113
3400	120
3401	122
3402	127
3403	118
3404	133
3405	116
3406	116
3407	125
3408	130
3409	132
3410	103
3411	109
3412	103
3413	110
3414	121
3415	109
3416	117
3417	118
3418	116
3419	118
3420	108
3421	128
3422	116
3423	108
3424	118
3425	99
3426	99
3427	94
3428	136
3429	124
3430	113
3431	126
3432	108
3433	104
3434	103
3435	107
3436	95
3437	115
3438	111
3439	108
3440	103
3441	89
3442	106
3443	110
3444	98
3445	103
3446	102
3447	94
3448	107
3449	85
3450	113
3451	116
3452	103
3453	91
3454	78
3455	115
3456	93
3457	100
3458	97
3459	98
3460	97
3461	101
3462	88
3463	94
3464	110
3465	106
3466	97
3467	105
3468	103
3469	97
3470	102
3471	98
3472	92
3473	86
3474	86
3475	107
3476	102
3477	89
3478	78
3479	91
3480	107
3481	101
3482	97
3483	93
3484	81
3485	99
3486	106
3487	109
3488	91
3489	100
3490	88
3491	99
3492	86
3493	94
3494	89
3495	92
3496	86
3497	88
3498	82
3499	91
3500	94
3501	90
3502	107
3503	92
3504	67
3505	89
3506	77
3507	93
3508	82
3509	78
3510	78
3511	88
3512	102
3513	79
3514	81
3515	82
3516	87
3517	103
3518	105
3519	89
3520	80
3521	75
3522	93
3523	100
3524	82
3525	87
3526	93
3527	79
3528	92
3529	83
3530	66
3531	83
3532	79
3533	80
3534	77
3535	88
3536	73
3537	80
3538	81
3539	67
3540	73
3541	82
3542	85
3543	76
3544	79
3545	85
3546	100
3547	82
3548	71
3549	67
3550	84
3551	85
3552	104
3553	81
3554	79
3555	76
3556	81
3557	70
3558	94
3559	74
3560	72
3561	91
3562	91
3563	74
3564	84
3565	81
3566	84
3567	80
3568	70
3569	77
3570	73
3571	76
3572	84
3573	63
3574	82
3575	83
3576	60
3577	67
3578	67
3579	66
3580	53
3581	69
3582	71
3583	71
3584	68
3585	60
3586	71
3587	62
3588	53
3589	68
3590	84
3591	49
3592	70
3593	70
3594	67
3595	58
3596	54
3597	68
3598	66
3599	73
3600	89
3601	66
3602	57
3603	67
3604	74
3605	67
3606	61
3607	57
3608	66
3609	69
3610	71
3611	50
3612	71
3613	60
3614	66
3615	61
3616	77
3617	68
3618	59
3619	52
3620	65
3621	54
3622	57
3623	56
3624	68
3625	60
3626	64
3627	69
3628	67
3629	74
3630	59
3631	69
3632	62
3633	54
3634	56
3635	59
3636	68
3637	75
3638	45
3639	82
3640	54
3641	50
3642	51
3643	60
3644	48
3645	67
3646	48
3647	57
3648	71
3649	68
3650	49
3651	44
3652	47
3653	50
3654	49
3655	58
3656	57
3657	42
3658	63
3659	50
3660	55
3661	57
3662	57
3663	67
3664	58
3665	47
3666	39
3667	43
3668	58
3669	52
3670	68
3671	54
3672	36
3673	53
3674	47
3675	50
3676	51
3677	54
3678	42
3679	51
3680	51
3681	54
3682	49
3683	41
3684	59
3685	48
3686	43
3687	52
3688	50
3689	58
3690	55
3691	55
3692	54
3693	46
3694	42
3695	47
3696	55
3697	49
3698	54
3699	49
3700	45
3701	49
3702	69
3703	31
3704	41
3705	57
3706	49
3707	54
3708	52
3709	52
3710	54
3711	43
3712	50
3713	41
3714	38
3715	40
3716	43
3717	44
3718	58
3719	48
3720	45
3721	40
3722	46
3723	41
3724	36
3725	57
3726	61
3727	52
3728	42
3729	44
3730	44
3731	54
3732	48
3733	50
3734	36
3735	43
3736	47
3737	42
3738	47
3739	43
3740	35
3741	41
3742	36
3743	47
3744	41
3745	51
3746	33
3747	29
3748	45
3749	41
3750	44
3751	41
3752	49
3753	51
3754	44
3755	46
3756	37
3757	36
3758	42
3759	44
3760	47
3761	34
3762	30
3763	29
3764	45
3765	41
3766	20
3767	42
3768	33
3769	42
3770	46
3771	46
3772	34
3773	42
3774	31
3775	39
3776	37
3777	40
3778	30
3779	39
3780	45
3781	38
3782	38
3783	36
3784	39
3785	38
3786	35
3787	38
3788	43
3789	37
3790	37
3791	40
3792	32
3793	38
3794	30
3795	36
3796	39
3797	28
3798	31
3799	35
3800	37
3801	29
3802	39
3803	26
3804	40
3805	35
3806	36
3807	29
3808	28
3809	32
3810	29
3811	34
3812	39
3813	42
3814	30
3815	41
3816	35
3817	42
3818	31
3819	31
3820	26
3821	30
3822	38
3823	36
3824	35
3825	29
3826	32
3827	29
3828	36
3829	33
3830	31
3831	29
3832	28
3833	24
3834	32
3835	28
3836	22
3837	36
3838	26
3839	27
3840	24
3841	31
3842	35
3843	26
3844	32
3845	29
3846	38
3847	16
3848	23
3849	35
3850	31
3851	33
3852	26
3853	26
3854	22
3855	38
3856	27
3857	28
3858	35
3859	27
3860	24
3861	30
3862	26
3863	36
3864	27
3865	32
3866	23
3867	31
3868	25
3869	30
3870	23
3871	27
3872	35
3873	34
3874	20
3875	32
3876	30
3877	35
3878	27
3879	28
3880	22
3881	22
3882	22
3883	24
3884	34
3885	32
3886	32
3887	32
3888	28
3889	21
3890	24
3891	24
3892	18
3893	22
3894	17
3895	20
3896	29
3897	17
3898	21
3899	26
3900	18
3901	21
3902	29
3903	24
3904	33
3905	33
3906	21
3907	21
3908	15
3909	28
3910	26
3911	21
3912	20
3913	28
3914	21
3915	13
3916	22
3917	19
3918	32
3919	15
3920	24
3921	30
3922	15
3923	27
3924	24
3925	27
3926	17
3927	25
3928	28
3929	20
3930	17
3931	20
3932	20
3933	23
3934	24
3935	20
3936	23
3937	26
3938	30
3939	26
3940	25
3941	20
3942	22
3943	19
3944	21
3945	19
3946	25
3947	21
3948	18
3949	25
3950	26
3951	16
3952	15
3953	23
3954	16
3955	19
3956	15
3957	22
3958	18
3959	19
3960	21
3961	26
3962	20
3963	18
3964	26
3965	27
3966	14
3967	13
3968	21
3969	28
3970	17
3971	19
3972	14
3973	23
3974	19
3975	23
3976	15
3977	13
3978	22
3979	18
3980	15
3981	15
3982	19
3983	18
3984	18
3985	19
3986	14
3987	24
3988	22
3989	17
3990	19
3991	8
3992	14
3993	21
3994	24
3995	17
3996	27
3997	19
3998	15
3999	16
4000	12
4001	20
4002	12
4003	23
4004	19
4005	17
4006	21
4007	19
4008	14
4009	16
4010	24
4011	23
4012	21
4013	17
4014	13
4015	17
4016	14
4017	15
4018	16
4019	17
4020	15
4021	16
4022	25
4023	17
4024	21
4025	18
4026	16
4027	8
4028	12
4029	11
4030	20
4031	16
4032	13
4033	15
4034	17
4035	23
4036	12
4037	21
4038	15
4039	13
4040	14
4041	11
4042	14
4043	21
4044	15
4045	14
4046	13
4047	20
4048	17
4049	15
4050	19
4051	8
4052	14
4053	16
4054	21
4055	16
4056	15
4057	15
4058	17
4059	16
4060	21
4061	5
4062	8
4063	21
4064	10
4065	10
4066	18
4067	12
4068	16
4069	14
4070	16
4071	7
4072	12
4073	16
4074	17
4075	15
4076	15
4077	16
4078	9
4079	14
4080	17
4081	12
4082	11
4083	10
4084	19
4085	11
4086	9
4087	8
4088	9
4089	11
4090	12
4091	14
4092	12
4093	13
4094	9
4095	14
4096	17
4097	16
4098	8
4099	16
4100	13
4101	15
4102	16
4103	16
4104	10
4105	11
4106	11
4107	18
4108	18
4109	15
4110	10
4111	11
4112	13
4113	9
4114	15
4115	14
4116	5
4117	8
4118	10
4119	17
4120	10
4121	10
4122	9
4123	10
4124	6
4125	12
4126	9
4127	10
4128	12
4129	13
4130	10
4131	16
4132	8
4133	8
4134	15
4135	10
4136	14
4137	6
4138	8
4139	15
4140	14
4141	10
4142	10
4143	5
4144	14
4145	10
4146	11
4147	7
4148	10
4149	14
4150	10
4151	12
4152	5
4153	16
4154	10
4155	13
4156	11
4157	7
4158	13
4159	15
4160	9
4161	12
4162	7
4163	12
4164	8
4165	11
4166	9
4167	9
4168	6
4169	15
4170	9
4171	22
4172	14
4173	6
4174	5
4175	11
4176	9
4177	7
4178	12
4179	15
4180	9
4181	14
4182	11
4183	11
4184	7
4185	16
4186	8
4187	9
4188	10
4189	11
4190	10
4191	7
4192	10
4193	13
4194	6
4195	5
4196	11
4197	14
4198	11
4199	7
4200	12
4201	19
4202	11
4203	5
4204	14
4205	13
4206	10
4207	6
4208	7
4209	10
4210	10
4211	10
4212	14
4213	10
4214	7
4215	3
4216	16
4217	7
4218	7
4219	12
4220	10
4221	10
4222	4
4223	11
4224	6
4225	11
4226	10
4227	8
4228	5
4229	11
4230	5
4231	8
4232	8
4233	10
4234	11
4235	8
4236	13
4237	13
4238	10
4239	6
4240	9
4241	9
4242	10
4243	6
4244	9
4245	7
4246	6
4247	7
4248	9
4249	3
4250	6
4251	12
4252	7
4253	6
4254	9
4255	6
4256	4
4257	8
4258	6
4259	6
4260	11
4261	4
4262	10
4263	7
4264	8
4265	13
4266	6
4267	7
4268	5
4269	6
4270	4
4271	9
4272	7
4273	8
4274	6
4275	6
4276	10
4277	9
4278	10
4279	10
4280	4
4281	7
4282	9
4283	5
4284	13
4285	8
4286	4
4287	3
4288	5
4289	6
4290	10
4291	10
4292	6
4293	6
4294	4
4295	5
4296	8
4297	6
4298	7
4299	6
4300	7
4301	7
4302	5
4303	5
4304	10
4305	7
4306	5
4307	7
4308	9
4309	8
4310	5
4311	6
4312	3
4313	6
4314	7
4315	3
4316	4
4317	3
4318	7
4319	4
4320	6
4321	10
4322	4
4323	3
4324	5
4325	12
4326	8
4327	7
4328	7
4329	7
4330	6
4331	5
4332	5
4333	5
4334	4
4335	7
4336	5
4337	7
4338	6
4339	8
4340	2
4341	9
4342	3
4343	11
4344	3
4345	3
4346	5
4347	5
4348	11
4349	6
4350	3
4351	6
4352	9
4353	9
4354	5
4355	7
4356	5
4357	8
4358	6
4359	3
4360	3
4361	5
4362	4
4363	14
4364	5
4365	5
4366	2
4367	5
4368	4
4369	3
4370	10
4371	6
4372	4
4373	5
4374	6
4375	5
4376	6
4377	7
4378	5
4379	4
4380	8
4381	1
4382	5
4383	5
4384	4
4385	6
4386	3
4387	2
4388	6
4389	6
4390	2
4391	5
4392	3
4393	5
4394	3
4395	6
4396	3
4397	6
4398	6
4399	5
4400	5
4401	5
4402	1
4403	0
4404	5
4405	5
4406	4
4407	6
4408	7
4409	3
4410	7
4411	4
4412	4
4413	1
4414	5
4415	3
4416	3
4417	7
4418	3
4419	4
4420	2
4421	2
4422	2
4423	6
4424	1
4425	7
4426	4
4427	8
4428	5
4429	6
4430	7
4431	6
4432	1
4433	0
4434	3
4435	5
4436	1
4437	4
4438	5
4439	4
4440	4
4441	4
4442	3
4443	1
4444	4
4445	3
4446	6
4447	6
4448	8
4449	4
4450	1
4451	3
4452	4
4453	2
4454	3
4455	3
4456	4
4457	6
4458	6
4459	6
4460	3
4461	3
4462	1
4463	4
4464	9
4465	6
4466	6
4467	4
4468	6
4469	7
4470	2
4471	1
4472	8
4473	6
4474	4
4475	5
4476	4
4477	2
4478	3
4479	2
4480	2
4481	3
4482	2
4483	7
4484	6
4485	4
4486	2
4487	5
4488	3
4489	4
4490	4
4491	3
4492	3
4493	1
4494	2
4495	5
4496	3
4497	4
4498	5
4499	1
4500	4
4501	5
4502	4
4503	5
4504	3
4505	3
4506	2
4507	3
4508	4
4509	4
4510	5
4511	4
4512	5
4513	3
4514	2
4515	4
4516	3
4517	6
4518	2
4519	7
4520	5
4521	5
4522	6
4523	5
4524	3
4525	4
4526	7
4527	5
4528	1
4529	5
4530	3
4531	4
4532	2
4533	2
4534	1
4535	5
4536	1
4537	3
4538	1
4539	5
4540	5
4541	5
4542	1
4543	4
4544	1
4545	5
4546	1
4547	0
4548	1
4549	3
4550	5
4551	4
4552	1
4553	5
4554	3
4555	0
4556	3
4557	2
4558	0
4559	2
4560	4
4561	3
4562	6
4563	3
4564	2
4565	1
4566	2
4567	7
4568	0
4569	2
4570	2
4571	1
4572	1
4573	4
4574	2
4575	3
4576	6
4577	5
4578	1
4579	1
4580	3
4581	3
4582	5
4583	2
4584	4
4585	5
4586	2
4587	5
4588	3
4589	2
4590	0
4591	2
4592	5
4593	2
4594	3
4595	5
4596	2
4597	3
4598	1
4599	0
4600	5
4601	1
4602	2
4603	1
4604	4
4605	3
4606	3
4607	4
4608	3
4609	2
4610	1
4611	5
4612	0
4613	1
4614	1
4615	2
4616	1
4617	1
4618	3
4619	2
4620	2
4621	2
4622	1
4623	0
4624	2
4625	2
4626	3
4627	2
4628	2
4629	2
4630	2
4631	2
4632	0
4633	0
4634	1
4635	0
4636	2
4637	1
4638	3
4639	4
4640	1
4641	2
4642	2
4643	1
4644	1
4645	4
4646	3
4647	0
4648	2
4649	1
4650	3
4651	1
4652	3
4653	1
4654	2
4655	2
4656	1
4657	7
4658	2
4659	3
4660	3
4661	1
4662	1
4663	3
4664	2
4665	0
4666	2
4667	2
4668	3
4669	0
4670	2
4671	2
4672	2
4673	4
4674	1
4675	1
4676	1
4677	0
4678	0
4679	3
4680	2
4681	2
4682	2
4683	2
4684	0
4685	0
4686	0
4687	2
4688	0
4689	1
4690	2
4691	1
4692	1
4693	1
4694	0
4695	0
4696	6
4697	3
4698	3
4699	2
4700	2
4701	1
4702	1
4703	3
4704	4
4705	2
4706	4
4707	3
4708	3
4709	0
4710	0
4711	1
4712	1
4713	1
4714	2
4715	3
4716	4
4717	2
4718	3
4719	1
4720	4
4721	0
4722	3
4723	1
4724	1
4725	1
4726	3
4727	0
4728	1
4729	1
4730	4
4731	2
4732	3
4733	2
4734	2
4735	4
4736	2
4737	0
4738	1
4739	1
4740	2
4741	2
4742	2
4743	0
4744	1
4745	3
4746	2
4747	0
4748	0
4749	0
4750	4
4751	1
4752	0
4753	2
4754	3
4755	5
4756	2
4757	1
4758	2
4759	1
4760	2
4761	1
4762	3
4763	1
4764	4
4765	3
4766	2
4767	2
4768	0
4769	1
4770	1
4771	2
4772	1
4773	2
4774	1
4775	2
4776	1
4777	1
4778	3
4779	1
4780	0
4781	2
4782	0
4783	1
4784	0
4785	2
4786	3
4787	1
4788	0
4789	2
4790	1
4791	2
4792	0
4793	0
4794	3
4795	2
4796	0
4797	1
4798	1
4799	1
4800	0
4801	0
4802	0
4803	2
4804	3
4805	1
4806	0
4807	4
4808	1
4809	0
4810	0
4811	0
4812	2
4813	2
4814	1
4815	1
4816	2
4817	1
4818	1
4819	0
4820	3
4821	1
4822	1
4823	2
4824	0
4825	1
4826	1
4827	0
4828	2
4829	1
4830	2
4831	1
4832	1
4833	3
4834	0
4835	0
4836	0
4837	0
4838	1
4839	2
4840	1
4841	0
4842	0
4843	1
4844	1
4845	2
4846	1
4847	0
4848	1
4849	1
4850	1
4851	2
4852	0
4853	1
4854	3
4855	0
4856	2
4857	4
4858	1
4859	3
4860	0
4861	5
4862	2
4863	1
4864	1
4865	1
4866	0
4867	1
4868	0
4869	1
4870	0
4871	0
4872	6
4873	1
4874	1
4875	1
4876	1
4877	3
4878	1
4879	1
4880	1
4881	0
4882	2
4883	3
4884	1
4885	0
4886	2
4887	1
4888	1
4889	0
4890	0
4891	1
4892	0
4893	1
4894	1
4895	1
4896	0
4897	2
4898	0
4899	1
4900	2
4901	0
4902	1
4903	2
4904	0
4905	0
4906	0
4907	2
4908	0
4909	1
4910	0
4911	0
4912	6
4913	2
4914	1
4915	1
4916	2
4917	1
4918	1
4919	0
4920	2
4921	2
4922	0
4923	0
4924	2
4925	0
4926	1
4927	2
4928	0
4929	0
4930	0
4931	1
4932	0
4933	0
4934	0
4935	0
4936	2
4937	1
4938	0
4939	1
4940	2
4941	1
4942	1
4943	0
4944	0
4945	2
4946	3
4947	2
4948	0
4949	0
4950	0
4951	1
4952	2
4953	0
4954	2
4955	1
4956	0
4957	0
4958	2
4959	2
4960	2
4961	1
4962	0
4963	1
4964	1
4965	2
4966	1
4967	2
4968	0
4969	1
4970	1
4971	3
4972	0
4973	1
4974	1
4975	1
4976	2
4977	1
4978	2
4979	0
4980	0
4981	1
4982	0
4983	0
4984	1
4985	0
4986	0
4987	0
4988	3
4989	0
4990	3
4991	1
4992	0
4993	1
4994	0
4995	0
4996	0
4997	2
4998	1
4999	2
5000	1
5001	0
5002	1
5003	0
5004	2
5005	1
5006	0
5007	0
5008	0
5009	0
5010	0
5011	0
5012	1
5013	0
5014	2
5015	2
5016	1
5017	0
5018	0
5019	0
5020	1
5021	0
5022	0
5023	2
5024	2
5025	0
5026	1
5027	1
5028	0
5029	0
5030	1
5031	2
5032	1
5033	1
5034	0
5035	0
5036	1
5037	1
5038	3
5039	1
5040	0
5041	1
5042	0
5043	1
5044	0
5045	0
5046	0
5047	0
5048	1
5049	0
5050	3
5051	2
5052	0
5053	1
5054	1
5055	1
5056	0
5057	0
5058	2
5059	0
5060	1
5061	0
5062	0
5063	1
5064	1
5065	1
5066	0
5067	2
5068	0
5069	2
5070	0
5071	0
5072	0
5073	0
5074	1
5075	2
5076	1
5077	0
5078	0
5079	1
5080	0
5081	2
5082	0
5083	0
5084	0
5085	1
5086	2
5087	1
5088	0
5089	4
5090	2
5091	1
5092	0
5093	0
5094	1
5095	0
5096	1
5097	0
5098	0
5099	0
5100	2
5101	0
5102	1
5103	0
5104	1
5105	0
5106	0
5107	0
5108	0
5109	1
5110	1
5111	1
5112	0
5113	0
5114	1
5115	0
5116	0
5117	0
5118	0
5119	0
5120	0
5121	1
5122	2
5123	0
5124	1
5125	0
5126	1
5127	0
5128	0
5129	0
5130	0
5131	2
5132	0
5133	0
5134	1
5135	0
5136	1
5137	0
5138	0
5139	0
5140	0
5141	0
5142	0
5143	0
5144	1
5145	2
5146	0
5147	0
5148	2
5149	0
5150	0
5151	1
5152	0
5153	0
5154	1
5155	1
5156	1
5157	1
5158	0
5159	0
5160	0
5161	2
5162	2
5163	0
5164	1
5165	1
5166	1
5167	1
5168	1
5169	0
5170	0
5171	0
5172	0
5173	1
5174	1
5175	1
5176	2
5177	1
5178	0
5179	1
5180	0
5181	1
5182	0
5183	2
5184	1
5185	0
5186	0
5187	0
5188	0
5189	1
5190	1
5191	1
5192	1
5193	0
5194	0
5195	0
5196	1
5197	0
5198	0
5199	0
5200	0
5201	3
5202	0
5203	3
5204	1
5205	0
5206	0
5207	1
5208	0
5209	0
5210	1
5211	1
5212	0
5213	0
5214	0
5215	1
5216	0
5217	0
5218	0
5219	1
5220	0
5221	0
5222	0
5223	0
5224	1
5225	1
5226	0
5227	1
5228	0
5229	1
5230	1
5231	1
5232	1
5233	0
5234	1
5235	0
5236	1
5237	1
5238	0
5239	1
5240	1
5241	0
5242	0
5243	0
5244	1
5245	0
5246	0
5247	0
5248	0
5249	0
5250	0
5251	0
5252	1
5253	0
5254	1
5255	1
5256	1
5257	0
5258	0
5259	0
5260	0
5261	0
5262	0
5263	0
5264	0
5265	0
5266	0
5267	2
5268	0
5269	1
5270	0
5271	0
5272	1
5273	0
5274	0
5275	0
5276	1
5277	0
5278	1
5279	0
5280	0
5281	0
5282	0
5283	0
5284	1
5285	1
5286	1
5287	1
5288	0
5289	0
5290	2
5291	0
5292	0
5293	1
5294	0
5295	0
5296	1
5297	1
5298	0
5299	0
5300	0
5301	1
5302	1
5303	1
5304	0
5305	0
5306	1
5307	0
5308	1
5309	1
5310	0
5311	0
5312	0
5313	0
5314	0
5315	0
5316	0
5317	1
5318	1
5319	1
5320	0
5321	0
5322	1
5323	0
5324	1
5325	1
5326	0
5327	1
5328	0
5329	0
5330	0
5331	0
5332	0
5333	0
5334	2
5335	0
5336	1
5337	0
5338	0
5339	3
5340	0
5341	0
5342	0
5343	1
5344	0
5345	0
5346	0
5347	0
5348	0
5349	0
5350	0
5351	1
5352	1
5353	0
5354	0
5355	0
5356	0
5357	1
5358	0
5359	0
5360	0
5361	0
5362	1
5363	0
5364	0
5365	1
5366	1
5367	0
5368	0
5369	1
5370	1
5371	0
5372	0
5373	0
5374	0
5375	0
5376	0
5377	0
5378	0
5379	0
5380	2
5381	0
5382	2
5383	0
5384	0
5385	0
5386	0
5387	1
5388	1
5389	0
5390	0
5391	1
5392	3
5393	0
5394	1
5395	0
5396	0
5397	0
5398	0
5399	0
5400	0
5401	0
5402	0
5403	0
5404	1
5405	0
5406	0
5407	1
5408	0
5409	0
5410	0
5411	2
5412	0
5413	0
5414	0
5415	0
5416	0
5417	0
5418	2
5419	0
5420	0
5421	0
5422	0
5423	0
5424	0
5425	0
5426	1
5427	0
5428	0
5429	1
5430	0
5431	0
5432	0
5433	0
5434	1
5435	2
5436	0
5437	1
5438	0
5439	0
5440	0
5441	0
5442	0
5443	0
5444	0
5445	0
5446	0
5447	1
5448	1
5449	1
5450	1
5451	1
5452	1
5453	0
5454	0
5455	0
5456	0
5457	0
5458	1
5459	1
5460	0
5461	0
5462	0
5463	0
5464	0
5465	0
5466	0
5467	1
5468	0
5469	0
5470	0
5471	1
5472	2
5473	1
5474	0
5475	0
5476	0
5477	0
5478	0
5479	1
5480	1
5481	0
5482	0
5483	1
5484	0
5485	0
5486	0
5487	0
5488	0
5489	0
5490	0
5491	1
5492	0
5493	0
5494	0
5495	1
5496	0
5497	0
5498	0
5499	0
5500	0
5501	1
5502	0
5503	2
5504	1
5505	0
5506	0
5507	0
5508	1
5509	0
5510	0
5511	1
5512	0
5513	1
5514	0
5515	0
5516	0
5517	0
5518	0
5519	0
5520	1
5521	0
5522	0
5523	0
5524	0
5525	0
5526	0
5527	0
5528	0
5529	1
5530	0
5531	0
5532	0
5533	0
5534	0
5535	1
5536	0
5537	0
5538	0
5539	0
5540	0
5541	1
5542	1
5543	1
5544	0
5545	0
5546	0
5547	0
5548	0
5549	0
5550	0
5551	0
5552	0
5553	0
5554	1
5555	1
5556	1
5557	0
5558	0
5559	0
5560	0
5561	1
5562	0
5563	0
5564	0
5565	0
5566	0
5567	0
5568	0
5569	0
5570	0
5571	1
5572	1
5573	0
5574	0
5575	0
5576	0
5577	0
5578	0
5579	0
5580	1
5581	0
5582	0
5583	0
5584	0
5585	0
5586	0
5587	0
5588	0
5589	0
5590	0
5591	0
5592	0
5593	2
5594	1
5595	0
5596	0
5597	0
5598	0
5599	0
5600	0
5601	0
5602	0
5603	0
5604	0
5605	0
5606	0
5607	0
5608	0
5609	0
5610	1
5611	0
5612	0
5613	0
5614	1
5615	0
5616	0
5617	0
5618	0
5619	1
5620	0
5621	0
5622	0
5623	0
5624	2
5625	0
5626	0
5627	1
5628	0
5629	0
5630	0
5631	0
5632	0
5633	1
5634	0
5635	0
5636	0
5637	0
5638	0
5639	0
5640	0
5641	0
5642	1
5643	0
5644	1
5645	1
5646	0
5647	0
5648	3
5649	0
5650	0
5651	0
5652	0
5653	0
5654	0
5655	0
5656	0
5657	0
5658	0
5659	0
5660	0
5661	0
5662	0
5663	0
5664	1
5665	0
5666	0
5667	0
5668	0
5669	0
5670	0
5671	1
5672	0
5673	0
5674	0
5675	0
5676	0
5677	0
5678	0
5679	0
5680	0
5681	0
5682	0
5683	0
5684	1
5685	0
5686	0
5687	0
5688	0
5689	0
5690	0
5691	0
5692	1
5693	0
5694	0
5695	0
5696	0
5697	0
5698	0
5699	0
5700	0
5701	0
5702	0
5703	0
5704	0
5705	0
5706	0
5707	0
5708	0
5709	0
5710	0
5711	1
5712	1
5713	1
5714	0
5715	0
5716	0
5717	0
5718	0
5719	0
5720	0
5721	0
5722	0
5723	0
5724	1
5725	0
5726	0
5727	0
5728	1
5729	0
5730	1
5731	0
5732	0
5733	0
5734	0
5735	0
5736	0
5737	0
5738	1
5739	0
5740	0
5741	0
5742	0
5743	1
5744	0
5745	0
5746	0
5747	0
5748	0
5749	0
5750	2
5751	0
5752	0
5753	0
5754	0
5755	0
5756	0
5757	0
5758	0
5759	0
5760	0
5761	0
5762	0
5763	0
5764	1
5765	0
5766	0
5767	0
5768	0
5769	0
5770	0
5771	0
5772	1
5773	0
5774	1
5775	0
5776	2
5777	0
5778	1
5779	1
5780	0
5781	0
5782	0
5783	0
5784	0
5785	0
5786	0
5787	0
5788	0
5789	0
5790	0
5791	0
5792	0
5793	1
5794	0
5795	0
5796	0
5797	1
5798	0
5799	0
5800	0
5801	0
5802	0
5803	1
5804	0
5805	2
5806	1
5807	0
5808	0
5809	1
5810	0
5811	0
5812	0
5813	1
5814	0
5815	0
5816	1
5817	0
5818	0
5819	0
5820	0
5821	0
5822	0
5823	1
5824	0
5825	1
5826	0
5827	0
5828	1
5829	0
5830	0
5831	0
5832	0
5833	0
5834	1
5835	0
5836	0
5837	0
5838	0
5839	0
5840	0
5841	0
5842	0
5843	0
5844	0
5845	1
5846	0
5847	0
5848	0
5849	0
5850	0
5851	1
5852	1
5853	2
5854	0
5855	0
5856	0
5857	0
5858	0
5859	0
5860	0
5861	0
5862	0
5863	1
5864	0
5865	0
5866	0
5867	0
5868	0
5869	0
5870	0
5871	0
5872	0
5873	0
5874	0
5875	0
5876	0
5877	0
5878	0
5879	0
5880	0
5881	0
5882	0
5883	1
5884	0
5885	0
5886	0
5887	0
5888	0
5889	0
5890	1
5891	0
5892	1
5893	0
5894	1
5895	0
5896	0
5897	0
5898	0
5899	1
5900	0
5901	0
5902	0
5903	0
5904	0
5905	0
5906	0
5907	0
5908	0
5909	0
5910	0
5911	0
5912	1
5913	1
5914	0
5915	0
5916	0
5917	0
5918	0
5919	0
5920	0
5921	0
5922	0
5923	0
5924	0
5925	0
5926	0
5927	0
5928	0
5929	0
5930	0
5931	1
5932	0
5933	0
5934	0
5935	0
5936	1
5937	0
5938	1
5939	0
5940	0
5941	0
5942	0
5943	0
5944	0
5945	1
5946	2
5947	0
5948	0
5949	0
5950	1
5951	0
5952	1
5953	0
5954	0
5955	0
5956	1
5957	0
5958	0
5959	0
5960	0
5961	0
5962	0
5963	0
5964	0
5965	0
5966	1
5967	0
5968	2
5969	0
5970	0
5971	0
5972	0
5973	0
5974	0
5975	0
5976	0
5977	0
5978	0
5979	0
5980	0
5981	0
5982	0
5983	0
5984	1
5985	0
5986	0
5987	0
5988	0
5989	0
5990	0
5991	0
5992	0
5993	0
5994	0
5995	0
5996	0
5997	1
5998	0
5999	0
6000	0
6001	0
6002	0
6003	0
6004	0
6005	0
6006	0
6007	1
6008	0
6009	1
6010	0
6011	1
6012	0
6013	1
6014	0
6015	0
6016	0
6017	0
6018	0
6019	1
6020	1
6021	1
6022	0
6023	0
6024	0
6025	0
6026	0
6027	0
6028	0
6029	0
6030	0
6031	1
6032	0
6033	0
6034	1
6035	0
6036	1
6037	1
6038	1
6039	0
6040	0
6041	1
6042	0
6043	0
6044	0
6045	0
6046	1
6047	2
6048	0
6049	0
6050	1
6051	0
6052	2
6053	0
6054	0
6055	2
6056	0
6057	0
6058	0
6059	0
6060	0
6061	0
6062	0
6063	0
6064	1
6065	0
6066	0
6067	1
6068	0
6069	0
6070	0
6071	0
6072	0
6073	0
6074	0
6075	0
6076	0
6077	0
6078	0
6079	1
6080	0
6081	1
6082	0
6083	0
6084	0
6085	0
6086	0
6087	0
6088	0
6089	0
6090	0
6091	0
6092	0
6093	1
6094	0
6095	0
6096	0
6097	0
6098	0
6099	0
6100	0
6101	0
6102	0
6103	0
6104	1
6105	0
6106	0
6107	0
6108	0
6109	0
6110	0
6111	1
6112	1
6113	0
6114	0
6115	0
6116	1
6117	0
6118	0
6119	0
6120	0
6121	0
6122	0
6123	0
6124	0
6125	0
6126	0
6127	0
6128	0
6129	0
6130	0
6131	0
6132	0
6133	1
6134	0
6135	0
6136	0
6137	0
6138	0
6139	0
6140	0
6141	0
6142	0
6143	0
6144	0
6145	0
6146	0
6147	0
6148	0
6149	0
6150	0
6151	0
6152	0
6153	0
6154	1
6155	0
6156	0
6157	0
6158	0
6159	0
6160	0
6161	0
6162	0
6163	0
6164	1
6165	0
6166	0
6167	0
6168	0
6169	0
6170	0
6171	0
6172	1
6173	0
6174	0
6175	0
6176	0
6177	0
6178	0
6179	0
6180	0
6181	0
6182	0
6183	0
6184	0
6185	0
6186	0
6187	0
6188	0
6189	0
6190	0
6191	0
6192	0
6193	0
6194	0
6195	1
6196	2
6197	1
6198	0
6199	0
6200	0
6201	0
6202	1
6203	0
6204	0
6205	1
6206	1
6207	1
6208	0
6209	0
6210	0
6211	0
6212	0
6213	1
6214	0
6215	1
6216	0
6217	0
6218	0
6219	0
6220	0
6221	0
6222	0
6223	0
6224	0
6225	0
6226	0
6227	0
6228	0
6229	0
6230	0
6231	1
6232	0
6233	0
6234	0
6235	0
6236	0
6237	1
6238	1
6239	0
6240	0
6241	0
6242	0
6243	0
6244	0
6245	0
6246	0
6247	0
6248	0
6249	0
6250	0
6251	0
6252	1
6253	0
6254	0
6255	0
6256	0
6257	0
6258	0
6259	0
6260	0
6261	0
6262	0
6263	0
6264	0
6265	0
6266	1
6267	0
6268	0
6269	0
6270	0
6271	0
6272	0
6273	0
6274	0
6275	0
6276	0
6277	1
6278	0
6279	0
6280	0
6281	0
6282	0
6283	0
6284	1
6285	0
6286	0
6287	2
6288	0
6289	0
6290	0
6291	0
6292	0
6293	2
6294	0
6295	0
6296	0
6297	0
6298	0
6299	1
6300	0
6301	0
6302	0
6303	0
6304	1
6305	0
6306	0
6307	0
6308	0
6309	0
6310	0
6311	0
6312	0
6313	0
6314	0
6315	0
6316	0
6317	0
6318	1
6319	0
6320	0
6321	0
6322	0
6323	2
6324	0
6325	0
6326	0
6327	0
6328	0
6329	0
6330	0
6331	0
6332	0
6333	0
6334	1
6335	0
6336	0
6337	0
6338	0
6339	0
6340	0
6341	0
6342	0
6343	0
6344	0
6345	0
6346	0
6347	0
6348	0
6349	1
6350	0
6351	0
6352	0
6353	1
6354	0
6355	0
6356	0
6357	0
6358	0
6359	0
6360	0
6361	0
6362	0
6363	0
6364	0
6365	0
6366	0
6367	0
6368	0
6369	0
6370	0
6371	0
6372	0
6373	0
6374	0
6375	0
6376	0
6377	0
6378	0
6379	1
6380	1
6381	0
6382	0
6383	0
6384	0
6385	0
6386	1
6387	0
6388	1
6389	0
6390	0
6391	0
6392	0
6393	0
6394	0
6395	0
6396	0
6397	0
6398	0
6399	0
6400	0
6401	0
6402	0
6403	0
6404	0
6405	0
6406	0
6407	0
6408	0
6409	0
6410	0
6411	1
6412	0
6413	0
6414	0
6415	1
6416	0
6417	0
6418	0
6419	0
6420	1
6421	0
6422	0
6423	1
6424	0
6425	0
6426	0
6427	0
6428	0
6429	0
6430	0
6431	0
6432	0
6433	0
6434	1
6435	0
6436	0
6437	0
6438	0
6439	1
6440	0
6441	0
6442	0
6443	1
6444	0
6445	0
6446	1
6447	0
6448	0
6449	1
6450	0
6451	0
6452	0
6453	0
6454	1
6455	0
6456	0
6457	0
6458	0
6459	0
6460	0
6461	0
6462	0
6463	1
6464	0
6465	0
6466	0
6467	0
6468	0
6469	0
6470	0
6471	0
6472	0
6473	0
6474	0
6475	1
6476	0
6477	0
6478	0
6479	0
6480	0
6481	0
6482	1
6483	0
6484	0
6485	0
6486	0
6487	0
6488	0
6489	0
6490	1
6491	1
6492	0
6493	0
6494	0
6495	0
6496	0
6497	0
6498	0
6499	0
6500	0
6501	0
6502	0
6503	0
6504	0
6505	1
6506	0
6507	0
6508	0
6509	1
6510	0
6511	0
6512	0
6513	0
6514	0
6515	0
6516	0
6517	0
6518	0
6519	0
6520	0
6521	0
6522	0
6523	1
6524	0
6525	0
6526	0
6527	0
6528	0
6529	0
6530	0
6531	0
6532	0
6533	0
6534	0
6535	2
6536	0
6537	0
6538	1
6539	0
6540	0
6541	0
6542	0
6543	0
6544	0
6545	0
6546	0
6547	0
6548	1
6549	0
6550	1
6551	0
6552	0
6553	0
6554	0
6555	1
6556	0
6557	0
6558	0
6559	0
6560	0
6561	0
6562	0
6563	0
6564	0
6565	0
6566	0
6567	0
6568	1
6569	0
6570	0
6571	0
6572	0
6573	0
6574	0
6575	0
6576	0
6577	0
6578	0
6579	0
6580	0
6581	0
6582	0
6583	0
6584	0
6585	0
6586	0
6587	0
6588	0
6589	0
6590	0
6591	0
6592	0
6593	0
6594	0
6595	0
6596	0
6597	0
6598	0
6599	0
6600	0
6601	0
6602	0
6603	0
6604	0
6605	0
6606	0
6607	0
6608	0
6609	0
6610	0
6611	0
6612	0
6613	0
6614	0
6615	0
6616	0
6617	0
6618	0
6619	0
6620	0
6621	0
6622	0
6623	0
6624	0
6625	0
6626	0
6627	0
6628	0
6629	0
6630	0
6631	0
6632	0
6633	0
6634	0
6635	0
6636	0
6637	0
6638	0
6639	0
6640	0
6641	0
6642	0
6643	0
6644	0
6645	0
6646	0
6647	0
6648	0
6649	0
6650	0
6651	0
6652	0
6653	0
6654	0
6655	0
6656	0
6657	0
6658	0
6659	0
6660	0
6661	0
6662	0
6663	0
6664	0
6665	0
6666	0
6667	0
6668	0
6669	0
6670	0
6671	0
6672	0
6673	0
6674	0
6675	0
6676	0
6677	0
6678	0
6679	0
6680	0
6681	0
6682	0
6683	0
6684	0
6685	0
6686	0
6687	0
6688	0
6689	0
6690	0
6691	0
6692	0
6693	0
6694	0
6695	0
6696	0
6697	0
6698	0
6699	0
6700	0
6701	0
6702	0
6703	0
6704	0
6705	0
6706	0
6707	0
6708	0
6709	0
6710	0
6711	0
6712	0
6713	0
6714	0
6715	0
6716	0
6717	0
6718	0
6719	0
6720	0
6721	0
6722	0
6723	0
6724	0
6725	0
6726	0
6727	0
6728	0
6729	0
6730	0
6731	0
6732	0
6733	0
6734	0
6735	0
6736	0
6737	0
6738	0
6739	0
6740	0
6741	0
6742	0
6743	0
6744	0
6745	0
6746	0
6747	0
6748	0
6749	0
6750	0
6751	0
6752	0
6753	0
6754	0
6755	0
6756	0
6757	0
6758	0
6759	0
6760	0
6761	0
6762	0
6763	0
6764	0
6765	0
6766	0
6767	0
6768	0
6769	0
6770	0
6771	0
6772	0
6773	0
6774	0
6775	0
6776	0
6777	0
6778	0
6779	0
6780	0
6781	0
6782	0
6783	0
6784	0
6785	0
6786	0
6787	0
6788	0
6789	0
6790	0
6791	0
6792	0
6793	0
6794	0
6795	0
6796	0
6797	0
6798	0
6799	0
6800	0
6801	0
6802	0
6803	0
6804	0
6805	0
6806	0
6807	0
6808	0
6809	0
6810	0
6811	0
6812	0
6813	0
6814	0
6815	0
6816	0
6817	0
6818	0
6819	0
6820	0
6821	0
6822	0
6823	0
6824	0
6825	0
6826	0
6827	0
6828	0
6829	0
6830	0
6831	0
6832	0
6833	0
6834	0
6835	0
6836	0
6837	0
6838	0
6839	0
6840	0
6841	0
6842	0
6843	0
6844	0
6845	0
6846	0
6847	0
6848	0
6849	0
6850	0
6851	0
6852	0
6853	0
6854	0
6855	0
6856	0
6857	0
6858	0
6859	0
6860	0
6861	0
6862	0
6863	0
6864	0
6865	0
6866	0
6867	0
6868	0
6869	0
6870	0
6871	0
6872	0
6873	0
6874	0
6875	0
6876	0
6877	0
6878	0
6879	0
6880	0
6881	0
6882	0
6883	0
6884	0
6885	0
6886	0
6887	0
6888	0
6889	0
6890	0
6891	0
6892	0
6893	0
6894	0
6895	0
6896	0
6897	0
6898	0
6899	0
6900	0
6901	0
6902	0
6903	0
6904	0
6905	0
6906	0
6907	0
6908	0
6909	0
6910	0
6911	0
6912	0
6913	0
6914	0
6915	0
6916	0
6917	0
6918	0
6919	0
6920	0
6921	0
6922	0
6923	0
6924	0
6925	0
6926	0
6927	0
6928	0
6929	0
6930	0
6931	0
6932	0
6933	0
6934	0
6935	0
6936	0
6937	0
6938	0
6939	0
6940	0
6941	0
6942	0
6943	0
6944	0
6945	0
6946	0
6947	0
6948	0
6949	0
6950	0
6951	0
6952	0
6953	0
6954	0
6955	0
6956	0
6957	0
6958	0
6959	0
6960	0
6961	0
6962	0
6963	0
6964	0
6965	0
6966	0
6967	0
6968	0
6969	0
6970	0
6971	0
6972	0
6973	0
6974	0
6975	0
6976	0
6977	0
6978	0
6979	0
6980	0
6981	0
6982	0
6983	0
6984	0
6985	0
6986	0
6987	0
6988	0
6989	0
6990	0
6991	0
6992	0
6993	0
6994	0
6995	0
6996	0
6997	0
6998	0
6999	0
7000	0
7001	0
7002	0
7003	0
7004	0
7005	0
7006	0
7007	0
7008	0
7009	0
7010	0
7011	0
7012	0
7013	0
7014	0
7015	0
7016	0
7017	0
7018	0
7019	0
7020	0
7021	0
7022	0
7023	0
7024	0
7025	0
7026	0
7027	0
7028	0
7029	0
7030	0
7031	0
7032	0
7033	0
7034	0
7035	0
7036	0
7037	0
7038	0
7039	0
7040	0
7041	0
7042	0
7043	0
7044	0
7045	0
7046	0
7047	0
7048	0
7049	0
7050	0
7051	0
7052	0
7053	0
7054	0
7055	0
7056	0
7057	0
7058	0
7059	0
7060	0
7061	0
7062	0
7063	0
7064	0
7065	0
7066	0
7067	0
7068	0
7069	0
7070	0
7071	0
7072	0
7073	0
7074	0
7075	0
7076	0
7077	0
7078	0
7079	0
7080	0
7081	0
7082	0
7083	0
7084	0
7085	0
7086	0
7087	0
7088	0
7089	0
7090	0
7091	0
7092	0
7093	0
7094	0
7095	0
7096	0
7097	0
7098	0
7099	0
7100	0
7101	0
7102	0
7103	0
7104	0
7105	0
7106	0
7107	0
7108	0
7109	0
7110	0
7111	0
7112	0
7113	0
7114	0
7115	0
7116	0
7117	0
7118	0
7119	0
7120	0
7121	0
7122	0
7123	0
7124	0
7125	0
7126	0
7127	0
7128	0
7129	0
7130	0
7131	0
7132	0
7133	0
7134	0
7135	0
7136	0
7137	0
7138	0
7139	0
7140	0
7141	0
7142	0
7143	0
7144	0
7145	0
7146	0
7147	0
7148	0
7149	0
7150	0
7151	0
7152	0
7153	0
7154	0
7155	0
7156	0
7157	0
7158	0
7159	0
7160	0
7161	0
7162	0
7163	0
7164	0
7165	0
7166	0
7167	0
7168	0
7169	0
7170	0
7171	0
7172	0
7173	0
7174	0
7175	0
7176	0
7177	0
7178	0
7179	0
7180	0
7181	0
7182	0
7183	0
7184	0
7185	0
7186	0
7187	0
7188	0
7189	0
7190	0
7191	0
7192	0
7193	0
7194	0
7195	0
7196	0
7197	0
7198	0
7199	0
7200	0
7201	0
7202	0
7203	0
7204	0
7205	0
7206	0
7207	0
7208	0
7209	0
7210	0
7211	0
7212	0
7213	0
7214	0
7215	0
7216	0
7217	0
7218	0
7219	0
7220	0
7221	0
7222	0
7223	0
7224	0
7225	0
7226	0
7227	0
7228	0
7229	0
7230	0
7231	0
7232	0
7233	0
7234	0
7235	0
7236	0
7237	0
7238	0
7239	0
7240	0
7241	0
7242	0
7243	0
7244	0
7245	0
7246	0
7247	0
7248	0
7249	0
7250	0
7251	0
7252	0
7253	0
7254	0
7255	0
7256	0
7257	0
7258	0
7259	0
7260	0
7261	0
7262	0
7263	0
7264	0
7265	0
7266	0
7267	0
7268	0
7269	0
7270	0
7271	0
7272	0
7273	0
7274	0
7275	0
7276	0
7277	0
7278	0
7279	0
7280	0
7281	0
7282	0
7283	0
7284	0
7285	0
7286	0
7287	0
7288	0
7289	0
7290	0
7291	0
7292	0
7293	0
7294	0
7295	0
7296	0
7297	0
7298	0
7299	0
7300	0
7301	0
7302	0
7303	0
7304	0
7305	0
7306	0
7307	0
7308	0
7309	0
7310	0
7311	0
7312	0
7313	0
7314	0
7315	0
7316	0
7317	0
7318	0
7319	0
7320	0
7321	0
7322	0
7323	0
7324	0
7325	0
7326	0
7327	0
7328	0
7329	0
7330	0
7331	0
7332	0
7333	0
7334	0
7335	0
7336	0
7337	0
7338	0
7339	0
7340	0
7341	0
7342	0
7343	0
7344	0
7345	0
7346	0
7347	0
7348	0
7349	0
7350	0
7351	0
7352	0
7353	0
7354	0
7355	0
7356	0
7357	0
7358	0
7359	0
7360	0
7361	0
7362	0
7363	0
7364	0
7365	0
7366	0
7367	0
7368	0
7369	0
7370	0
7371	0
7372	0
7373	0
7374	0
7375	0
7376	0
7377	0
7378	0
7379	0
7380	0
7381	0
7382	0
7383	0
7384	0
7385	0
7386	0
7387	0
7388	0
7389	0
7390	0
7391	0
7392	0
7393	0
7394	0
7395	0
7396	0
7397	0
7398	0
7399	0
7400	0
7401	0
7402	0
7403	0
7404	0
7405	0
7406	0
7407	0
7408	0
7409	0
7410	0
7411	0
7412	0
7413	0
7414	0
7415	0
7416	0
7417	0
7418	0
7419	0
7420	0
7421	0
7422	0
7423	0
7424	0
7425	0
7426	0
7427	0
7428	0
7429	0
7430	0
7431	0
7432	0
7433	0
7434	0
7435	0
7436	0
7437	0
7438	0
7439	0
7440	0
7441	0
7442	0
7443	0
7444	0
7445	0
7446	0
7447	0
7448	0
7449	0
7450	0
7451	0
7452	0
7453	0
7454	0
7455	0
7456	0
7457	0
7458	0
7459	0
7460	0
7461	0
7462	0
7463	0
7464	0
7465	0
7466	0
7467	0
7468	0
7469	0
7470	0
7471	0
7472	0
7473	0
7474	0
7475	0
7476	0
7477	0
7478	0
7479	0
7480	0
7481	0
7482	0
7483	0
7484	0
7485	0
7486	0
7487	0
7488	0
7489	0
7490	0
7491	0
7492	0
7493	0
7494	0
7495	0
7496	0
7497	0
7498	0
7499	0
7500	0
7501	0
7502	0
7503	0
7504	0
7505	0
7506	0
7507	0
7508	0
7509	0
7510	0
7511	0
7512	0
7513	0
7514	0
7515	0
7516	0
7517	0
7518	0
7519	0
7520	0
7521	0
7522	0
7523	0
7524	0
7525	0
7526	0
7527	0
7528	0
7529	0
7530	0
7531	0
7532	0
7533	0
7534	0
7535	0
7536	0
7537	0
7538	0
7539	0
7540	0
7541	0
7542	0
7543	0
7544	0
7545	0
7546	0
7547	0
7548	0
7549	0
7550	0
7551	0
7552	0
7553	0
7554	0
7555	0
7556	0
7557	0
7558	0
7559	0
7560	0
7561	0
7562	0
7563	0
7564	0
7565	0
7566	0
7567	0
7568	0
7569	0
7570	0
7571	0
7572	0
7573	0
7574	0
7575	0
7576	0
7577	0
7578	0
7579	0
7580	0
7581	0
7582	0
7583	0
7584	0
7585	0
7586	0
7587	0
7588	0
7589	0
7590	0
7591	0
7592	0
7593	0
7594	0
7595	0
7596	0
7597	0
7598	0
7599	0
7600	0
7601	0
7602	0
7603	0
7604	0
7605	0
7606	0
7607	0
7608	0
7609	0
7610	0
7611	0
7612	0
7613	0
7614	0
7615	0
7616	0
7617	0
7618	0
7619	0
7620	0
7621	0
7622	0
7623	0
7624	0
7625	0
7626	0
7627	0
7628	0
7629	0
7630	0
7631	0
7632	0
7633	0
7634	0
7635	0
7636	0
7637	0
7638	0
7639	0
7640	0
7641	0
7642	0
7643	0
7644	0
7645	0
7646	0
7647	0
7648	0
7649	0
7650	0
7651	0
7652	0
7653	0
7654	0
7655	0
7656	0
7657	0
7658	0
7659	0
7660	0
7661	0
7662	0
7663	0
7664	0
7665	0
7666	0
7667	0
7668	0
7669	0
7670	0
7671	0
7672	0
7673	0
7674	0
7675	0
7676	0
7677	0
7678	0
7679	0
7680	0
7681	0
7682	0
7683	0
7684	0
7685	0
7686	0
7687	0
7688	0
7689	0
7690	0
7691	0
7692	0
7693	0
7694	0
7695	0
7696	0
7697	0
7698	0
7699	0
7700	0
7701	0
7702	0
7703	0
7704	0
7705	0
7706	0
7707	0
7708	0
7709	0
7710	0
7711	0
7712	0
7713	0
7714	0
7715	0
7716	0
7717	0
7718	0
7719	0
7720	0
7721	0
7722	0
7723	0
7724	0
7725	0
7726	0
7727	0
7728	0
7729	0
7730	0
7731	0
7732	0
7733	0
7734	0
7735	0
7736	0
7737	0
7738	0
7739	0
7740	0
7741	0
7742	0
7743	0
7744	0
7745	0
7746	0
7747	0
7748	0
7749	0
7750	0
7751	0
7752	0
7753	0
7754	0
7755	0
7756	0
7757	0
7758	0
7759	0
7760	0
7761	0
7762	0
7763	0
7764	0
7765	0
7766	0
7767	0
7768	0
7769	0
7770	0
7771	0
7772	0
7773	0
7774	0
7775	0
7776	0
7777	0
7778	0
7779	0
7780	0
7781	0
7782	0
7783	0
7784	0
7785	0
7786	0
7787	0
7788	0
7789	0
7790	0
7791	0
7792	0
7793	0
7794	0
7795	0
7796	0
7797	0
7798	0
7799	0
7800	0
7801	0
7802	0
7803	0
7804	0
7805	0
7806	0
7807	0
7808	0
7809	0
7810	0
7811	0
7812	0
7813	0
7814	0
7815	0
7816	0
7817	0
7818	0
7819	0
7820	0
7821	0
7822	0
7823	0
7824	0
7825	0
7826	0
7827	0
7828	0
7829	0
7830	0
7831	0
7832	0
7833	0
7834	0
7835	0
7836	0
7837	0
7838	0
7839	0
7840	0
7841	0
7842	0
7843	0
7844	0
7845	0
7846	0
7847	0
7848	0
7849	0
7850	0
7851	0
7852	0
7853	0
7854	0
7855	0
7856	0
7857	0
7858	0
7859	0
7860	0
7861	0
7862	0
7863	0
7864	0
7865	0
7866	0
7867	0
7868	0
7869	0
7870	0
7871	0
7872	0
7873	0
7874	0
7875	0
7876	0
7877	0
7878	0
7879	0
7880	0
7881	0
7882	0
7883	0
7884	0
7885	0
7886	0
7887	0
7888	0
7889	0
7890	0
7891	0
7892	0
7893	0
7894	0
7895	0
7896	0
7897	0
7898	0
7899	0
7900	0
7901	0
7902	0
7903	0
7904	0
7905	0
7906	0
7907	0
7908	0
7909	0
7910	0
7911	0
7912	0
7913	0
7914	0
7915	0
7916	0
7917	0
7918	0
7919	0
7920	0
7921	0
7922	0
7923	0
7924	0
7925	0
7926	0
7927	0
7928	0
7929	0
7930	0
7931	0
7932	0
7933	0
7934	0
7935	0
7936	0
7937	0
7938	0
7939	0
7940	0
7941	0
7942	0
7943	0
7944	0
7945	0
7946	0
7947	0
7948	0
7949	0
7950	0
7951	0
7952	0
7953	0
7954	0
7955	0
7956	0
7957	0
7958	0
7959	0
7960	0
7961	0
7962	0
7963	0
7964	0
7965	0
7966	0
7967	0
7968	0
7969	0
7970	0
7971	0
7972	0
7973	0
7974	0
7975	0
7976	0
7977	0
7978	0
7979	0
7980	0
7981	0
7982	0
7983	0
7984	0
7985	0
7986	0
7987	0
7988	0
7989	0
7990	0
7991	0
7992	0
7993	0
7994	0
7995	0
7996	0
7997	0
7998	0
7999	0
8000	0
8001	0
8002	0
8003	0
8004	0
8005	0
8006	0
8007	0
8008	0
8009	0
8010	0
8011	0
8012	0
8013	0
8014	0
8015	0
8016	0
8017	0
8018	0
8019	0
8020	0
8021	0
8022	0
8023	0
8024	0
8025	0
8026	0
8027	0
8028	0
8029	0
8030	0
8031	0
8032	0
8033	0
8034	0
8035	0
8036	0
8037	0
8038	0
8039	0
8040	0
8041	0
8042	0
8043	0
8044	0
8045	0
8046	0
8047	0
8048	0
8049	0
8050	0
8051	0
8052	0
8053	0
8054	0
8055	0
8056	0
8057	0
8058	0
8059	0
8060	0
8061	0
8062	0
8063	0
8064	0
8065	0
8066	0
8067	0
8068	0
8069	0
8070	0
8071	0
8072	0
8073	0
8074	0
8075	0
8076	0
8077	0
8078	0
8079	0
8080	0
8081	0
8082	0
8083	0
8084	0
8085	0
8086	0
8087	0
8088	0
8089	0
8090	0
8091	0
8092	0
8093	0
8094	0
8095	0
8096	0
8097	0
8098	0
8099	0
8100	0
8101	0
8102	0
8103	0
8104	0
8105	0
8106	0
8107	0
8108	0
8109	0
8110	0
8111	0
8112	0
8113	0
8114	0
8115	0
8116	0
8117	0
8118	0
8119	0
8120	0
8121	0
8122	0
8123	0
8124	0
8125	0
8126	0
8127	0
8128	0
8129	0
8130	0
8131	0
8132	0
8133	0
8134	0
8135	0
8136	0
8137	0
8138	0
8139	0
8140	0
8141	0
8142	0
8143	0
8144	0
8145	0
8146	0
8147	0
8148	0
8149	0
8150	0
8151	0
8152	0
8153	0
8154	0
8155	0
8156	0
8157	0
8158	0
8159	0
8160	0
8161	0
8162	0
8163	0
8164	0
8165	0
8166	0
8167	0
8168	0
8169	0
8170	0
8171	0
8172	0
8173	0
8174	0
8175	0
8176	0
8177	0
8178	0
8179	0
8180	0
8181	0
8182	0
8183	0
8184	0
8185	0
8186	0
8187	0
8188	0
8189	0
8190	0
8191	0
