T	B	IR-	IR+	UR-	UR+	UH-	UH+	R-	R+	R	rho	drho	UH	RH	UH2	tau	dtau	lambda	dlambda
1.00E+01	0.00E+00	-1.00E-01	1.00E-01	-1.11E-06	-4.45E-07	-2.05E-07	-2.07E-07	1.11E-05	-4.45E-06	3.31622E-06	6.52305E-11	3.19415E-12	-2.06E-07	2.05919E-06	9.56E-10	6.65807E-12	3.81057E-13	9.21794E-06	5.94061E-07
1.10E+01	0.00E+00	-1.00E-01	1.00E-01	-1.09E-06	-4.44E-07	-2.34E-07	-2.43E-07	1.09E-05	-4.44E-06	3.23701E-06	6.36725E-11	3.11786E-12	-2.38E-07	2.38397E-06	4.77E-09	6.82099E-12	3.90382E-13	9.4435E-06	6.08597E-07
1.20E+01	0.00E+00	-1.00E-01	1.00E-01	-1.08E-06	-5.01E-07	-2.40E-07	-2.38E-07	1.08E-05	-5.01E-06	2.88102E-06	5.66701E-11	2.77497E-12	-2.39E-07	2.388E-06	-1.26E-09	7.66382E-12	4.38618E-13	1.06104E-05	6.83798E-07
1.30E+01	0.00E+00	-1.00E-01	1.00E-01	-1.16E-06	-4.76E-07	-2.37E-07	-2.37E-07	1.16E-05	-4.76E-06	3.39711E-06	6.68218E-11	3.27207E-12	-2.37E-07	2.36989E-06	3.07E-10	6.49952E-12	3.71983E-13	8.99843E-06	5.79914E-07
1.40E+01	0.00E+00	-1.00E-01	1.00E-01	-1.19E-06	-4.67E-07	-2.24E-07	-2.30E-07	1.19E-05	-4.67E-06	3.63118E-06	7.14258E-11	3.49752E-12	-2.27E-07	2.27094E-06	3.37E-09	6.08057E-12	3.48005E-13	8.4184E-06	5.42533E-07
1.50E+01	0.00E+00	-1.00E-01	1.00E-01	-1.15E-06	-4.62E-07	-2.31E-07	-2.35E-07	1.15E-05	-4.62E-06	3.43911E-06	6.76479E-11	3.31252E-12	-2.33E-07	2.32851E-06	1.73E-09	6.42015E-12	3.6744E-13	8.88854E-06	5.72832E-07
1.60E+01	0.00E+00	-1.00E-01	1.00E-01	-1.15E-06	-4.21E-07	-2.50E-07	-2.54E-07	1.15E-05	-4.21E-06	3.65126E-06	7.18209E-11	3.51686E-12	-2.52E-07	2.51942E-06	2.35E-09	6.04712E-12	3.46091E-13	8.37209E-06	5.39549E-07
1.70E+01	0.00E+00	-1.00E-01	1.00E-01	-1.15E-06	-3.96E-07	-2.48E-07	-2.62E-07	1.15E-05	-3.96E-06	3.76619E-06	7.40816E-11	3.62756E-12	-2.55E-07	2.5483E-06	7.16E-09	5.86258E-12	3.35529E-13	8.1166E-06	5.23084E-07
1.80E+01	0.00E+00	-1.00E-01	1.00E-01	-1.17E-06	-3.85E-07	-2.59E-07	-2.66E-07	1.17E-05	-3.85E-06	3.91672E-06	7.70426E-11	3.77255E-12	-2.62E-07	2.62331E-06	3.40E-09	5.63726E-12	3.22634E-13	7.80466E-06	5.0298E-07
1.90E+01	0.00E+00	-1.00E-01	1.00E-01	-1.20E-06	-4.34E-07	-2.74E-07	-2.71E-07	1.20E-05	-4.34E-06	3.80687E-06	7.48817E-11	3.66674E-12	-2.73E-07	2.72697E-06	-1.30E-09	5.79994E-12	3.31944E-13	8.02988E-06	5.17495E-07
2.00E+01	0.00E+00	-1.00E-01	1.00E-01	-1.21E-06	-4.45E-07	-2.79E-07	-2.84E-07	1.21E-05	-4.45E-06	3.81456E-06	7.5033E-11	3.67415E-12	-2.81E-07	2.81223E-06	2.58E-09	5.78824E-12	3.31275E-13	8.01368E-06	5.16451E-07
2.10E+01	0.00E+00	-1.00E-01	1.00E-01	-1.22E-06	-4.40E-07	-2.90E-07	-2.86E-07	1.22E-05	-4.40E-06	3.91199E-06	7.69495E-11	3.768E-12	-2.88E-07	2.88242E-06	-1.92E-09	5.64408E-12	3.23024E-13	7.81409E-06	5.03589E-07
2.20E+01	0.00E+00	-1.00E-01	1.00E-01	-1.24E-06	-3.97E-07	-2.89E-07	-3.12E-07	1.24E-05	-3.97E-06	4.21501E-06	8.291E-11	4.05987E-12	-3.00E-07	3.00297E-06	1.17E-08	5.23832E-12	2.99802E-13	7.25233E-06	4.67385E-07
2.30E+01	0.00E+00	-1.00E-01	1.00E-01	-1.22E-06	-2.99E-07	-3.16E-07	-3.13E-07	1.22E-05	-2.99E-06	4.61845E-06	9.08457E-11	4.44845E-12	-3.14E-07	3.14362E-06	-1.15E-09	4.78074E-12	2.73613E-13	6.61881E-06	4.26557E-07
2.40E+01	0.00E+00	-1.00E-01	1.00E-01	-1.30E-06	-4.26E-07	-3.10E-07	-3.13E-07	1.30E-05	-4.26E-06	4.36038E-06	8.57694E-11	4.19988E-12	-3.12E-07	3.11732E-06	1.33E-09	5.06369E-12	2.89807E-13	7.01056E-06	4.51803E-07
2.50E+01	0.00E+00	-1.00E-01	1.00E-01	-1.35E-06	-3.85E-07	-3.07E-07	-3.26E-07	1.35E-05	-3.85E-06	4.84554E-06	9.53125E-11	4.66718E-12	-3.16E-07	3.16116E-06	9.52E-09	4.55669E-12	2.6079E-13	6.30863E-06	4.06567E-07
2.60E+01	0.00E+00	-1.00E-01	1.00E-01	-1.39E-06	-2.72E-07	-3.31E-07	-3.43E-07	1.39E-05	-2.72E-06	5.56595E-06	1.09483E-10	5.36108E-12	-3.37E-07	3.36857E-06	5.80E-09	3.9669E-12	2.27035E-13	5.49208E-06	3.53944E-07
2.70E+01	0.00E+00	-1.00E-01	1.00E-01	-1.39E-06	-2.28E-07	-3.46E-07	-3.56E-07	1.39E-05	-2.28E-06	5.79142E-06	1.13918E-10	5.57825E-12	-3.51E-07	3.51321E-06	4.96E-09	3.81247E-12	2.18197E-13	5.27827E-06	3.40164E-07
2.80E+01	0.00E+00	-1.00E-01	1.00E-01	-1.43E-06	-1.80E-07	-3.57E-07	-3.56E-07	1.43E-05	-1.80E-06	6.26634E-06	1.2326E-10	6.03568E-12	-3.57E-07	3.56691E-06	-2.62E-10	3.52353E-12	2.0166E-13	4.87824E-06	3.14384E-07
2.90E+01	0.00E+00	-1.00E-01	1.00E-01	-1.48E-06	-2.96E-07	-3.61E-07	-3.66E-07	1.48E-05	-2.96E-06	5.93109E-06	1.16665E-10	5.71277E-12	-3.64E-07	3.63845E-06	2.48E-09	3.72269E-12	2.13058E-13	5.15397E-06	3.32154E-07
3.00E+01	0.00E+00	-1.00E-01	1.00E-01	-1.58E-06	-1.13E-07	-3.72E-07	-3.77E-07	1.58E-05	-1.13E-06	7.35126E-06	1.44601E-10	7.08067E-12	-3.75E-07	3.74643E-06	2.60E-09	3.00351E-12	1.71898E-13	4.15829E-06	2.67986E-07
3.20E+01	0.00E+00	-1.00E-01	1.00E-01	-1.72E-06	-6.69E-08	-3.88E-07	-3.91E-07	1.72E-05	-6.69E-07	8.28824E-06	1.63031E-10	7.98316E-12	-3.90E-07	3.89772E-06	1.38E-09	2.66397E-12	1.52465E-13	3.6882E-06	2.3769E-07
3.40E+01	0.00E+00	-1.00E-01	1.00E-01	-2.03E-06	8.48E-09	-4.03E-07	-4.09E-07	2.03E-05	8.48E-08	1.01722E-05	2.00088E-10	9.79774E-12	-4.06E-07	4.05951E-06	2.86E-09	2.17059E-12	1.24228E-13	3.00513E-06	1.93669E-07
3.60E+01	0.00E+00	-1.00E-01	1.00E-01	-2.21E-06	1.86E-07	-4.26E-07	-4.28E-07	2.21E-05	1.86E-06	1.19697E-05	2.35445E-10	1.15291E-11	-4.27E-07	4.27007E-06	1.48E-09	1.84463E-12	1.05573E-13	2.55385E-06	1.64586E-07
3.80E+01	0.00E+00	-1.00E-01	1.00E-01	-2.44E-06	3.74E-07	-4.36E-07	-4.44E-07	2.44E-05	3.74E-06	1.40566E-05	2.76495E-10	1.35392E-11	-4.40E-07	4.40083E-06	3.86E-09	1.57077E-12	8.98988E-14	2.17469E-06	1.40151E-07
4.00E+01	0.00E+00	-1.00E-01	1.00E-01	-2.70E-06	6.08E-07	-4.45E-07	-4.49E-07	2.70E-05	6.08E-06	1.65644E-05	3.25825E-10	1.59547E-11	-4.47E-07	4.46914E-06	2.12E-09	1.33295E-12	7.62881E-14	1.84544E-06	1.18932E-07
1.00E+01	-2.00E+00	-1.00E-01	1.00E-01	-1.92E-06	-3.54E-07	-4.64E-07	-2.17E-07	1.92E-05	-3.54E-06	7.84734E-06	1.54358E-10	7.55849E-12	-3.41E-07	3.40697E-06	-1.23E-07	2.81364E-12	1.61031E-13	3.89542E-06	2.51045E-07
2.00E+01	-2.00E+00	-1.00E-01	1.00E-01	-1.98E-06	-3.21E-07	-4.73E-07	-2.28E-07	1.98E-05	-3.21E-06	8.29965E-06	1.63255E-10	7.99415E-12	-3.50E-07	3.50464E-06	-1.23E-07	2.66031E-12	1.52256E-13	3.68313E-06	2.37364E-07
3.00E+01	-2.00E+00	-1.00E-01	1.00E-01	-2.26E-06	1.88E-08	-5.95E-07	-3.36E-07	2.26E-05	1.88E-07	1.14088E-05	2.24413E-10	1.09889E-11	-4.65E-07	4.6544E-06	-1.29E-07	1.93531E-12	1.10762E-13	2.67939E-06	1.72676E-07
4.01E+01	-2.00E+00	-1.00E-01	1.00E-01	-3.08E-06	9.11E-07	-6.57E-07	-4.05E-07	3.08E-05	9.11E-06	1.99532E-05	3.92483E-10	1.92188E-11	-5.31E-07	5.30614E-06	-1.26E-07	1.10657E-12	6.33316E-14	1.53202E-06	9.87328E-08
1.00E+01	-4.00E+00	-1.00E-01	1.00E-01	-2.39E-06	7.60E-08	-5.75E-07	-7.07E-08	2.39E-05	7.60E-07	1.23513E-05	2.42952E-10	1.18967E-11	-3.23E-07	3.2271E-06	-2.52E-07	1.78764E-12	1.02311E-13	2.47494E-06	1.595E-07
2.00E+01	-4.00E+00	-1.00E-01	1.00E-01	-2.48E-06	1.06E-07	-6.08E-07	-1.06E-07	2.48E-05	1.06E-06	1.29295E-05	2.54325E-10	1.24536E-11	-3.57E-07	3.57125E-06	-2.51E-07	1.7077E-12	9.77354E-14	2.36426E-06	1.52368E-07
3.00E+01	-4.00E+00	-1.00E-01	1.00E-01	-2.68E-06	6.03E-07	-7.00E-07	-1.83E-07	2.68E-05	6.03E-06	1.64332E-05	3.23245E-10	1.58284E-11	-4.42E-07	4.41529E-06	-2.59E-07	1.34359E-12	7.6897E-14	1.86017E-06	1.19881E-07
4.01E+01	-4.00E+00	-1.00E-01	1.00E-01	-3.47E-06	1.52E-06	-7.99E-07	-2.90E-07	3.47E-05	1.52E-05	2.49448E-05	4.90669E-10	2.40267E-11	-5.44E-07	5.44445E-06	-2.55E-07	8.85137E-13	5.06585E-14	1.22545E-06	7.89756E-08
1.00E+01	-6.00E+00	-1.00E-01	1.00E-01	-2.87E-06	4.45E-07	-7.12E-07	4.89E-08	2.87E-05	4.45E-06	1.65774E-05	3.26079E-10	1.59672E-11	-3.32E-07	3.80508E-06	-3.81E-07	1.33191E-12	7.62286E-14	1.844E-06	1.18839E-07
2.00E+01	-6.00E+00	-1.00E-01	1.00E-01	-2.87E-06	5.78E-07	-7.01E-07	1.73E-08	2.87E-05	5.78E-06	1.7244E-05	3.39193E-10	1.66093E-11	-3.42E-07	3.58992E-06	-3.59E-07	1.28042E-12	7.32816E-14	1.77271E-06	1.14245E-07
3.00E+01	-6.00E+00	-1.00E-01	1.00E-01	-3.25E-06	9.34E-07	-7.87E-07	-8.32E-08	3.25E-05	9.34E-06	2.09129E-05	4.1136E-10	2.01431E-11	-4.35E-07	4.35303E-06	-3.52E-07	1.05579E-12	6.04254E-14	1.46172E-06	9.4202E-08
4.00E+01	-6.00E+00	-1.00E-01	1.00E-01	-4.02E-06	1.95E-06	-9.05E-07	-1.22E-07	4.02E-05	1.95E-05	2.98762E-05	5.87671E-10	2.87765E-11	-5.14E-07	5.13598E-06	-3.92E-07	7.39035E-13	4.22968E-14	1.02318E-06	6.59398E-08
1.00E+01	6.00E+00	-1.00E-01	1.00E-01	-3.21E-06	5.69E-07	6.00E-08	-7.04E-07	3.21E-05	5.69E-06	1.88789E-05	3.71351E-10	1.8184E-11	-3.22E-07	3.81776E-06	3.82E-07	1.16954E-12	6.69355E-14	1.6192E-06	1.04351E-07
2.00E+01	6.00E+00	-1.00E-01	1.00E-01	-3.22E-06	6.74E-07	3.73E-08	-7.17E-07	3.22E-05	6.74E-06	1.94607E-05	3.82795E-10	1.87444E-11	-3.40E-07	3.77047E-06	3.77E-07	1.13457E-12	6.49344E-14	1.57079E-06	1.01232E-07
3.00E+01	6.00E+00	-1.00E-01	1.00E-01	-3.43E-06	1.12E-06	-5.84E-08	-7.66E-07	3.43E-05	1.12E-05	2.27412E-05	4.47322E-10	2.19041E-11	-4.12E-07	4.12178E-06	3.54E-07	9.70909E-13	5.55674E-14	1.3442E-06	8.66286E-08
4.00E+01	6.00E+00	-1.00E-01	1.00E-01	-4.38E-06	2.07E-06	-9.81E-08	-8.47E-07	4.38E-05	2.07E-05	3.22581E-05	6.34522E-10	3.10707E-11	-4.73E-07	4.72575E-06	3.74E-07	6.84467E-13	3.91737E-14	9.47628E-07	6.1071E-08
1.00E+01	4.00E+00	-1.00E-01	1.00E-01	-2.65E-06	1.64E-07	-4.75E-08	-5.61E-07	2.65E-05	1.64E-06	1.40805E-05	2.76967E-10	1.35623E-11	-3.04E-07	3.0436E-06	2.57E-07	1.56809E-12	8.97457E-14	2.17099E-06	1.39912E-07
2.00E+01	4.00E+00	-1.00E-01	1.00E-01	-2.61E-06	2.47E-07	-8.57E-08	-6.30E-07	2.61E-05	2.47E-06	1.4298E-05	2.81244E-10	1.37717E-11	-3.58E-07	3.57712E-06	2.72E-07	1.54425E-12	8.83809E-14	2.13797E-06	1.37784E-07
3.00E+01	4.00E+00	-1.00E-01	1.00E-01	-2.77E-06	7.24E-07	-6.65E-08	-5.41E-07	2.77E-05	7.24E-06	1.74682E-05	3.43603E-10	1.68253E-11	-3.04E-07	3.03913E-06	2.37E-07	1.26399E-12	7.23409E-14	1.74996E-06	1.12778E-07
4.00E+01	4.00E+00	-1.00E-01	1.00E-01	-3.63E-06	1.61E-06	-6.92E-08	-5.90E-07	3.63E-05	1.61E-05	2.62299E-05	5.15947E-10	2.52644E-11	-3.30E-07	3.2966E-06	2.60E-07	8.41772E-13	4.81766E-14	1.16541E-06	7.51064E-08
1.00E+01	2.00E+00	-1.00E-01	1.00E-01	-2.08E-06	-2.80E-07	-2.09E-07	-4.66E-07	2.08E-05	-2.80E-06	8.99225E-06	1.76879E-10	8.66126E-12	-3.38E-07	3.377E-06	1.29E-07	2.4554E-12	1.40529E-13	3.39945E-06	2.19081E-07
2.00E+01	2.00E+00	-1.00E-01	1.00E-01	-2.18E-06	-2.72E-07	-2.42E-07	-5.07E-07	2.18E-05	-2.72E-06	9.52311E-06	1.87321E-10	9.17258E-12	-3.74E-07	3.74409E-06	1.33E-07	2.31853E-12	1.32695E-13	3.20995E-06	2.06869E-07
3.00E+01	2.00E+00	-1.00E-01	1.00E-01	-2.26E-06	1.31E-07	-2.94E-07	-5.63E-07	2.26E-05	1.31E-06	1.195E-05	2.35058E-10	1.15101E-11	-4.29E-07	4.28967E-06	1.35E-07	1.84767E-12	1.05747E-13	2.55806E-06	1.64857E-07
4.00E+01	2.00E+00	-1.00E-01	1.00E-01	-3.08E-06	1.03E-06	-3.57E-07	-6.37E-07	3.08E-05	1.03E-05	2.05308E-05	4.03843E-10	1.9775E-11	-4.97E-07	4.97176E-06	1.40E-07	1.07544E-12	6.155E-14	1.48892E-06	9.59553E-08
4.20E+01	0.00E+00	-1.00E-01	1.00E-01	-3.11E-06	7.85E-07	-4.65E-07	-4.77E-07	3.11E-05	7.85E-06	1.94602E-05	3.82784E-10	1.87439E-11	-4.71E-07	4.70795E-06	6.08E-09	1.13461E-12	6.49362E-14	1.57083E-06	1.01234E-07
4.40E+01	0.00E+00	-1.00E-01	1.00E-01	-3.29E-06	1.18E-06	-4.70E-07	-4.86E-07	3.29E-05	1.18E-05	2.2346E-05	4.3955E-10	2.15235E-11	-4.78E-07	4.77808E-06	7.77E-09	9.88078E-13	5.655E-14	1.36797E-06	8.81604E-08
4.80E+01	0.00E+00	-1.00E-01	1.00E-01	-3.97E-06	1.92E-06	-4.93E-07	-5.05E-07	3.97E-05	1.92E-05	2.94765E-05	5.79807E-10	2.83915E-11	-4.99E-07	4.98738E-06	5.89E-09	7.49059E-13	4.28704E-14	1.03705E-06	6.68341E-08
5.20E+01	0.00E+00	-1.00E-01	1.00E-01	-4.87E-06	2.86E-06	-4.99E-07	-5.27E-07	4.87E-05	2.86E-05	3.86503E-05	7.60257E-10	3.72276E-11	-5.13E-07	5.12996E-06	1.43E-08	5.71267E-13	3.26949E-14	7.90905E-07	5.09708E-08
5.60E+01	0.00E+00	-1.00E-01	1.00E-01	-5.82E-06	3.85E-06	-5.12E-07	-5.53E-07	5.82E-05	3.85E-05	4.8321E-05	9.50482E-10	4.65423E-11	-5.32E-07	5.32322E-06	2.04E-08	4.56936E-13	2.61515E-14	6.32617E-07	4.07698E-08
6.00E+01	0.00E+00	-1.00E-01	1.00E-01	-6.90E-06	4.97E-06	-5.13E-07	-5.65E-07	6.90E-05	4.97E-05	5.93361E-05	1.16715E-09	5.7152E-11	-5.39E-07	5.38846E-06	2.58E-08	3.72111E-13	2.12968E-14	5.15178E-07	3.32013E-08
6.50E+01	0.00E+00	-1.00E-01	1.00E-01	-8.65E-06	6.35E-06	-6.11E-07	-6.74E-07	8.65E-05	6.35E-05	7.4994E-05	1.47514E-09	7.22335E-11	-6.43E-07	6.42585E-06	3.14E-08	2.94418E-13	1.68503E-14	4.07615E-07	2.62692E-08
7.00E+01	0.00E+00	-1.00E-01	1.00E-01	-1.04E-05	8.06E-06	-6.22E-07	-7.02E-07	1.04E-04	8.06E-05	9.20627E-05	1.81089E-09	8.8674E-11	-6.62E-07	6.61999E-06	4.02E-08	2.39832E-13	1.37262E-14	3.32042E-07	2.13988E-08
7.50E+01	0.00E+00	-1.00E-01	1.00E-01	-1.20E-05	9.93E-06	-6.28E-07	-7.29E-07	1.20E-04	9.93E-05	0.000109809	2.15996E-09	1.05767E-10	-6.79E-07	6.78637E-06	5.07E-08	2.01073E-13	1.15079E-14	2.78381E-07	1.79406E-08
8.00E+01	0.00E+00	-1.00E-01	1.00E-01	-1.39E-05	1.17E-05	-6.44E-07	-7.66E-07	1.39E-04	1.17E-04	0.000128074	2.51925E-09	1.2336E-10	-7.05E-07	7.04994E-06	6.05E-08	1.72397E-13	9.86667E-15	2.38679E-07	1.5382E-08
8.50E+01	0.00E+00	-1.00E-01	1.00E-01	-1.58E-05	1.37E-05	-6.65E-07	-7.91E-07	1.58E-04	1.37E-04	0.000147427	2.89992E-09	1.42001E-10	-7.28E-07	7.28204E-06	6.28E-08	1.49766E-13	8.57147E-15	2.07348E-07	1.33628E-08
9.00E+01	0.00E+00	-1.00E-01	1.00E-01	-1.77E-05	1.57E-05	-6.62E-07	-8.08E-07	1.77E-04	1.57E-04	0.000166655	3.27814E-09	1.60521E-10	-7.35E-07	7.35254E-06	7.32E-08	1.32487E-13	7.58253E-15	1.83425E-07	1.1821E-08
9.50E+01	0.00E+00	-1.00E-01	1.00E-01	-1.97E-05	1.77E-05	-6.64E-07	-8.35E-07	1.97E-04	1.77E-04	0.000187109	3.68047E-09	1.80222E-10	-7.50E-07	7.49658E-06	8.56E-08	1.18004E-13	6.75364E-15	1.63373E-07	1.05288E-08
1.00E+02	0.00E+00	-1.00E-01	1.00E-01	-2.18E-05	1.97E-05	-6.68E-07	-8.43E-07	2.18E-04	1.97E-04	0.000207491	4.08139E-09	1.99854E-10	-7.56E-07	7.5561E-06	8.78E-08	1.06412E-13	6.09023E-15	1.47325E-07	9.49455E-09
1.10E+02	0.00E+00	-1.00E-01	1.00E-01	-2.57E-05	2.39E-05	-6.77E-07	-8.95E-07	2.57E-04	2.39E-04	0.000247832	4.87489E-09	2.38709E-10	-7.86E-07	7.86188E-06	1.09E-07	8.90911E-14	5.09889E-15	1.23344E-07	7.94908E-09
1.20E+02	0.00E+00	-1.00E-01	1.00E-01	-2.97E-05	2.80E-05	-6.59E-07	-9.16E-07	2.97E-04	2.80E-04	0.000288404	5.67295E-09	2.77788E-10	-7.88E-07	7.87508E-06	1.28E-07	7.6558E-14	4.3816E-15	1.05993E-07	6.83082E-09
1.30E+02	0.00E+00	-1.00E-01	1.00E-01	-3.38E-05	3.21E-05	-6.84E-07	-9.74E-07	3.38E-04	3.21E-04	0.000329375	6.47886E-09	3.17251E-10	-8.29E-07	8.28538E-06	1.45E-07	6.70349E-14	3.83656E-15	9.28081E-08	5.98113E-09
1.40E+02	0.00E+00	-1.00E-01	1.00E-01	-3.78E-05	3.60E-05	-6.71E-07	-9.83E-07	3.78E-04	3.60E-04	0.000369086	7.25998E-09	3.555E-10	-8.27E-07	8.27297E-06	1.56E-07	5.98224E-14	3.42378E-15	8.28226E-08	5.3376E-09
1.50E+02	0.00E+00	-1.00E-01	1.00E-01	-4.20E-05	4.03E-05	-6.69E-07	-1.01E-06	4.20E-04	4.03E-04	0.000411399	8.09228E-09	3.96256E-10	-8.42E-07	8.41805E-06	1.73E-07	5.36696E-14	3.07164E-15	7.43043E-08	4.78863E-09
1.60E+02	0.00E+00	-1.00E-01	1.00E-01	-4.59E-05	4.43E-05	-6.54E-07	-1.04E-06	4.59E-04	4.43E-04	0.00045061	8.86358E-09	4.34024E-10	-8.49E-07	8.48916E-06	1.94E-07	4.89993E-14	2.80435E-15	6.78384E-08	4.37193E-09
1.70E+02	0.00E+00	-1.00E-01	1.00E-01	-4.98E-05	4.82E-05	-6.52E-07	-1.06E-06	4.98E-04	4.82E-04	0.000489744	9.63334E-09	4.71717E-10	-8.58E-07	8.57965E-06	2.06E-07	4.5084E-14	2.58026E-15	6.24177E-08	4.02258E-09
1.80E+02	0.00E+00	-1.00E-01	1.00E-01	-5.37E-05	5.23E-05	-6.47E-07	-1.13E-06	5.37E-04	5.23E-04	0.000530139	1.04279E-08	5.10625E-10	-8.89E-07	8.88655E-06	2.42E-07	4.16487E-14	2.38366E-15	5.76617E-08	3.71607E-09
1.90E+02	0.00E+00	-1.00E-01	1.00E-01	-5.75E-05	5.63E-05	-6.47E-07	-1.12E-06	5.75E-04	5.63E-04	0.000568848	1.11893E-08	5.47909E-10	-8.85E-07	8.84653E-06	2.38E-07	3.88146E-14	2.22145E-15	5.37379E-08	3.4632E-09
2.00E+02	0.00E+00	-1.00E-01	1.00E-01	-6.15E-05	6.02E-05	-6.40E-07	-1.14E-06	6.15E-04	6.02E-04	0.00060815	1.19624E-08	5.85764E-10	-8.92E-07	8.92032E-06	2.52E-07	3.63062E-14	2.07789E-15	5.02651E-08	3.23939E-09
2.10E+02	0.00E+00	-1.00E-01	1.00E-01	-6.53E-05	6.41E-05	-6.34E-07	-1.17E-06	6.53E-04	6.41E-04	0.000647028	1.27271E-08	6.23212E-10	-9.00E-07	8.99845E-06	2.66E-07	3.41247E-14	1.95304E-15	4.72448E-08	3.04474E-09
2.20E+02	0.00E+00	-1.00E-01	1.00E-01	-6.90E-05	6.80E-05	-6.12E-07	-1.19E-06	6.90E-04	6.80E-04	0.000684926	1.34726E-08	6.59714E-10	-9.01E-07	9.0096E-06	2.89E-07	3.22365E-14	1.84497E-15	4.46307E-08	2.87628E-09
2.30E+02	0.00E+00	-1.00E-01	1.00E-01	-7.28E-05	7.20E-05	-5.89E-07	-1.19E-06	7.28E-04	7.20E-04	0.000723928	1.42398E-08	6.97281E-10	-8.89E-07	8.89448E-06	3.00E-07	3.04997E-14	1.74557E-15	4.22262E-08	2.72131E-09
2.40E+02	0.00E+00	-1.00E-01	1.00E-01	-7.66E-05	7.59E-05	-5.75E-07	-1.22E-06	7.66E-04	7.59E-04	0.000762273	1.4994E-08	7.34215E-10	-8.95E-07	8.95183E-06	3.21E-07	2.89655E-14	1.65776E-15	4.0102E-08	2.58442E-09
2.50E+02	0.00E+00	-1.00E-01	1.00E-01	-8.03E-05	7.97E-05	-5.68E-07	-1.22E-06	8.03E-04	7.97E-04	0.000799933	1.57348E-08	7.70489E-10	-8.95E-07	8.9488E-06	3.27E-07	2.76018E-14	1.57972E-15	3.8214E-08	2.46275E-09
2.60E+02	0.00E+00	-1.00E-01	1.00E-01	-8.40E-05	8.38E-05	-5.53E-07	-1.25E-06	8.40E-04	8.38E-04	0.000838921	1.65017E-08	8.08042E-10	-9.01E-07	9.00564E-06	3.47E-07	2.6319E-14	1.5063E-15	3.64381E-08	2.34829E-09
2.70E+02	0.00E+00	-1.00E-01	1.00E-01	-8.77E-05	8.77E-05	-5.50E-07	-1.26E-06	8.77E-04	8.77E-04	0.000877032	1.72514E-08	8.4475E-10	-9.05E-07	9.04973E-06	3.55E-07	2.51754E-14	1.44085E-15	3.48547E-08	2.24625E-09
2.80E+02	0.00E+00	-1.00E-01	1.00E-01	-9.16E-05	9.15E-05	-5.45E-07	-1.29E-06	9.16E-04	9.15E-04	0.00091519	1.80019E-08	8.81503E-10	-9.15E-07	9.15495E-06	3.71E-07	2.41257E-14	1.38077E-15	3.34015E-08	2.1526E-09
2.90E+02	0.00E+00	-1.00E-01	1.00E-01	-9.55E-05	9.54E-05	-5.34E-07	-1.29E-06	9.55E-04	9.54E-04	0.000954295	1.87711E-08	9.19168E-10	-9.13E-07	9.12995E-06	3.79E-07	2.31371E-14	1.32419E-15	3.20328E-08	2.06439E-09
3.00E+02	0.00E+00	-1.00E-01	1.00E-01	-9.91E-05	9.92E-05	-5.17E-07	-1.33E-06	9.91E-04	9.92E-04	0.000991313	1.94993E-08	9.54824E-10	-9.21E-07	9.21239E-06	4.04E-07	2.22731E-14	1.27474E-15	3.08366E-08	1.9873E-09
