T	B	ISH0	ISH+	USH0	USH+	UTC0	UTC+	STC	ISH	USH	UTC	kappa	dkappa
1.00E+01	0.00E+00	0.00E+00	2.00E-03	-2.01E-06	4.24E+00	3.02E-08	6.28E-07	4.78E-06	2.00E-03	4.24E+00	5.98E-07	4.58E+03	187.2428496
1.10E+01	0.00E+00	0.00E+00	2.50E-03	-1.92E-06	5.25E+00	2.19E-08	9.85E-07	5.22E-06	2.50E-03	5.25E+00	9.63E-07	4.80E+03	196.2556675
1.20E+01	0.00E+00	0.00E+00	2.47E-03	-1.78E-06	5.18E+00	1.98E-08	9.95E-07	5.61E-06	2.47E-03	5.18E+00	9.75E-07	4.97E+03	203.2038097
1.30E+01	0.00E+00	0.00E+00	2.62E-03	-1.75E-06	5.47E+00	1.57E-08	1.14E-06	6.01E-06	2.62E-03	5.47E+00	1.13E-06	5.15E+03	210.5508038
1.40E+01	0.00E+00	0.00E+00	2.77E-03	-1.88E-06	5.77E+00	1.77E-08	1.34E-06	6.41E-06	2.77E-03	5.77E+00	1.32E-06	5.24E+03	214.2665889
1.50E+01	0.00E+00	0.00E+00	2.90E-03	-1.96E-06	6.02E+00	1.82E-08	1.54E-06	6.81E-06	2.90E-03	6.02E+00	1.52E-06	5.26E+03	214.855033
1.60E+01	0.00E+00	0.00E+00	3.00E-03	-1.93E-06	6.22E+00	7.51E-09	1.74E-06	7.20E-06	3.00E-03	6.22E+00	1.73E-06	5.23E+03	213.9633477
1.70E+01	0.00E+00	0.00E+00	3.09E-03	-1.84E-06	6.40E+00	2.08E-09	1.95E-06	7.59E-06	3.09E-03	6.40E+00	1.95E-06	5.18E+03	211.9118213
1.80E+01	0.00E+00	0.00E+00	3.16E-03	-1.91E-06	6.54E+00	4.46E-09	2.19E-06	7.98E-06	3.16E-03	6.54E+00	2.18E-06	5.11E+03	208.7686105
1.90E+01	0.00E+00	0.00E+00	3.23E-03	-1.95E-06	6.67E+00	-4.81E-09	2.44E-06	8.36E-06	3.23E-03	6.67E+00	2.45E-06	4.97E+03	203.0774387
2.00E+01	0.00E+00	0.00E+00	3.27E-03	-1.98E-06	6.75E+00	-3.35E-09	2.69E-06	8.74E-06	3.27E-03	6.75E+00	2.70E-06	4.83E+03	197.3326548
2.10E+01	0.00E+00	0.00E+00	3.30E-03	-2.16E-06	6.81E+00	-4.84E-10	2.98E-06	9.12E-06	3.30E-03	6.81E+00	2.98E-06	4.65E+03	189.9065352
2.20E+01	0.00E+00	0.00E+00	3.32E-03	-2.01E-06	6.84E+00	-9.25E-10	3.26E-06	9.49E-06	3.32E-03	6.84E+00	3.26E-06	4.46E+03	182.4147387
2.30E+01	0.00E+00	0.00E+00	3.33E-03	-2.20E-06	6.85E+00	3.62E-09	3.56E-06	9.86E-06	3.33E-03	6.85E+00	3.55E-06	4.27E+03	174.5900375
2.40E+01	0.00E+00	0.00E+00	3.33E-03	-2.19E-06	6.84E+00	-1.36E-08	3.85E-06	1.02E-05	3.33E-03	6.84E+00	3.87E-06	4.07E+03	166.224742
2.50E+01	0.00E+00	0.00E+00	3.31E-03	-2.04E-06	6.81E+00	-1.32E-09	4.18E-06	1.06E-05	3.31E-03	6.81E+00	4.19E-06	3.86E+03	157.8573125
2.60E+01	0.00E+00	0.00E+00	3.29E-03	-2.03E-06	6.77E+00	-1.10E-08	4.50E-06	1.10E-05	3.29E-03	6.77E+00	4.51E-06	3.66E+03	149.6908796
2.70E+01	0.00E+00	0.00E+00	3.27E-03	-2.21E-06	6.72E+00	-3.51E-08	4.83E-06	1.13E-05	3.27E-03	6.72E+00	4.86E-06	3.45E+03	141.1902236
2.80E+01	0.00E+00	0.00E+00	3.23E-03	-2.14E-06	6.64E+00	-4.29E-08	5.14E-06	1.17E-05	3.23E-03	6.64E+00	5.18E-06	3.27E+03	133.7825445
2.90E+01	0.00E+00	0.00E+00	3.20E-03	-2.10E-06	6.58E+00	-7.42E-08	5.48E-06	1.20E-05	3.20E-03	6.58E+00	5.56E-06	3.09E+03	126.1619519
3.00E+01	0.00E+00	0.00E+00	3.17E-03	-2.21E-06	6.50E+00	-8.67E-08	5.82E-06	1.24E-05	3.17E-03	6.50E+00	5.91E-06	2.91E+03	119.0869417
3.20E+01	0.00E+00	0.00E+00	3.18E-03	-2.09E-06	6.51E+00	-1.21E-07	6.97E-06	1.31E-05	3.18E-03	6.51E+00	7.09E-06	2.58E+03	105.6477582
3.40E+01	0.00E+00	0.00E+00	3.09E-03	-2.09E-06	6.32E+00	-1.29E-07	7.80E-06	1.38E-05	3.09E-03	6.32E+00	7.92E-06	2.30E+03	93.87367844
3.60E+01	0.00E+00	0.00E+00	3.00E-03	-1.98E-06	6.13E+00	-1.46E-07	8.66E-06	1.45E-05	3.00E-03	6.13E+00	8.80E-06	2.04E+03	83.45239494
3.80E+01	0.00E+00	0.00E+00	2.90E-03	-2.14E-06	5.93E+00	-1.40E-07	9.47E-06	1.52E-05	2.90E-03	5.93E+00	9.61E-06	1.84E+03	75.00750558
4.00E+01	0.00E+00	0.00E+00	2.82E-03	-2.14E-06	5.77E+00	-1.42E-07	1.04E-05	1.58E-05	2.82E-03	5.77E+00	1.06E-05	1.65E+03	67.32978534
1.00E+01	-2.00E+00	0.00E+00	2.00E-03	-2.09E-06	4.24E+00	-1.64E-07	1.41E-06	4.93E-06	2.00E-03	4.24E+00	1.57E-06	1.80E+03	73.40957377
2.00E+01	-2.00E+00	0.00E+00	1.94E-03	-2.15E-06	4.04E+00	-9.93E-08	1.73E-06	8.89E-06	1.94E-03	4.04E+00	1.83E-06	2.58E+03	105.3504458
3.00E+01	-2.00E+00	0.00E+00	2.87E-03	-1.91E-06	5.90E+00	-6.50E-08	6.67E-06	1.27E-05	2.87E-03	5.90E+00	6.73E-06	2.16E+03	88.42789458
4.00E+01	-2.00E+00	0.00E+00	3.06E-03	-1.93E-06	6.25E+00	-5.08E-08	1.43E-05	1.62E-05	3.06E-03	6.25E+00	1.43E-05	1.46E+03	59.84452196
1.00E+01	-4.00E+00	0.00E+00	2.00E-03	-2.25E-06	4.24E+00	-8.42E-08	2.51E-06	5.03E-06	2.00E-03	4.24E+00	2.60E-06	1.11E+03	45.28502785
2.00E+01	-4.00E+00	0.00E+00	1.52E-03	-2.12E-06	3.19E+00	-6.27E-08	1.65E-06	8.85E-06	1.52E-03	3.19E+00	1.71E-06	1.70E+03	69.30867907
3.00E+01	-4.00E+00	0.00E+00	2.33E-03	-2.03E-06	4.78E+00	-4.14E-08	5.80E-06	1.28E-05	2.33E-03	4.78E+00	5.84E-06	1.64E+03	67.03576343
4.00E+01	-4.00E+00	0.00E+00	2.66E-03	-1.89E-06	5.44E+00	-2.10E-08	1.26E-05	1.63E-05	2.66E-03	5.44E+00	1.26E-05	1.26E+03	51.42731006
1.00E+01	-6.00E+00	0.00E+00	2.00E-03	-2.11E-06	4.23E+00	-1.17E-07	3.40E-06	5.08E-06	2.00E-03	4.23E+00	3.52E-06	8.25E+02	33.72501058
2.00E+01	-6.00E+00	0.00E+00	1.32E-03	-2.06E-06	2.76E+00	-7.65E-08	1.63E-06	8.79E-06	1.32E-03	2.76E+00	1.70E-06	1.26E+03	51.6829887
3.00E+01	-6.00E+00	0.00E+00	2.01E-03	-2.20E-06	4.13E+00	-2.13E-08	5.38E-06	1.27E-05	2.01E-03	4.13E+00	5.40E-06	1.32E+03	53.87517359
4.00E+01	-6.00E+00	0.00E+00	2.39E-03	-2.15E-06	4.88E+00	2.21E-08	1.17E-05	1.63E-05	2.39E-03	4.88E+00	1.17E-05	1.10E+03	44.77445313
1.00E+01	6.00E+00	0.00E+00	2.00E-03	-2.44E-06	4.23E+00	-9.58E-08	3.34E-06	5.07E-06	2.00E-03	4.23E+00	3.44E-06	8.43E+02	34.43922642
2.00E+01	6.00E+00	0.00E+00	1.33E-03	-2.28E-06	2.79E+00	-7.34E-08	1.64E-06	8.79E-06	1.33E-03	2.79E+00	1.71E-06	1.29E+03	52.56342587
3.00E+01	6.00E+00	0.00E+00	2.02E-03	-2.08E-06	4.17E+00	-4.38E-08	5.39E-06	1.27E-05	2.02E-03	4.17E+00	5.44E-06	1.33E+03	54.40693528
4.00E+01	6.00E+00	0.00E+00	2.40E-03	-2.24E-06	4.90E+00	-3.27E-09	1.17E-05	1.63E-05	2.40E-03	4.90E+00	1.17E-05	1.10E+03	45.00899919
1.00E+01	4.00E+00	0.00E+00	2.00E-03	-2.42E-06	4.24E+00	-8.16E-08	2.46E-06	5.02E-06	2.00E-03	4.24E+00	2.54E-06	1.13E+03	46.24421175
2.00E+01	4.00E+00	0.00E+00	1.54E-03	-2.42E-06	3.22E+00	-7.49E-08	1.65E-06	8.85E-06	1.54E-03	3.22E+00	1.73E-06	1.72E+03	70.22818625
7.14E+00	4.00E+00	0.00E+00	2.34E-03	-2.57E-06	4.95E+00	-1.05E-07	3.38E-06	4.11E-06	2.34E-03	4.95E+00	3.48E-06	9.23E+02	37.70761674
6.69E+00	4.00E+00	0.00E+00	1.97E-03	-2.76E-06	4.20E+00	-1.08E-07	2.38E-06	3.76E-06	1.97E-03	4.20E+00	2.49E-06	8.43E+02	34.45474081
1.00E+01	2.00E+00	0.00E+00	2.00E-03	-2.65E-06	4.24E+00	-9.67E-08	1.46E-06	4.93E-06	2.00E-03	4.24E+00	1.55E-06	1.82E+03	74.26464501
2.00E+01	2.00E+00	0.00E+00	1.95E-03	-2.71E-06	4.07E+00	-8.41E-08	1.74E-06	8.89E-06	1.95E-03	4.07E+00	1.82E-06	2.61E+03	106.7142467
3.00E+01	2.00E+00	0.00E+00	2.89E-03	-2.82E-06	5.93E+00	-7.57E-08	6.73E-06	1.27E-05	2.89E-03	5.93E+00	6.81E-06	2.17E+03	88.58886257
4.00E+01	2.00E+00	0.00E+00	3.06E-03	-2.71E-06	6.25E+00	-4.77E-08	1.43E-05	1.62E-05	3.06E-03	6.25E+00	1.43E-05	1.46E+03	59.8548666
4.20E+01	0.00E+00	0.00E+00	2.73E-03	-2.92E-06	5.57E+00	-6.08E-08	1.13E-05	1.65E-05	2.73E-03	5.57E+00	1.14E-05	1.49E+03	60.77217755
4.40E+01	0.00E+00	0.00E+00	2.67E-03	-2.64E-06	5.44E+00	-5.21E-08	1.24E-05	1.71E-05	2.67E-03	5.44E+00	1.25E-05	1.35E+03	55.03201806
4.80E+01	0.00E+00	0.00E+00	2.65E-03	-2.75E-06	5.41E+00	-5.69E-08	1.57E-05	1.84E-05	2.65E-03	5.41E+00	1.58E-05	1.13E+03	46.12022715
5.20E+01	0.00E+00	0.00E+00	2.53E-03	-2.58E-06	5.15E+00	-5.02E-08	1.79E-05	1.96E-05	2.53E-03	5.15E+00	1.79E-05	9.62E+02	39.33402777
5.60E+01	0.00E+00	0.00E+00	2.43E-03	-2.52E-06	4.93E+00	-4.63E-08	1.99E-05	2.08E-05	2.43E-03	4.93E+00	2.00E-05	8.41E+02	34.37157054
6.00E+01	0.00E+00	0.00E+00	2.35E-03	-2.53E-06	4.77E+00	-6.65E-08	2.21E-05	2.19E-05	2.35E-03	4.77E+00	2.22E-05	7.46E+02	30.49852885
5.97E+01	0.00E+00	0.00E+00	0.00E+00	-1.28E-06	-1.99E-06	-1.04E-07	-3.40E-07	2.14E-05	0.00E+00	-7.07E-07	-2.37E-07	0.00E+00	0
6.50E+01	0.00E+00	0.00E+00	2.22E-03	-2.69E-06	4.51E+00	3.47E-08	2.38E-05	2.33E-05	2.22E-03	4.51E+00	2.38E-05	6.62E+02	27.04463933
7.01E+01	0.00E+00	0.00E+00	2.25E-03	-2.72E-06	4.57E+00	3.40E-08	2.87E-05	2.46E-05	2.25E-03	4.57E+00	2.86E-05	5.97E+02	24.38348146
7.51E+01	0.00E+00	0.00E+00	2.21E-03	-2.63E-06	4.49E+00	1.85E-08	3.15E-05	2.59E-05	2.21E-03	4.49E+00	3.15E-05	5.51E+02	22.51787361
8.01E+01	0.00E+00	0.00E+00	2.20E-03	-2.56E-06	4.45E+00	1.55E-08	3.46E-05	2.71E-05	2.20E-03	4.45E+00	3.46E-05	5.18E+02	21.17979827
8.51E+01	0.00E+00	0.00E+00	2.20E-03	-2.62E-06	4.45E+00	6.46E-09	3.80E-05	2.83E-05	2.20E-03	4.45E+00	3.79E-05	4.92E+02	20.11930219
9.01E+01	0.00E+00	0.00E+00	2.21E-03	-2.51E-06	4.46E+00	4.57E-10	4.14E-05	2.95E-05	2.21E-03	4.46E+00	4.14E-05	4.73E+02	19.32060288
9.51E+01	0.00E+00	0.00E+00	2.22E-03	-2.58E-06	4.49E+00	1.52E-09	4.51E-05	3.06E-05	2.22E-03	4.49E+00	4.51E-05	4.57E+02	18.67135017
1.00E+02	0.00E+00	0.00E+00	2.24E-03	-2.54E-06	4.53E+00	2.73E-08	4.88E-05	3.17E-05	2.24E-03	4.53E+00	4.88E-05	4.45E+02	18.17666283
1.10E+02	0.00E+00	0.00E+00	2.32E-03	-2.65E-06	4.69E+00	3.55E-08	5.80E-05	3.38E-05	2.32E-03	4.69E+00	5.80E-05	4.28E+02	17.48425762
1.20E+02	0.00E+00	0.00E+00	2.38E-03	-2.43E-06	4.80E+00	8.42E-08	6.62E-05	3.58E-05	2.38E-03	4.80E+00	6.61E-05	4.17E+02	17.04642729
1.30E+02	0.00E+00	0.00E+00	2.44E-03	-2.42E-06	4.93E+00	1.24E-07	7.54E-05	3.78E-05	2.44E-03	4.93E+00	7.52E-05	4.08E+02	16.68740678
1.40E+02	0.00E+00	0.00E+00	2.51E-03	-2.39E-06	5.06E+00	2.66E-07	8.42E-05	3.96E-05	2.51E-03	5.06E+00	8.40E-05	4.05E+02	16.54318809
1.50E+02	0.00E+00	0.00E+00	2.58E-03	-2.33E-06	5.22E+00	1.92E-07	9.38E-05	4.14E-05	2.58E-03	5.22E+00	9.36E-05	4.03E+02	16.4576092
1.60E+02	0.00E+00	0.00E+00	2.66E-03	-2.25E-06	5.38E+00	3.23E-07	1.04E-04	4.31E-05	2.66E-03	5.38E+00	1.04E-04	4.01E+02	16.37344944
1.70E+02	0.00E+00	0.00E+00	2.74E-03	-2.26E-06	5.53E+00	5.23E-07	1.16E-04	4.48E-05	2.74E-03	5.53E+00	1.15E-04	3.97E+02	16.22309908
1.80E+02	0.00E+00	0.00E+00	2.80E-03	-2.46E-06	5.66E+00	6.33E-07	1.27E-04	4.64E-05	2.80E-03	5.66E+00	1.26E-04	3.95E+02	16.14170021
1.90E+02	0.00E+00	0.00E+00	2.87E-03	-2.21E-06	5.80E+00	7.90E-07	1.38E-04	4.79E-05	2.87E-03	5.80E+00	1.37E-04	3.95E+02	16.13095359
2.00E+02	0.00E+00	0.00E+00	2.95E-03	-2.31E-06	5.95E+00	9.43E-07	1.49E-04	4.94E-05	2.95E-03	5.95E+00	1.48E-04	3.94E+02	16.11871645
2.10E+02	0.00E+00	0.00E+00	2.46E-03	-2.30E-06	4.98E+00	1.15E-06	1.08E-04	5.05E-05	2.46E-03	4.98E+00	1.06E-04	3.93E+02	16.07295193
2.20E+02	0.00E+00	0.00E+00	2.52E-03	-1.73E-06	5.09E+00	1.32E-06	1.15E-04	5.18E-05	2.52E-03	5.09E+00	1.14E-04	3.95E+02	16.12970043
2.30E+02	0.00E+00	0.00E+00	2.58E-03	-1.46E-06	5.21E+00	1.43E-06	1.24E-04	5.31E-05	2.58E-03	5.21E+00	1.22E-04	3.94E+02	16.10067006
2.40E+02	0.00E+00	0.00E+00	2.63E-03	-1.63E-06	5.32E+00	1.22E-06	1.29E-04	5.42E-05	2.63E-03	5.32E+00	1.27E-04	4.02E+02	16.43394592
2.50E+02	0.00E+00	0.00E+00	2.72E-03	-1.85E-06	5.48E+00	-1.17E-06	1.42E-04	5.53E-05	2.72E-03	5.48E+00	1.43E-04	3.89E+02	15.91142493
2.60E+02	0.00E+00	0.00E+00	2.72E-03	-1.84E-06	5.50E+00	1.04E-06	1.43E-04	5.64E-05	2.72E-03	5.50E+00	1.42E-04	4.01E+02	16.38946815
2.70E+02	0.00E+00	0.00E+00	2.82E-03	-1.85E-06	5.69E+00	-1.15E-06	1.58E-04	5.74E-05	2.82E-03	5.69E+00	1.59E-04	3.92E+02	16.00640992
2.80E+02	0.00E+00	0.00E+00	2.84E-03	-1.93E-06	5.73E+00	1.12E-06	1.60E-04	5.83E-05	2.84E-03	5.73E+00	1.59E-04	4.03E+02	16.46547449
2.90E+02	0.00E+00	0.00E+00	2.93E-03	-2.03E-06	5.91E+00	-1.29E-06	1.75E-04	5.92E-05	2.93E-03	5.91E+00	1.76E-04	3.94E+02	16.08706211
3.00E+02	0.00E+00	0.00E+00	2.94E-03	-2.07E-06	5.95E+00	-1.21E-06	1.78E-04	6.01E-05	2.94E-03	5.95E+00	1.79E-04	3.96E+02	16.17214552
