+400.00E-03	+312.50E-03
+401.00E-03	+156.25E-03
+402.00E-03	+0.0E+00
+403.00E-03	+156.25E-03
+404.00E-03	+156.25E-03
+405.00E-03	+0.0E+00
+406.00E-03	+312.50E-03
+407.00E-03	+156.25E-03
+408.00E-03	+156.25E-03
+409.00E-03	+312.50E-03
+410.00E-03	+312.50E-03
+411.00E-03	+312.50E-03
+412.00E-03	+156.25E-03
+413.00E-03	+156.25E-03
+414.00E-03	+156.25E-03
+415.00E-03	+468.75E-03
+416.00E-03	+156.25E-03
+417.00E-03	+312.50E-03
+418.00E-03	+156.25E-03
+419.00E-03	+156.25E-03
+420.00E-03	+312.50E-03
+421.00E-03	+156.25E-03
+422.00E-03	+156.25E-03
+423.00E-03	+0.0E+00
+424.00E-03	+156.25E-03
+425.00E-03	+156.25E-03
+426.00E-03	+156.25E-03
+427.00E-03	+312.50E-03
+428.00E-03	+156.25E-03
+429.00E-03	+312.50E-03
+430.00E-03	+312.50E-03
+431.00E-03	+0.0E+00
+432.00E-03	+312.50E-03
+433.00E-03	+156.25E-03
+434.00E-03	+156.25E-03
+435.00E-03	+156.25E-03
+436.00E-03	+312.50E-03
+437.00E-03	+312.50E-03
+438.00E-03	+312.50E-03
+439.00E-03	+156.25E-03
+440.00E-03	+156.25E-03
+441.00E-03	+0.0E+00
+442.00E-03	+0.0E+00
+443.00E-03	+312.50E-03
+444.00E-03	+312.50E-03
+445.00E-03	+156.25E-03
+446.00E-03	+312.50E-03
+447.00E-03	+156.25E-03
+448.00E-03	+156.25E-03
+449.00E-03	+0.0E+00
+450.00E-03	+156.25E-03
+451.00E-03	+312.50E-03
+452.00E-03	+156.25E-03
+453.00E-03	+312.50E-03
+454.00E-03	+156.25E-03
+455.00E-03	+312.50E-03
+456.00E-03	+312.50E-03
+457.00E-03	+156.25E-03
+458.00E-03	+312.50E-03
+459.00E-03	+156.25E-03
+460.00E-03	+156.25E-03
+461.00E-03	+156.25E-03
+462.00E-03	+0.0E+00
+463.00E-03	+156.25E-03
+464.00E-03	+156.25E-03
+465.00E-03	+156.25E-03
+466.00E-03	+0.0E+00
+467.00E-03	+312.50E-03
+468.00E-03	+312.50E-03
+469.00E-03	+312.50E-03
+470.00E-03	+156.25E-03
+471.00E-03	+312.50E-03
+472.00E-03	+156.25E-03
+473.00E-03	+312.50E-03
+474.00E-03	+312.50E-03
+475.00E-03	+0.0E+00
+476.00E-03	+0.0E+00
+477.00E-03	+156.25E-03
+478.00E-03	+156.25E-03
+479.00E-03	+156.25E-03
+480.00E-03	+156.25E-03
+481.00E-03	+312.50E-03
+482.00E-03	+0.0E+00
+483.00E-03	+156.25E-03
+484.00E-03	+156.25E-03
+485.00E-03	+156.25E-03
+486.00E-03	+156.25E-03
+487.00E-03	+312.50E-03
+488.00E-03	+156.25E-03
+489.00E-03	+156.25E-03
+490.00E-03	+0.0E+00
+491.00E-03	+156.25E-03
+492.00E-03	+156.25E-03
+493.00E-03	+0.0E+00
+494.00E-03	+156.25E-03
+495.00E-03	+156.25E-03
+496.00E-03	+312.50E-03
+497.00E-03	+312.50E-03
+498.00E-03	+0.0E+00
+499.00E-03	+312.50E-03
+500.00E-03	+156.25E-03
+501.00E-03	+0.0E+00
+502.00E-03	+156.25E-03
+503.00E-03	+0.0E+00
+504.00E-03	+312.50E-03
+505.00E-03	+156.25E-03
+506.00E-03	+156.25E-03
+507.00E-03	+0.0E+00
+508.00E-03	+156.25E-03
+509.00E-03	+312.50E-03
+510.00E-03	+0.0E+00
+511.00E-03	+156.25E-03
+512.00E-03	+156.25E-03
+513.00E-03	+156.25E-03
+514.00E-03	+156.25E-03
+515.00E-03	+156.25E-03
+516.00E-03	+156.25E-03
+517.00E-03	+156.25E-03
+518.00E-03	+156.25E-03
+519.00E-03	+156.25E-03
+520.00E-03	+156.25E-03
+521.00E-03	+0.0E+00
+522.00E-03	+312.50E-03
+523.00E-03	+156.25E-03
+524.00E-03	+156.25E-03
+525.00E-03	+156.25E-03
+526.00E-03	+156.25E-03
+527.00E-03	+312.50E-03
+528.00E-03	+156.25E-03
+529.00E-03	+312.50E-03
+530.00E-03	+312.50E-03
+531.00E-03	+468.75E-03
+532.00E-03	+312.50E-03
+533.00E-03	+156.25E-03
+534.00E-03	+312.50E-03
+535.00E-03	+156.25E-03
+536.00E-03	+312.50E-03
+537.00E-03	+156.25E-03
+538.00E-03	+156.25E-03
+539.00E-03	+156.25E-03
+540.00E-03	+312.50E-03
+541.00E-03	+156.25E-03
+542.00E-03	+156.25E-03
+543.00E-03	+312.50E-03
+544.00E-03	+0.0E+00
+545.00E-03	+0.0E+00
+546.00E-03	+312.50E-03
+547.00E-03	+312.50E-03
+548.00E-03	+0.0E+00
+549.00E-03	+312.50E-03
+550.00E-03	+0.0E+00
+551.00E-03	+156.25E-03
+552.00E-03	+156.25E-03
+553.00E-03	+156.25E-03
+554.00E-03	+156.25E-03
+555.00E-03	+312.50E-03
+556.00E-03	+312.50E-03
+557.00E-03	+312.50E-03
+558.00E-03	+312.50E-03
+559.00E-03	+312.50E-03
+560.00E-03	+156.25E-03
+561.00E-03	+0.0E+00
+562.00E-03	+312.50E-03
+563.00E-03	+312.50E-03
+564.00E-03	+156.25E-03
+565.00E-03	+156.25E-03
+566.00E-03	+156.25E-03
+567.00E-03	+156.25E-03
+568.00E-03	+312.50E-03
+569.00E-03	+312.50E-03
+570.00E-03	+156.25E-03
+571.00E-03	+156.25E-03
+572.00E-03	+156.25E-03
+573.00E-03	+156.25E-03
+574.00E-03	+156.25E-03
+575.00E-03	+156.25E-03
+576.00E-03	+156.25E-03
+577.00E-03	+312.50E-03
+578.00E-03	+156.25E-03
+579.00E-03	+312.50E-03
+580.00E-03	+156.25E-03
+581.00E-03	+156.25E-03
+582.00E-03	+312.50E-03
+583.00E-03	+312.50E-03
+584.00E-03	+156.25E-03
+585.00E-03	+156.25E-03
+586.00E-03	+156.25E-03
+587.00E-03	+156.25E-03
+588.00E-03	+312.50E-03
+589.00E-03	+312.50E-03
+590.00E-03	+312.50E-03
+591.00E-03	+0.0E+00
+592.00E-03	+156.25E-03
+593.00E-03	+156.25E-03
+594.00E-03	+156.25E-03
+595.00E-03	+156.25E-03
+596.00E-03	+156.25E-03
+597.00E-03	+156.25E-03
+598.00E-03	+156.25E-03
+599.00E-03	+312.50E-03
+600.00E-03	+312.50E-03
+601.00E-03	+8.28125E+00
+602.00E-03	+6.56250E+00
+603.00E-03	+5.15625E+00
+604.00E-03	+3.90625E+00
+605.00E-03	+2.96875E+00
+606.00E-03	+2.18750E+00
+607.00E-03	+1.87500E+00
+608.00E-03	+1.40625E+00
+609.00E-03	+1.09375E+00
+610.00E-03	+625.00E-03
+611.00E-03	+468.75E-03
+612.00E-03	+312.50E-03
+613.00E-03	+312.50E-03
+614.00E-03	+468.75E-03
+615.00E-03	+468.75E-03
+616.00E-03	+312.50E-03
+617.00E-03	+312.50E-03
+618.00E-03	+312.50E-03
+619.00E-03	+0.0E+00
+620.00E-03	+156.25E-03
+621.00E-03	+156.25E-03
+622.00E-03	+312.50E-03
+623.00E-03	+156.25E-03
+624.00E-03	+156.25E-03
+625.00E-03	+312.50E-03
+626.00E-03	+156.25E-03
+627.00E-03	+312.50E-03
+628.00E-03	+312.50E-03
+629.00E-03	+156.25E-03
+630.00E-03	+0.0E+00
+631.00E-03	+156.25E-03
+632.00E-03	+156.25E-03
+633.00E-03	+156.25E-03
+634.00E-03	+312.50E-03
+635.00E-03	+156.25E-03
+636.00E-03	+156.25E-03
+637.00E-03	+312.50E-03
+638.00E-03	+156.25E-03
+639.00E-03	+156.25E-03
+640.00E-03	+0.0E+00
+641.00E-03	+156.25E-03
+642.00E-03	+156.25E-03
+643.00E-03	+0.0E+00
+644.00E-03	+156.25E-03
+645.00E-03	+312.50E-03
+646.00E-03	+156.25E-03
+647.00E-03	+156.25E-03
+648.00E-03	+156.25E-03
+649.00E-03	+156.25E-03
+650.00E-03	+156.25E-03
+651.00E-03	+156.25E-03
+652.00E-03	+312.50E-03
+653.00E-03	+0.0E+00
+654.00E-03	+156.25E-03
+655.00E-03	+156.25E-03
+656.00E-03	+156.25E-03
+657.00E-03	+156.25E-03
+658.00E-03	+156.25E-03
+659.00E-03	+0.0E+00
+660.00E-03	+312.50E-03
+661.00E-03	+156.25E-03
+662.00E-03	+312.50E-03
+663.00E-03	+156.25E-03
+664.00E-03	+156.25E-03
+665.00E-03	+0.0E+00
+666.00E-03	+156.25E-03
+667.00E-03	+156.25E-03
+668.00E-03	+156.25E-03
+669.00E-03	+156.25E-03
+670.00E-03	+312.50E-03
+671.00E-03	+156.25E-03
+672.00E-03	+0.0E+00
+673.00E-03	+156.25E-03
+674.00E-03	+156.25E-03
+675.00E-03	+156.25E-03
+676.00E-03	+312.50E-03
+677.00E-03	+156.25E-03
+678.00E-03	+312.50E-03
+679.00E-03	+156.25E-03
+680.00E-03	+156.25E-03
+681.00E-03	+312.50E-03
+682.00E-03	+0.0E+00
+683.00E-03	+156.25E-03
+684.00E-03	+156.25E-03
+685.00E-03	+156.25E-03
+686.00E-03	+156.25E-03
+687.00E-03	+156.25E-03
+688.00E-03	+156.25E-03
+689.00E-03	+0.0E+00
+690.00E-03	+0.0E+00
+691.00E-03	+156.25E-03
+692.00E-03	+156.25E-03
+693.00E-03	+312.50E-03
+694.00E-03	+156.25E-03
+695.00E-03	+156.25E-03
+696.00E-03	+312.50E-03
+697.00E-03	+0.0E+00
+698.00E-03	+312.50E-03
+699.00E-03	+156.25E-03
+700.00E-03	+156.25E-03
+701.00E-03	+312.50E-03
+702.00E-03	+156.25E-03
+703.00E-03	+156.25E-03
+704.00E-03	+156.25E-03
+705.00E-03	+156.25E-03
+706.00E-03	+312.50E-03
+707.00E-03	+156.25E-03
+708.00E-03	+156.25E-03
+709.00E-03	+156.25E-03
+710.00E-03	+156.25E-03
+711.00E-03	+156.25E-03
+712.00E-03	+312.50E-03
+713.00E-03	+312.50E-03
+714.00E-03	+0.0E+00
+715.00E-03	+312.50E-03
+716.00E-03	+312.50E-03
+717.00E-03	+312.50E-03
+718.00E-03	+156.25E-03
+719.00E-03	+156.25E-03
+720.00E-03	+156.25E-03
+721.00E-03	+312.50E-03
+722.00E-03	+312.50E-03
+723.00E-03	+156.25E-03
+724.00E-03	+156.25E-03
+725.00E-03	+312.50E-03
+726.00E-03	+156.25E-03
+727.00E-03	+312.50E-03
+728.00E-03	+156.25E-03
+729.00E-03	+312.50E-03
+730.00E-03	+312.50E-03
+731.00E-03	+156.25E-03
+732.00E-03	+156.25E-03
+733.00E-03	+156.25E-03
+734.00E-03	+312.50E-03
+735.00E-03	+156.25E-03
+736.00E-03	+156.25E-03
+737.00E-03	+0.0E+00
+738.00E-03	+312.50E-03
+739.00E-03	+156.25E-03
+740.00E-03	+156.25E-03
+741.00E-03	+156.25E-03
+742.00E-03	+156.25E-03
+743.00E-03	+156.25E-03
+744.00E-03	+156.25E-03
+745.00E-03	+0.0E+00
+746.00E-03	+156.25E-03
+747.00E-03	+312.50E-03
+748.00E-03	+312.50E-03
+749.00E-03	+312.50E-03
+750.00E-03	+312.50E-03
+751.00E-03	+312.50E-03
+752.00E-03	+0.0E+00
+753.00E-03	+156.25E-03
+754.00E-03	+156.25E-03
+755.00E-03	+156.25E-03
+756.00E-03	+312.50E-03
+757.00E-03	+156.25E-03
+758.00E-03	+312.50E-03
+759.00E-03	+156.25E-03
+760.00E-03	+468.75E-03
+761.00E-03	+312.50E-03
+762.00E-03	+156.25E-03
+763.00E-03	+156.25E-03
+764.00E-03	+312.50E-03
+765.00E-03	+0.0E+00
+766.00E-03	+312.50E-03
+767.00E-03	+312.50E-03
+768.00E-03	+156.25E-03
+769.00E-03	+312.50E-03
+770.00E-03	+0.0E+00
+771.00E-03	+156.25E-03
+772.00E-03	+0.0E+00
+773.00E-03	+312.50E-03
+774.00E-03	+156.25E-03
+775.00E-03	+156.25E-03
+776.00E-03	+312.50E-03
+777.00E-03	+312.50E-03
+778.00E-03	+312.50E-03
+779.00E-03	+156.25E-03
+780.00E-03	+312.50E-03
+781.00E-03	+312.50E-03
+782.00E-03	+156.25E-03
+783.00E-03	+156.25E-03
+784.00E-03	+0.0E+00
+785.00E-03	+156.25E-03
+786.00E-03	+0.0E+00
+787.00E-03	+156.25E-03
+788.00E-03	+156.25E-03
+789.00E-03	+156.25E-03
+790.00E-03	+0.0E+00
+791.00E-03	+156.25E-03
+792.00E-03	+156.25E-03
+793.00E-03	+156.25E-03
+794.00E-03	+156.25E-03
+795.00E-03	+156.25E-03
+796.00E-03	+312.50E-03
+797.00E-03	+156.25E-03
+798.00E-03	+312.50E-03
+799.00E-03	+0.0E+00
+800.00E-03	+156.25E-03
+801.00E-03	+312.50E-03
+802.00E-03	+156.25E-03
+803.00E-03	+156.25E-03
+804.00E-03	+156.25E-03
+805.00E-03	+312.50E-03
+806.00E-03	+156.25E-03
+807.00E-03	+156.25E-03
+808.00E-03	+156.25E-03
+809.00E-03	+156.25E-03
+810.00E-03	+312.50E-03
+811.00E-03	+156.25E-03
+812.00E-03	+156.25E-03
+813.00E-03	+312.50E-03
+814.00E-03	+312.50E-03
+815.00E-03	+312.50E-03
+816.00E-03	+312.50E-03
+817.00E-03	+312.50E-03
+818.00E-03	+312.50E-03
+819.00E-03	+0.0E+00
+820.00E-03	+312.50E-03
+821.00E-03	+312.50E-03
+822.00E-03	+156.25E-03
+823.00E-03	+0.0E+00
+824.00E-03	+312.50E-03
+825.00E-03	+156.25E-03
+826.00E-03	+0.0E+00
+827.00E-03	+0.0E+00
+828.00E-03	+156.25E-03
+829.00E-03	+312.50E-03
+830.00E-03	+312.50E-03
+831.00E-03	+156.25E-03
+832.00E-03	+156.25E-03
+833.00E-03	+156.25E-03
+834.00E-03	+312.50E-03
+835.00E-03	+156.25E-03
+836.00E-03	+312.50E-03
+837.00E-03	+312.50E-03
+838.00E-03	+156.25E-03
+839.00E-03	+156.25E-03
+840.00E-03	+312.50E-03
+841.00E-03	+312.50E-03
+842.00E-03	+156.25E-03
+843.00E-03	+0.0E+00
+844.00E-03	+156.25E-03
+845.00E-03	+156.25E-03
+846.00E-03	+0.0E+00
+847.00E-03	+156.25E-03
+848.00E-03	+156.25E-03
+849.00E-03	+312.50E-03
+850.00E-03	+156.25E-03
+851.00E-03	+156.25E-03
+852.00E-03	+156.25E-03
+853.00E-03	+156.25E-03
+854.00E-03	+156.25E-03
+855.00E-03	+156.25E-03
+856.00E-03	+156.25E-03
+857.00E-03	+312.50E-03
+858.00E-03	+156.25E-03
+859.00E-03	+0.0E+00
+860.00E-03	+156.25E-03
+861.00E-03	+156.25E-03
+862.00E-03	+312.50E-03
+863.00E-03	+156.25E-03
+864.00E-03	+156.25E-03
+865.00E-03	+156.25E-03
+866.00E-03	+156.25E-03
+867.00E-03	+156.25E-03
+868.00E-03	+0.0E+00
+869.00E-03	+156.25E-03
+870.00E-03	+0.0E+00
+871.00E-03	+156.25E-03
+872.00E-03	+0.0E+00
+873.00E-03	+156.25E-03
+874.00E-03	+156.25E-03
+875.00E-03	+156.25E-03
+876.00E-03	+156.25E-03
+877.00E-03	+156.25E-03
+878.00E-03	+0.0E+00
+879.00E-03	+0.0E+00
+880.00E-03	+156.25E-03
+881.00E-03	+312.50E-03
+882.00E-03	+312.50E-03
+883.00E-03	+156.25E-03
+884.00E-03	+0.0E+00
+885.00E-03	+156.25E-03
+886.00E-03	+156.25E-03
+887.00E-03	+312.50E-03
+888.00E-03	+156.25E-03
+889.00E-03	+0.0E+00
+890.00E-03	+156.25E-03
+891.00E-03	+312.50E-03
+892.00E-03	+312.50E-03
+893.00E-03	+156.25E-03
+894.00E-03	+312.50E-03
+895.00E-03	+156.25E-03
+896.00E-03	+156.25E-03
+897.00E-03	+156.25E-03
+898.00E-03	+156.25E-03
+899.00E-03	+156.25E-03
+900.00E-03	+312.50E-03
+901.00E-03	+156.25E-03
+902.00E-03	+156.25E-03
+903.00E-03	+312.50E-03
+904.00E-03	+0.0E+00
+905.00E-03	+312.50E-03
+906.00E-03	+156.25E-03
+907.00E-03	+312.50E-03
+908.00E-03	+156.25E-03
+909.00E-03	+312.50E-03
+910.00E-03	+312.50E-03
+911.00E-03	+312.50E-03
+912.00E-03	+312.50E-03
+913.00E-03	+156.25E-03
+914.00E-03	+156.25E-03
+915.00E-03	+156.25E-03
+916.00E-03	+156.25E-03
+917.00E-03	+156.25E-03
+918.00E-03	+312.50E-03
+919.00E-03	+312.50E-03
+920.00E-03	+156.25E-03
+921.00E-03	+156.25E-03
+922.00E-03	+312.50E-03
+923.00E-03	+312.50E-03
+924.00E-03	+0.0E+00
+925.00E-03	+312.50E-03
+926.00E-03	+156.25E-03
+927.00E-03	+312.50E-03
+928.00E-03	+312.50E-03
+929.00E-03	+312.50E-03
+930.00E-03	+156.25E-03
+931.00E-03	+156.25E-03
+932.00E-03	+312.50E-03
+933.00E-03	+0.0E+00
+934.00E-03	+312.50E-03
+935.00E-03	+156.25E-03
+936.00E-03	+156.25E-03
+937.00E-03	+312.50E-03
+938.00E-03	+156.25E-03
+939.00E-03	+156.25E-03
+940.00E-03	+156.25E-03
+941.00E-03	+0.0E+00
+942.00E-03	+156.25E-03
+943.00E-03	+156.25E-03
+944.00E-03	+156.25E-03
+945.00E-03	+312.50E-03
+946.00E-03	+312.50E-03
+947.00E-03	+156.25E-03
+948.00E-03	+156.25E-03
+949.00E-03	+156.25E-03
+950.00E-03	+156.25E-03
+951.00E-03	+312.50E-03
+952.00E-03	+0.0E+00
+953.00E-03	+0.0E+00
+954.00E-03	+156.25E-03
+955.00E-03	+312.50E-03
+956.00E-03	+156.25E-03
+957.00E-03	+312.50E-03
+958.00E-03	+312.50E-03
+959.00E-03	+156.25E-03
+960.00E-03	+156.25E-03
+961.00E-03	+312.50E-03
+962.00E-03	+156.25E-03
+963.00E-03	+156.25E-03
+964.00E-03	+156.25E-03
+965.00E-03	+156.25E-03
+966.00E-03	+156.25E-03
+967.00E-03	+156.25E-03
+968.00E-03	+156.25E-03
+969.00E-03	+156.25E-03
+970.00E-03	+156.25E-03
+971.00E-03	+312.50E-03
+972.00E-03	+312.50E-03
+973.00E-03	+0.0E+00
+974.00E-03	+156.25E-03
+975.00E-03	+312.50E-03
+976.00E-03	+156.25E-03
+977.00E-03	+156.25E-03
+978.00E-03	+156.25E-03
+979.00E-03	+0.0E+00
+980.00E-03	+312.50E-03
+981.00E-03	+312.50E-03
+982.00E-03	+312.50E-03
+983.00E-03	+156.25E-03
+984.00E-03	+312.50E-03
+985.00E-03	+156.25E-03
+986.00E-03	+312.50E-03
+987.00E-03	+156.25E-03
+988.00E-03	+156.25E-03
+989.00E-03	+156.25E-03
+990.00E-03	+156.25E-03
+991.00E-03	+156.25E-03
+992.00E-03	+156.25E-03
+993.00E-03	+156.25E-03
+994.00E-03	+312.50E-03
+995.00E-03	+156.25E-03
+996.00E-03	+312.50E-03
+997.00E-03	+312.50E-03
+998.00E-03	+312.50E-03
+999.00E-03	+156.25E-03
+1.00000E+00	+312.50E-03
+1.00100E+00	+156.25E-03
+1.00200E+00	+312.50E-03
+1.00300E+00	+312.50E-03
+1.00400E+00	+312.50E-03
+1.00500E+00	+0.0E+00
+1.00600E+00	+156.25E-03
+1.00700E+00	+156.25E-03
+1.00800E+00	+156.25E-03
+1.00900E+00	+156.25E-03
+1.01000E+00	+156.25E-03
+1.01100E+00	+156.25E-03
+1.01200E+00	+312.50E-03
+1.01300E+00	+156.25E-03
+1.01400E+00	+312.50E-03
+1.01500E+00	+156.25E-03
+1.01600E+00	+156.25E-03
+1.01700E+00	+156.25E-03
+1.01800E+00	+156.25E-03
+1.01900E+00	+156.25E-03
+1.02000E+00	+156.25E-03
+1.02100E+00	+312.50E-03
+1.02200E+00	+156.25E-03
+1.02300E+00	+312.50E-03
+1.02400E+00	+312.50E-03
+1.02500E+00	+156.25E-03
+1.02600E+00	+156.25E-03
+1.02700E+00	+0.0E+00
+1.02800E+00	+312.50E-03
+1.02900E+00	+0.0E+00
+1.03000E+00	+312.50E-03
+1.03100E+00	+156.25E-03
+1.03200E+00	+0.0E+00
+1.03300E+00	+156.25E-03
+1.03400E+00	+312.50E-03
+1.03500E+00	+156.25E-03
+1.03600E+00	+156.25E-03
+1.03700E+00	+0.0E+00
+1.03800E+00	+312.50E-03
+1.03900E+00	+312.50E-03
+1.04000E+00	+156.25E-03
+1.04100E+00	+0.0E+00
+1.04200E+00	+156.25E-03
+1.04300E+00	+156.25E-03
+1.04400E+00	+156.25E-03
+1.04500E+00	+156.25E-03
+1.04600E+00	+312.50E-03
+1.04700E+00	+156.25E-03
+1.04800E+00	+156.25E-03
+1.04900E+00	+156.25E-03
+1.05000E+00	+156.25E-03
+1.05100E+00	+312.50E-03
+1.05200E+00	+312.50E-03
+1.05300E+00	+156.25E-03
+1.05400E+00	+156.25E-03
+1.05500E+00	+156.25E-03
+1.05600E+00	+156.25E-03
+1.05700E+00	+312.50E-03
+1.05800E+00	+156.25E-03
+1.05900E+00	+312.50E-03
+1.06000E+00	+156.25E-03
+1.06100E+00	+156.25E-03
+1.06200E+00	+156.25E-03
+1.06300E+00	+0.0E+00
+1.06400E+00	+156.25E-03
+1.06500E+00	+156.25E-03
+1.06600E+00	+156.25E-03
+1.06700E+00	+156.25E-03
+1.06800E+00	+156.25E-03
+1.06900E+00	+156.25E-03
+1.07000E+00	+156.25E-03
+1.07100E+00	+156.25E-03
+1.07200E+00	+312.50E-03
+1.07300E+00	+156.25E-03
+1.07400E+00	+156.25E-03
+1.07500E+00	+312.50E-03
+1.07600E+00	+156.25E-03
+1.07700E+00	+156.25E-03
+1.07800E+00	+156.25E-03
+1.07900E+00	+156.25E-03
+1.08000E+00	+312.50E-03
+1.08100E+00	+156.25E-03
+1.08200E+00	+312.50E-03
+1.08300E+00	+312.50E-03
+1.08400E+00	+468.75E-03
+1.08500E+00	+156.25E-03
+1.08600E+00	+156.25E-03
+1.08700E+00	+312.50E-03
+1.08800E+00	+0.0E+00
+1.08900E+00	+312.50E-03
+1.09000E+00	+312.50E-03
+1.09100E+00	+312.50E-03
+1.09200E+00	+156.25E-03
+1.09300E+00	+312.50E-03
+1.09400E+00	+156.25E-03
+1.09500E+00	+312.50E-03
+1.09600E+00	+312.50E-03
+1.09700E+00	+156.25E-03
+1.09800E+00	+156.25E-03
+1.09900E+00	+156.25E-03
+1.10000E+00	+156.25E-03
+1.10100E+00	+156.25E-03
+1.10200E+00	+312.50E-03
+1.10300E+00	+312.50E-03
+1.10400E+00	+312.50E-03
+1.10500E+00	+0.0E+00
+1.10600E+00	+312.50E-03
+1.10700E+00	+312.50E-03
+1.10800E+00	+156.25E-03
+1.10900E+00	+156.25E-03
+1.11000E+00	+312.50E-03
+1.11100E+00	+312.50E-03
+1.11200E+00	+156.25E-03
+1.11300E+00	+0.0E+00
+1.11400E+00	+156.25E-03
+1.11500E+00	+156.25E-03
+1.11600E+00	+156.25E-03
+1.11700E+00	+156.25E-03
+1.11800E+00	+312.50E-03
+1.11900E+00	+156.25E-03
+1.12000E+00	+156.25E-03
+1.12100E+00	+0.0E+00
+1.12200E+00	+156.25E-03
+1.12300E+00	+0.0E+00
+1.12400E+00	+0.0E+00
+1.12500E+00	+156.25E-03
+1.12600E+00	+468.75E-03
+1.12700E+00	+312.50E-03
+1.12800E+00	+156.25E-03
+1.12900E+00	+312.50E-03
+1.13000E+00	+312.50E-03
+1.13100E+00	+156.25E-03
+1.13200E+00	+312.50E-03
+1.13300E+00	+312.50E-03
+1.13400E+00	+156.25E-03
+1.13500E+00	+312.50E-03
+1.13600E+00	+0.0E+00
+1.13700E+00	+156.25E-03
+1.13800E+00	+156.25E-03
+1.13900E+00	+156.25E-03
+1.14000E+00	+156.25E-03
+1.14100E+00	+156.25E-03
+1.14200E+00	+156.25E-03
+1.14300E+00	+0.0E+00
+1.14400E+00	+0.0E+00
+1.14500E+00	+312.50E-03
+1.14600E+00	+312.50E-03
+1.14700E+00	+312.50E-03
+1.14800E+00	+156.25E-03
+1.14900E+00	+156.25E-03
+1.15000E+00	+156.25E-03
+1.15100E+00	+156.25E-03
+1.15200E+00	+312.50E-03
+1.15300E+00	+312.50E-03
+1.15400E+00	+156.25E-03
+1.15500E+00	+0.0E+00
+1.15600E+00	+156.25E-03
+1.15700E+00	+156.25E-03
+1.15800E+00	+156.25E-03
+1.15900E+00	+156.25E-03
+1.16000E+00	+312.50E-03
+1.16100E+00	+156.25E-03
+1.16200E+00	+312.50E-03
+1.16300E+00	+156.25E-03
+1.16400E+00	+312.50E-03
+1.16500E+00	+156.25E-03
+1.16600E+00	+156.25E-03
+1.16700E+00	+312.50E-03
+1.16800E+00	+0.0E+00
+1.16900E+00	+156.25E-03
+1.17000E+00	+156.25E-03
+1.17100E+00	+156.25E-03
+1.17200E+00	+312.50E-03
+1.17300E+00	+156.25E-03
+1.17400E+00	+312.50E-03
+1.17500E+00	+156.25E-03
+1.17600E+00	+156.25E-03
+1.17700E+00	+156.25E-03
+1.17800E+00	+312.50E-03
+1.17900E+00	+0.0E+00
+1.18000E+00	+0.0E+00
+1.18100E+00	+156.25E-03
+1.18200E+00	+156.25E-03
+1.18300E+00	+156.25E-03
+1.18400E+00	+156.25E-03
+1.18500E+00	+156.25E-03
+1.18600E+00	+156.25E-03
+1.18700E+00	+156.25E-03
+1.18800E+00	+156.25E-03
+1.18900E+00	+156.25E-03
+1.19000E+00	+312.50E-03
+1.19100E+00	+156.25E-03
+1.19200E+00	+156.25E-03
+1.19300E+00	+156.25E-03
+1.19400E+00	+156.25E-03
+1.19500E+00	+156.25E-03
+1.19600E+00	+156.25E-03
+1.19700E+00	+156.25E-03
+1.19800E+00	+156.25E-03
+1.19900E+00	+0.0E+00
+1.20000E+00	+156.25E-03
+1.20100E+00	+312.50E-03
+1.20200E+00	+312.50E-03
+1.20300E+00	+312.50E-03
+1.20400E+00	+312.50E-03
+1.20500E+00	+312.50E-03
+1.20600E+00	+156.25E-03
+1.20700E+00	+156.25E-03
+1.20800E+00	+312.50E-03
+1.20900E+00	+156.25E-03
+1.21000E+00	+156.25E-03
+1.21100E+00	+156.25E-03
+1.21200E+00	+156.25E-03
+1.21300E+00	+0.0E+00
+1.21400E+00	+156.25E-03
+1.21500E+00	+156.25E-03
+1.21600E+00	+312.50E-03
+1.21700E+00	+312.50E-03
+1.21800E+00	+312.50E-03
+1.21900E+00	+312.50E-03
+1.22000E+00	+156.25E-03
+1.22100E+00	+312.50E-03
+1.22200E+00	+0.0E+00
+1.22300E+00	+156.25E-03
+1.22400E+00	+156.25E-03
+1.22500E+00	+156.25E-03
+1.22600E+00	+0.0E+00
+1.22700E+00	+156.25E-03
+1.22800E+00	+0.0E+00
+1.22900E+00	+156.25E-03
+1.23000E+00	+312.50E-03
+1.23100E+00	+156.25E-03
+1.23200E+00	+156.25E-03
+1.23300E+00	+156.25E-03
+1.23400E+00	+312.50E-03
+1.23500E+00	+156.25E-03
+1.23600E+00	+312.50E-03
+1.23700E+00	+156.25E-03
+1.23800E+00	+0.0E+00
+1.23900E+00	+156.25E-03
+1.24000E+00	+156.25E-03
+1.24100E+00	+156.25E-03
+1.24200E+00	+0.0E+00
+1.24300E+00	+312.50E-03
+1.24400E+00	+156.25E-03
+1.24500E+00	+156.25E-03
+1.24600E+00	+312.50E-03
+1.24700E+00	+156.25E-03
+1.24800E+00	+156.25E-03
+1.24900E+00	+156.25E-03
+1.25000E+00	+156.25E-03
+1.25100E+00	+312.50E-03
+1.25200E+00	+156.25E-03
+1.25300E+00	+156.25E-03
+1.25400E+00	+156.25E-03
+1.25500E+00	+312.50E-03
+1.25600E+00	+156.25E-03
+1.25700E+00	+156.25E-03
+1.25800E+00	+156.25E-03
+1.25900E+00	+312.50E-03
+1.26000E+00	+156.25E-03
+1.26100E+00	+468.75E-03
+1.26200E+00	+156.25E-03
+1.26300E+00	+156.25E-03
+1.26400E+00	+312.50E-03
+1.26500E+00	+312.50E-03
+1.26600E+00	+156.25E-03
+1.26700E+00	+156.25E-03
+1.26800E+00	+312.50E-03
+1.26900E+00	+312.50E-03
+1.27000E+00	+312.50E-03
+1.27100E+00	+156.25E-03
+1.27200E+00	+156.25E-03
+1.27300E+00	+156.25E-03
+1.27400E+00	+312.50E-03
+1.27500E+00	+156.25E-03
+1.27600E+00	+156.25E-03
+1.27700E+00	+312.50E-03
+1.27800E+00	+312.50E-03
+1.27900E+00	+312.50E-03
+1.28000E+00	+312.50E-03
+1.28100E+00	+156.25E-03
+1.28200E+00	+156.25E-03
+1.28300E+00	+312.50E-03
+1.28400E+00	+156.25E-03
+1.28500E+00	+312.50E-03
+1.28600E+00	+156.25E-03
+1.28700E+00	+156.25E-03
+1.28800E+00	+312.50E-03
+1.28900E+00	+0.0E+00
+1.29000E+00	+0.0E+00
+1.29100E+00	+156.25E-03
+1.29200E+00	+312.50E-03
+1.29300E+00	+312.50E-03
+1.29400E+00	+156.25E-03
+1.29500E+00	+312.50E-03
+1.29600E+00	+156.25E-03
+1.29700E+00	+156.25E-03
+1.29800E+00	+156.25E-03
+1.29900E+00	+156.25E-03
+1.30000E+00	+156.25E-03
+1.30100E+00	+312.50E-03
+1.30200E+00	+156.25E-03
+1.30300E+00	+312.50E-03
+1.30400E+00	+156.25E-03
+1.30500E+00	+312.50E-03
+1.30600E+00	+312.50E-03
+1.30700E+00	+156.25E-03
+1.30800E+00	+156.25E-03
+1.30900E+00	+156.25E-03
+1.31000E+00	+156.25E-03
+1.31100E+00	+312.50E-03
+1.31200E+00	+156.25E-03
+1.31300E+00	+156.25E-03
+1.31400E+00	+312.50E-03
+1.31500E+00	+312.50E-03
+1.31600E+00	+156.25E-03
+1.31700E+00	+156.25E-03
+1.31800E+00	+156.25E-03
+1.31900E+00	+0.0E+00
+1.32000E+00	+0.0E+00
+1.32100E+00	+156.25E-03
+1.32200E+00	+156.25E-03
+1.32300E+00	+156.25E-03
+1.32400E+00	+0.0E+00
+1.32500E+00	+156.25E-03
+1.32600E+00	+312.50E-03
+1.32700E+00	+312.50E-03
+1.32800E+00	+156.25E-03
+1.32900E+00	+156.25E-03
+1.33000E+00	+0.0E+00
+1.33100E+00	+156.25E-03
+1.33200E+00	+312.50E-03
+1.33300E+00	+156.25E-03
+1.33400E+00	+156.25E-03
+1.33500E+00	+156.25E-03
+1.33600E+00	+312.50E-03
+1.33700E+00	+312.50E-03
+1.33800E+00	+156.25E-03
+1.33900E+00	+312.50E-03
+1.34000E+00	+312.50E-03
+1.34100E+00	+312.50E-03
+1.34200E+00	+312.50E-03
+1.34300E+00	+156.25E-03
+1.34400E+00	+156.25E-03
+1.34500E+00	+312.50E-03
+1.34600E+00	+312.50E-03
+1.34700E+00	+156.25E-03
+1.34800E+00	+156.25E-03
+1.34900E+00	+312.50E-03
+1.35000E+00	+156.25E-03
+1.35100E+00	+156.25E-03
+1.35200E+00	+156.25E-03
+1.35300E+00	+312.50E-03
+1.35400E+00	+312.50E-03
+1.35500E+00	+156.25E-03
+1.35600E+00	+156.25E-03
+1.35700E+00	+156.25E-03
+1.35800E+00	+156.25E-03
+1.35900E+00	+156.25E-03
+1.36000E+00	+156.25E-03
+1.36100E+00	+156.25E-03
+1.36200E+00	+312.50E-03
+1.36300E+00	+312.50E-03
+1.36400E+00	+156.25E-03
+1.36500E+00	+156.25E-03
+1.36600E+00	+156.25E-03
+1.36700E+00	+156.25E-03
+1.36800E+00	+312.50E-03
+1.36900E+00	+156.25E-03
+1.37000E+00	+312.50E-03
+1.37100E+00	+156.25E-03
+1.37200E+00	+312.50E-03
+1.37300E+00	+156.25E-03
+1.37400E+00	+156.25E-03
+1.37500E+00	+156.25E-03
+1.37600E+00	+156.25E-03
+1.37700E+00	+156.25E-03
+1.37800E+00	+156.25E-03
+1.37900E+00	+156.25E-03
+1.38000E+00	+312.50E-03
+1.38100E+00	+468.75E-03
+1.38200E+00	+156.25E-03
+1.38300E+00	+312.50E-03
+1.38400E+00	+156.25E-03
+1.38500E+00	+312.50E-03
+1.38600E+00	+156.25E-03
+1.38700E+00	+156.25E-03
+1.38800E+00	+312.50E-03
+1.38900E+00	+156.25E-03
+1.39000E+00	+0.0E+00
+1.39100E+00	+156.25E-03
+1.39200E+00	+156.25E-03
+1.39300E+00	+156.25E-03
+1.39400E+00	+156.25E-03
+1.39500E+00	+156.25E-03
+1.39600E+00	+0.0E+00
+1.39700E+00	+0.0E+00
+1.39800E+00	+0.0E+00
+1.39900E+00	+312.50E-03
+1.39900E+00	+312.50E-03
