"365nm. I_0=-0.07nA"      
1.854 0.001 -0.07 0.001 0 0 
0.05 0.001 12 0.5 12.07 3.4741905532 0.0207125518
0.5 0.001 5.7 0.1 5.77 2.4020824299 0.0086659445
0.998 0.001 1.6 0.02 1.67 1.2922847983 0.0059955043
1.116 0.001 1 0.02 1.07 1.0344080433 0.0093574693
1.2 0.001 0.675 0.005 0.745 0.8631338251 0.0034221607
1.304 0.001 0.355 0.005 0.425 0.6519202405 0.004
1.4 0.001 0.164 0.001 0.234 0.4837354649 0.001
1.467 0.001 0.075 0.001 0.145 0.3807886553 0.002
1.502 0.001 0.041 0.0005 0.111 0.333166625 0.002
1.556 0.001 0.001 0.001 0.071 0.2664582519 0.003
1.597 0.001 -0.021 0.001 0.049 0.2213594362 0.003
1.695 0.001 -0.055 0.001 0.015 0.1224744871 0.006
1.807 0.001 -0.07 0.001 0 0 