"365nm. kleinere Intensität. I_0=-0.023nA"      
1.854 0.001 -0.023 0.001 0 0 0.03
0 0.001 4.2 0.1 4.223 2.0549939173 0.0118405162
0.502 0.001 2 0.02 2.023 1.4223220451 0.0049493288
1 0.001 0.54 0.01 0.563 0.7503332593 0.007
1.095 0.001 0.37 0.01 0.393 0.6268971207 0.008
1.194 0.001 0.23 0.01 0.253 0.5029910536 0.01
1.308 0.001 0.122 0.001 0.145 0.3807886553 0.002
1.379 0.001 0.074 0.001 0.097 0.31144823 0.002
1.497 0.001 0.022 0.0005 0.045 0.2121320344 0.003
1.567 0.001 0.004 0.001 0.027 0.1643167673 0.004
1.604 0.001 -0.0027 0.0005 0.0203 0.1424780685 0.004
1.704 0.001 -0.016 0.001 0.007 0.0836660027 0.009
1.801 0.001 -0.022 0.001 0.001 0.0316227766 0.03