"365nm. I_0=-0.015nA"      
1.854 0.001 -0.015 0.001 0 0 0.03
0 0.001 12 0.1 12.015 3.4662660025 0.0041616729
0.516 0.001 5.8 0.1 5.815 2.4114311104 0.0085988822
1.001 0.001 1.85 0.05 1.865 1.3656500284 0.0134075064
1.487 0.001 0.28 0.01 0.295 0.5431390246 0.009
1.587 0.001 0.14 0.002 0.155 0.3937003937 0.002
1.655 0.001 0.073 0.001 0.088 0.2966479395 0.002
1.712 0.001 0.028 0.001 0.043 0.2073644135 0.003
1.759 0.001 -0.0033 0.0001 0.0117 0.1081665383 0.004
1.795 0.001 -0.0078 0.0005 0.0072 0.0848528137 0.007
1.813 0.001 -0.011 0.001 0.004 0.0632455532 0.01
1.854 0.001 -0.015 0.001 0 0 0.03