"405nm. I_0=-0.021nA"      
1.854 0.001 -0.021 0.001 0 0 0.03 
0.05 0.001 5.3 0.1 5.321 2.3067292862 0.0093971998
0.498 0.001 2.3 0.05 2.321 1.5234828519 0.0107733733
1.007 0.001 0.42 0.01 0.441 0.6640783086 0.008
1.11 0.001 0.26 0.01 0.281 0.5300943312 0.01
1.196 0.001 0.145 0.001 0.166 0.4074309757 0.002
1.3 0.001 0.051 0.001 0.072 0.2683281573 0.002
1.34 0.001 0.0275 0.0005 0.0485 0.2202271555 0.002
1.396 0.001 0.002 0.001 0.023 0.1516575089 0.005
1.438 0.001 -0.0092 0.0001 0.0118 0.1086278049 0.005
1.514 0.001 -0.0176 0.0001 0.0034 0.0583095189 0.01
1.604 0.001 -0.02 0.0001 0.001 0.0316227766 0.03
1.702 0.001 -0.021 0.001 0 0 0.03 