"405nm. I_0=-0.068nA"      
1.854 0.001 -0.068 0.001 0 0 0.03
0 0.001 5.7 0.05 5.768 2.4016660884 0.0043351247
0.506 0.001 2.02 0.02 2.088 1.4449913495 0.0047952549
1.019 0.001 0.181 0.002 0.249 0.498998998 0.002
1.103 0.001 0.07 0.005 0.138 0.3714835124 0.007
1.155 0.001 0.023 0.001 0.091 0.3016620626 0.002
1.204 0.001 -0.008 0.001 0.06 0.2449489743 0.003
1.26 0.001 -0.032 0.001 0.036 0.1897366596 0.004
1.316 0.001 -0.048 0.002 0.02 0.1414213562 0.008
1.403 0.001 -0.061 0.001 0.007 0.0836660027 0.009