"436nm. I_0=-0.088nA"      
1.854 0.001 -0.088 0.001 0 0 0.03
0 0.001 7.75 0.05 7.838 2.7996428344 0.003190227
0.506 0.001 2.1 0.02 2.188 1.479188967 0.0045760933
0.598 0.001 1.41 0.02 1.498 1.2239281025 0.0066839067
0.698 0.001 0.85 0.01 0.938 0.968504001 0.0053570766
0.795 0.001 0.45 0.005 0.538 0.7334848328 0.03
0.902 0.001 0.166 0.001 0.254 0.5039841267 0.001
0.997 0.001 0.02 0.001 0.108 0.3286335345 0.002
1.052 0.001 -0.025 0.001 0.063 0.250998008 0.003
1.106 0.001 -0.053 0.005 0.035 0.1870828693 0.01
1.204 0.001 -0.076 0.002 0.012 0.1095445115 0.01
1.313 0.001 -0.085 0.005 0.003 0.0547722558 0.05