"436nm. I_0=-0.025nA"      
1.854 0.001 -0.025 0.001 0 0 0.03
0 0.001 8.2 0.1 8.225 2.8679260799 0.0060793313
0.536 0.001 2.22 0.01 2.245 1.4983324064 0.0022382796
0.979 0.001 0.32 0.01 0.345 0.5873670062 0.008
1.058 0.001 0.16 0.01 0.185 0.4301162634 0.01
1.105 0.001 0.096 0.001 0.121 0.3478505426 0.002
1.158 0.001 0.04 0.001 0.065 0.2549509757 0.003
1.206 0.001 0.006 0.001 0.031 0.1760681686 0.004
1.258 0.001 -0.012 0.001 0.013 0.1140175425 0.006
1.302 0.001 -0.018 0.001 0.007 0.0836660027 0.009
1.402 0.001 -0.022 0.001 0.003 0.0547722558 0.01
1.512 0.001 -0.024 0.001 0.001 0.0316227766 0.03
1.628 0.001 -0.025 0.001 0 0 0.03