"546nm. I_0=-0.03nA"      
1.854 0.001 -0.03 0.001 0 0 0.03
0 0.001 1.9 0.05 1.93 1.3892443989 0.0129559583
0.091 0.001 1.23 0.01 1.26 1.122497216 0.0039880459
0.199 0.001 0.665 0.005 0.695 0.8336666 0.0036683594
0.307 0.001 0.33 0.005 0.36 0.6 0.004
0.404 0.001 0.147 0.001 0.177 0.4207136794 0.002
0.513 0.001 0.036 0.001 0.066 0.2569046516 0.003
0.563 0.001 0.008 0.001 0.038 0.1949358869 0.004
0.598 0.001 -0.006 0.0005 0.024 0.1549193338 0.004
0.7 0.001 -0.025 0.0005 0.005 0.0707106781 0.008
0.805 0.001 -0.028 0.001 0.002 0.0447213595 0.02
0.909 0.001 -0.028 0.001 0.002 0.0447213595 0.02