"546nm. I_0=-0.018nA"      
1.854 0.001 -0.018 0.001 0 0 0.03
0.001 0.001 3.1 0.1 3.118 1.765785944 0.0160367222
0.038 0.001 2.82 0.01 2.838 1.6846364593 0.0017705912
0.073 0.001 2.42 0.01 2.438 1.5614096195 0.0020610902
0.093 0.001 2.21 0.01 2.228 1.4926486526 0.0022553581
0.128 0.001 1.9 0.05 1.918 1.3849187702 0.0130370175
0.179 0.001 1.5 0.1 1.518 1.2320714265 0.0329397233
0.237 0.001 1.1 0.05 1.118 1.057355191 0.0223658314
0.287 0.001 0.83 0.01 0.848 0.9208691547 0.0059256342
0.349 0.001 0.569 0.005 0.587 0.7661592524 0.003
0.385 0.001 0.451 0.001 0.469 0.6848357467 0.001
0.424 0.001 0.341 0.005 0.359 0.5991660872 0.004
0.462 0.001 0.255 0.001 0.273 0.5224940191 0.001
0.521 0.001 0.15 0.005 0.168 0.4098780306 0.006
0.628 0.001 0.027 0.001 0.045 0.2121320344 0.003
0.702 0.001 -0.005 0.001 0.013 0.1140175425 0.006
0.805 0.001 -0.017 0.001 0.001 0.0316227766 0.03
0.966 0.001 -0.018 0.001 0 0 0.03