"578nm. I_0=-0.017nA"      
1.854 0.001 -0.017 0.001 0 0 0.03
0 0.001 0.99 0.01 1.007 1.0034938963 0.0049900078
0.041 0.001 0.79 0.01 0.807 0.8983317873 0.0062266887
0.094 0.001 0.6 0.01 0.617 0.7854934755 0.006
0.127 0.001 0.5 0.01 0.517 0.7190271205 0.007
0.184 0.001 0.35 0.01 0.367 0.6058052492 0.008
0.263 0.001 0.2 0.01 0.217 0.465832588 0.01
0.309 0.001 0.142 0.001 0.159 0.3987480407 0.002
0.369 0.001 0.079 0.001 0.096 0.3098386677 0.002
0.411 0.001 0.05 0.001 0.067 0.2588435821 0.003
0.456 0.001 0.022 0.001 0.039 0.1974841766 0.003
0.48 0.001 0.011 0.001 0.028 0.1673320053 0.004
0.511 0.001 0.001 0.001 0.018 0.1341640786 0.005
0.552 0.001 -0.007 0.001 0.01 0.1 0.007
0.598 0.001 -0.013 0.001 0.004 0.0632455532 0.01
0.638 0.001 -0.015 0.001 0.002 0.0447213595 0.02
0.67 0.001 -0.016 0.001 0.001 0.0316227766 0.03
0.739 0.001 -0.017 0.001 0 0 0.03