"578nm. I_0=-0.017nA"      
1.854 0.001 -0.017 0.001 0 0 0.03
0.001 0.001 1 0.1 1.017 1.0084641788 0.0491666666
0.101 0.001 0.58 0.01 0.597 0.7726577509 0.006
0.207 0.001 0.31 0.005 0.327 0.5718391382 0.004
0.297 0.001 0.16 0.005 0.177 0.4207136794 0.006
0.4 0.001 0.057 0.001 0.074 0.2720294102 0.003
0.458 0.001 0.024 0.001 0.041 0.2024845673 0.003
0.507 0.001 0.004 0.001 0.021 0.1449137675 0.005
0.555 0.001 -0.007 0.001 0.01 0.1 0.007
0.602 0.001 -0.013 0.001 0.004 0.0632455532 0.01
0.707 0.001 -0.017 0.001 0 0 0.03
