0	0
1	0
2	0
3	0
4	0
5	0
6	0
7	0
8	0
9	0
10	1
11	0
12	1
13	0
14	0
15	0
16	0
17	1
18	0
19	0
20	0
21	1
22	0
23	0
24	0
25	0
26	0
27	0
28	1
29	0
30	1
31	0
32	0
33	0
34	0
35	0
36	0
37	0
38	0
39	1
40	2
41	1
42	1
43	0
44	0
45	0
46	0
47	1
48	0
49	2
50	6
51	32
52	74
53	146
54	354
55	578
56	659
57	681
58	623
59	649
60	614
61	636
62	614
63	599
64	586
65	637
66	627
67	632
68	627
69	584
70	682
71	640
72	619
73	687
74	620
75	663
76	670
77	675
78	644
79	665
80	695
81	690
82	730
83	717
84	687
85	754
86	762
87	776
88	738
89	744
90	786
91	805
92	745
93	776
94	762
95	827
96	766
97	808
98	865
99	848
100	867
101	835
102	845
103	894
104	897
105	900
106	878
107	914
108	898
109	945
110	976
111	980
112	983
113	933
114	985
115	1004
116	1022
117	1055
118	986
119	1038
120	1029
121	1030
122	1030
123	1045
124	1087
125	1052
126	1078
127	1090
128	1032
129	1094
130	1085
131	1099
132	1120
133	1098
134	1081
135	1097
136	1158
137	1120
138	1152
139	1127
140	1059
141	1134
142	1141
143	1140
144	1128
145	1133
146	1103
147	1131
148	1114
149	1115
150	1157
151	1158
152	1138
153	1149
154	1156
155	1178
156	1084
157	1172
158	1168
159	1239
160	1169
161	1180
162	1264
163	1206
164	1266
165	1248
166	1203
167	1241
168	1201
169	1353
170	1281
171	1281
172	1287
173	1236
174	1296
175	1294
176	1301
177	1334
178	1306
179	1320
180	1397
181	1307
182	1298
183	1350
184	1369
185	1362
186	1271
187	1296
188	1335
189	1410
190	1356
191	1319
192	1281
193	1361
194	1326
195	1257
196	1332
197	1279
198	1375
199	1284
200	1257
201	1257
202	1220
203	1242
204	1241
205	1284
206	1226
207	1187
208	1223
209	1230
210	1193
211	1182
212	1173
213	1248
214	1201
215	1140
216	1176
217	1171
218	1124
219	1103
220	1155
221	1164
222	1129
223	1173
224	1156
225	1102
226	1084
227	1110
228	1077
229	1075
230	1178
231	1078
232	1195
233	1042
234	1084
235	1102
236	1042
237	1103
238	1060
239	982
240	964
241	1030
242	984
243	992
244	1058
245	1040
246	979
247	1004
248	1041
249	938
250	1005
251	1062
252	1006
253	1013
254	1003
255	1008
256	987
257	985
258	980
259	977
260	1002
261	976
262	1035
263	1027
264	992
265	1010
266	1013
267	1024
268	999
269	977
270	957
271	961
272	960
273	939
274	944
275	929
276	954
277	952
278	975
279	968
280	962
281	989
282	987
283	935
284	1005
285	996
286	1026
287	931
288	969
289	964
290	984
291	958
292	914
293	972
294	959
295	962
296	1017
297	997
298	1053
299	975
300	986
301	944
302	991
303	1021
304	1012
305	959
306	987
307	988
308	1057
309	1011
310	995
311	1006
312	1017
313	1025
314	1022
315	1007
316	1042
317	1006
318	1021
319	1052
320	1050
321	1074
322	1015
323	1066
324	1105
325	1039
326	1098
327	1085
328	1072
329	1075
330	1042
331	1075
332	1055
333	1127
334	1063
335	1092
336	1153
337	1047
338	1080
339	1022
340	1027
341	1044
342	1026
343	1073
344	1051
345	1103
346	1066
347	1098
348	1059
349	1010
350	1148
351	1081
352	1009
353	1088
354	1052
355	1082
356	1037
357	1058
358	1062
359	1070
360	1042
361	1006
362	1051
363	1070
364	1043
365	1074
366	1027
367	1005
368	1020
369	928
370	1071
371	980
372	974
373	998
374	1008
375	919
376	991
377	1036
378	948
379	953
380	971
381	1046
382	1014
383	1004
384	981
385	1005
386	952
387	910
388	963
389	989
390	926
391	1019
392	929
393	969
394	934
395	986
396	1001
397	929
398	1006
399	1027
400	1020
401	977
402	976
403	973
404	994
405	937
406	989
407	957
408	961
409	976
410	906
411	934
412	965
413	946
414	896
415	963
416	981
417	922
418	888
419	944
420	925
421	925
422	950
423	997
424	981
425	943
426	886
427	901
428	947
429	890
430	914
431	923
432	945
433	944
434	906
435	899
436	899
437	1001
438	873
439	925
440	953
441	908
442	921
443	945
444	931
445	933
446	877
447	911
448	884
449	908
450	968
451	913
452	913
453	902
454	921
455	873
456	907
457	885
458	873
459	959
460	928
461	879
462	872
463	909
464	896
465	915
466	911
467	838
468	878
469	897
470	855
471	880
472	878
473	893
474	897
475	892
476	899
477	883
478	888
479	903
480	877
481	889
482	891
483	889
484	825
485	847
486	844
487	793
488	813
489	881
490	857
491	834
492	833
493	919
494	828
495	862
496	851
497	885
498	897
499	894
500	830
501	901
502	864
503	871
504	857
505	822
506	873
507	817
508	835
509	877
510	863
511	788
512	793
513	850
514	827
515	886
516	891
517	814
518	844
519	813
520	789
521	848
522	825
523	797
524	864
525	784
526	834
527	780
528	829
529	782
530	822
531	788
532	805
533	829
534	860
535	782
536	788
537	815
538	827
539	808
540	829
541	821
542	740
543	830
544	798
545	806
546	812
547	802
548	755
549	802
550	812
551	776
552	750
553	735
554	789
555	757
556	738
557	836
558	774
559	805
560	873
561	755
562	818
563	789
564	745
565	765
566	767
567	734
568	771
569	808
570	816
571	800
572	772
573	767
574	763
575	774
576	729
577	778
578	820
579	749
580	748
581	719
582	790
583	709
584	784
585	800
586	747
587	761
588	808
589	769
590	720
591	807
592	782
593	741
594	783
595	742
596	724
597	760
598	764
599	733
600	797
601	758
602	827
603	773
604	804
605	745
606	740
607	736
608	718
609	748
610	732
611	798
612	782
613	773
614	775
615	722
616	748
617	776
618	759
619	769
620	743
621	772
622	754
623	751
624	728
625	730
626	765
627	733
628	790
629	772
630	780
631	760
632	736
633	755
634	714
635	711
636	758
637	733
638	741
639	792
640	710
641	766
642	666
643	768
644	711
645	760
646	731
647	748
648	669
649	728
650	698
651	686
652	762
653	682
654	775
655	725
656	733
657	722
658	703
659	738
660	739
661	750
662	659
663	743
664	733
665	732
666	755
667	757
668	690
669	713
670	712
671	708
672	747
673	708
674	667
675	754
676	746
677	734
678	751
679	686
680	736
681	713
682	693
683	689
684	725
685	686
686	713
687	709
688	733
689	709
690	752
691	693
692	710
693	766
694	713
695	719
696	712
697	705
698	722
699	711
700	734
701	690
702	691
703	730
704	683
705	693
706	692
707	718
708	711
709	696
710	679
711	751
712	673
713	689
714	713
715	679
716	676
717	677
718	673
719	685
720	707
721	739
722	651
723	680
724	699
725	713
726	683
727	691
728	707
729	749
730	713
731	703
732	726
733	718
734	696
735	714
736	711
737	737
738	715
739	715
740	703
741	714
742	691
743	766
744	707
745	751
746	684
747	683
748	769
749	716
750	722
751	671
752	701
753	680
754	698
755	747
756	739
757	736
758	671
759	675
760	715
761	706
762	665
763	685
764	693
765	696
766	694
767	694
768	654
769	658
770	694
771	676
772	682
773	671
774	704
775	715
776	710
777	711
778	675
779	682
780	708
781	701
782	667
783	673
784	675
785	673
786	678
787	666
788	724
789	680
790	645
791	635
792	673
793	688
794	662
795	678
796	662
797	650
798	642
799	655
800	704
801	595
802	618
803	634
804	636
805	607
806	649
807	640
808	658
809	672
810	625
811	616
812	669
813	611
814	619
815	631
816	610
817	619
818	653
819	570
820	591
821	605
822	586
823	591
824	625
825	581
826	631
827	579
828	566
829	599
830	554
831	581
832	552
833	579
834	561
835	528
836	604
837	516
838	588
839	555
840	498
841	500
842	575
843	557
844	518
845	559
846	559
847	537
848	504
849	537
850	507
851	524
852	538
853	522
854	542
855	503
856	498
857	529
858	518
859	465
860	450
861	516
862	511
863	515
864	507
865	462
866	508
867	473
868	465
869	453
870	451
871	489
872	464
873	453
874	429
875	495
876	523
877	486
878	415
879	461
880	495
881	459
882	466
883	448
884	474
885	485
886	430
887	440
888	455
889	453
890	489
891	478
892	450
893	467
894	467
895	448
896	415
897	449
898	415
899	458
900	449
901	453
902	429
903	445
904	421
905	425
906	406
907	459
908	431
909	421
910	467
911	430
912	423
913	413
914	386
915	442
916	417
917	422
918	405
919	437
920	439
921	410
922	445
923	415
924	396
925	421
926	397
927	451
928	420
929	395
930	441
931	412
932	382
933	387
934	414
935	426
936	420
937	374
938	419
939	418
940	408
941	377
942	397
943	389
944	362
945	387
946	391
947	357
948	359
949	399
950	415
951	396
952	395
953	376
954	422
955	392
956	378
957	377
958	401
959	385
960	369
961	406
962	391
963	390
964	382
965	369
966	366
967	357
968	416
969	375
970	396
971	395
972	362
973	351
974	399
975	428
976	360
977	404
978	383
979	405
980	370
981	375
982	391
983	375
984	406
985	369
986	356
987	428
988	376
989	369
990	382
991	349
992	380
993	353
994	380
995	385
996	389
997	384
998	388
999	403
1000	346
1001	364
1002	410
1003	374
1004	377
1005	360
1006	400
1007	394
1008	378
1009	362
1010	393
1011	394
1012	370
1013	376
1014	376
1015	386
1016	359
1017	383
1018	366
1019	371
1020	388
1021	382
1022	380
1023	387
1024	406
1025	388
1026	382
1027	375
1028	366
1029	350
1030	367
1031	372
1032	384
1033	359
1034	367
1035	381
1036	407
1037	383
1038	394
1039	390
1040	372
1041	393
1042	367
1043	415
1044	378
1045	408
1046	410
1047	406
1048	386
1049	388
1050	402
1051	397
1052	379
1053	413
1054	409
1055	380
1056	380
1057	388
1058	447
1059	419
1060	413
1061	392
1062	409
1063	453
1064	436
1065	427
1066	463
1067	412
1068	426
1069	410
1070	419
1071	426
1072	432
1073	468
1074	430
1075	446
1076	477
1077	470
1078	481
1079	482
1080	455
1081	511
1082	471
1083	500
1084	475
1085	491
1086	510
1087	557
1088	530
1089	526
1090	535
1091	521
1092	552
1093	562
1094	597
1095	568
1096	568
1097	573
1098	598
1099	608
1100	633
1101	626
1102	630
1103	679
1104	688
1105	701
1106	701
1107	774
1108	773
1109	745
1110	724
1111	763
1112	844
1113	844
1114	886
1115	815
1116	926
1117	882
1118	850
1119	894
1120	942
1121	976
1122	976
1123	998
1124	1010
1125	1065
1126	1099
1127	1103
1128	1089
1129	1197
1130	1180
1131	1145
1132	1196
1133	1231
1134	1208
1135	1298
1136	1406
1137	1325
1138	1405
1139	1432
1140	1396
1141	1487
1142	1556
1143	1567
1144	1539
1145	1629
1146	1648
1147	1681
1148	1680
1149	1763
1150	1650
1151	1708
1152	1869
1153	1825
1154	1901
1155	1983
1156	1932
1157	2020
1158	1942
1159	2053
1160	2113
1161	2070
1162	2125
1163	2125
1164	2214
1165	2256
1166	2246
1167	2287
1168	2242
1169	2356
1170	2363
1171	2346
1172	2370
1173	2432
1174	2454
1175	2394
1176	2444
1177	2483
1178	2602
1179	2494
1180	2578
1181	2582
1182	2578
1183	2547
1184	2546
1185	2507
1186	2630
1187	2620
1188	2738
1189	2614
1190	2638
1191	2570
1192	2704
1193	2678
1194	2714
1195	2697
1196	2563
1197	2610
1198	2672
1199	2666
1200	2557
1201	2628
1202	2690
1203	2551
1204	2592
1205	2549
1206	2682
1207	2481
1208	2470
1209	2460
1210	2469
1211	2461
1212	2404
1213	2438
1214	2404
1215	2468
1216	2462
1217	2298
1218	2262
1219	2321
1220	2155
1221	2169
1222	2083
1223	2164
1224	2074
1225	2132
1226	2015
1227	2036
1228	1948
1229	1882
1230	1877
1231	1857
1232	1891
1233	1815
1234	1697
1235	1720
1236	1691
1237	1678
1238	1614
1239	1508
1240	1557
1241	1479
1242	1549
1243	1466
1244	1353
1245	1396
1246	1425
1247	1276
1248	1315
1249	1191
1250	1192
1251	1176
1252	1077
1253	1134
1254	1100
1255	1004
1256	1031
1257	1030
1258	969
1259	943
1260	909
1261	895
1262	900
1263	806
1264	814
1265	779
1266	774
1267	749
1268	719
1269	718
1270	699
1271	617
1272	622
1273	651
1274	597
1275	587
1276	578
1277	579
1278	572
1279	590
1280	555
1281	508
1282	473
1283	472
1284	457
1285	441
1286	470
1287	460
1288	441
1289	424
1290	378
1291	379
1292	381
1293	355
1294	352
1295	385
1296	359
1297	353
1298	346
1299	333
1300	369
1301	328
1302	337
1303	325
1304	341
1305	312
1306	289
1307	314
1308	327
1309	294
1310	286
1311	272
1312	307
1313	292
1314	290
1315	295
1316	280
1317	292
1318	259
1319	268
1320	264
1321	298
1322	272
1323	261
1324	267
1325	231
1326	252
1327	274
1328	275
1329	237
1330	253
1331	267
1332	260
1333	303
1334	252
1335	264
1336	277
1337	285
1338	265
1339	266
1340	245
1341	281
1342	254
1343	260
1344	235
1345	285
1346	298
1347	249
1348	270
1349	255
1350	248
1351	248
1352	291
1353	238
1354	225
1355	254
1356	266
1357	240
1358	251
1359	260
1360	232
1361	224
1362	242
1363	265
1364	206
1365	236
1366	251
1367	222
1368	248
1369	258
1370	252
1371	227
1372	240
1373	245
1374	246
1375	222
1376	235
1377	253
1378	258
1379	247
1380	236
1381	235
1382	229
1383	225
1384	235
1385	238
1386	229
1387	215
1388	227
1389	262
1390	258
1391	227
1392	217
1393	246
1394	221
1395	224
1396	234
1397	253
1398	219
1399	223
1400	255
1401	235
1402	245
1403	237
1404	245
1405	235
1406	224
1407	222
1408	204
1409	218
1410	254
1411	228
1412	244
1413	217
1414	265
1415	204
1416	258
1417	230
1418	223
1419	235
1420	255
1421	214
1422	219
1423	222
1424	232
1425	235
1426	224
1427	239
1428	236
1429	240
1430	250
1431	240
1432	217
1433	224
1434	231
1435	249
1436	232
1437	220
1438	238
1439	232
1440	229
1441	203
1442	240
1443	220
1444	216
1445	214
1446	225
1447	209
1448	215
1449	220
1450	210
1451	211
1452	194
1453	219
1454	207
1455	254
1456	242
1457	221
1458	208
1459	193
1460	249
1461	214
1462	220
1463	238
1464	198
1465	220
1466	208
1467	225
1468	228
1469	219
1470	226
1471	213
1472	220
1473	223
1474	221
1475	198
1476	272
1477	217
1478	218
1479	212
1480	230
1481	217
1482	250
1483	228
1484	209
1485	178
1486	224
1487	207
1488	186
1489	237
1490	221
1491	221
1492	233
1493	225
1494	228
1495	230
1496	213
1497	204
1498	201
1499	205
1500	220
1501	209
1502	185
1503	222
1504	214
1505	229
1506	231
1507	204
1508	195
1509	232
1510	210
1511	190
1512	184
1513	203
1514	207
1515	184
1516	228
1517	209
1518	228
1519	254
1520	217
1521	204
1522	216
1523	219
1524	203
1525	213
1526	214
1527	214
1528	198
1529	236
1530	202
1531	215
1532	218
1533	208
1534	191
1535	193
1536	194
1537	209
1538	212
1539	212
1540	213
1541	221
1542	185
1543	203
1544	215
1545	222
1546	214
1547	192
1548	198
1549	183
1550	193
1551	201
1552	217
1553	193
1554	213
1555	188
1556	223
1557	210
1558	205
1559	208
1560	215
1561	199
1562	221
1563	190
1564	193
1565	183
1566	189
1567	180
1568	207
1569	197
1570	195
1571	191
1572	207
1573	237
1574	196
1575	198
1576	193
1577	188
1578	203
1579	204
1580	208
1581	197
1582	186
1583	207
1584	200
1585	203
1586	189
1587	196
1588	190
1589	193
1590	173
1591	184
1592	198
1593	188
1594	182
1595	208
1596	195
1597	194
1598	192
1599	162
1600	211
1601	211
1602	196
1603	210
1604	200
1605	205
1606	201
1607	209
1608	198
1609	191
1610	189
1611	212
1612	192
1613	179
1614	211
1615	216
1616	206
1617	205
1618	209
1619	197
1620	207
1621	211
1622	209
1623	184
1624	194
1625	195
1626	176
1627	176
1628	198
1629	188
1630	186
1631	176
1632	196
1633	200
1634	197
1635	199
1636	174
1637	177
1638	195
1639	173
1640	168
1641	200
1642	185
1643	182
1644	200
1645	186
1646	188
1647	211
1648	199
1649	195
1650	195
1651	179
1652	185
1653	199
1654	180
1655	209
1656	216
1657	183
1658	191
1659	211
1660	200
1661	180
1662	199
1663	185
1664	177
1665	177
1666	182
1667	194
1668	203
1669	183
1670	171
1671	187
1672	192
1673	179
1674	208
1675	192
1676	177
1677	166
1678	176
1679	178
1680	192
1681	191
1682	212
1683	175
1684	181
1685	188
1686	207
1687	179
1688	206
1689	190
1690	187
1691	202
1692	180
1693	203
1694	183
1695	174
1696	206
1697	185
1698	189
1699	193
1700	195
1701	172
1702	172
1703	160
1704	187
1705	195
1706	201
1707	201
1708	177
1709	202
1710	184
1711	178
1712	195
1713	170
1714	198
1715	175
1716	176
1717	167
1718	186
1719	181
1720	172
1721	190
1722	183
1723	179
1724	154
1725	187
1726	180
1727	180
1728	192
1729	179
1730	166
1731	186
1732	205
1733	182
1734	173
1735	163
1736	185
1737	184
1738	161
1739	188
1740	205
1741	191
1742	183
1743	177
1744	160
1745	186
1746	184
1747	187
1748	172
1749	181
1750	168
1751	186
1752	182
1753	186
1754	142
1755	192
1756	184
1757	172
1758	173
1759	167
1760	186
1761	162
1762	178
1763	175
1764	156
1765	161
1766	180
1767	175
1768	158
1769	154
1770	167
1771	172
1772	181
1773	177
1774	179
1775	175
1776	169
1777	175
1778	171
1779	164
1780	164
1781	160
1782	162
1783	165
1784	173
1785	161
1786	169
1787	194
1788	165
1789	190
1790	175
1791	176
1792	171
1793	176
1794	162
1795	163
1796	190
1797	170
1798	167
1799	191
1800	160
1801	166
1802	169
1803	172
1804	172
1805	170
1806	171
1807	183
1808	181
1809	163
1810	174
1811	171
1812	156
1813	175
1814	180
1815	180
1816	167
1817	172
1818	155
1819	172
1820	154
1821	153
1822	181
1823	149
1824	155
1825	196
1826	174
1827	168
1828	155
1829	168
1830	156
1831	184
1832	154
1833	171
1834	168
1835	186
1836	169
1837	162
1838	157
1839	152
1840	166
1841	169
1842	157
1843	167
1844	188
1845	173
1846	161
1847	148
1848	165
1849	158
1850	163
1851	153
1852	164
1853	178
1854	164
1855	187
1856	163
1857	162
1858	162
1859	139
1860	171
1861	139
1862	169
1863	171
1864	138
1865	174
1866	168
1867	166
1868	148
1869	161
1870	182
1871	166
1872	142
1873	167
1874	157
1875	144
1876	169
1877	155
1878	178
1879	139
1880	157
1881	143
1882	146
1883	165
1884	154
1885	156
1886	162
1887	151
1888	164
1889	184
1890	161
1891	155
1892	154
1893	164
1894	153
1895	187
1896	162
1897	145
1898	158
1899	173
1900	168
1901	161
1902	159
1903	189
1904	157
1905	159
1906	135
1907	150
1908	151
1909	141
1910	185
1911	150
1912	166
1913	161
1914	150
1915	157
1916	183
1917	155
1918	150
1919	165
1920	140
1921	158
1922	149
1923	169
1924	172
1925	165
1926	162
1927	153
1928	178
1929	176
1930	168
1931	165
1932	162
1933	152
1934	173
1935	165
1936	185
1937	173
1938	128
1939	140
1940	142
1941	153
1942	148
1943	150
1944	131
1945	135
1946	154
1947	144
1948	150
1949	148
1950	140
1951	162
1952	152
1953	170
1954	186
1955	155
1956	166
1957	152
1958	149
1959	140
1960	149
1961	139
1962	154
1963	168
1964	160
1965	157
1966	158
1967	148
1968	128
1969	141
1970	175
1971	139
1972	184
1973	137
1974	189
1975	152
1976	173
1977	161
1978	167
1979	161
1980	153
1981	155
1982	158
1983	154
1984	153
1985	158
1986	158
1987	179
1988	172
1989	167
1990	173
1991	143
1992	165
1993	147
1994	147
1995	180
1996	149
1997	165
1998	134
1999	140
2000	159
2001	151
2002	158
2003	152
2004	178
2005	141
2006	158
2007	150
2008	161
2009	156
2010	157
2011	145
2012	153
2013	171
2014	138
2015	136
2016	153
2017	147
2018	146
2019	144
2020	155
2021	152
2022	149
2023	160
2024	158
2025	157
2026	156
2027	174
2028	142
2029	136
2030	159
2031	165
2032	151
2033	172
2034	150
2035	143
2036	192
2037	156
2038	162
2039	162
2040	183
2041	151
2042	152
2043	161
2044	153
2045	160
2046	146
2047	164
2048	167
2049	147
2050	160
2051	173
2052	147
2053	146
2054	161
2055	131
2056	138
2057	163
2058	164
2059	132
2060	159
2061	152
2062	172
2063	173
2064	176
2065	146
2066	171
2067	155
2068	185
2069	155
2070	160
2071	157
2072	159
2073	160
2074	145
2075	142
2076	166
2077	135
2078	145
2079	161
2080	151
2081	130
2082	168
2083	165
2084	169
2085	164
2086	150
2087	159
2088	135
2089	182
2090	150
2091	168
2092	150
2093	141
2094	163
2095	148
2096	148
2097	158
2098	142
2099	162
2100	155
2101	142
2102	156
2103	129
2104	158
2105	152
2106	147
2107	140
2108	171
2109	155
2110	153
2111	146
2112	157
2113	142
2114	143
2115	142
2116	146
2117	152
2118	149
2119	156
2120	175
2121	167
2122	139
2123	164
2124	157
2125	151
2126	143
2127	150
2128	142
2129	180
2130	155
2131	131
2132	136
2133	155
2134	154
2135	129
2136	151
2137	171
2138	144
2139	145
2140	165
2141	137
2142	141
2143	134
2144	146
2145	129
2146	126
2147	152
2148	149
2149	149
2150	171
2151	175
2152	145
2153	157
2154	147
2155	145
2156	134
2157	159
2158	160
2159	153
2160	163
2161	141
2162	138
2163	139
2164	143
2165	134
2166	137
2167	166
2168	150
2169	161
2170	150
2171	124
2172	147
2173	157
2174	133
2175	162
2176	141
2177	161
2178	154
2179	152
2180	157
2181	137
2182	144
2183	152
2184	144
2185	142
2186	154
2187	137
2188	141
2189	146
2190	134
2191	149
2192	149
2193	144
2194	141
2195	150
2196	139
2197	148
2198	147
2199	145
2200	116
2201	149
2202	139
2203	145
2204	148
2205	133
2206	166
2207	124
2208	157
2209	136
2210	131
2211	146
2212	149
2213	131
2214	131
2215	146
2216	143
2217	150
2218	147
2219	148
2220	143
2221	162
2222	144
2223	139
2224	156
2225	139
2226	127
2227	136
2228	129
2229	145
2230	180
2231	147
2232	136
2233	138
2234	124
2235	138
2236	133
2237	128
2238	136
2239	149
2240	139
2241	155
2242	145
2243	140
2244	152
2245	139
2246	132
2247	142
2248	156
2249	138
2250	124
2251	149
2252	149
2253	126
2254	141
2255	148
2256	146
2257	147
2258	138
2259	144
2260	151
2261	144
2262	123
2263	135
2264	129
2265	137
2266	143
2267	143
2268	155
2269	130
2270	139
2271	130
2272	153
2273	137
2274	149
2275	138
2276	137
2277	144
2278	151
2279	117
2280	147
2281	133
2282	144
2283	158
2284	144
2285	143
2286	146
2287	166
2288	134
2289	137
2290	150
2291	154
2292	136
2293	143
2294	139
2295	131
2296	128
2297	140
2298	137
2299	153
2300	133
2301	141
2302	122
2303	137
2304	135
2305	138
2306	136
2307	138
2308	152
2309	133
2310	125
2311	143
2312	149
2313	147
2314	119
2315	134
2316	139
2317	136
2318	116
2319	137
2320	129
2321	147
2322	146
2323	122
2324	151
2325	122
2326	129
2327	126
2328	129
2329	122
2330	146
2331	139
2332	129
2333	141
2334	127
2335	160
2336	137
2337	143
2338	139
2339	116
2340	128
2341	121
2342	142
2343	128
2344	111
2345	128
2346	151
2347	153
2348	118
2349	157
2350	146
2351	141
2352	113
2353	146
2354	126
2355	160
2356	125
2357	160
2358	139
2359	148
2360	128
2361	120
2362	126
2363	149
2364	144
2365	137
2366	135
2367	123
2368	131
2369	158
2370	142
2371	147
2372	134
2373	129
2374	136
2375	126
2376	126
2377	146
2378	133
2379	151
2380	133
2381	147
2382	133
2383	135
2384	139
2385	121
2386	141
2387	137
2388	143
2389	138
2390	135
2391	150
2392	122
2393	131
2394	142
2395	125
2396	142
2397	127
2398	136
2399	149
2400	125
2401	135
2402	122
2403	136
2404	117
2405	121
2406	129
2407	147
2408	126
2409	145
2410	130
2411	127
2412	124
2413	134
2414	155
2415	137
2416	134
2417	133
2418	117
2419	133
2420	143
2421	143
2422	147
2423	152
2424	146
2425	136
2426	130
2427	147
2428	152
2429	165
2430	139
2431	136
2432	120
2433	146
2434	123
2435	146
2436	130
2437	160
2438	122
2439	136
2440	133
2441	139
2442	140
2443	131
2444	136
2445	149
2446	143
2447	143
2448	134
2449	126
2450	149
2451	139
2452	143
2453	143
2454	121
2455	139
2456	145
2457	162
2458	153
2459	143
2460	141
2461	143
2462	146
2463	134
2464	151
2465	154
2466	148
2467	142
2468	119
2469	135
2470	127
2471	139
2472	147
2473	141
2474	129
2475	141
2476	147
2477	151
2478	143
2479	138
2480	148
2481	155
2482	146
2483	151
2484	157
2485	154
2486	146
2487	135
2488	157
2489	140
2490	160
2491	147
2492	142
2493	146
2494	147
2495	148
2496	147
2497	142
2498	143
2499	128
2500	155
2501	152
2502	154
2503	162
2504	152
2505	155
2506	145
2507	140
2508	143
2509	131
2510	169
2511	165
2512	162
2513	161
2514	122
2515	151
2516	148
2517	152
2518	172
2519	142
2520	147
2521	135
2522	150
2523	152
2524	154
2525	140
2526	157
2527	150
2528	137
2529	144
2530	142
2531	157
2532	156
2533	150
2534	124
2535	157
2536	150
2537	167
2538	137
2539	163
2540	166
2541	165
2542	136
2543	138
2544	143
2545	146
2546	139
2547	167
2548	146
2549	160
2550	134
2551	132
2552	140
2553	146
2554	141
2555	150
2556	145
2557	133
2558	141
2559	158
2560	118
2561	140
2562	140
2563	179
2564	136
2565	133
2566	145
2567	155
2568	143
2569	152
2570	132
2571	133
2572	156
2573	135
2574	146
2575	162
2576	147
2577	119
2578	147
2579	156
2580	139
2581	163
2582	155
2583	162
2584	144
2585	143
2586	137
2587	134
2588	121
2589	137
2590	142
2591	129
2592	163
2593	115
2594	137
2595	123
2596	129
2597	131
2598	108
2599	132
2600	147
2601	144
2602	138
2603	147
2604	155
2605	140
2606	133
2607	125
2608	128
2609	115
2610	111
2611	118
2612	119
2613	134
2614	127
2615	134
2616	123
2617	137
2618	125
2619	138
2620	133
2621	130
2622	134
2623	120
2624	116
2625	130
2626	140
2627	131
2628	98
2629	144
2630	145
2631	143
2632	129
2633	137
2634	136
2635	133
2636	118
2637	129
2638	130
2639	129
2640	132
2641	152
2642	122
2643	115
2644	135
2645	122
2646	132
2647	148
2648	103
2649	119
2650	141
2651	110
2652	121
2653	118
2654	114
2655	114
2656	101
2657	115
2658	124
2659	104
2660	123
2661	110
2662	113
2663	134
2664	116
2665	127
2666	131
2667	119
2668	119
2669	126
2670	121
2671	116
2672	119
2673	115
2674	107
2675	114
2676	142
2677	114
2678	115
2679	104
2680	114
2681	103
2682	102
2683	111
2684	113
2685	126
2686	133
2687	111
2688	122
2689	108
2690	138
2691	120
2692	95
2693	110
2694	106
2695	125
2696	123
2697	107
2698	86
2699	119
2700	133
2701	128
2702	124
2703	127
2704	121
2705	119
2706	126
2707	124
2708	121
2709	96
2710	105
2711	114
2712	128
2713	114
2714	128
2715	105
2716	126
2717	106
2718	118
2719	106
2720	123
2721	84
2722	105
2723	102
2724	126
2725	108
2726	98
2727	99
2728	99
2729	119
2730	115
2731	124
2732	98
2733	124
2734	103
2735	107
2736	91
2737	129
2738	110
2739	92
2740	107
2741	102
2742	104
2743	98
2744	107
2745	102
2746	116
2747	95
2748	109
2749	119
2750	111
2751	95
2752	117
2753	105
2754	94
2755	109
2756	118
2757	102
2758	112
2759	103
2760	116
2761	102
2762	89
2763	100
2764	89
2765	106
2766	112
2767	94
2768	101
2769	109
2770	92
2771	97
2772	103
2773	97
2774	118
2775	96
2776	91
2777	99
2778	118
2779	113
2780	100
2781	109
2782	108
2783	95
2784	103
2785	96
2786	95
2787	107
2788	112
2789	101
2790	117
2791	91
2792	101
2793	93
2794	80
2795	96
2796	90
2797	97
2798	100
2799	93
2800	94
2801	111
2802	106
2803	93
2804	111
2805	111
2806	108
2807	102
2808	97
2809	86
2810	80
2811	93
2812	88
2813	99
2814	78
2815	92
2816	97
2817	84
2818	120
2819	93
2820	103
2821	83
2822	98
2823	96
2824	80
2825	90
2826	76
2827	79
2828	86
2829	94
2830	66
2831	81
2832	67
2833	82
2834	95
2835	75
2836	87
2837	84
2838	70
2839	99
2840	73
2841	74
2842	75
2843	78
2844	82
2845	82
2846	81
2847	101
2848	76
2849	84
2850	74
2851	58
2852	58
2853	85
2854	61
2855	63
2856	78
2857	65
2858	78
2859	75
2860	82
2861	72
2862	74
2863	74
2864	70
2865	74
2866	81
2867	68
2868	70
2869	79
2870	62
2871	84
2872	81
2873	88
2874	95
2875	71
2876	59
2877	83
2878	76
2879	77
2880	61
2881	75
2882	65
2883	78
2884	83
2885	68
2886	61
2887	64
2888	57
2889	69
2890	77
2891	66
2892	80
2893	63
2894	70
2895	61
2896	69
2897	77
2898	67
2899	77
2900	63
2901	59
2902	88
2903	71
2904	68
2905	85
2906	64
2907	75
2908	62
2909	70
2910	61
2911	69
2912	65
2913	69
2914	53
2915	60
2916	65
2917	60
2918	61
2919	72
2920	71
2921	59
2922	68
2923	66
2924	70
2925	67
2926	78
2927	64
2928	77
2929	75
2930	67
2931	67
2932	81
2933	66
2934	64
2935	62
2936	58
2937	59
2938	56
2939	58
2940	57
2941	58
2942	80
2943	67
2944	71
2945	60
2946	46
2947	69
2948	73
2949	58
2950	53
2951	75
2952	77
2953	63
2954	69
2955	75
2956	60
2957	57
2958	51
2959	81
2960	58
2961	72
2962	64
2963	64
2964	59
2965	54
2966	53
2967	58
2968	69
2969	47
2970	65
2971	73
2972	58
2973	65
2974	62
2975	56
2976	55
2977	47
2978	71
2979	56
2980	54
2981	47
2982	68
2983	63
2984	66
2985	54
2986	63
2987	55
2988	65
2989	50
2990	56
2991	52
2992	73
2993	56
2994	62
2995	69
2996	47
2997	56
2998	57
2999	53
3000	59
3001	50
3002	51
3003	57
3004	67
3005	63
3006	55
3007	61
3008	61
3009	60
3010	54
3011	62
3012	62
3013	70
3014	62
3015	65
3016	48
3017	57
3018	54
3019	59
3020	59
3021	65
3022	53
3023	41
3024	48
3025	55
3026	43
3027	77
3028	58
3029	43
3030	51
3031	61
3032	52
3033	56
3034	47
3035	42
3036	66
3037	67
3038	51
3039	48
3040	44
3041	52
3042	55
3043	45
3044	49
3045	64
3046	40
3047	63
3048	55
3049	44
3050	65
3051	49
3052	43
3053	47
3054	54
3055	50
3056	48
3057	58
3058	65
3059	52
3060	49
3061	40
3062	44
3063	52
3064	58
3065	48
3066	64
3067	38
3068	52
3069	50
3070	64
3071	64
3072	60
3073	57
3074	57
3075	53
3076	55
3077	55
3078	44
3079	54
3080	46
3081	43
3082	35
3083	54
3084	58
3085	47
3086	52
3087	36
3088	44
3089	47
3090	54
3091	60
3092	51
3093	45
3094	55
3095	60
3096	46
3097	56
3098	45
3099	47
3100	43
3101	53
3102	47
3103	58
3104	49
3105	48
3106	51
3107	42
3108	55
3109	55
3110	42
3111	50
3112	44
3113	32
3114	48
3115	44
3116	41
3117	45
3118	35
3119	53
3120	62
3121	53
3122	53
3123	44
3124	47
3125	37
3126	30
3127	55
3128	56
3129	71
3130	50
3131	38
3132	51
3133	47
3134	35
3135	48
3136	53
3137	49
3138	47
3139	52
3140	45
3141	54
3142	41
3143	53
3144	58
3145	52
3146	49
3147	56
3148	51
3149	34
3150	45
3151	39
3152	44
3153	52
3154	70
3155	99
3156	97
3157	117
3158	122
3159	119
3160	93
3161	78
3162	53
3163	47
3164	52
3165	59
3166	54
3167	43
3168	56
3169	48
3170	53
3171	39
3172	41
3173	49
3174	35
3175	58
3176	44
3177	52
3178	33
3179	54
3180	50
3181	51
3182	52
3183	48
3184	46
3185	38
3186	50
3187	36
3188	42
3189	47
3190	45
3191	52
3192	41
3193	49
3194	37
3195	41
3196	41
3197	37
3198	53
3199	50
3200	49
3201	59
3202	39
3203	39
3204	39
3205	54
3206	41
3207	51
3208	38
3209	44
3210	40
3211	43
3212	52
3213	35
3214	47
3215	38
3216	48
3217	49
3218	55
3219	45
3220	44
3221	33
3222	34
3223	39
3224	42
3225	53
3226	30
3227	41
3228	33
3229	42
3230	48
3231	55
3232	40
3233	38
3234	40
3235	54
3236	41
3237	47
3238	36
3239	36
3240	39
3241	47
3242	40
3243	51
3244	36
3245	39
3246	39
3247	49
3248	37
3249	45
3250	50
3251	34
3252	32
3253	43
3254	40
3255	44
3256	47
3257	45
3258	55
3259	42
3260	45
3261	48
3262	47
3263	42
3264	42
3265	34
3266	43
3267	36
3268	54
3269	46
3270	42
3271	42
3272	40
3273	52
3274	42
3275	43
3276	40
3277	40
3278	36
3279	48
3280	41
3281	44
3282	47
3283	23
3284	49
3285	49
3286	38
3287	40
3288	50
3289	40
3290	34
3291	37
3292	39
3293	45
3294	38
3295	32
3296	45
3297	40
3298	48
3299	41
3300	52
3301	42
3302	39
3303	36
3304	41
3305	44
3306	31
3307	37
3308	46
3309	40
3310	40
3311	47
3312	39
3313	31
3314	48
3315	47
3316	37
3317	41
3318	43
3319	40
3320	45
3321	35
3322	39
3323	41
3324	48
3325	45
3326	43
3327	43
3328	35
3329	45
3330	40
3331	45
3332	44
3333	41
3334	39
3335	47
3336	33
3337	43
3338	43
3339	41
3340	45
3341	39
3342	43
3343	39
3344	36
3345	44
3346	35
3347	33
3348	36
3349	50
3350	44
3351	38
3352	50
3353	39
3354	41
3355	36
3356	47
3357	48
3358	55
3359	33
3360	46
3361	38
3362	37
3363	37
3364	37
3365	39
3366	42
3367	40
3368	48
3369	36
3370	40
3371	34
3372	35
3373	41
3374	32
3375	36
3376	49
3377	51
3378	38
3379	41
3380	43
3381	30
3382	43
3383	36
3384	36
3385	35
3386	42
3387	38
3388	52
3389	45
3390	49
3391	40
3392	42
3393	47
3394	37
3395	43
3396	46
3397	49
3398	49
3399	48
3400	40
3401	40
3402	49
3403	52
3404	38
3405	39
3406	41
3407	27
3408	44
3409	42
3410	45
3411	41
3412	42
3413	39
3414	53
3415	41
3416	36
3417	59
3418	37
3419	43
3420	49
3421	38
3422	50
3423	39
3424	38
3425	47
3426	43
3427	47
3428	45
3429	52
3430	32
3431	50
3432	34
3433	44
3434	38
3435	33
3436	46
3437	38
3438	39
3439	44
3440	47
3441	38
3442	46
3443	38
3444	36
3445	44
3446	53
3447	38
3448	54
3449	47
3450	32
3451	35
3452	38
3453	37
3454	43
3455	37
3456	43
3457	45
3458	44
3459	43
3460	35
3461	51
3462	41
3463	48
3464	40
3465	42
3466	38
3467	42
3468	46
3469	45
3470	42
3471	43
3472	43
3473	43
3474	38
3475	62
3476	36
3477	42
3478	53
3479	40
3480	37
3481	46
3482	31
3483	57
3484	47
3485	42
3486	41
3487	43
3488	32
3489	39
3490	49
3491	53
3492	36
3493	39
3494	47
3495	46
3496	44
3497	41
3498	41
3499	51
3500	45
3501	47
3502	44
3503	39
3504	48
3505	47
3506	55
3507	37
3508	40
3509	36
3510	56
3511	46
3512	37
3513	47
3514	49
3515	47
3516	54
3517	46
3518	49
3519	51
3520	52
3521	53
3522	52
3523	41
3524	56
3525	45
3526	47
3527	52
3528	58
3529	41
3530	54
3531	54
3532	53
3533	57
3534	61
3535	60
3536	55
3537	53
3538	47
3539	50
3540	45
3541	59
3542	61
3543	55
3544	52
3545	54
3546	45
3547	60
3548	45
3549	54
3550	50
3551	58
3552	51
3553	68
3554	50
3555	53
3556	49
3557	60
3558	54
3559	50
3560	67
3561	67
3562	61
3563	65
3564	59
3565	61
3566	62
3567	55
3568	80
3569	56
3570	55
3571	64
3572	47
3573	59
3574	66
3575	55
3576	67
3577	71
3578	61
3579	58
3580	60
3581	72
3582	67
3583	63
3584	79
3585	71
3586	69
3587	70
3588	58
3589	70
3590	75
3591	68
3592	62
3593	71
3594	76
3595	80
3596	78
3597	69
3598	58
3599	67
3600	65
3601	56
3602	73
3603	74
3604	70
3605	64
3606	77
3607	68
3608	67
3609	74
3610	81
3611	70
3612	97
3613	84
3614	90
3615	79
3616	86
3617	64
3618	99
3619	82
3620	69
3621	84
3622	74
3623	70
3624	95
3625	88
3626	77
3627	93
3628	72
3629	91
3630	94
3631	84
3632	86
3633	81
3634	89
3635	73
3636	87
3637	92
3638	94
3639	90
3640	90
3641	97
3642	93
3643	97
3644	98
3645	91
3646	105
3647	104
3648	97
3649	98
3650	121
3651	103
3652	105
3653	104
3654	102
3655	121
3656	103
3657	106
3658	109
3659	114
3660	110
3661	106
3662	122
3663	123
3664	127
3665	117
3666	115
3667	101
3668	100
3669	111
3670	128
3671	135
3672	117
3673	124
3674	115
3675	132
3676	138
3677	137
3678	135
3679	140
3680	128
3681	165
3682	137
3683	137
3684	126
3685	154
3686	144
3687	129
3688	171
3689	163
3690	146
3691	153
3692	144
3693	173
3694	138
3695	176
3696	169
3697	156
3698	178
3699	164
3700	189
3701	173
3702	179
3703	186
3704	161
3705	162
3706	161
3707	169
3708	186
3709	182
3710	151
3711	176
3712	190
3713	182
3714	170
3715	193
3716	192
3717	178
3718	197
3719	225
3720	198
3721	181
3722	226
3723	217
3724	181
3725	192
3726	202
3727	213
3728	203
3729	229
3730	222
3731	200
3732	220
3733	227
3734	212
3735	222
3736	218
3737	256
3738	231
3739	205
3740	234
3741	246
3742	243
3743	241
3744	232
3745	229
3746	274
3747	257
3748	243
3749	257
3750	239
3751	256
3752	253
3753	269
3754	272
3755	266
3756	276
3757	266
3758	265
3759	250
3760	279
3761	260
3762	279
3763	288
3764	262
3765	288
3766	272
3767	278
3768	302
3769	330
3770	315
3771	306
3772	301
3773	314
3774	300
3775	335
3776	299
3777	295
3778	340
3779	351
3780	336
3781	327
3782	339
3783	325
3784	360
3785	367
3786	397
3787	365
3788	353
3789	344
3790	345
3791	349
3792	357
3793	377
3794	361
3795	384
3796	369
3797	353
3798	371
3799	377
3800	359
3801	409
3802	395
3803	378
3804	413
3805	412
3806	406
3807	417
3808	398
3809	427
3810	418
3811	407
3812	408
3813	370
3814	406
3815	420
3816	419
3817	397
3818	460
3819	448
3820	486
3821	459
3822	422
3823	480
3824	469
3825	447
3826	497
3827	478
3828	459
3829	522
3830	486
3831	475
3832	499
3833	527
3834	471
3835	508
3836	503
3837	480
3838	493
3839	553
3840	548
3841	519
3842	487
3843	473
3844	490
3845	502
3846	533
3847	571
3848	525
3849	564
3850	536
3851	558
3852	560
3853	606
3854	546
3855	535
3856	547
3857	543
3858	586
3859	559
3860	552
3861	567
3862	587
3863	583
3864	585
3865	571
3866	575
3867	591
3868	557
3869	571
3870	611
3871	624
3872	599
3873	582
3874	608
3875	602
3876	565
3877	624
3878	598
3879	573
3880	621
3881	608
3882	631
3883	609
3884	648
3885	626
3886	617
3887	673
3888	597
3889	640
3890	665
3891	648
3892	653
3893	631
3894	670
3895	630
3896	647
3897	653
3898	715
3899	628
3900	642
3901	627
3902	725
3903	711
3904	672
3905	723
3906	718
3907	643
3908	698
3909	658
3910	677
3911	729
3912	685
3913	715
3914	687
3915	675
3916	715
3917	664
3918	684
3919	724
3920	721
3921	693
3922	745
3923	719
3924	726
3925	680
3926	736
3927	743
3928	681
3929	682
3930	687
3931	754
3932	732
3933	721
3934	757
3935	707
3936	693
3937	757
3938	769
3939	721
3940	729
3941	757
3942	745
3943	734
3944	711
3945	729
3946	730
3947	712
3948	738
3949	731
3950	729
3951	776
3952	752
3953	731
3954	730
3955	731
3956	776
3957	738
3958	768
3959	722
3960	748
3961	704
3962	758
3963	767
3964	750
3965	736
3966	774
3967	753
3968	728
3969	790
3970	789
3971	733
3972	739
3973	732
3974	758
3975	750
3976	781
3977	743
3978	703
3979	759
3980	743
3981	702
3982	727
3983	716
3984	748
3985	761
3986	813
3987	749
3988	670
3989	710
3990	709
3991	747
3992	700
3993	733
3994	760
3995	703
3996	700
3997	678
3998	720
3999	735
4000	694
4001	703
4002	700
4003	770
4004	735
4005	676
4006	708
4007	727
4008	758
4009	660
4010	707
4011	738
4012	700
4013	713
4014	702
4015	710
4016	690
4017	676
4018	695
4019	619
4020	666
4021	707
4022	675
4023	657
4024	658
4025	695
4026	652
4027	676
4028	712
4029	667
4030	716
4031	712
4032	620
4033	642
4034	680
4035	634
4036	651
4037	636
4038	651
4039	622
4040	660
4041	669
4042	638
4043	651
4044	617
4045	660
4046	619
4047	590
4048	664
4049	611
4050	588
4051	642
4052	595
4053	650
4054	610
4055	592
4056	620
4057	592
4058	568
4059	603
4060	514
4061	568
4062	573
4063	585
4064	595
4065	556
4066	591
4067	552
4068	554
4069	566
4070	570
4071	529
4072	543
4073	539
4074	537
4075	540
4076	498
4077	514
4078	544
4079	534
4080	542
4081	521
4082	516
4083	487
4084	479
4085	516
4086	523
4087	498
4088	519
4089	456
4090	474
4091	496
4092	444
4093	462
4094	442
4095	490
4096	441
4097	452
4098	443
4099	462
4100	448
4101	446
4102	444
4103	443
4104	433
4105	448
4106	440
4107	402
4108	411
4109	454
4110	399
4111	446
4112	366
4113	362
4114	426
4115	371
4116	395
4117	373
4118	387
4119	400
4120	370
4121	378
4122	403
4123	341
4124	342
4125	376
4126	344
4127	370
4128	337
4129	331
4130	348
4131	374
4132	336
4133	361
4134	355
4135	305
4136	334
4137	345
4138	302
4139	316
4140	300
4141	328
4142	324
4143	307
4144	285
4145	262
4146	255
4147	292
4148	292
4149	252
4150	292
4151	263
4152	275
4153	256
4154	285
4155	284
4156	243
4157	244
4158	240
4159	267
4160	266
4161	236
4162	247
4163	232
4164	232
4165	253
4166	226
4167	215
4168	235
4169	235
4170	243
4171	218
4172	206
4173	206
4174	208
4175	207
4176	209
4177	222
4178	208
4179	186
4180	203
4181	200
4182	189
4183	198
4184	187
4185	184
4186	174
4187	170
4188	178
4189	170
4190	144
4191	178
4192	192
4193	165
4194	174
4195	179
4196	166
4197	155
4198	174
4199	137
4200	169
4201	134
4202	123
4203	139
4204	160
4205	158
4206	127
4207	141
4208	124
4209	145
4210	116
4211	123
4212	129
4213	129
4214	123
4215	117
4216	134
4217	133
4218	111
4219	121
4220	123
4221	116
4222	130
4223	106
4224	90
4225	97
4226	106
4227	95
4228	93
4229	109
4230	105
4231	107
4232	91
4233	103
4234	103
4235	84
4236	78
4237	84
4238	117
4239	88
4240	84
4241	87
4242	101
4243	89
4244	64
4245	77
4246	86
4247	91
4248	77
4249	63
4250	63
4251	71
4252	56
4253	72
4254	68
4255	56
4256	69
4257	74
4258	59
4259	78
4260	65
4261	73
4262	61
4263	46
4264	51
4265	49
4266	56
4267	54
4268	50
4269	62
4270	55
4271	56
4272	52
4273	48
4274	52
4275	47
4276	49
4277	54
4278	53
4279	53
4280	44
4281	51
4282	45
4283	39
4284	45
4285	33
4286	36
4287	38
4288	36
4289	36
4290	35
4291	40
4292	44
4293	44
4294	34
4295	36
4296	26
4297	35
4298	46
4299	34
4300	26
4301	30
4302	42
4303	27
4304	39
4305	25
4306	34
4307	26
4308	29
4309	29
4310	20
4311	27
4312	17
4313	16
4314	27
4315	26
4316	24
4317	26
4318	24
4319	19
4320	24
4321	34
4322	25
4323	14
4324	33
4325	34
4326	23
4327	27
4328	19
4329	17
4330	23
4331	16
4332	19
4333	20
4334	12
4335	20
4336	26
4337	21
4338	21
4339	26
4340	17
4341	18
4342	21
4343	24
4344	22
4345	14
4346	17
4347	23
4348	16
4349	22
4350	20
4351	20
4352	14
4353	17
4354	19
4355	14
4356	16
4357	20
4358	24
4359	11
4360	18
4361	21
4362	19
4363	14
4364	10
4365	14
4366	15
4367	12
4368	15
4369	9
4370	19
4371	18
4372	16
4373	13
4374	16
4375	11
4376	11
4377	16
4378	13
4379	7
4380	15
4381	11
4382	9
4383	10
4384	10
4385	9
4386	10
4387	14
4388	15
4389	6
4390	8
4391	8
4392	12
4393	11
4394	12
4395	8
4396	16
4397	19
4398	18
4399	14
4400	11
4401	14
4402	13
4403	14
4404	12
4405	13
4406	9
4407	16
4408	8
4409	13
4410	16
4411	9
4412	9
4413	11
4414	9
4415	11
4416	12
4417	9
4418	4
4419	8
4420	7
4421	11
4422	7
4423	12
4424	8
4425	11
4426	8
4427	14
4428	11
4429	6
4430	9
4431	6
4432	10
4433	7
4434	12
4435	7
4436	6
4437	9
4438	9
4439	5
4440	8
4441	13
4442	9
4443	10
4444	8
4445	15
4446	8
4447	10
4448	11
4449	9
4450	10
4451	11
4452	9
4453	4
4454	8
4455	8
4456	10
4457	10
4458	3
4459	9
4460	10
4461	12
4462	3
4463	10
4464	15
4465	6
4466	10
4467	3
4468	7
4469	9
4470	6
4471	14
4472	8
4473	6
4474	14
4475	6
4476	9
4477	5
4478	5
4479	8
4480	5
4481	9
4482	14
4483	9
4484	7
4485	4
4486	7
4487	7
4488	5
4489	6
4490	7
4491	12
4492	9
4493	6
4494	10
4495	5
4496	7
4497	7
4498	13
4499	7
4500	4
4501	13
4502	4
4503	10
4504	6
4505	6
4506	3
4507	9
4508	7
4509	6
4510	6
4511	13
4512	8
4513	4
4514	8
4515	11
4516	8
4517	10
4518	8
4519	9
4520	6
4521	11
4522	6
4523	6
4524	9
4525	10
4526	11
4527	7
4528	6
4529	3
4530	5
4531	8
4532	4
4533	9
4534	8
4535	4
4536	6
4537	6
4538	10
4539	7
4540	11
4541	6
4542	5
4543	7
4544	7
4545	6
4546	7
4547	5
4548	8
4549	7
4550	6
4551	9
4552	9
4553	2
4554	8
4555	7
4556	7
4557	3
4558	10
4559	6
4560	5
4561	12
4562	8
4563	11
4564	2
4565	7
4566	5
4567	11
4568	12
4569	7
4570	2
4571	5
4572	6
4573	4
4574	5
4575	11
4576	9
4577	9
4578	5
4579	7
4580	6
4581	7
4582	5
4583	5
4584	12
4585	14
4586	7
4587	5
4588	8
4589	6
4590	8
4591	8
4592	8
4593	4
4594	5
4595	6
4596	15
4597	6
4598	5
4599	4
4600	6
4601	4
4602	10
4603	8
4604	5
4605	8
4606	8
4607	7
4608	8
4609	3
4610	9
4611	6
4612	3
4613	8
4614	11
4615	10
4616	6
4617	7
4618	3
4619	11
4620	8
4621	10
4622	5
4623	4
4624	5
4625	3
4626	5
4627	5
4628	1
4629	4
4630	6
4631	4
4632	6
4633	5
4634	3
4635	9
4636	3
4637	9
4638	8
4639	4
4640	9
4641	7
4642	6
4643	3
4644	2
4645	4
4646	6
4647	6
4648	10
4649	3
4650	3
4651	11
4652	2
4653	3
4654	4
4655	4
4656	5
4657	6
4658	5
4659	11
4660	2
4661	6
4662	5
4663	5
4664	5
4665	4
4666	10
4667	9
4668	3
4669	2
4670	6
4671	8
4672	6
4673	8
4674	3
4675	7
4676	5
4677	4
4678	4
4679	7
4680	11
4681	4
4682	8
4683	2
4684	8
4685	1
4686	6
4687	7
4688	5
4689	9
4690	5
4691	9
4692	4
4693	8
4694	6
4695	2
4696	4
4697	7
4698	10
4699	7
4700	9
4701	7
4702	2
4703	6
4704	5
4705	3
4706	6
4707	6
4708	10
4709	4
4710	5
4711	15
4712	7
4713	10
4714	8
4715	3
4716	5
4717	6
4718	7
4719	7
4720	7
4721	4
4722	5
4723	3
4724	2
4725	7
4726	6
4727	1
4728	5
4729	7
4730	5
4731	7
4732	6
4733	3
4734	8
4735	4
4736	4
4737	4
4738	9
4739	7
4740	6
4741	10
4742	6
4743	5
4744	11
4745	7
4746	5
4747	9
4748	7
4749	2
4750	9
4751	9
4752	9
4753	8
4754	6
4755	5
4756	4
4757	4
4758	7
4759	4
4760	6
4761	7
4762	5
4763	1
4764	9
4765	10
4766	4
4767	3
4768	6
4769	4
4770	6
4771	4
4772	5
4773	5
4774	6
4775	6
4776	5
4777	4
4778	4
4779	5
4780	10
4781	6
4782	3
4783	5
4784	8
4785	5
4786	6
4787	7
4788	5
4789	5
4790	5
4791	5
4792	7
4793	6
4794	3
4795	5
4796	3
4797	5
4798	4
4799	2
4800	5
4801	4
4802	3
4803	6
4804	7
4805	2
4806	4
4807	5
4808	10
4809	6
4810	6
4811	5
4812	5
4813	10
4814	3
4815	8
4816	4
4817	2
4818	6
4819	3
4820	4
4821	6
4822	5
4823	3
4824	5
4825	5
4826	5
4827	3
4828	2
4829	5
4830	2
4831	2
4832	5
4833	5
4834	3
4835	7
4836	4
4837	5
4838	6
4839	7
4840	3
4841	4
4842	3
4843	8
4844	4
4845	4
4846	6
4847	4
4848	2
4849	11
4850	5
4851	4
4852	1
4853	4
4854	5
4855	4
4856	4
4857	2
4858	3
4859	10
4860	4
4861	2
4862	5
4863	2
4864	2
4865	6
4866	5
4867	7
4868	9
4869	1
4870	7
4871	5
4872	5
4873	2
4874	7
4875	6
4876	6
4877	11
4878	4
4879	8
4880	5
4881	4
4882	2
4883	4
4884	8
4885	4
4886	7
4887	2
4888	6
4889	7
4890	5
4891	5
4892	4
4893	7
4894	5
4895	5
4896	4
4897	8
4898	6
4899	5
4900	2
4901	9
4902	2
4903	9
4904	12
4905	4
4906	4
4907	3
4908	5
4909	4
4910	2
4911	6
4912	4
4913	3
4914	5
4915	5
4916	4
4917	5
4918	4
4919	6
4920	4
4921	3
4922	1
4923	3
4924	4
4925	7
4926	7
4927	7
4928	2
4929	4
4930	4
4931	3
4932	3
4933	6
4934	3
4935	1
4936	8
4937	5
4938	4
4939	4
4940	4
4941	8
4942	6
4943	9
4944	8
4945	5
4946	5
4947	7
4948	8
4949	7
4950	7
4951	2
4952	7
4953	3
4954	6
4955	8
4956	2
4957	10
4958	6
4959	4
4960	5
4961	8
4962	5
4963	6
4964	2
4965	5
4966	1
4967	10
4968	8
4969	6
4970	1
4971	3
4972	8
4973	3
4974	4
4975	7
4976	6
4977	4
4978	7
4979	7
4980	12
4981	0
4982	6
4983	8
4984	6
4985	2
4986	6
4987	7
4988	3
4989	2
4990	1
4991	6
4992	4
4993	3
4994	8
4995	4
4996	4
4997	9
4998	5
4999	8
5000	3
5001	3
5002	9
5003	9
5004	2
5005	10
5006	0
5007	8
5008	5
5009	4
5010	5
5011	6
5012	7
5013	6
5014	8
5015	5
5016	8
5017	2
5018	5
5019	3
5020	7
5021	9
5022	6
5023	1
5024	7
5025	3
5026	3
5027	5
5028	4
5029	3
5030	3
5031	6
5032	3
5033	6
5034	3
5035	5
5036	4
5037	10
5038	3
5039	5
5040	9
5041	6
5042	4
5043	6
5044	8
5045	9
5046	4
5047	5
5048	5
5049	6
5050	3
5051	0
5052	5
5053	3
5054	4
5055	5
5056	3
5057	6
5058	4
5059	6
5060	5
5061	3
5062	7
5063	3
5064	3
5065	5
5066	9
5067	8
5068	3
5069	9
5070	14
5071	6
5072	5
5073	5
5074	5
5075	7
5076	5
5077	4
5078	1
5079	0
5080	8
5081	3
5082	8
5083	4
5084	4
5085	7
5086	3
5087	2
5088	5
5089	1
5090	1
5091	5
5092	7
5093	3
5094	5
5095	5
5096	1
5097	4
5098	7
5099	6
5100	3
5101	2
5102	5
5103	4
5104	4
5105	1
5106	4
5107	4
5108	11
5109	4
5110	7
5111	6
5112	4
5113	6
5114	4
5115	5
5116	8
5117	4
5118	1
5119	7
5120	3
5121	9
5122	7
5123	4
5124	7
5125	6
5126	6
5127	6
5128	3
5129	3
5130	7
5131	6
5132	4
5133	8
5134	4
5135	6
5136	2
5137	4
5138	5
5139	7
5140	4
5141	3
5142	4
5143	4
5144	2
5145	6
5146	8
5147	4
5148	3
5149	4
5150	5
5151	3
5152	5
5153	4
5154	6
5155	7
5156	9
5157	3
5158	6
5159	3
5160	6
5161	9
5162	4
5163	10
5164	9
5165	6
5166	5
5167	3
5168	4
5169	6
5170	3
5171	5
5172	5
5173	8
5174	6
5175	9
5176	2
5177	8
5178	12
5179	8
5180	5
5181	0
5182	3
5183	3
5184	9
5185	3
5186	4
5187	3
5188	6
5189	4
5190	7
5191	7
5192	4
5193	9
5194	3
5195	3
5196	3
5197	5
5198	2
5199	3
5200	9
5201	4
5202	10
5203	3
5204	8
5205	3
5206	3
5207	3
5208	5
5209	3
5210	5
5211	3
5212	6
5213	7
5214	4
5215	2
5216	7
5217	5
5218	5
5219	4
5220	5
5221	3
5222	2
5223	4
5224	6
5225	4
5226	4
5227	5
5228	5
5229	5
5230	5
5231	3
5232	4
5233	7
5234	4
5235	3
5236	3
5237	3
5238	7
5239	4
5240	4
5241	3
5242	1
5243	8
5244	6
5245	7
5246	5
5247	4
5248	6
5249	13
5250	6
5251	3
5252	4
5253	5
5254	8
5255	1
5256	5
5257	7
5258	2
5259	5
5260	6
5261	10
5262	1
5263	4
5264	4
5265	5
5266	9
5267	5
5268	6
5269	9
5270	7
5271	7
5272	3
5273	3
5274	8
5275	6
5276	4
5277	4
5278	7
5279	2
5280	8
5281	4
5282	4
5283	3
5284	8
5285	3
5286	4
5287	4
5288	5
5289	5
5290	4
5291	3
5292	5
5293	7
5294	6
5295	7
5296	3
5297	5
5298	10
5299	8
5300	4
5301	6
5302	6
5303	2
5304	7
5305	3
5306	5
5307	9
5308	1
5309	9
5310	5
5311	9
5312	1
5313	2
5314	4
5315	5
5316	1
5317	2
5318	4
5319	4
5320	4
5321	4
5322	7
5323	3
5324	7
5325	6
5326	8
5327	5
5328	6
5329	5
5330	2
5331	7
5332	0
5333	5
5334	4
5335	7
5336	4
5337	6
5338	6
5339	10
5340	7
5341	6
5342	5
5343	8
5344	3
5345	4
5346	6
5347	4
5348	8
5349	4
5350	7
5351	4
5352	6
5353	3
5354	7
5355	1
5356	7
5357	7
5358	5
5359	5
5360	2
5361	4
5362	6
5363	2
5364	6
5365	4
5366	5
5367	7
5368	3
5369	3
5370	11
5371	2
5372	6
5373	7
5374	6
5375	9
5376	3
5377	10
5378	7
5379	6
5380	3
5381	3
5382	8
5383	2
5384	7
5385	5
5386	5
5387	4
5388	9
5389	4
5390	3
5391	2
5392	8
5393	5
5394	4
5395	4
5396	6
5397	4
5398	9
5399	8
5400	4
5401	6
5402	3
5403	9
5404	3
5405	4
5406	5
5407	6
5408	9
5409	5
5410	8
5411	5
5412	5
5413	8
5414	5
5415	6
5416	4
5417	6
5418	2
5419	6
5420	6
5421	3
5422	3
5423	6
5424	5
5425	6
5426	4
5427	5
5428	8
5429	4
5430	2
5431	3
5432	9
5433	4
5434	3
5435	6
5436	6
5437	12
5438	8
5439	7
5440	5
5441	9
5442	6
5443	5
5444	4
5445	8
5446	7
5447	3
5448	8
5449	3
5450	3
5451	4
5452	8
5453	3
5454	10
5455	7
5456	8
5457	4
5458	6
5459	3
5460	6
5461	4
5462	4
5463	9
5464	9
5465	2
5466	5
5467	8
5468	2
5469	4
5470	4
5471	2
5472	3
5473	2
5474	6
5475	11
5476	6
5477	5
5478	6
5479	1
5480	4
5481	3
5482	4
5483	7
5484	5
5485	4
5486	7
5487	5
5488	11
5489	5
5490	5
5491	3
5492	6
5493	4
5494	3
5495	6
5496	9
5497	2
5498	6
5499	3
5500	5
5501	2
5502	5
5503	6
5504	4
5505	3
5506	1
5507	3
5508	6
5509	8
5510	6
5511	7
5512	8
5513	9
5514	6
5515	4
5516	12
5517	9
5518	2
5519	5
5520	6
5521	9
5522	4
5523	5
5524	7
5525	1
5526	2
5527	5
5528	5
5529	7
5530	9
5531	6
5532	4
5533	2
5534	5
5535	6
5536	6
5537	10
5538	6
5539	3
5540	10
5541	5
5542	6
5543	2
5544	10
5545	3
5546	2
5547	7
5548	7
5549	8
5550	5
5551	5
5552	6
5553	1
5554	2
5555	7
5556	4
5557	11
5558	5
5559	4
5560	4
5561	5
5562	8
5563	4
5564	5
5565	5
5566	3
5567	8
5568	4
5569	4
5570	3
5571	10
5572	3
5573	8
5574	5
5575	8
5576	8
5577	6
5578	7
5579	3
5580	3
5581	8
5582	4
5583	0
5584	8
5585	9
5586	3
5587	2
5588	4
5589	1
5590	6
5591	6
5592	6
5593	5
5594	5
5595	6
5596	8
5597	4
5598	10
5599	9
5600	5
5601	8
5602	2
5603	5
5604	5
5605	3
5606	10
5607	1
5608	5
5609	7
5610	5
5611	4
5612	5
5613	8
5614	5
5615	2
5616	6
5617	4
5618	6
5619	6
5620	5
5621	7
5622	5
5623	6
5624	3
5625	4
5626	2
5627	4
5628	5
5629	2
5630	2
5631	5
5632	3
5633	2
5634	8
5635	4
5636	3
5637	8
5638	5
5639	3
5640	10
5641	3
5642	6
5643	5
5644	7
5645	6
5646	5
5647	3
5648	3
5649	9
5650	5
5651	4
5652	2
5653	3
5654	8
5655	4
5656	4
5657	6
5658	3
5659	3
5660	4
5661	3
5662	3
5663	4
5664	3
5665	4
5666	4
5667	6
5668	4
5669	6
5670	3
5671	4
5672	9
5673	3
5674	8
5675	4
5676	4
5677	6
5678	5
5679	7
5680	6
5681	3
5682	3
5683	4
5684	3
5685	2
5686	5
5687	3
5688	2
5689	2
5690	6
5691	3
5692	7
5693	3
5694	2
5695	7
5696	7
5697	2
5698	5
5699	4
5700	4
5701	4
5702	6
5703	5
5704	5
5705	9
5706	0
5707	6
5708	6
5709	2
5710	6
5711	5
5712	4
5713	1
5714	2
5715	7
5716	5
5717	5
5718	7
5719	5
5720	6
5721	7
5722	5
5723	6
5724	4
5725	1
5726	4
5727	3
5728	4
5729	5
5730	5
5731	1
5732	4
5733	3
5734	2
5735	4
5736	3
5737	4
5738	1
5739	4
5740	2
5741	2
5742	9
5743	5
5744	7
5745	3
5746	7
5747	1
5748	4
5749	4
5750	4
5751	6
5752	2
5753	4
5754	5
5755	5
5756	3
5757	6
5758	6
5759	5
5760	8
5761	2
5762	5
5763	5
5764	3
5765	2
5766	3
5767	5
5768	6
5769	2
5770	3
5771	5
5772	7
5773	2
5774	3
5775	4
5776	3
5777	6
5778	3
5779	5
5780	4
5781	4
5782	2
5783	3
5784	5
5785	4
5786	3
5787	4
5788	4
5789	3
5790	3
5791	3
5792	0
5793	5
5794	9
5795	6
5796	6
5797	4
5798	5
5799	7
5800	4
5801	1
5802	6
5803	5
5804	4
5805	4
5806	1
5807	9
5808	1
5809	5
5810	2
5811	5
5812	1
5813	5
5814	4
5815	5
5816	1
5817	5
5818	2
5819	3
5820	1
5821	3
5822	5
5823	5
5824	4
5825	5
5826	3
5827	2
5828	5
5829	3
5830	7
5831	2
5832	2
5833	7
5834	5
5835	5
5836	4
5837	1
5838	4
5839	2
5840	2
5841	0
5842	4
5843	4
5844	2
5845	5
5846	2
5847	2
5848	2
5849	5
5850	1
5851	1
5852	4
5853	2
5854	4
5855	3
5856	3
5857	1
5858	5
5859	6
5860	3
5861	4
5862	7
5863	3
5864	9
5865	3
5866	1
5867	3
5868	1
5869	2
5870	3
5871	2
5872	3
5873	5
5874	2
5875	4
5876	1
5877	6
5878	2
5879	2
5880	2
5881	3
5882	5
5883	1
5884	3
5885	9
5886	4
5887	3
5888	4
5889	2
5890	0
5891	2
5892	1
5893	6
5894	2
5895	7
5896	1
5897	3
5898	6
5899	2
5900	3
5901	5
5902	4
5903	2
5904	4
5905	5
5906	3
5907	1
5908	3
5909	4
5910	2
5911	1
5912	8
5913	3
5914	0
5915	2
5916	2
5917	2
5918	3
5919	2
5920	2
5921	7
5922	5
5923	4
5924	2
5925	4
5926	2
5927	2
5928	2
5929	2
5930	2
5931	1
5932	3
5933	5
5934	7
5935	2
5936	3
5937	2
5938	0
5939	2
5940	3
5941	3
5942	1
5943	1
5944	2
5945	4
5946	5
5947	5
5948	8
5949	6
5950	5
5951	2
5952	1
5953	4
5954	1
5955	1
5956	3
5957	2
5958	3
5959	2
5960	3
5961	3
5962	4
5963	3
5964	1
5965	3
5966	3
5967	3
5968	6
5969	4
5970	6
5971	5
5972	3
5973	3
5974	2
5975	2
5976	3
5977	5
5978	1
5979	2
5980	1
5981	3
5982	1
5983	6
5984	2
5985	5
5986	0
5987	3
5988	2
5989	3
5990	5
5991	1
5992	3
5993	1
5994	2
5995	5
5996	4
5997	3
5998	3
5999	3
6000	4
6001	2
6002	3
6003	2
6004	1
6005	5
6006	1
6007	4
6008	5
6009	2
6010	4
6011	2
6012	1
6013	4
6014	3
6015	3
6016	7
6017	4
6018	5
6019	6
6020	2
6021	2
6022	6
6023	2
6024	1
6025	6
6026	2
6027	3
6028	2
6029	3
6030	1
6031	1
6032	3
6033	2
6034	5
6035	2
6036	4
6037	3
6038	3
6039	3
6040	2
6041	6
6042	1
6043	6
6044	2
6045	1
6046	4
6047	3
6048	1
6049	2
6050	5
6051	2
6052	4
6053	4
6054	1
6055	4
6056	2
6057	6
6058	3
6059	1
6060	0
6061	4
6062	2
6063	5
6064	2
6065	4
6066	2
6067	1
6068	0
6069	8
6070	5
6071	7
6072	5
6073	5
6074	3
6075	5
6076	3
6077	3
6078	1
6079	2
6080	3
6081	5
6082	3
6083	3
6084	3
6085	3
6086	3
6087	1
6088	3
6089	4
6090	2
6091	4
6092	2
6093	4
6094	7
6095	2
6096	4
6097	7
6098	4
6099	2
6100	3
6101	3
6102	4
6103	3
6104	5
6105	4
6106	3
6107	0
6108	1
6109	3
6110	4
6111	3
6112	1
6113	4
6114	4
6115	5
6116	5
6117	2
6118	5
6119	1
6120	6
6121	1
6122	2
6123	3
6124	1
6125	3
6126	3
6127	3
6128	5
6129	2
6130	2
6131	3
6132	5
6133	6
6134	4
6135	3
6136	4
6137	6
6138	7
6139	3
6140	4
6141	5
6142	1
6143	1
6144	0
6145	2
6146	3
6147	0
6148	5
6149	2
6150	1
6151	2
6152	2
6153	1
6154	4
6155	5
6156	0
6157	5
6158	4
6159	3
6160	2
6161	4
6162	0
6163	0
6164	4
6165	3
6166	3
6167	1
6168	2
6169	5
6170	0
6171	1
6172	5
6173	1
6174	4
6175	1
6176	3
6177	6
6178	4
6179	3
6180	0
6181	4
6182	2
6183	4
6184	1
6185	4
6186	4
6187	5
6188	1
6189	4
6190	5
6191	3
6192	3
6193	3
6194	5
6195	2
6196	4
6197	2
6198	3
6199	2
6200	4
6201	2
6202	5
6203	2
6204	1
6205	2
6206	5
6207	2
6208	2
6209	0
6210	2
6211	1
6212	3
6213	1
6214	2
6215	5
6216	1
6217	5
6218	1
6219	2
6220	5
6221	3
6222	4
6223	1
6224	2
6225	1
6226	5
6227	6
6228	2
6229	5
6230	2
6231	3
6232	5
6233	2
6234	4
6235	2
6236	1
6237	4
6238	4
6239	2
6240	3
6241	2
6242	1
6243	3
6244	3
6245	4
6246	1
6247	3
6248	3
6249	4
6250	2
6251	1
6252	6
6253	0
6254	3
6255	4
6256	1
6257	2
6258	6
6259	0
6260	2
6261	7
6262	2
6263	4
6264	0
6265	4
6266	2
6267	1
6268	3
6269	2
6270	3
6271	2
6272	1
6273	5
6274	4
6275	4
6276	1
6277	1
6278	2
6279	5
6280	1
6281	0
6282	2
6283	0
6284	3
6285	7
6286	1
6287	2
6288	6
6289	6
6290	2
6291	4
6292	1
6293	2
6294	6
6295	1
6296	3
6297	3
6298	6
6299	6
6300	3
6301	3
6302	3
6303	2
6304	3
6305	1
6306	1
6307	4
6308	7
6309	1
6310	3
6311	4
6312	2
6313	1
6314	4
6315	1
6316	4
6317	4
6318	3
6319	1
6320	1
6321	4
6322	2
6323	1
6324	3
6325	3
6326	0
6327	4
6328	2
6329	1
6330	4
6331	3
6332	3
6333	5
6334	2
6335	4
6336	1
6337	3
6338	2
6339	6
6340	1
6341	5
6342	4
6343	1
6344	1
6345	0
6346	5
6347	4
6348	2
6349	1
6350	3
6351	1
6352	2
6353	3
6354	2
6355	1
6356	5
6357	1
6358	3
6359	3
6360	3
6361	1
6362	2
6363	1
6364	2
6365	3
6366	6
6367	1
6368	3
6369	1
6370	2
6371	5
6372	5
6373	1
6374	4
6375	3
6376	1
6377	4
6378	1
6379	4
6380	6
6381	1
6382	0
6383	3
6384	1
6385	4
6386	2
6387	3
6388	6
6389	3
6390	3
6391	4
6392	2
6393	3
6394	4
6395	4
6396	6
6397	5
6398	4
6399	7
6400	2
6401	3
6402	6
6403	1
6404	5
6405	2
6406	1
6407	1
6408	4
6409	0
6410	3
6411	5
6412	3
6413	3
6414	1
6415	6
6416	6
6417	2
6418	3
6419	4
6420	2
6421	0
6422	5
6423	2
6424	5
6425	1
6426	2
6427	5
6428	1
6429	2
6430	2
6431	4
6432	2
6433	3
6434	1
6435	3
6436	3
6437	3
6438	3
6439	0
6440	0
6441	4
6442	3
6443	6
6444	3
6445	2
6446	4
6447	1
6448	3
6449	2
6450	1
6451	3
6452	3
6453	1
6454	2
6455	3
6456	1
6457	3
6458	3
6459	5
6460	5
6461	2
6462	3
6463	3
6464	4
6465	3
6466	3
6467	2
6468	3
6469	0
6470	1
6471	3
6472	4
6473	9
6474	5
6475	5
6476	1
6477	3
6478	3
6479	2
6480	3
6481	3
6482	1
6483	4
6484	0
6485	0
6486	2
6487	2
6488	2
6489	1
6490	4
6491	5
6492	2
6493	4
6494	4
6495	6
6496	6
6497	3
6498	7
6499	4
6500	2
6501	3
6502	3
6503	5
6504	4
6505	5
6506	2
6507	4
6508	5
6509	3
6510	2
6511	4
6512	3
6513	2
6514	5
6515	3
6516	3
6517	4
6518	1
6519	3
6520	2
6521	1
6522	4
6523	7
6524	4
6525	6
6526	1
6527	4
6528	2
6529	5
6530	2
6531	3
6532	7
6533	3
6534	1
6535	3
6536	1
6537	6
6538	4
6539	1
6540	6
6541	1
6542	2
6543	3
6544	3
6545	8
6546	5
6547	1
6548	5
6549	4
6550	3
6551	5
6552	4
6553	0
6554	2
6555	5
6556	5
6557	4
6558	2
6559	1
6560	3
6561	1
6562	5
6563	3
6564	4
6565	1
6566	3
6567	3
6568	3
6569	2
6570	7
6571	2
6572	2
6573	0
6574	5
6575	3
6576	3
6577	6
6578	5
6579	5
6580	1
6581	2
6582	5
6583	1
6584	2
6585	4
6586	3
6587	4
6588	5
6589	5
6590	2
6591	2
6592	2
6593	3
6594	5
6595	5
6596	2
6597	7
6598	4
6599	4
6600	2
6601	1
6602	3
6603	1
6604	1
6605	5
6606	6
6607	3
6608	3
6609	1
6610	4
6611	3
6612	3
6613	2
6614	5
6615	5
6616	5
6617	3
6618	0
6619	3
6620	4
6621	2
6622	8
6623	6
6624	5
6625	1
6626	4
6627	1
6628	1
6629	1
6630	4
6631	4
6632	3
6633	1
6634	1
6635	0
6636	2
6637	4
6638	3
6639	3
6640	3
6641	3
6642	4
6643	0
6644	3
6645	3
6646	2
6647	3
6648	4
6649	5
6650	6
6651	3
6652	4
6653	6
6654	2
6655	2
6656	9
6657	3
6658	2
6659	2
6660	3
6661	8
6662	5
6663	4
6664	5
6665	3
6666	2
6667	3
6668	4
6669	4
6670	5
6671	4
6672	2
6673	5
6674	3
6675	2
6676	5
6677	3
6678	4
6679	4
6680	4
6681	4
6682	5
6683	3
6684	6
6685	1
6686	4
6687	6
6688	3
6689	4
6690	6
6691	3
6692	2
6693	1
6694	5
6695	4
6696	4
6697	7
6698	5
6699	7
6700	1
6701	6
6702	2
6703	2
6704	6
6705	3
6706	3
6707	3
6708	2
6709	5
6710	3
6711	1
6712	3
6713	4
6714	1
6715	6
6716	2
6717	2
6718	3
6719	4
6720	3
6721	4
6722	3
6723	2
6724	0
6725	1
6726	4
6727	3
6728	5
6729	6
6730	8
6731	3
6732	6
6733	2
6734	4
6735	1
6736	6
6737	3
6738	4
6739	4
6740	6
6741	4
6742	6
6743	2
6744	4
6745	3
6746	1
6747	9
6748	4
6749	2
6750	7
6751	2
6752	2
6753	2
6754	1
6755	7
6756	5
6757	5
6758	3
6759	2
6760	4
6761	3
6762	3
6763	3
6764	1
6765	6
6766	3
6767	6
6768	4
6769	3
6770	4
6771	2
6772	5
6773	5
6774	7
6775	2
6776	1
6777	4
6778	3
6779	4
6780	5
6781	3
6782	1
6783	4
6784	3
6785	10
6786	3
6787	4
6788	3
6789	7
6790	4
6791	3
6792	2
6793	4
6794	0
6795	2
6796	5
6797	4
6798	2
6799	2
6800	4
6801	6
6802	4
6803	4
6804	7
6805	4
6806	6
6807	3
6808	6
6809	3
6810	4
6811	4
6812	4
6813	3
6814	2
6815	2
6816	4
6817	3
6818	5
6819	5
6820	5
6821	0
6822	0
6823	5
6824	5
6825	6
6826	8
6827	3
6828	4
6829	3
6830	3
6831	8
6832	6
6833	6
6834	3
6835	3
6836	8
6837	5
6838	4
6839	2
6840	3
6841	0
6842	4
6843	5
6844	2
6845	4
6846	9
6847	7
6848	5
6849	2
6850	3
6851	2
6852	1
6853	2
6854	6
6855	3
6856	4
6857	0
6858	3
6859	4
6860	5
6861	1
6862	3
6863	5
6864	2
6865	5
6866	3
6867	1
6868	4
6869	3
6870	2
6871	2
6872	6
6873	3
6874	3
6875	4
6876	0
6877	3
6878	2
6879	2
6880	3
6881	1
6882	6
6883	4
6884	4
6885	4
6886	4
6887	5
6888	1
6889	4
6890	4
6891	4
6892	2
6893	3
6894	7
6895	6
6896	4
6897	6
6898	0
6899	4
6900	4
6901	4
6902	8
6903	2
6904	2
6905	5
6906	4
6907	3
6908	4
6909	4
6910	3
6911	3
6912	2
6913	5
6914	1
6915	4
6916	0
6917	3
6918	2
6919	2
6920	2
6921	4
6922	5
6923	2
6924	6
6925	2
6926	5
6927	7
6928	1
6929	2
6930	2
6931	1
6932	2
6933	1
6934	3
6935	2
6936	6
6937	5
6938	3
6939	2
6940	5
6941	5
6942	3
6943	2
6944	3
6945	2
6946	2
6947	6
6948	5
6949	6
6950	6
6951	3
6952	4
6953	3
6954	3
6955	7
6956	1
6957	5
6958	8
6959	4
6960	5
6961	5
6962	2
6963	3
6964	1
6965	6
6966	7
6967	3
6968	4
6969	1
6970	2
6971	3
6972	3
6973	2
6974	2
6975	2
6976	6
6977	6
6978	5
6979	3
6980	5
6981	3
6982	2
6983	4
6984	4
6985	2
6986	4
6987	4
6988	3
6989	4
6990	4
6991	3
6992	2
6993	2
6994	4
6995	3
6996	4
6997	4
6998	1
6999	5
7000	1
7001	6
7002	4
7003	2
7004	5
7005	4
7006	3
7007	3
7008	5
7009	5
7010	6
7011	2
7012	3
7013	5
7014	1
7015	6
7016	1
7017	1
7018	3
7019	1
7020	2
7021	2
7022	6
7023	3
7024	6
7025	9
7026	5
7027	3
7028	3
7029	6
7030	4
7031	5
7032	4
7033	4
7034	4
7035	3
7036	2
7037	8
7038	4
7039	4
7040	2
7041	5
7042	7
7043	2
7044	3
7045	1
7046	5
7047	3
7048	1
7049	4
7050	2
7051	2
7052	5
7053	3
7054	1
7055	9
7056	3
7057	3
7058	5
7059	4
7060	4
7061	3
7062	4
7063	6
7064	4
7065	7
7066	3
7067	2
7068	8
7069	3
7070	5
7071	3
7072	2
7073	2
7074	6
7075	4
7076	4
7077	4
7078	5
7079	3
7080	3
7081	4
7082	3
7083	7
7084	3
7085	1
7086	4
7087	4
7088	2
7089	2
7090	1
7091	3
7092	2
7093	2
7094	1
7095	4
7096	4
7097	2
7098	7
7099	2
7100	10
7101	3
7102	6
7103	1
7104	6
7105	3
7106	2
7107	0
7108	0
7109	6
7110	6
7111	1
7112	2
7113	0
7114	4
7115	1
7116	2
7117	5
7118	3
7119	3
7120	3
7121	5
7122	9
7123	5
7124	4
7125	4
7126	2
7127	3
7128	4
7129	4
7130	6
7131	4
7132	10
7133	4
7134	2
7135	7
7136	1
7137	2
7138	4
7139	6
7140	5
7141	2
7142	1
7143	7
7144	2
7145	4
7146	7
7147	2
7148	2
7149	1
7150	7
7151	4
7152	5
7153	3
7154	3
7155	4
7156	4
7157	1
7158	8
7159	5
7160	2
7161	3
7162	2
7163	3
7164	3
7165	10
7166	0
7167	1
7168	1
7169	3
7170	4
7171	1
7172	3
7173	3
7174	3
7175	8
7176	4
7177	4
7178	6
7179	2
7180	2
7181	3
7182	5
7183	3
7184	2
7185	3
7186	2
7187	4
7188	5
7189	3
7190	4
7191	2
7192	0
7193	4
7194	3
7195	1
7196	1
7197	5
7198	3
7199	2
7200	5
7201	2
7202	3
7203	2
7204	3
7205	3
7206	2
7207	1
7208	3
7209	3
7210	2
7211	6
7212	2
7213	3
7214	5
7215	2
7216	5
7217	3
7218	4
7219	5
7220	1
7221	4
7222	3
7223	5
7224	2
7225	5
7226	4
7227	2
7228	6
7229	3
7230	2
7231	4
7232	2
7233	3
7234	4
7235	3
7236	7
7237	3
7238	6
7239	6
7240	3
7241	3
7242	4
7243	5
7244	3
7245	3
7246	6
7247	3
7248	2
7249	2
7250	3
7251	2
7252	6
7253	2
7254	2
7255	1
7256	9
7257	1
7258	6
7259	2
7260	2
7261	3
7262	4
7263	1
7264	1
7265	4
7266	3
7267	2
7268	9
7269	5
7270	3
7271	1
7272	0
7273	1
7274	2
7275	6
7276	2
7277	2
7278	3
7279	3
7280	3
7281	3
7282	4
7283	2
7284	6
7285	3
7286	5
7287	4
7288	3
7289	2
7290	1
7291	1
7292	3
7293	2
7294	2
7295	4
7296	2
7297	4
7298	4
7299	3
7300	2
7301	0
7302	3
7303	1
7304	5
7305	3
7306	7
7307	3
7308	1
7309	3
7310	4
7311	2
7312	5
7313	3
7314	2
7315	4
7316	1
7317	7
7318	0
7319	2
7320	3
7321	5
7322	4
7323	5
7324	1
7325	3
7326	4
7327	4
7328	4
7329	5
7330	4
7331	3
7332	1
7333	6
7334	3
7335	3
7336	4
7337	4
7338	4
7339	2
7340	5
7341	1
7342	5
7343	4
7344	0
7345	2
7346	8
7347	4
7348	6
7349	6
7350	6
7351	5
7352	4
7353	2
7354	3
7355	4
7356	3
7357	4
7358	3
7359	2
7360	1
7361	0
7362	3
7363	2
7364	3
7365	3
7366	4
7367	3
7368	6
7369	2
7370	2
7371	2
7372	3
7373	4
7374	5
7375	4
7376	2
7377	0
7378	1
7379	2
7380	4
7381	3
7382	4
7383	3
7384	2
7385	2
7386	3
7387	2
7388	0
7389	4
7390	3
7391	3
7392	2
7393	4
7394	4
7395	2
7396	4
7397	5
7398	5
7399	2
7400	3
7401	4
7402	3
7403	2
7404	3
7405	3
7406	3
7407	3
7408	1
7409	1
7410	5
7411	4
7412	2
7413	1
7414	2
7415	2
7416	4
7417	1
7418	4
7419	6
7420	3
7421	7
7422	6
7423	4
7424	1
7425	6
7426	7
7427	4
7428	1
7429	4
7430	4
7431	5
7432	2
7433	0
7434	4
7435	2
7436	1
7437	5
7438	1
7439	2
7440	2
7441	6
7442	1
7443	4
7444	4
7445	1
7446	1
7447	2
7448	0
7449	4
7450	2
7451	2
7452	3
7453	1
7454	0
7455	7
7456	10
7457	3
7458	3
7459	1
7460	3
7461	4
7462	6
7463	3
7464	7
7465	3
7466	7
7467	8
7468	2
7469	2
7470	2
7471	6
7472	3
7473	2
7474	3
7475	1
7476	8
7477	2
7478	3
7479	1
7480	5
7481	3
7482	3
7483	3
7484	5
7485	2
7486	2
7487	4
7488	1
7489	1
7490	3
7491	5
7492	1
7493	4
7494	2
7495	3
7496	3
7497	5
7498	3
7499	7
7500	2
7501	6
7502	1
7503	5
7504	2
7505	4
7506	4
7507	3
7508	2
7509	6
7510	3
7511	3
7512	5
7513	5
7514	4
7515	1
7516	4
7517	4
7518	2
7519	3
7520	7
7521	2
7522	4
7523	2
7524	2
7525	3
7526	1
7527	5
7528	3
7529	4
7530	3
7531	9
7532	3
7533	3
7534	3
7535	2
7536	2
7537	1
7538	2
7539	2
7540	5
7541	3
7542	3
7543	2
7544	6
7545	1
7546	1
7547	8
7548	2
7549	8
7550	5
7551	3
7552	3
7553	3
7554	3
7555	8
7556	5
7557	4
7558	4
7559	4
7560	1
7561	3
7562	6
7563	5
7564	9
7565	4
7566	5
7567	6
7568	7
7569	1
7570	2
7571	3
7572	3
7573	3
7574	6
7575	6
7576	6
7577	7
7578	6
7579	2
7580	7
7581	3
7582	4
7583	6
7584	5
7585	4
7586	5
7587	6
7588	6
7589	4
7590	3
7591	3
7592	5
7593	10
7594	3
7595	2
7596	4
7597	4
7598	5
7599	8
7600	5
7601	7
7602	5
7603	9
7604	6
7605	5
7606	2
7607	3
7608	9
7609	2
7610	6
7611	5
7612	8
7613	2
7614	0
7615	4
7616	6
7617	5
7618	3
7619	4
7620	7
7621	6
7622	8
7623	6
7624	9
7625	2
7626	4
7627	7
7628	4
7629	4
7630	7
7631	6
7632	8
7633	8
7634	3
7635	3
7636	9
7637	4
7638	4
7639	7
7640	3
7641	14
7642	9
7643	6
7644	1
7645	4
7646	6
7647	13
7648	5
7649	10
7650	4
7651	9
7652	7
7653	6
7654	8
7655	7
7656	4
7657	11
7658	7
7659	9
7660	9
7661	6
7662	8
7663	10
7664	10
7665	5
7666	9
7667	8
7668	8
7669	6
7670	0
7671	8
7672	8
7673	9
7674	5
7675	7
7676	5
7677	8
7678	6
7679	8
7680	6
7681	5
7682	6
7683	11
7684	15
7685	11
7686	11
7687	9
7688	11
7689	10
7690	5
7691	6
7692	12
7693	4
7694	10
7695	14
7696	4
7697	12
7698	13
7699	10
7700	10
7701	10
7702	5
7703	14
7704	10
7705	17
7706	9
7707	9
7708	7
7709	8
7710	16
7711	7
7712	6
7713	10
7714	9
7715	14
7716	12
7717	17
7718	8
7719	5
7720	11
7721	13
7722	14
7723	9
7724	7
7725	11
7726	12
7727	15
7728	8
7729	7
7730	12
7731	7
7732	19
7733	15
7734	15
7735	16
7736	14
7737	11
7738	8
7739	11
7740	19
7741	11
7742	14
7743	12
7744	12
7745	8
7746	14
7747	13
7748	11
7749	11
7750	9
7751	16
7752	6
7753	13
7754	15
7755	18
7756	10
7757	10
7758	13
7759	8
7760	11
7761	14
7762	13
7763	16
7764	17
7765	13
7766	6
7767	9
7768	14
7769	9
7770	12
7771	15
7772	10
7773	12
7774	19
7775	15
7776	8
7777	13
7778	15
7779	9
7780	17
7781	21
7782	11
7783	14
7784	13
7785	16
7786	10
7787	16
7788	8
7789	15
7790	14
7791	9
7792	14
7793	13
7794	10
7795	11
7796	12
7797	8
7798	15
7799	12
7800	17
7801	18
7802	15
7803	12
7804	11
7805	16
7806	10
7807	15
7808	13
7809	16
7810	16
7811	11
7812	12
7813	11
7814	13
7815	20
7816	14
7817	15
7818	14
7819	13
7820	14
7821	18
7822	7
7823	13
7824	10
7825	7
7826	8
7827	10
7828	11
7829	13
7830	17
7831	8
7832	9
7833	10
7834	14
7835	13
7836	14
7837	8
7838	12
7839	7
7840	16
7841	12
7842	15
7843	8
7844	15
7845	6
7846	7
7847	7
7848	9
7849	11
7850	5
7851	9
7852	11
7853	5
7854	8
7855	10
7856	7
7857	8
7858	7
7859	5
7860	8
7861	8
7862	15
7863	9
7864	6
7865	10
7866	9
7867	7
7868	9
7869	17
7870	12
7871	10
7872	6
7873	5
7874	7
7875	12
7876	7
7877	7
7878	3
7879	1
7880	0
7881	0
7882	0
7883	0
7884	0
7885	0
7886	0
7887	0
7888	0
7889	0
7890	0
7891	0
7892	0
7893	0
7894	0
7895	0
7896	0
7897	0
7898	0
7899	0
7900	0
7901	0
7902	0
7903	0
7904	0
7905	0
7906	0
7907	0
7908	0
7909	0
7910	0
7911	0
7912	0
7913	0
7914	0
7915	0
7916	0
7917	0
7918	0
7919	0
7920	0
7921	0
7922	0
7923	0
7924	0
7925	0
7926	0
7927	0
7928	0
7929	0
7930	0
7931	0
7932	0
7933	0
7934	0
7935	0
7936	0
7937	0
7938	0
7939	0
7940	0
7941	0
7942	0
7943	0
7944	0
7945	0
7946	0
7947	0
7948	0
7949	0
7950	0
7951	0
7952	0
7953	0
7954	0
7955	0
7956	0
7957	0
7958	0
7959	0
7960	0
7961	0
7962	0
7963	0
7964	0
7965	0
7966	0
7967	0
7968	0
7969	0
7970	0
7971	0
7972	0
7973	0
7974	0
7975	0
7976	0
7977	0
7978	0
7979	0
7980	0
7981	0
7982	0
7983	0
7984	0
7985	0
7986	0
7987	0
7988	0
7989	0
7990	0
7991	0
7992	0
7993	0
7994	0
7995	0
7996	0
7997	0
7998	0
7999	0
8000	0
8001	0
8002	0
8003	0
8004	0
8005	0
8006	0
8007	0
8008	0
8009	0
8010	0
8011	0
8012	0
8013	0
8014	0
8015	0
8016	0
8017	0
8018	0
8019	0
8020	0
8021	0
8022	0
8023	0
8024	0
8025	0
8026	0
8027	0
8028	0
8029	0
8030	0
8031	0
8032	0
8033	0
8034	0
8035	0
8036	0
8037	0
8038	0
8039	0
8040	0
8041	0
8042	0
8043	0
8044	0
8045	0
8046	0
8047	0
8048	0
8049	0
8050	0
8051	0
8052	0
8053	0
8054	0
8055	0
8056	0
8057	0
8058	0
8059	0
8060	0
8061	0
8062	0
8063	0
8064	0
8065	0
8066	0
8067	0
8068	0
8069	0
8070	0
8071	0
8072	0
8073	0
8074	0
8075	0
8076	0
8077	0
8078	0
8079	0
8080	0
8081	0
8082	0
8083	0
8084	0
8085	0
8086	0
8087	0
8088	0
8089	0
8090	0
8091	0
8092	0
8093	0
8094	0
8095	0
8096	0
8097	0
8098	0
8099	0
8100	0
8101	0
8102	0
8103	0
8104	0
8105	0
8106	0
8107	0
8108	0
8109	0
8110	0
8111	0
8112	0
8113	0
8114	0
8115	0
8116	0
8117	0
8118	0
8119	0
8120	0
8121	0
8122	0
8123	0
8124	0
8125	0
8126	0
8127	0
8128	0
8129	0
8130	0
8131	0
8132	0
8133	0
8134	0
8135	0
8136	0
8137	0
8138	0
8139	0
8140	0
8141	0
8142	0
8143	0
8144	0
8145	0
8146	0
8147	0
8148	0
8149	0
8150	0
8151	0
8152	0
8153	0
8154	0
8155	0
8156	0
8157	0
8158	0
8159	0
8160	0
8161	0
8162	0
8163	0
8164	0
8165	0
8166	0
8167	0
8168	0
8169	0
8170	0
8171	0
8172	0
8173	0
8174	0
8175	0
8176	0
8177	0
8178	0
8179	0
8180	0
8181	0
8182	0
8183	0
8184	0
8185	0
8186	0
8187	0
8188	0
8189	0
8190	0
8191	0
