0	0
1	0
2	0
3	0
4	0
5	0
6	0
7	0
8	0
9	0
10	0
11	0
12	0
13	0
14	0
15	0
16	0
17	0
18	0
19	0
20	0
21	0
22	0
23	0
24	0
25	0
26	0
27	0
28	0
29	0
30	0
31	0
32	0
33	0
34	0
35	0
36	0
37	0
38	0
39	0
40	0
41	0
42	0
43	0
44	0
45	0
46	0
47	0
48	0
49	4
50	3
51	16
52	25
53	239
54	1512
55	5323
56	9501
57	10814
58	9876
59	9435
60	8496
61	8496
62	8311
63	8050
64	7982
65	7688
66	7970
67	7862
68	7633
69	7800
70	7758
71	7613
72	7590
73	7558
74	7594
75	7523
76	7403
77	7267
78	7326
79	7283
80	7226
81	7207
82	7180
83	7133
84	7055
85	6876
86	7177
87	7053
88	6922
89	6766
90	6950
91	6928
92	6851
93	6965
94	6868
95	6820
96	6921
97	6849
98	6742
99	6718
100	6686
101	6743
102	6530
103	6626
104	6493
105	6635
106	6412
107	6489
108	6387
109	6377
110	6310
111	6287
112	6389
113	6134
114	6170
115	6045
116	6033
117	6103
118	6148
119	5983
120	6087
121	6008
122	6117
123	5854
124	5981
125	5925
126	5963
127	5797
128	5693
129	5676
130	5738
131	5704
132	5648
133	5657
134	5570
135	5516
136	5609
137	5424
138	5546
139	5586
140	5533
141	5351
142	5369
143	5353
144	5367
145	5293
146	5305
147	5400
148	5201
149	5250
150	5255
151	5289
152	5163
153	5119
154	5071
155	5066
156	5126
157	4988
158	4936
159	5138
160	5021
161	5012
162	4917
163	4890
164	4936
165	4927
166	4874
167	4834
168	4820
169	4764
170	4680
171	4805
172	4826
173	4691
174	4649
175	4698
176	4743
177	4636
178	4686
179	4627
180	4455
181	4627
182	4459
183	4523
184	4437
185	4464
186	4506
187	4416
188	4394
189	4472
190	4444
191	4318
192	4219
193	4279
194	4311
195	4327
196	4272
197	4249
198	4115
199	4276
200	4143
201	4211
202	4191
203	4260
204	4216
205	4178
206	4030
207	4034
208	4129
209	4165
210	4033
211	4014
212	3998
213	3962
214	4030
215	3913
216	3930
217	3972
218	3974
219	3911
220	3996
221	3850
222	3816
223	3759
224	3852
225	3811
226	3758
227	3852
228	3735
229	3693
230	3803
231	3836
232	3700
233	3728
234	3743
235	3687
236	3724
237	3559
238	3754
239	3664
240	3556
241	3688
242	3446
243	3596
244	3512
245	3459
246	3551
247	3541
248	3554
249	3621
250	3429
251	3534
252	3432
253	3403
254	3431
255	3539
256	3437
257	3433
258	3328
259	3416
260	3392
261	3311
262	3297
263	3297
264	3359
265	3380
266	3304
267	3304
268	3340
269	3310
270	3312
271	3278
272	3306
273	3206
274	3288
275	3221
276	3321
277	3273
278	3217
279	3232
280	3282
281	3171
282	3170
283	3178
284	3228
285	3234
286	3148
287	3153
288	3157
289	3131
290	3260
291	3125
292	3092
293	3131
294	3096
295	2996
296	3109
297	3125
298	3124
299	3095
300	3090
301	3042
302	3009
303	3049
304	3107
305	3138
306	3040
307	3108
308	3039
309	3073
310	3092
311	3017
312	3065
313	2994
314	3087
315	2943
316	2974
317	2991
318	3006
319	3035
320	3028
321	2924
322	3014
323	3086
324	2898
325	3063
326	2993
327	2966
328	2899
329	2946
330	2979
331	3068
332	2928
333	2976
334	3033
335	2953
336	2997
337	2998
338	3095
339	2908
340	2912
341	2989
342	3018
343	3228
344	3236
345	3428
346	3401
347	3432
348	3227
349	3114
350	2996
351	2960
352	3051
353	3094
354	3312
355	3683
356	3985
357	4000
358	3863
359	3401
360	3149
361	3053
362	2837
363	2868
364	2923
365	2971
366	3055
367	2939
368	3027
369	3049
370	2917
371	2874
372	2809
373	2897
374	2909
375	2861
376	2920
377	2899
378	2828
379	2837
380	2897
381	2820
382	2806
383	2879
384	2824
385	2893
386	2766
387	2754
388	2906
389	2875
390	2749
391	2881
392	2861
393	2852
394	2773
395	2839
396	2824
397	2896
398	2921
399	2820
400	2894
401	3003
402	2973
403	3156
404	3172
405	3410
406	3333
407	3390
408	3324
409	3239
410	3112
411	2940
412	2933
413	2841
414	2862
415	2865
416	2952
417	3091
418	3077
419	3104
420	3084
421	3074
422	2967
423	2900
424	2868
425	2901
426	2842
427	2851
428	2934
429	2902
430	2868
431	2927
432	2976
433	3021
434	2885
435	2908
436	2822
437	2836
438	2856
439	2844
440	2809
441	2737
442	2905
443	2867
444	2880
445	2959
446	2930
447	2857
448	2880
449	2921
450	3005
451	2938
452	2925
453	2913
454	2974
455	2917
456	2874
457	2757
458	2769
459	2821
460	2816
461	2801
462	2911
463	2823
464	2905
465	2890
466	2786
467	2856
468	2925
469	2827
470	2984
471	2853
472	2816
473	2929
474	2838
475	2776
476	2826
477	2934
478	2870
479	2908
480	2894
481	2900
482	2935
483	2814
484	2861
485	2858
486	2835
487	2833
488	2756
489	2849
490	2779
491	2830
492	2842
493	2739
494	2840
495	2858
496	2868
497	2847
498	2906
499	2867
500	2839
501	2927
502	2781
503	2863
504	2770
505	2831
506	2843
507	2874
508	2932
509	2747
510	2871
511	2781
512	2887
513	2782
514	2908
515	2839
516	2895
517	2843
518	2849
519	2963
520	2742
521	2821
522	2753
523	2778
524	2846
525	2882
526	2809
527	2859
528	2849
529	2782
530	2875
531	2856
532	2752
533	2789
534	2842
535	2887
536	2806
537	2890
538	2842
539	2889
540	2827
541	2771
542	2782
543	2755
544	2719
545	2786
546	2784
547	2835
548	2788
549	2768
550	2705
551	2896
552	2747
553	2769
554	2775
555	2753
556	2844
557	2768
558	2791
559	2801
560	2876
561	2855
562	2832
563	2834
564	2756
565	2819
566	2752
567	2844
568	2784
569	2782
570	2735
571	2720
572	2710
573	2703
574	2784
575	2763
576	2807
577	2780
578	2803
579	2851
580	2855
581	2763
582	2774
583	2781
584	2795
585	2634
586	2802
587	2859
588	2802
589	2798
590	2623
591	2802
592	2730
593	2785
594	2710
595	2674
596	2788
597	2788
598	2736
599	2722
600	2741
601	2744
602	2729
603	2691
604	2754
605	2710
606	2654
607	2741
608	2758
609	2669
610	2790
611	2612
612	2680
613	2795
614	2703
615	2830
616	2665
617	2746
618	2712
619	2679
620	2695
621	2706
622	2693
623	2834
624	2716
625	2682
626	2776
627	2733
628	2687
629	2721
630	2720
631	2716
632	2686
633	2681
634	2769
635	2618
636	2686
637	2648
638	2688
639	2703
640	2691
641	2524
642	2706
643	2620
644	2670
645	2586
646	2596
647	2616
648	2595
649	2699
650	2652
651	2679
652	2698
653	2605
654	2624
655	2577
656	2611
657	2599
658	2580
659	2568
660	2621
661	2547
662	2659
663	2681
664	2543
665	2546
666	2556
667	2684
668	2539
669	2575
670	2601
671	2497
672	2573
673	2544
674	2483
675	2512
676	2535
677	2487
678	2523
679	2512
680	2564
681	2526
682	2551
683	2484
684	2489
685	2576
686	2443
687	2593
688	2503
689	2521
690	2460
691	2578
692	2566
693	2498
694	2494
695	2536
696	2368
697	2466
698	2556
699	2494
700	2479
701	2431
702	2445
703	2579
704	2525
705	2525
706	2465
707	2413
708	2428
709	2519
710	2480
711	2441
712	2438
713	2443
714	2352
715	2443
716	2372
717	2542
718	2481
719	2432
720	2411
721	2358
722	2381
723	2445
724	2345
725	2315
726	2444
727	2416
728	2353
729	2356
730	2382
731	2504
732	2377
733	2360
734	2367
735	2405
736	2405
737	2416
738	2264
739	2334
740	2259
741	2360
742	2324
743	2388
744	2377
745	2356
746	2337
747	2392
748	2355
749	2328
750	2259
751	2320
752	2340
753	2330
754	2368
755	2284
756	2369
757	2379
758	2337
759	2254
760	2264
761	2260
762	2348
763	2303
764	2279
765	2323
766	2248
767	2346
768	2193
769	2210
770	2307
771	2183
772	2189
773	2272
774	2239
775	2269
776	2199
777	2277
778	2204
779	2261
780	2227
781	2154
782	2194
783	2153
784	2196
785	2160
786	2177
787	2184
788	2107
789	2209
790	2182
791	2206
792	2226
793	2206
794	2134
795	2231
796	2177
797	2141
798	2096
799	2112
800	2089
801	2140
802	2088
803	2199
804	2180
805	2237
806	2121
807	2048
808	2048
809	2069
810	2122
811	2108
812	2042
813	2140
814	2005
815	2035
816	2160
817	2109
818	2123
819	2061
820	2071
821	2065
822	2091
823	2139
824	2108
825	2118
826	2012
827	2075
828	2043
829	2003
830	2019
831	2001
832	2095
833	2003
834	2060
835	2065
836	1981
837	2031
838	2055
839	2064
840	1924
841	2029
842	1970
843	2082
844	1921
845	2045
846	1921
847	1955
848	1934
849	1818
850	1978
851	1919
852	1945
853	1924
854	1980
855	2056
856	1968
857	1973
858	1916
859	1916
860	1952
861	1973
862	1874
863	1933
864	1953
865	1907
866	1928
867	1904
868	1974
869	1902
870	1875
871	1882
872	1929
873	1926
874	1973
875	1903
876	1919
877	1871
878	1934
879	1846
880	1904
881	1895
882	1873
883	1810
884	1840
885	1825
886	1891
887	1925
888	1872
889	1814
890	1862
891	1836
892	1873
893	1878
894	1776
895	1833
896	1989
897	1842
898	1834
899	1830
900	1817
901	1801
902	1937
903	1832
904	1791
905	1820
906	1843
907	1809
908	1897
909	1774
910	1785
911	1843
912	1750
913	1844
914	1842
915	1933
916	1966
917	2016
918	2054
919	2055
920	1895
921	1789
922	1839
923	1795
924	1785
925	1685
926	1735
927	1770
928	1729
929	1737
930	1785
931	1715
932	1739
933	1730
934	1713
935	1722
936	1768
937	1700
938	1743
939	1696
940	1732
941	1766
942	1717
943	1718
944	1709
945	1688
946	1708
947	1700
948	1713
949	1679
950	1704
951	1692
952	1690
953	1729
954	1604
955	1776
956	1677
957	1660
958	1657
959	1661
960	1713
961	1757
962	1742
963	1667
964	1621
965	1598
966	1696
967	1692
968	1606
969	1704
970	1625
971	1659
972	1722
973	1687
974	1660
975	1568
976	1667
977	1595
978	1539
979	1544
980	1702
981	1594
982	1597
983	1630
984	1593
985	1627
986	1660
987	1599
988	1634
989	1543
990	1602
991	1619
992	1604
993	1580
994	1640
995	1610
996	1533
997	1587
998	1594
999	1548
1000	1595
1001	1515
1002	1608
1003	1566
1004	1584
1005	1600
1006	1523
1007	1572
1008	1511
1009	1533
1010	1567
1011	1556
1012	1518
1013	1489
1014	1543
1015	1593
1016	1548
1017	1579
1018	1492
1019	1586
1020	1462
1021	1472
1022	1603
1023	1532
1024	1499
1025	1502
1026	1528
1027	1537
1028	1434
1029	1480
1030	1507
1031	1501
1032	1500
1033	1589
1034	1583
1035	1622
1036	1667
1037	1496
1038	1552
1039	1445
1040	1493
1041	1494
1042	1393
1043	1424
1044	1488
1045	1459
1046	1477
1047	1468
1048	1479
1049	1429
1050	1478
1051	1438
1052	1430
1053	1477
1054	1434
1055	1441
1056	1445
1057	1452
1058	1422
1059	1470
1060	1444
1061	1449
1062	1401
1063	1393
1064	1453
1065	1418
1066	1396
1067	1382
1068	1363
1069	1375
1070	1478
1071	1421
1072	1470
1073	1362
1074	1356
1075	1352
1076	1427
1077	1364
1078	1359
1079	1365
1080	1381
1081	1389
1082	1390
1083	1293
1084	1328
1085	1421
1086	1334
1087	1340
1088	1431
1089	1380
1090	1375
1091	1354
1092	1348
1093	1334
1094	1347
1095	1287
1096	1386
1097	1350
1098	1348
1099	1358
1100	1298
1101	1407
1102	1320
1103	1375
1104	1315
1105	1258
1106	1275
1107	1296
1108	1371
1109	1301
1110	1321
1111	1337
1112	1317
1113	1337
1114	1256
1115	1382
1116	1287
1117	1307
1118	1330
1119	1281
1120	1289
1121	1288
1122	1247
1123	1282
1124	1259
1125	1351
1126	1332
1127	1306
1128	1290
1129	1316
1130	1300
1131	1248
1132	1305
1133	1277
1134	1256
1135	1255
1136	1278
1137	1300
1138	1362
1139	1260
1140	1199
1141	1225
1142	1253
1143	1268
1144	1216
1145	1215
1146	1256
1147	1232
1148	1232
1149	1210
1150	1230
1151	1247
1152	1238
1153	1212
1154	1205
1155	1218
1156	1221
1157	1214
1158	1281
1159	1251
1160	1258
1161	1228
1162	1234
1163	1219
1164	1150
1165	1162
1166	1231
1167	1211
1168	1248
1169	1187
1170	1155
1171	1205
1172	1179
1173	1241
1174	1258
1175	1244
1176	1209
1177	1202
1178	1248
1179	1300
1180	1392
1181	1759
1182	2213
1183	2527
1184	2781
1185	2600
1186	2263
1187	1746
1188	1382
1189	1288
1190	1212
1191	1139
1192	1095
1193	1116
1194	1195
1195	1231
1196	1303
1197	1271
1198	1304
1199	1333
1200	1381
1201	1423
1202	1337
1203	1200
1204	1200
1205	1139
1206	1084
1207	1132
1208	1118
1209	1059
1210	1113
1211	1089
1212	1102
1213	1072
1214	1064
1215	1065
1216	1053
1217	1088
1218	1060
1219	991
1220	1123
1221	1077
1222	1049
1223	1053
1224	1037
1225	1042
1226	1131
1227	1067
1228	1028
1229	1081
1230	1060
1231	1023
1232	1032
1233	1007
1234	991
1235	1065
1236	973
1237	981
1238	1032
1239	998
1240	1003
1241	1017
1242	977
1243	1049
1244	1000
1245	1028
1246	1064
1247	1042
1248	1000
1249	1085
1250	1013
1251	990
1252	1068
1253	1013
1254	1054
1255	986
1256	1014
1257	1013
1258	1006
1259	990
1260	998
1261	1008
1262	978
1263	1018
1264	996
1265	927
1266	950
1267	960
1268	1008
1269	934
1270	1002
1271	946
1272	958
1273	977
1274	983
1275	963
1276	998
1277	945
1278	985
1279	930
1280	980
1281	1003
1282	991
1283	991
1284	952
1285	980
1286	975
1287	968
1288	973
1289	921
1290	926
1291	922
1292	967
1293	945
1294	932
1295	921
1296	895
1297	975
1298	1000
1299	1002
1300	953
1301	904
1302	954
1303	910
1304	900
1305	936
1306	997
1307	892
1308	910
1309	919
1310	914
1311	874
1312	943
1313	910
1314	940
1315	890
1316	970
1317	907
1318	867
1319	903
1320	896
1321	858
1322	881
1323	896
1324	926
1325	887
1326	926
1327	925
1328	876
1329	949
1330	913
1331	920
1332	856
1333	889
1334	896
1335	891
1336	910
1337	842
1338	935
1339	883
1340	941
1341	895
1342	989
1343	1009
1344	943
1345	964
1346	965
1347	913
1348	916
1349	923
1350	866
1351	921
1352	870
1353	858
1354	888
1355	833
1356	817
1357	867
1358	854
1359	836
1360	845
1361	841
1362	793
1363	878
1364	828
1365	843
1366	871
1367	891
1368	896
1369	818
1370	860
1371	814
1372	869
1373	814
1374	838
1375	848
1376	840
1377	900
1378	872
1379	926
1380	884
1381	921
1382	839
1383	820
1384	849
1385	845
1386	811
1387	847
1388	819
1389	819
1390	830
1391	819
1392	823
1393	788
1394	789
1395	813
1396	778
1397	779
1398	913
1399	853
1400	824
1401	844
1402	840
1403	764
1404	818
1405	797
1406	755
1407	806
1408	771
1409	768
1410	753
1411	766
1412	769
1413	746
1414	823
1415	767
1416	790
1417	775
1418	829
1419	772
1420	805
1421	765
1422	800
1423	802
1424	809
1425	799
1426	766
1427	774
1428	710
1429	784
1430	715
1431	726
1432	742
1433	762
1434	740
1435	822
1436	753
1437	769
1438	790
1439	752
1440	749
1441	752
1442	797
1443	805
1444	750
1445	749
1446	710
1447	777
1448	727
1449	795
1450	794
1451	761
1452	747
1453	787
1454	728
1455	762
1456	740
1457	724
1458	733
1459	756
1460	754
1461	754
1462	736
1463	764
1464	760
1465	822
1466	919
1467	1049
1468	1202
1469	1315
1470	1317
1471	1203
1472	1015
1473	842
1474	836
1475	743
1476	684
1477	788
1478	716
1479	723
1480	701
1481	776
1482	699
1483	704
1484	709
1485	711
1486	689
1487	742
1488	703
1489	749
1490	679
1491	720
1492	768
1493	795
1494	768
1495	771
1496	760
1497	808
1498	728
1499	679
1500	699
1501	716
1502	671
1503	675
1504	700
1505	653
1506	692
1507	645
1508	698
1509	712
1510	689
1511	692
1512	665
1513	671
1514	726
1515	676
1516	639
1517	669
1518	669
1519	709
1520	629
1521	674
1522	690
1523	684
1524	727
1525	672
1526	683
1527	688
1528	644
1529	686
1530	634
1531	696
1532	674
1533	635
1534	642
1535	635
1536	651
1537	633
1538	613
1539	642
1540	671
1541	636
1542	596
1543	665
1544	586
1545	665
1546	667
1547	691
1548	638
1549	636
1550	680
1551	659
1552	654
1553	674
1554	654
1555	661
1556	563
1557	629
1558	653
1559	639
1560	625
1561	635
1562	639
1563	695
1564	637
1565	620
1566	647
1567	684
1568	666
1569	694
1570	630
1571	621
1572	598
1573	694
1574	681
1575	639
1576	645
1577	685
1578	612
1579	653
1580	610
1581	626
1582	627
1583	610
1584	590
1585	603
1586	639
1587	650
1588	583
1589	614
1590	592
1591	637
1592	640
1593	686
1594	601
1595	630
1596	620
1597	591
1598	652
1599	574
1600	592
1601	643
1602	616
1603	623
1604	620
1605	545
1606	600
1607	601
1608	592
1609	593
1610	630
1611	646
1612	597
1613	639
1614	600
1615	613
1616	588
1617	564
1618	643
1619	655
1620	617
1621	585
1622	627
1623	630
1624	617
1625	582
1626	604
1627	606
1628	587
1629	617
1630	642
1631	582
1632	636
1633	659
1634	690
1635	698
1636	645
1637	634
1638	642
1639	549
1640	575
1641	627
1642	585
1643	615
1644	611
1645	567
1646	591
1647	555
1648	628
1649	561
1650	580
1651	539
1652	599
1653	561
1654	590
1655	593
1656	595
1657	585
1658	616
1659	599
1660	624
1661	571
1662	553
1663	538
1664	543
1665	558
1666	545
1667	521
1668	574
1669	522
1670	583
1671	542
1672	553
1673	545
1674	566
1675	558
1676	550
1677	568
1678	548
1679	562
1680	531
1681	573
1682	621
1683	676
1684	767
1685	825
1686	917
1687	930
1688	775
1689	749
1690	732
1691	599
1692	564
1693	587
1694	550
1695	539
1696	519
1697	515
1698	567
1699	513
1700	551
1701	591
1702	511
1703	540
1704	551
1705	510
1706	506
1707	537
1708	529
1709	513
1710	556
1711	525
1712	528
1713	548
1714	525
1715	521
1716	579
1717	501
1718	524
1719	535
1720	517
1721	476
1722	533
1723	554
1724	493
1725	488
1726	514
1727	537
1728	499
1729	534
1730	512
1731	548
1732	511
1733	552
1734	564
1735	492
1736	546
1737	471
1738	550
1739	493
1740	538
1741	477
1742	494
1743	530
1744	473
1745	495
1746	507
1747	549
1748	532
1749	519
1750	564
1751	727
1752	862
1753	1100
1754	1367
1755	1530
1756	1502
1757	1352
1758	1035
1759	871
1760	587
1761	543
1762	508
1763	506
1764	474
1765	482
1766	522
1767	514
1768	482
1769	494
1770	463
1771	469
1772	480
1773	498
1774	445
1775	515
1776	458
1777	462
1778	493
1779	482
1780	479
1781	459
1782	535
1783	467
1784	504
1785	515
1786	499
1787	504
1788	511
1789	495
1790	445
1791	489
1792	493
1793	476
1794	467
1795	493
1796	448
1797	461
1798	446
1799	461
1800	468
1801	449
1802	503
1803	446
1804	450
1805	478
1806	467
1807	478
1808	490
1809	455
1810	466
1811	459
1812	456
1813	459
1814	467
1815	427
1816	446
1817	450
1818	458
1819	458
1820	487
1821	453
1822	463
1823	449
1824	467
1825	461
1826	433
1827	449
1828	460
1829	442
1830	444
1831	457
1832	486
1833	473
1834	439
1835	451
1836	421
1837	439
1838	464
1839	479
1840	430
1841	449
1842	498
1843	429
1844	471
1845	458
1846	488
1847	433
1848	451
1849	483
1850	453
1851	464
1852	449
1853	501
1854	445
1855	461
1856	444
1857	414
1858	432
1859	458
1860	455
1861	438
1862	446
1863	450
1864	445
1865	448
1866	476
1867	458
1868	485
1869	410
1870	454
1871	484
1872	459
1873	441
1874	465
1875	489
1876	450
1877	412
1878	421
1879	456
1880	457
1881	403
1882	430
1883	477
1884	429
1885	419
1886	411
1887	454
1888	461
1889	463
1890	406
1891	397
1892	412
1893	409
1894	424
1895	396
1896	435
1897	414
1898	444
1899	405
1900	430
1901	452
1902	423
1903	427
1904	414
1905	416
1906	420
1907	423
1908	452
1909	387
1910	441
1911	386
1912	429
1913	400
1914	434
1915	433
1916	413
1917	459
1918	439
1919	443
1920	427
1921	441
1922	406
1923	425
1924	452
1925	401
1926	403
1927	433
1928	428
1929	452
1930	403
1931	403
1932	385
1933	439
1934	395
1935	423
1936	405
1937	401
1938	407
1939	404
1940	413
1941	432
1942	428
1943	396
1944	424
1945	413
1946	400
1947	396
1948	430
1949	385
1950	387
1951	438
1952	411
1953	413
1954	406
1955	386
1956	433
1957	420
1958	396
1959	385
1960	426
1961	381
1962	375
1963	412
1964	417
1965	407
1966	374
1967	422
1968	404
1969	426
1970	414
1971	408
1972	398
1973	406
1974	402
1975	409
1976	411
1977	348
1978	410
1979	414
1980	389
1981	421
1982	383
1983	399
1984	434
1985	436
1986	406
1987	383
1988	397
1989	409
1990	390
1991	382
1992	399
1993	414
1994	424
1995	423
1996	419
1997	413
1998	395
1999	387
2000	409
2001	391
2002	388
2003	390
2004	417
2005	369
2006	406
2007	424
2008	400
2009	390
2010	438
2011	360
2012	365
2013	407
2014	365
2015	379
2016	383
2017	356
2018	397
2019	400
2020	374
2021	395
2022	378
2023	387
2024	398
2025	428
2026	395
2027	390
2028	404
2029	371
2030	411
2031	367
2032	366
2033	408
2034	374
2035	379
2036	407
2037	341
2038	376
2039	377
2040	388
2041	402
2042	356
2043	394
2044	418
2045	429
2046	410
2047	423
2048	408
2049	431
2050	369
2051	381
2052	403
2053	383
2054	376
2055	371
2056	398
2057	374
2058	360
2059	397
2060	371
2061	367
2062	332
2063	370
2064	334
2065	401
2066	387
2067	396
2068	335
2069	347
2070	414
2071	392
2072	332
2073	374
2074	358
2075	387
2076	363
2077	364
2078	317
2079	398
2080	352
2081	353
2082	352
2083	353
2084	355
2085	369
2086	337
2087	355
2088	368
2089	372
2090	349
2091	332
2092	360
2093	364
2094	336
2095	353
2096	337
2097	384
2098	358
2099	373
2100	353
2101	353
2102	376
2103	371
2104	350
2105	370
2106	397
2107	360
2108	374
2109	351
2110	316
2111	346
2112	352
2113	350
2114	350
2115	320
2116	338
2117	383
2118	376
2119	345
2120	345
2121	332
2122	335
2123	359
2124	340
2125	340
2126	354
2127	350
2128	340
2129	369
2130	342
2131	340
2132	387
2133	346
2134	355
2135	341
2136	362
2137	327
2138	334
2139	341
2140	340
2141	328
2142	359
2143	348
2144	352
2145	314
2146	369
2147	330
2148	319
2149	363
2150	347
2151	345
2152	356
2153	327
2154	312
2155	342
2156	332
2157	351
2158	321
2159	341
2160	317
2161	328
2162	333
2163	308
2164	341
2165	332
2166	361
2167	361
2168	348
2169	351
2170	345
2171	335
2172	344
2173	343
2174	325
2175	321
2176	314
2177	315
2178	345
2179	321
2180	308
2181	321
2182	335
2183	335
2184	337
2185	329
2186	318
2187	333
2188	338
2189	347
2190	348
2191	344
2192	354
2193	375
2194	327
2195	353
2196	340
2197	362
2198	308
2199	323
2200	309
2201	319
2202	329
2203	361
2204	339
2205	336
2206	343
2207	330
2208	350
2209	316
2210	307
2211	321
2212	339
2213	307
2214	304
2215	338
2216	289
2217	279
2218	328
2219	286
2220	304
2221	338
2222	308
2223	325
2224	331
2225	316
2226	315
2227	336
2228	341
2229	310
2230	324
2231	317
2232	289
2233	320
2234	313
2235	337
2236	350
2237	328
2238	298
2239	313
2240	322
2241	345
2242	307
2243	368
2244	318
2245	305
2246	305
2247	347
2248	295
2249	324
2250	288
2251	343
2252	325
2253	270
2254	297
2255	279
2256	334
2257	320
2258	304
2259	328
2260	320
2261	319
2262	346
2263	340
2264	304
2265	311
2266	301
2267	284
2268	337
2269	314
2270	305
2271	292
2272	289
2273	268
2274	312
2275	317
2276	296
2277	334
2278	320
2279	320
2280	331
2281	325
2282	323
2283	308
2284	327
2285	314
2286	270
2287	296
2288	322
2289	294
2290	319
2291	307
2292	288
2293	297
2294	288
2295	302
2296	315
2297	308
2298	304
2299	306
2300	306
2301	302
2302	313
2303	281
2304	300
2305	301
2306	299
2307	312
2308	312
2309	309
2310	319
2311	343
2312	298
2313	331
2314	420
2315	430
2316	411
2317	412
2318	346
2319	331
2320	293
2321	305
2322	292
2323	283
2324	292
2325	284
2326	292
2327	299
2328	304
2329	326
2330	290
2331	272
2332	316
2333	268
2334	273
2335	287
2336	291
2337	297
2338	288
2339	279
2340	296
2341	287
2342	297
2343	269
2344	291
2345	293
2346	287
2347	302
2348	306
2349	298
2350	289
2351	268
2352	274
2353	295
2354	298
2355	266
2356	294
2357	265
2358	323
2359	261
2360	287
2361	282
2362	291
2363	311
2364	291
2365	291
2366	281
2367	291
2368	305
2369	268
2370	256
2371	303
2372	279
2373	293
2374	281
2375	305
2376	277
2377	314
2378	275
2379	303
2380	273
2381	260
2382	245
2383	328
2384	266
2385	277
2386	310
2387	286
2388	250
2389	284
2390	282
2391	257
2392	271
2393	291
2394	301
2395	269
2396	269
2397	319
2398	266
2399	316
2400	265
2401	280
2402	264
2403	261
2404	278
2405	285
2406	289
2407	279
2408	300
2409	301
2410	245
2411	237
2412	268
2413	274
2414	279
2415	260
2416	248
2417	266
2418	274
2419	277
2420	280
2421	270
2422	273
2423	304
2424	262
2425	262
2426	260
2427	270
2428	288
2429	337
2430	278
2431	287
2432	254
2433	281
2434	268
2435	282
2436	251
2437	288
2438	297
2439	255
2440	269
2441	298
2442	282
2443	280
2444	292
2445	264
2446	241
2447	303
2448	250
2449	268
2450	300
2451	252
2452	279
2453	247
2454	247
2455	270
2456	282
2457	258
2458	317
2459	268
2460	273
2461	236
2462	244
2463	268
2464	246
2465	295
2466	279
2467	246
2468	225
2469	269
2470	249
2471	264
2472	244
2473	262
2474	245
2475	264
2476	258
2477	258
2478	266
2479	269
2480	311
2481	270
2482	244
2483	255
2484	257
2485	274
2486	268
2487	282
2488	253
2489	255
2490	254
2491	259
2492	256
2493	251
2494	289
2495	277
2496	247
2497	280
2498	286
2499	250
2500	267
2501	247
2502	259
2503	245
2504	240
2505	281
2506	245
2507	245
2508	236
2509	257
2510	234
2511	256
2512	260
2513	279
2514	247
2515	255
2516	242
2517	269
2518	261
2519	267
2520	256
2521	234
2522	293
2523	260
2524	244
2525	284
2526	251
2527	248
2528	232
2529	237
2530	266
2531	261
2532	232
2533	240
2534	238
2535	236
2536	264
2537	256
2538	273
2539	271
2540	275
2541	240
2542	269
2543	247
2544	267
2545	283
2546	294
2547	292
2548	327
2549	338
2550	336
2551	371
2552	377
2553	442
2554	487
2555	506
2556	585
2557	562
2558	603
2559	501
2560	444
2561	427
2562	371
2563	412
2564	327
2565	302
2566	310
2567	278
2568	327
2569	255
2570	255
2571	248
2572	271
2573	224
2574	242
2575	252
2576	237
2577	272
2578	238
2579	244
2580	229
2581	248
2582	246
2583	216
2584	251
2585	252
2586	225
2587	223
2588	232
2589	255
2590	280
2591	247
2592	228
2593	219
2594	239
2595	224
2596	219
2597	218
2598	252
2599	239
2600	248
2601	236
2602	238
2603	233
2604	225
2605	235
2606	254
2607	229
2608	236
2609	229
2610	228
2611	231
2612	259
2613	224
2614	244
2615	231
2616	224
2617	229
2618	225
2619	219
2620	241
2621	224
2622	235
2623	270
2624	249
2625	229
2626	247
2627	222
2628	231
2629	232
2630	222
2631	231
2632	214
2633	229
2634	228
2635	231
2636	208
2637	243
2638	221
2639	245
2640	236
2641	216
2642	238
2643	232
2644	224
2645	234
2646	208
2647	216
2648	224
2649	204
2650	235
2651	238
2652	245
2653	213
2654	234
2655	225
2656	230
2657	226
2658	227
2659	226
2660	219
2661	217
2662	208
2663	224
2664	202
2665	250
2666	242
2667	227
2668	233
2669	218
2670	232
2671	208
2672	241
2673	212
2674	254
2675	205
2676	225
2677	236
2678	219
2679	210
2680	223
2681	223
2682	224
2683	232
2684	197
2685	190
2686	195
2687	218
2688	212
2689	227
2690	210
2691	231
2692	191
2693	234
2694	221
2695	225
2696	229
2697	240
2698	232
2699	230
2700	218
2701	206
2702	241
2703	241
2704	219
2705	237
2706	197
2707	226
2708	232
2709	245
2710	212
2711	230
2712	226
2713	209
2714	232
2715	209
2716	216
2717	223
2718	221
2719	214
2720	231
2721	242
2722	229
2723	208
2724	209
2725	225
2726	210
2727	209
2728	201
2729	218
2730	216
2731	221
2732	228
2733	236
2734	214
2735	242
2736	222
2737	204
2738	223
2739	212
2740	220
2741	200
2742	247
2743	227
2744	210
2745	210
2746	243
2747	205
2748	215
2749	229
2750	232
2751	213
2752	243
2753	246
2754	207
2755	211
2756	218
2757	212
2758	205
2759	196
2760	208
2761	214
2762	206
2763	204
2764	208
2765	219
2766	219
2767	200
2768	250
2769	196
2770	191
2771	207
2772	220
2773	201
2774	225
2775	239
2776	203
2777	195
2778	199
2779	227
2780	209
2781	194
2782	216
2783	201
2784	234
2785	224
2786	190
2787	193
2788	207
2789	194
2790	200
2791	195
2792	199
2793	194
2794	212
2795	196
2796	221
2797	222
2798	231
2799	205
2800	221
2801	229
2802	192
2803	201
2804	199
2805	224
2806	207
2807	216
2808	212
2809	207
2810	197
2811	224
2812	203
2813	204
2814	233
2815	251
2816	221
2817	212
2818	241
2819	219
2820	213
2821	232
2822	222
2823	214
2824	175
2825	220
2826	211
2827	203
2828	228
2829	214
2830	192
2831	222
2832	209
2833	202
2834	194
2835	216
2836	223
2837	181
2838	203
2839	212
2840	178
2841	210
2842	187
2843	206
2844	205
2845	206
2846	189
2847	179
2848	179
2849	213
2850	168
2851	209
2852	190
2853	176
2854	201
2855	190
2856	223
2857	204
2858	220
2859	209
2860	165
2861	182
2862	230
2863	215
2864	179
2865	177
2866	209
2867	197
2868	220
2869	224
2870	183
2871	210
2872	199
2873	233
2874	190
2875	181
2876	181
2877	199
2878	194
2879	205
2880	173
2881	228
2882	197
2883	207
2884	233
2885	216
2886	219
2887	191
2888	195
2889	172
2890	189
2891	196
2892	204
2893	188
2894	195
2895	195
2896	171
2897	210
2898	179
2899	198
2900	217
2901	235
2902	210
2903	200
2904	207
2905	200
2906	240
2907	219
2908	195
2909	187
2910	191
2911	204
2912	214
2913	191
2914	234
2915	228
2916	293
2917	369
2918	420
2919	548
2920	668
2921	819
2922	853
2923	826
2924	693
2925	554
2926	440
2927	336
2928	252
2929	221
2930	195
2931	192
2932	191
2933	185
2934	212
2935	187
2936	199
2937	193
2938	212
2939	187
2940	198
2941	182
2942	168
2943	157
2944	182
2945	189
2946	178
2947	191
2948	161
2949	198
2950	202
2951	190
2952	186
2953	186
2954	181
2955	191
2956	187
2957	171
2958	182
2959	191
2960	190
2961	192
2962	172
2963	196
2964	151
2965	175
2966	178
2967	205
2968	196
2969	212
2970	197
2971	160
2972	200
2973	175
2974	191
2975	187
2976	213
2977	205
2978	191
2979	155
2980	169
2981	198
2982	173
2983	172
2984	173
2985	191
2986	191
2987	155
2988	183
2989	205
2990	174
2991	190
2992	188
2993	203
2994	186
2995	158
2996	205
2997	180
2998	179
2999	163
3000	171
3001	184
3002	202
3003	188
3004	182
3005	185
3006	174
3007	181
3008	181
3009	162
3010	210
3011	192
3012	169
3013	181
3014	187
3015	174
3016	162
3017	198
3018	175
3019	174
3020	165
3021	194
3022	189
3023	205
3024	202
3025	194
3026	155
3027	159
3028	177
3029	190
3030	184
3031	168
3032	146
3033	195
3034	153
3035	193
3036	163
3037	166
3038	184
3039	176
3040	167
3041	173
3042	168
3043	200
3044	184
3045	191
3046	200
3047	243
3048	340
3049	400
3050	571
3051	734
3052	888
3053	976
3054	1048
3055	932
3056	884
3057	671
3058	502
3059	396
3060	247
3061	218
3062	192
3063	159
3064	189
3065	171
3066	172
3067	171
3068	169
3069	167
3070	140
3071	165
3072	184
3073	188
3074	163
3075	169
3076	173
3077	165
3078	181
3079	167
3080	177
3081	166
3082	167
3083	159
3084	138
3085	169
3086	180
3087	170
3088	171
3089	182
3090	157
3091	174
3092	173
3093	186
3094	176
3095	163
3096	165
3097	158
3098	142
3099	170
3100	169
3101	157
3102	165
3103	167
3104	171
3105	165
3106	163
3107	166
3108	162
3109	181
3110	173
3111	156
3112	165
3113	169
3114	191
3115	153
3116	157
3117	166
3118	156
3119	178
3120	171
3121	183
3122	158
3123	160
3124	160
3125	155
3126	174
3127	156
3128	190
3129	172
3130	167
3131	163
3132	139
3133	160
3134	182
3135	164
3136	159
3137	143
3138	149
3139	164
3140	153
3141	160
3142	184
3143	165
3144	189
3145	163
3146	161
3147	163
3148	155
3149	180
3150	145
3151	164
3152	146
3153	166
3154	150
3155	153
3156	143
3157	166
3158	160
3159	179
3160	151
3161	170
3162	162
3163	188
3164	152
3165	153
3166	162
3167	159
3168	163
3169	153
3170	169
3171	172
3172	168
3173	151
3174	166
3175	154
3176	163
3177	166
3178	150
3179	144
3180	179
3181	190
3182	145
3183	160
3184	182
3185	155
3186	187
3187	176
3188	141
3189	156
3190	149
3191	149
3192	157
3193	157
3194	165
3195	147
3196	146
3197	124
3198	162
3199	155
3200	151
3201	151
3202	158
3203	161
3204	169
3205	165
3206	165
3207	190
3208	148
3209	141
3210	170
3211	142
3212	146
3213	141
3214	173
3215	159
3216	154
3217	153
3218	178
3219	168
3220	147
3221	142
3222	151
3223	132
3224	145
3225	136
3226	186
3227	153
3228	171
3229	136
3230	154
3231	145
3232	159
3233	166
3234	145
3235	186
3236	144
3237	165
3238	147
3239	160
3240	170
3241	148
3242	166
3243	157
3244	146
3245	131
3246	168
3247	178
3248	142
3249	154
3250	149
3251	164
3252	165
3253	156
3254	139
3255	146
3256	187
3257	144
3258	173
3259	158
3260	159
3261	149
3262	167
3263	165
3264	149
3265	158
3266	156
3267	155
3268	134
3269	170
3270	145
3271	160
3272	158
3273	145
3274	141
3275	159
3276	166
3277	147
3278	132
3279	148
3280	150
3281	164
3282	128
3283	134
3284	136
3285	156
3286	166
3287	146
3288	158
3289	154
3290	172
3291	145
3292	157
3293	152
3294	162
3295	148
3296	154
3297	164
3298	145
3299	163
3300	154
3301	155
3302	154
3303	152
3304	148
3305	141
3306	144
3307	157
3308	155
3309	171
3310	166
3311	187
3312	194
3313	181
3314	244
3315	295
3316	274
3317	328
3318	320
3319	317
3320	284
3321	266
3322	228
3323	190
3324	188
3325	155
3326	147
3327	139
3328	134
3329	158
3330	148
3331	147
3332	160
3333	145
3334	166
3335	178
3336	178
3337	184
3338	169
3339	145
3340	173
3341	151
3342	144
3343	163
3344	133
3345	171
3346	148
3347	148
3348	140
3349	146
3350	127
3351	129
3352	143
3353	144
3354	146
3355	142
3356	150
3357	132
3358	142
3359	149
3360	141
3361	157
3362	143
3363	137
3364	145
3365	140
3366	123
3367	140
3368	150
3369	123
3370	162
3371	152
3372	129
3373	139
3374	144
3375	159
3376	130
3377	138
3378	126
3379	145
3380	138
3381	138
3382	145
3383	139
3384	152
3385	141
3386	142
3387	139
3388	150
3389	137
3390	128
3391	136
3392	143
3393	139
3394	150
3395	145
3396	166
3397	129
3398	144
3399	151
3400	130
3401	154
3402	143
3403	139
3404	137
3405	143
3406	162
3407	132
3408	122
3409	135
3410	150
3411	147
3412	150
3413	122
3414	136
3415	139
3416	150
3417	139
3418	131
3419	151
3420	138
3421	174
3422	132
3423	152
3424	151
3425	127
3426	130
3427	142
3428	140
3429	141
3430	127
3431	137
3432	153
3433	146
3434	134
3435	125
3436	136
3437	153
3438	153
3439	134
3440	146
3441	132
3442	130
3443	142
3444	133
3445	145
3446	120
3447	148
3448	156
3449	153
3450	120
3451	141
3452	125
3453	139
3454	131
3455	132
3456	144
3457	125
3458	130
3459	131
3460	118
3461	146
3462	142
3463	126
3464	134
3465	129
3466	145
3467	149
3468	138
3469	135
3470	133
3471	159
3472	139
3473	139
3474	133
3475	138
3476	146
3477	130
3478	149
3479	132
3480	128
3481	126
3482	144
3483	128
3484	132
3485	143
3486	139
3487	146
3488	107
3489	164
3490	157
3491	139
3492	118
3493	157
3494	108
3495	127
3496	145
3497	139
3498	147
3499	141
3500	141
3501	138
3502	152
3503	168
3504	149
3505	147
3506	131
3507	139
3508	143
3509	152
3510	146
3511	141
3512	122
3513	154
3514	137
3515	136
3516	132
3517	125
3518	142
3519	132
3520	126
3521	147
3522	145
3523	136
3524	151
3525	136
3526	129
3527	132
3528	139
3529	123
3530	153
3531	127
3532	140
3533	137
3534	134
3535	123
3536	125
3537	127
3538	127
3539	141
3540	115
3541	134
3542	133
3543	119
3544	121
3545	110
3546	126
3547	121
3548	124
3549	143
3550	108
3551	136
3552	133
3553	141
3554	134
3555	133
3556	124
3557	140
3558	133
3559	128
3560	132
3561	144
3562	132
3563	140
3564	157
3565	117
3566	126
3567	132
3568	111
3569	116
3570	119
3571	145
3572	152
3573	133
3574	129
3575	118
3576	145
3577	117
3578	120
3579	140
3580	123
3581	129
3582	129
3583	129
3584	131
3585	133
3586	141
3587	124
3588	122
3589	134
3590	131
3591	115
3592	134
3593	107
3594	105
3595	127
3596	119
3597	128
3598	141
3599	160
3600	120
3601	128
3602	126
3603	126
3604	137
3605	162
3606	129
3607	162
3608	132
3609	134
3610	146
3611	123
3612	137
3613	141
3614	143
3615	110
3616	129
3617	123
3618	131
3619	145
3620	124
3621	122
3622	120
3623	109
3624	138
3625	117
3626	143
3627	144
3628	145
3629	151
3630	149
3631	113
3632	136
3633	133
3634	134
3635	116
3636	128
3637	127
3638	135
3639	140
3640	124
3641	137
3642	169
3643	145
3644	192
3645	177
3646	215
3647	221
3648	271
3649	242
3650	228
3651	221
3652	210
3653	173
3654	150
3655	153
3656	142
3657	133
3658	133
3659	117
3660	136
3661	140
3662	93
3663	115
3664	120
3665	148
3666	117
3667	125
3668	146
3669	110
3670	125
3671	116
3672	140
3673	128
3674	134
3675	143
3676	116
3677	121
3678	139
3679	122
3680	118
3681	120
3682	110
3683	98
3684	119
3685	119
3686	149
3687	128
3688	125
3689	141
3690	126
3691	123
3692	109
3693	120
3694	119
3695	128
3696	117
3697	128
3698	122
3699	106
3700	109
3701	113
3702	130
3703	125
3704	108
3705	124
3706	137
3707	109
3708	114
3709	125
3710	131
3711	124
3712	131
3713	134
3714	146
3715	118
3716	116
3717	120
3718	126
3719	118
3720	138
3721	120
3722	120
3723	132
3724	121
3725	139
3726	128
3727	119
3728	154
3729	121
3730	129
3731	122
3732	112
3733	141
3734	118
3735	135
3736	122
3737	128
3738	125
3739	151
3740	119
3741	116
3742	132
3743	108
3744	128
3745	112
3746	128
3747	110
3748	128
3749	117
3750	103
3751	118
3752	103
3753	110
3754	117
3755	124
3756	122
3757	121
3758	106
3759	130
3760	133
3761	106
3762	115
3763	135
3764	114
3765	109
3766	116
3767	117
3768	121
3769	139
3770	124
3771	134
3772	107
3773	114
3774	123
3775	110
3776	117
3777	134
3778	133
3779	108
3780	116
3781	127
3782	114
3783	118
3784	125
3785	138
3786	125
3787	118
3788	122
3789	125
3790	132
3791	127
3792	143
3793	131
3794	121
3795	118
3796	98
3797	121
3798	129
3799	123
3800	122
3801	112
3802	135
3803	101
3804	137
3805	122
3806	98
3807	111
3808	101
3809	133
3810	107
3811	109
3812	122
3813	104
3814	111
3815	121
3816	117
3817	104
3818	129
3819	130
3820	125
3821	139
3822	95
3823	92
3824	132
3825	144
3826	99
3827	123
3828	124
3829	126
3830	121
3831	123
3832	98
3833	143
3834	119
3835	116
3836	114
3837	122
3838	138
3839	115
3840	122
3841	108
3842	96
3843	105
3844	120
3845	104
3846	113
3847	136
3848	120
3849	134
3850	163
3851	132
3852	147
3853	141
3854	198
3855	199
3856	172
3857	185
3858	195
3859	164
3860	149
3861	133
3862	129
3863	113
3864	128
3865	106
3866	116
3867	131
3868	124
3869	111
3870	111
3871	105
3872	156
3873	132
3874	141
3875	138
3876	153
3877	136
3878	139
3879	137
3880	122
3881	114
3882	112
3883	101
3884	89
3885	112
3886	105
3887	97
3888	122
3889	113
3890	116
3891	99
3892	103
3893	101
3894	127
3895	104
3896	124
3897	138
3898	98
3899	108
3900	101
3901	113
3902	107
3903	121
3904	116
3905	127
3906	93
3907	108
3908	115
3909	109
3910	99
3911	108
3912	136
3913	95
3914	116
3915	104
3916	119
3917	100
3918	114
3919	101
3920	114
3921	122
3922	108
3923	103
3924	105
3925	126
3926	99
3927	124
3928	109
3929	105
3930	99
3931	118
3932	107
3933	111
3934	122
3935	130
3936	129
3937	114
3938	114
3939	125
3940	126
3941	139
3942	143
3943	121
3944	142
3945	149
3946	141
3947	144
3948	114
3949	100
3950	125
3951	118
3952	129
3953	96
3954	101
3955	94
3956	105
3957	97
3958	99
3959	103
3960	117
3961	100
3962	94
3963	109
3964	111
3965	106
3966	110
3967	99
3968	109
3969	123
3970	112
3971	118
3972	117
3973	99
3974	111
3975	118
3976	107
3977	111
3978	80
3979	91
3980	111
3981	89
3982	113
3983	121
3984	109
3985	116
3986	122
3987	150
3988	153
3989	145
3990	163
3991	183
3992	168
3993	155
3994	143
3995	132
3996	105
3997	121
3998	98
3999	103
4000	113
4001	107
4002	109
4003	101
4004	91
4005	100
4006	107
4007	112
4008	118
4009	111
4010	103
4011	110
4012	129
4013	112
4014	111
4015	90
4016	109
4017	110
4018	106
4019	110
4020	103
4021	96
4022	92
4023	96
4024	96
4025	96
4026	93
4027	96
4028	109
4029	119
4030	117
4031	116
4032	101
4033	114
4034	95
4035	100
4036	112
4037	107
4038	81
4039	105
4040	98
4041	93
4042	124
4043	110
4044	111
4045	110
4046	122
4047	127
4048	129
4049	115
4050	101
4051	117
4052	113
4053	119
4054	111
4055	98
4056	96
4057	80
4058	97
4059	97
4060	75
4061	106
4062	115
4063	104
4064	95
4065	112
4066	86
4067	104
4068	104
4069	89
4070	122
4071	92
4072	113
4073	95
4074	111
4075	118
4076	91
4077	93
4078	106
4079	93
4080	94
4081	94
4082	118
4083	103
4084	105
4085	88
4086	125
4087	97
4088	92
4089	90
4090	111
4091	91
4092	100
4093	111
4094	116
4095	94
4096	87
4097	107
4098	91
4099	103
4100	103
4101	115
4102	94
4103	111
4104	87
4105	95
4106	102
4107	87
4108	94
4109	104
4110	98
4111	93
4112	77
4113	100
4114	98
4115	96
4116	101
4117	83
4118	91
4119	106
4120	98
4121	111
4122	99
4123	114
4124	109
4125	102
4126	98
4127	98
4128	94
4129	94
4130	92
4131	87
4132	110
4133	103
4134	108
4135	86
4136	85
4137	114
4138	108
4139	88
4140	89
4141	109
4142	108
4143	100
4144	102
4145	108
4146	99
4147	103
4148	104
4149	91
4150	98
4151	99
4152	102
4153	116
4154	93
4155	112
4156	99
4157	95
4158	97
4159	103
4160	98
4161	101
4162	80
4163	115
4164	107
4165	102
4166	101
4167	94
4168	103
4169	118
4170	89
4171	101
4172	97
4173	99
4174	124
4175	98
4176	90
4177	105
4178	89
4179	98
4180	87
4181	111
4182	99
4183	96
4184	93
4185	95
4186	99
4187	90
4188	90
4189	99
4190	96
4191	114
4192	101
4193	104
4194	121
4195	138
4196	124
4197	120
4198	102
4199	121
4200	109
4201	110
4202	116
4203	100
4204	89
4205	89
4206	107
4207	79
4208	106
4209	104
4210	96
4211	100
4212	103
4213	103
4214	107
4215	113
4216	107
4217	111
4218	101
4219	117
4220	144
4221	105
4222	85
4223	98
4224	102
4225	97
4226	102
4227	85
4228	97
4229	80
4230	96
4231	92
4232	92
4233	90
4234	85
4235	104
4236	96
4237	90
4238	93
4239	92
4240	91
4241	98
4242	96
4243	92
4244	89
4245	116
4246	103
4247	88
4248	82
4249	99
4250	88
4251	81
4252	83
4253	71
4254	96
4255	117
4256	100
4257	114
4258	80
4259	97
4260	87
4261	88
4262	89
4263	93
4264	86
4265	81
4266	75
4267	92
4268	96
4269	83
4270	107
4271	76
4272	110
4273	85
4274	101
4275	102
4276	91
4277	91
4278	85
4279	100
4280	96
4281	123
4282	99
4283	91
4284	97
4285	113
4286	90
4287	80
4288	82
4289	99
4290	90
4291	102
4292	100
4293	79
4294	110
4295	102
4296	94
4297	102
4298	89
4299	90
4300	92
4301	82
4302	104
4303	83
4304	111
4305	80
4306	108
4307	97
4308	91
4309	88
4310	93
4311	83
4312	100
4313	97
4314	99
4315	92
4316	99
4317	121
4318	133
4319	160
4320	151
4321	131
4322	154
4323	171
4324	164
4325	122
4326	121
4327	125
4328	106
4329	94
4330	86
4331	85
4332	83
4333	100
4334	96
4335	101
4336	71
4337	98
4338	83
4339	74
4340	85
4341	84
4342	96
4343	78
4344	101
4345	89
4346	85
4347	84
4348	83
4349	110
4350	89
4351	91
4352	92
4353	111
4354	83
4355	74
4356	79
4357	85
4358	103
4359	101
4360	82
4361	76
4362	86
4363	106
4364	79
4365	85
4366	80
4367	130
4368	109
4369	91
4370	94
4371	102
4372	87
4373	84
4374	84
4375	81
4376	80
4377	81
4378	80
4379	78
4380	96
4381	78
4382	98
4383	84
4384	99
4385	90
4386	101
4387	89
4388	84
4389	102
4390	83
4391	120
4392	88
4393	75
4394	86
4395	89
4396	86
4397	81
4398	81
4399	83
4400	95
4401	85
4402	108
4403	90
4404	78
4405	90
4406	91
4407	87
4408	107
4409	92
4410	99
4411	83
4412	84
4413	91
4414	69
4415	91
4416	87
4417	99
4418	72
4419	88
4420	87
4421	96
4422	77
4423	75
4424	94
4425	85
4426	89
4427	83
4428	92
4429	88
4430	71
4431	65
4432	84
4433	89
4434	77
4435	94
4436	85
4437	81
4438	97
4439	99
4440	81
4441	88
4442	95
4443	85
4444	79
4445	71
4446	64
4447	81
4448	83
4449	88
4450	94
4451	88
4452	81
4453	86
4454	104
4455	69
4456	102
4457	90
4458	86
4459	94
4460	70
4461	82
4462	75
4463	84
4464	76
4465	81
4466	91
4467	111
4468	77
4469	99
4470	83
4471	76
4472	104
4473	84
4474	87
4475	97
4476	77
4477	78
4478	90
4479	80
4480	76
4481	104
4482	113
4483	86
4484	78
4485	105
4486	88
4487	103
4488	78
4489	92
4490	92
4491	83
4492	86
4493	91
4494	100
4495	89
4496	88
4497	80
4498	83
4499	105
4500	91
4501	74
4502	75
4503	103
4504	76
4505	86
4506	74
4507	81
4508	102
4509	90
4510	97
4511	91
4512	87
4513	91
4514	81
4515	88
4516	92
4517	97
4518	87
4519	92
4520	60
4521	76
4522	69
4523	100
4524	90
4525	94
4526	83
4527	87
4528	96
4529	88
4530	93
4531	89
4532	81
4533	75
4534	100
4535	76
4536	95
4537	91
4538	85
4539	103
4540	82
4541	89
4542	113
4543	100
4544	105
4545	76
4546	104
4547	98
4548	90
4549	83
4550	78
4551	99
4552	79
4553	84
4554	113
4555	88
4556	91
4557	84
4558	86
4559	97
4560	85
4561	77
4562	92
4563	88
4564	97
4565	78
4566	113
4567	108
4568	103
4569	121
4570	131
4571	177
4572	203
4573	297
4574	322
4575	359
4576	425
4577	466
4578	494
4579	429
4580	391
4581	337
4582	298
4583	212
4584	178
4585	133
4586	94
4587	92
4588	80
4589	86
4590	87
4591	73
4592	79
4593	77
4594	84
4595	77
4596	77
4597	70
4598	59
4599	80
4600	77
4601	68
4602	83
4603	90
4604	87
4605	71
4606	77
4607	80
4608	75
4609	81
4610	91
4611	81
4612	87
4613	79
4614	85
4615	85
4616	93
4617	93
4618	84
4619	76
4620	79
4621	73
4622	89
4623	84
4624	76
4625	84
4626	79
4627	74
4628	88
4629	71
4630	78
4631	80
4632	73
4633	73
4634	80
4635	84
4636	76
4637	87
4638	69
4639	74
4640	79
4641	71
4642	76
4643	80
4644	73
4645	65
4646	85
4647	84
4648	70
4649	97
4650	77
4651	79
4652	73
4653	80
4654	84
4655	82
4656	81
4657	77
4658	80
4659	79
4660	71
4661	101
4662	86
4663	81
4664	68
4665	88
4666	88
4667	60
4668	85
4669	72
4670	80
4671	97
4672	92
4673	69
4674	94
4675	77
4676	88
4677	71
4678	90
4679	98
4680	71
4681	64
4682	93
4683	80
4684	81
4685	88
4686	87
4687	92
4688	99
4689	94
4690	124
4691	94
4692	96
4693	123
4694	115
4695	123
4696	100
4697	94
4698	108
4699	100
4700	106
4701	87
4702	79
4703	83
4704	79
4705	76
4706	90
4707	64
4708	77
4709	74
4710	79
4711	84
4712	68
4713	72
4714	71
4715	68
4716	70
4717	84
4718	84
4719	87
4720	83
4721	73
4722	69
4723	77
4724	87
4725	93
4726	81
4727	71
4728	79
4729	85
4730	77
4731	81
4732	98
4733	77
4734	86
4735	74
4736	74
4737	83
4738	81
4739	81
4740	84
4741	90
4742	85
4743	92
4744	72
4745	70
4746	77
4747	67
4748	94
4749	72
4750	85
4751	72
4752	97
4753	59
4754	80
4755	67
4756	85
4757	76
4758	85
4759	74
4760	81
4761	79
4762	66
4763	82
4764	87
4765	89
4766	66
4767	80
4768	82
4769	85
4770	78
4771	86
4772	76
4773	93
4774	90
4775	84
4776	85
4777	94
4778	74
4779	72
4780	86
4781	77
4782	76
4783	92
4784	82
4785	91
4786	74
4787	78
4788	79
4789	81
4790	78
4791	81
4792	71
4793	65
4794	64
4795	89
4796	83
4797	83
4798	66
4799	68
4800	78
4801	69
4802	71
4803	78
4804	84
4805	65
4806	88
4807	70
4808	90
4809	75
4810	84
4811	75
4812	91
4813	76
4814	95
4815	77
4816	74
4817	81
4818	86
4819	96
4820	79
4821	82
4822	77
4823	74
4824	73
4825	71
4826	78
4827	71
4828	74
4829	75
4830	78
4831	67
4832	88
4833	75
4834	68
4835	76
4836	82
4837	61
4838	94
4839	90
4840	95
4841	98
4842	106
4843	105
4844	107
4845	135
4846	143
4847	133
4848	152
4849	150
4850	157
4851	137
4852	123
4853	94
4854	101
4855	97
4856	82
4857	81
4858	85
4859	98
4860	95
4861	90
4862	103
4863	133
4864	148
4865	191
4866	237
4867	249
4868	268
4869	316
4870	300
4871	311
4872	266
4873	199
4874	172
4875	154
4876	130
4877	85
4878	83
4879	75
4880	69
4881	75
4882	83
4883	70
4884	70
4885	91
4886	53
4887	74
4888	63
4889	82
4890	66
4891	69
4892	74
4893	68
4894	70
4895	72
4896	80
4897	82
4898	61
4899	53
4900	71
4901	58
4902	74
4903	71
4904	72
4905	69
4906	78
4907	70
4908	73
4909	76
4910	70
4911	53
4912	63
4913	60
4914	56
4915	62
4916	68
4917	70
4918	64
4919	70
4920	71
4921	77
4922	63
4923	67
4924	77
4925	64
4926	64
4927	74
4928	72
4929	76
4930	75
4931	73
4932	67
4933	65
4934	77
4935	68
4936	83
4937	71
4938	75
4939	68
4940	76
4941	76
4942	84
4943	77
4944	64
4945	69
4946	68
4947	54
4948	73
4949	74
4950	73
4951	73
4952	61
4953	72
4954	76
4955	83
4956	72
4957	69
4958	76
4959	58
4960	92
4961	78
4962	62
4963	81
4964	90
4965	69
4966	72
4967	77
4968	70
4969	98
4970	75
4971	51
4972	78
4973	56
4974	80
4975	70
4976	89
4977	79
4978	63
4979	63
4980	68
4981	67
4982	68
4983	68
4984	74
4985	70
4986	75
4987	74
4988	64
4989	77
4990	72
4991	67
4992	71
4993	75
4994	59
4995	63
4996	80
4997	58
4998	80
4999	74
5000	68
5001	76
5002	83
5003	69
5004	79
5005	76
5006	69
5007	66
5008	92
5009	66
5010	54
5011	63
5012	77
5013	62
5014	63
5015	58
5016	84
5017	64
5018	70
5019	64
5020	74
5021	62
5022	69
5023	78
5024	55
5025	94
5026	65
5027	69
5028	87
5029	80
5030	88
5031	70
5032	76
5033	97
5034	85
5035	76
5036	73
5037	94
5038	70
5039	76
5040	80
5041	70
5042	71
5043	63
5044	70
5045	82
5046	73
5047	81
5048	67
5049	63
5050	92
5051	61
5052	57
5053	81
5054	72
5055	72
5056	82
5057	74
5058	65
5059	59
5060	74
5061	64
5062	87
5063	83
5064	72
5065	72
5066	51
5067	67
5068	69
5069	79
5070	73
5071	79
5072	62
5073	71
5074	64
5075	66
5076	74
5077	76
5078	64
5079	74
5080	82
5081	57
5082	70
5083	61
5084	73
5085	71
5086	83
5087	76
5088	63
5089	68
5090	59
5091	80
5092	65
5093	69
5094	67
5095	81
5096	68
5097	72
5098	66
5099	78
5100	73
5101	72
5102	82
5103	59
5104	64
5105	76
5106	71
5107	67
5108	80
5109	79
5110	60
5111	73
5112	86
5113	81
5114	66
5115	75
5116	58
5117	75
5118	77
5119	64
5120	74
5121	67
5122	75
5123	73
5124	65
5125	59
5126	55
5127	59
5128	73
5129	89
5130	73
5131	80
5132	66
5133	66
5134	62
5135	72
5136	76
5137	78
5138	66
5139	62
5140	62
5141	67
5142	72
5143	69
5144	75
5145	74
5146	74
5147	61
5148	71
5149	56
5150	63
5151	58
5152	67
5153	65
5154	74
5155	70
5156	78
5157	61
5158	64
5159	64
5160	68
5161	83
5162	66
5163	71
5164	56
5165	74
5166	73
5167	75
5168	62
5169	67
5170	73
5171	70
5172	65
5173	72
5174	74
5175	83
5176	69
5177	67
5178	86
5179	87
5180	64
5181	74
5182	64
5183	70
5184	77
5185	68
5186	71
5187	71
5188	76
5189	79
5190	72
5191	71
5192	78
5193	66
5194	60
5195	75
5196	74
5197	63
5198	75
5199	71
5200	82
5201	70
5202	61
5203	64
5204	71
5205	68
5206	64
5207	61
5208	72
5209	74
5210	67
5211	74
5212	67
5213	72
5214	59
5215	67
5216	65
5217	80
5218	63
5219	76
5220	67
5221	77
5222	76
5223	68
5224	71
5225	77
5226	74
5227	71
5228	78
5229	68
5230	67
5231	69
5232	57
5233	64
5234	76
5235	69
5236	72
5237	77
5238	68
5239	71
5240	70
5241	75
5242	70
5243	75
5244	68
5245	68
5246	66
5247	63
5248	68
5249	72
5250	75
5251	75
5252	70
5253	74
5254	59
5255	63
5256	72
5257	63
5258	73
5259	70
5260	70
5261	70
5262	78
5263	77
5264	59
5265	74
5266	64
5267	73
5268	60
5269	72
5270	70
5271	68
5272	82
5273	58
5274	65
5275	56
5276	67
5277	63
5278	79
5279	74
5280	79
5281	77
5282	76
5283	69
5284	77
5285	63
5286	61
5287	72
5288	77
5289	74
5290	55
5291	77
5292	73
5293	64
5294	68
5295	70
5296	74
5297	73
5298	85
5299	56
5300	70
5301	72
5302	74
5303	72
5304	52
5305	64
5306	42
5307	77
5308	76
5309	83
5310	70
5311	63
5312	68
5313	67
5314	77
5315	78
5316	64
5317	57
5318	72
5319	70
5320	53
5321	72
5322	72
5323	85
5324	58
5325	66
5326	59
5327	69
5328	61
5329	72
5330	60
5331	65
5332	75
5333	55
5334	55
5335	74
5336	66
5337	56
5338	65
5339	69
5340	65
5341	68
5342	74
5343	75
5344	66
5345	78
5346	72
5347	66
5348	75
5349	65
5350	83
5351	68
5352	66
5353	64
5354	61
5355	73
5356	77
5357	75
5358	67
5359	60
5360	73
5361	67
5362	60
5363	59
5364	73
5365	70
5366	70
5367	52
5368	56
5369	69
5370	71
5371	72
5372	86
5373	67
5374	52
5375	70
5376	71
5377	71
5378	63
5379	66
5380	73
5381	78
5382	75
5383	87
5384	54
5385	66
5386	62
5387	62
5388	65
5389	63
5390	69
5391	70
5392	66
5393	58
5394	61
5395	66
5396	77
5397	82
5398	67
5399	61
5400	72
5401	76
5402	44
5403	67
5404	65
5405	71
5406	69
5407	73
5408	82
5409	57
5410	49
5411	64
5412	77
5413	65
5414	66
5415	68
5416	67
5417	72
5418	81
5419	63
5420	73
5421	66
5422	54
5423	67
5424	75
5425	71
5426	71
5427	76
5428	69
5429	78
5430	53
5431	70
5432	83
5433	71
5434	62
5435	70
5436	80
5437	55
5438	64
5439	66
5440	81
5441	68
5442	66
5443	62
5444	73
5445	58
5446	73
5447	74
5448	76
5449	66
5450	71
5451	66
5452	63
5453	87
5454	62
5455	66
5456	72
5457	85
5458	69
5459	76
5460	60
5461	58
5462	67
5463	82
5464	51
5465	67
5466	65
5467	65
5468	75
5469	76
5470	75
5471	72
5472	54
5473	54
5474	59
5475	65
5476	65
5477	66
5478	65
5479	49
5480	64
5481	72
5482	71
5483	73
5484	75
5485	75
5486	63
5487	60
5488	84
5489	63
5490	66
5491	64
5492	70
5493	64
5494	57
5495	83
5496	71
5497	68
5498	60
5499	69
5500	65
5501	80
5502	59
5503	80
5504	58
5505	73
5506	61
5507	61
5508	61
5509	57
5510	68
5511	64
5512	72
5513	63
5514	70
5515	70
5516	69
5517	60
5518	82
5519	71
5520	68
5521	63
5522	64
5523	70
5524	52
5525	70
5526	61
5527	81
5528	58
5529	73
5530	67
5531	76
5532	62
5533	61
5534	60
5535	74
5536	77
5537	75
5538	69
5539	67
5540	73
5541	81
5542	70
5543	68
5544	65
5545	61
5546	69
5547	80
5548	68
5549	73
5550	76
5551	65
5552	51
5553	73
5554	66
5555	72
5556	64
5557	54
5558	70
5559	69
5560	66
5561	71
5562	59
5563	60
5564	64
5565	73
5566	74
5567	60
5568	75
5569	66
5570	84
5571	59
5572	77
5573	66
5574	67
5575	62
5576	60
5577	68
5578	63
5579	62
5580	73
5581	58
5582	69
5583	64
5584	65
5585	73
5586	75
5587	67
5588	67
5589	79
5590	79
5591	63
5592	61
5593	83
5594	94
5595	50
5596	74
5597	62
5598	59
5599	68
5600	80
5601	60
5602	63
5603	73
5604	73
5605	77
5606	49
5607	63
5608	58
5609	73
5610	82
5611	70
5612	81
5613	60
5614	57
5615	55
5616	68
5617	85
5618	62
5619	53
5620	67
5621	77
5622	67
5623	71
5624	80
5625	96
5626	106
5627	97
5628	134
5629	161
5630	160
5631	198
5632	232
5633	220
5634	277
5635	207
5636	216
5637	202
5638	190
5639	132
5640	116
5641	90
5642	79
5643	71
5644	73
5645	69
5646	67
5647	72
5648	61
5649	59
5650	75
5651	66
5652	66
5653	72
5654	65
5655	72
5656	66
5657	70
5658	57
5659	68
5660	74
5661	61
5662	74
5663	65
5664	66
5665	70
5666	81
5667	59
5668	74
5669	74
5670	76
5671	62
5672	57
5673	73
5674	79
5675	63
5676	69
5677	65
5678	71
5679	56
5680	65
5681	69
5682	72
5683	73
5684	74
5685	70
5686	69
5687	81
5688	51
5689	88
5690	76
5691	67
5692	64
5693	75
5694	58
5695	68
5696	73
5697	64
5698	71
5699	70
5700	80
5701	75
5702	67
5703	58
5704	71
5705	73
5706	66
5707	71
5708	66
5709	73
5710	66
5711	52
5712	70
5713	64
5714	82
5715	59
5716	65
5717	49
5718	71
5719	64
5720	62
5721	59
5722	79
5723	65
5724	61
5725	75
5726	66
5727	68
5728	65
5729	60
5730	78
5731	72
5732	61
5733	67
5734	58
5735	59
5736	69
5737	60
5738	80
5739	67
5740	62
5741	57
5742	62
5743	72
5744	52
5745	77
5746	58
5747	69
5748	72
5749	75
5750	58
5751	57
5752	57
5753	61
5754	64
5755	67
5756	61
5757	57
5758	81
5759	70
5760	68
5761	51
5762	59
5763	74
5764	67
5765	72
5766	53
5767	51
5768	55
5769	75
5770	51
5771	62
5772	79
5773	53
5774	67
5775	53
5776	54
5777	61
5778	65
5779	63
5780	77
5781	62
5782	67
5783	61
5784	62
5785	65
5786	73
5787	61
5788	75
5789	65
5790	63
5791	66
5792	71
5793	67
5794	64
5795	65
5796	57
5797	77
5798	75
5799	72
5800	79
5801	67
5802	53
5803	69
5804	74
5805	76
5806	81
5807	96
5808	87
5809	96
5810	95
5811	81
5812	94
5813	81
5814	77
5815	65
5816	78
5817	70
5818	76
5819	64
5820	66
5821	59
5822	69
5823	75
5824	61
5825	69
5826	51
5827	69
5828	69
5829	78
5830	73
5831	69
5832	67
5833	76
5834	74
5835	77
5836	70
5837	71
5838	71
5839	65
5840	48
5841	61
5842	74
5843	88
5844	61
5845	58
5846	58
5847	66
5848	78
5849	74
5850	72
5851	82
5852	72
5853	86
5854	68
5855	80
5856	69
5857	66
5858	72
5859	61
5860	69
5861	58
5862	60
5863	75
5864	71
5865	70
5866	57
5867	81
5868	80
5869	50
5870	72
5871	78
5872	76
5873	71
5874	59
5875	56
5876	77
5877	67
5878	68
5879	73
5880	61
5881	65
5882	70
5883	66
5884	66
5885	65
5886	67
5887	84
5888	65
5889	58
5890	62
5891	72
5892	62
5893	58
5894	54
5895	72
5896	81
5897	66
5898	69
5899	72
5900	99
5901	70
5902	75
5903	69
5904	66
5905	64
5906	74
5907	72
5908	56
5909	77
5910	80
5911	71
5912	72
5913	61
5914	66
5915	56
5916	64
5917	67
5918	53
5919	65
5920	55
5921	55
5922	66
5923	69
5924	51
5925	59
5926	81
5927	77
5928	61
5929	64
5930	74
5931	81
5932	58
5933	85
5934	65
5935	68
5936	60
5937	81
5938	71
5939	71
5940	72
5941	72
5942	55
5943	75
5944	84
5945	81
5946	80
5947	77
5948	72
5949	83
5950	68
5951	60
5952	68
5953	53
5954	67
5955	52
5956	56
5957	69
5958	61
5959	67
5960	77
5961	85
5962	68
5963	61
5964	64
5965	70
5966	58
5967	52
5968	78
5969	44
5970	64
5971	80
5972	67
5973	79
5974	73
5975	78
5976	65
5977	72
5978	70
5979	63
5980	62
5981	78
5982	80
5983	74
5984	69
5985	65
5986	59
5987	66
5988	71
5989	65
5990	64
5991	68
5992	60
5993	77
5994	65
5995	84
5996	59
5997	58
5998	58
5999	56
6000	80
6001	57
6002	67
6003	60
6004	79
6005	90
6006	69
6007	64
6008	54
6009	54
6010	71
6011	64
6012	71
6013	60
6014	70
6015	79
6016	73
6017	57
6018	73
6019	74
6020	72
6021	65
6022	65
6023	63
6024	63
6025	81
6026	78
6027	57
6028	81
6029	52
6030	63
6031	63
6032	69
6033	67
6034	69
6035	65
6036	85
6037	62
6038	73
6039	55
6040	72
6041	64
6042	81
6043	67
6044	70
6045	60
6046	73
6047	66
6048	60
6049	60
6050	75
6051	67
6052	87
6053	58
6054	71
6055	61
6056	77
6057	65
6058	70
6059	64
6060	55
6061	61
6062	77
6063	79
6064	72
6065	63
6066	57
6067	66
6068	65
6069	52
6070	96
6071	63
6072	65
6073	65
6074	88
6075	71
6076	71
6077	62
6078	66
6079	87
6080	64
6081	78
6082	65
6083	53
6084	52
6085	73
6086	64
6087	64
6088	96
6089	71
6090	57
6091	71
6092	81
6093	63
6094	79
6095	65
6096	59
6097	79
6098	55
6099	64
6100	74
6101	66
6102	63
6103	60
6104	52
6105	77
6106	61
6107	71
6108	60
6109	81
6110	79
6111	67
6112	71
6113	67
6114	74
6115	74
6116	69
6117	71
6118	65
6119	61
6120	68
6121	70
6122	73
6123	44
6124	56
6125	68
6126	69
6127	67
6128	71
6129	69
6130	72
6131	62
6132	85
6133	76
6134	93
6135	72
6136	65
6137	66
6138	70
6139	72
6140	61
6141	81
6142	66
6143	58
6144	54
6145	65
6146	71
6147	70
6148	65
6149	68
6150	73
6151	60
6152	62
6153	84
6154	70
6155	87
6156	73
6157	64
6158	60
6159	69
6160	92
6161	68
6162	74
6163	67
6164	67
6165	76
6166	70
6167	78
6168	68
6169	64
6170	62
6171	68
6172	78
6173	74
6174	89
6175	80
6176	65
6177	83
6178	84
6179	76
6180	72
6181	66
6182	71
6183	66
6184	89
6185	66
6186	77
6187	64
6188	52
6189	87
6190	72
6191	74
6192	70
6193	53
6194	78
6195	58
6196	58
6197	76
6198	66
6199	74
6200	68
6201	72
6202	70
6203	57
6204	61
6205	85
6206	72
6207	76
6208	64
6209	60
6210	78
6211	68
6212	71
6213	75
6214	78
6215	70
6216	80
6217	67
6218	77
6219	82
6220	71
6221	84
6222	87
6223	101
6224	106
6225	119
6226	135
6227	142
6228	122
6229	154
6230	115
6231	108
6232	120
6233	96
6234	100
6235	86
6236	57
6237	63
6238	64
6239	63
6240	81
6241	68
6242	59
6243	67
6244	54
6245	63
6246	67
6247	62
6248	64
6249	63
6250	53
6251	62
6252	58
6253	58
6254	60
6255	77
6256	61
6257	69
6258	60
6259	63
6260	59
6261	66
6262	63
6263	57
6264	53
6265	43
6266	39
6267	55
6268	67
6269	62
6270	81
6271	74
6272	63
6273	60
6274	52
6275	49
6276	62
6277	48
6278	48
6279	44
6280	60
6281	42
6282	65
6283	69
6284	50
6285	55
6286	51
6287	47
6288	67
6289	55
6290	55
6291	58
6292	53
6293	52
6294	54
6295	54
6296	40
6297	61
6298	62
6299	46
6300	47
6301	47
6302	52
6303	55
6304	51
6305	57
6306	72
6307	63
6308	45
6309	62
6310	53
6311	51
6312	66
6313	53
6314	38
6315	54
6316	46
6317	53
6318	56
6319	50
6320	60
6321	47
6322	54
6323	58
6324	53
6325	45
6326	47
6327	52
6328	58
6329	49
6330	55
6331	45
6332	60
6333	57
6334	51
6335	48
6336	50
6337	51
6338	38
6339	50
6340	44
6341	53
6342	53
6343	59
6344	43
6345	67
6346	54
6347	54
6348	56
6349	48
6350	47
6351	49
6352	42
6353	42
6354	61
6355	32
6356	46
6357	62
6358	53
6359	43
6360	48
6361	68
6362	54
6363	55
6364	59
6365	54
6366	40
6367	45
6368	46
6369	45
6370	53
6371	46
6372	43
6373	54
6374	58
6375	52
6376	41
6377	45
6378	40
6379	49
6380	50
6381	44
6382	60
6383	50
6384	36
6385	28
6386	47
6387	56
6388	43
6389	46
6390	45
6391	44
6392	47
6393	42
6394	56
6395	67
6396	48
6397	64
6398	60
6399	53
6400	48
6401	57
6402	52
6403	53
6404	45
6405	42
6406	43
6407	36
6408	49
6409	54
6410	55
6411	52
6412	49
6413	39
6414	61
6415	47
6416	45
6417	40
6418	45
6419	42
6420	43
6421	48
6422	46
6423	44
6424	57
6425	44
6426	45
6427	53
6428	43
6429	52
6430	52
6431	48
6432	50
6433	37
6434	62
6435	58
6436	59
6437	35
6438	50
6439	46
6440	52
6441	70
6442	60
6443	54
6444	58
6445	61
6446	74
6447	63
6448	55
6449	63
6450	45
6451	50
6452	44
6453	49
6454	51
6455	47
6456	43
6457	36
6458	58
6459	42
6460	38
6461	56
6462	54
6463	46
6464	42
6465	46
6466	53
6467	44
6468	46
6469	46
6470	37
6471	40
6472	52
6473	58
6474	48
6475	52
6476	40
6477	49
6478	41
6479	41
6480	46
6481	44
6482	54
6483	50
6484	40
6485	40
6486	42
6487	41
6488	50
6489	33
6490	36
6491	34
6492	39
6493	44
6494	39
6495	38
6496	44
6497	39
6498	36
6499	50
6500	40
6501	38
6502	44
6503	48
6504	34
6505	65
6506	55
6507	45
6508	42
6509	42
6510	46
6511	53
6512	43
6513	44
6514	35
6515	40
6516	56
6517	50
6518	51
6519	49
6520	42
6521	40
6522	39
6523	38
6524	37
6525	35
6526	42
6527	41
6528	47
6529	60
6530	42
6531	50
6532	42
6533	50
6534	49
6535	33
6536	40
6537	48
6538	38
6539	46
6540	36
6541	46
6542	47
6543	27
6544	46
6545	46
6546	40
6547	50
6548	42
6549	41
6550	51
6551	45
6552	46
6553	33
6554	42
6555	40
6556	38
6557	40
6558	43
6559	42
6560	38
6561	48
6562	56
6563	44
6564	41
6565	38
6566	39
6567	38
6568	48
6569	42
6570	29
6571	38
6572	32
6573	31
6574	45
6575	43
6576	48
6577	45
6578	37
6579	40
6580	29
6581	44
6582	34
6583	46
6584	42
6585	52
6586	51
6587	45
6588	35
6589	39
6590	37
6591	38
6592	55
6593	36
6594	46
6595	45
6596	41
6597	48
6598	57
6599	43
6600	32
6601	42
6602	36
6603	34
6604	42
6605	42
6606	41
6607	53
6608	32
6609	36
6610	51
6611	41
6612	38
6613	45
6614	37
6615	39
6616	25
6617	45
6618	41
6619	39
6620	30
6621	30
6622	39
6623	35
6624	32
6625	43
6626	34
6627	46
6628	44
6629	45
6630	49
6631	33
6632	51
6633	41
6634	36
6635	47
6636	40
6637	44
6638	34
6639	45
6640	34
6641	27
6642	29
6643	33
6644	49
6645	30
6646	43
6647	44
6648	31
6649	48
6650	35
6651	46
6652	39
6653	47
6654	51
6655	42
6656	28
6657	33
6658	34
6659	40
6660	48
6661	30
6662	54
6663	42
6664	30
6665	29
6666	35
6667	34
6668	44
6669	47
6670	39
6671	40
6672	39
6673	36
6674	37
6675	35
6676	42
6677	40
6678	35
6679	31
6680	41
6681	44
6682	38
6683	19
6684	34
6685	33
6686	37
6687	40
6688	30
6689	28
6690	40
6691	33
6692	33
6693	33
6694	20
6695	37
6696	43
6697	33
6698	45
6699	35
6700	50
6701	40
6702	29
6703	32
6704	33
6705	35
6706	37
6707	28
6708	29
6709	44
6710	22
6711	38
6712	35
6713	35
6714	37
6715	36
6716	37
6717	36
6718	34
6719	36
6720	31
6721	43
6722	35
6723	33
6724	38
6725	36
6726	39
6727	39
6728	35
6729	40
6730	39
6731	40
6732	38
6733	35
6734	36
6735	25
6736	32
6737	34
6738	44
6739	29
6740	35
6741	35
6742	48
6743	47
6744	31
6745	26
6746	28
6747	37
6748	32
6749	42
6750	36
6751	36
6752	37
6753	47
6754	37
6755	35
6756	35
6757	27
6758	35
6759	35
6760	27
6761	39
6762	37
6763	36
6764	29
6765	32
6766	32
6767	42
6768	37
6769	29
6770	39
6771	28
6772	33
6773	45
6774	32
6775	29
6776	27
6777	30
6778	33
6779	32
6780	29
6781	31
6782	36
6783	26
6784	48
6785	26
6786	35
6787	31
6788	39
6789	40
6790	38
6791	36
6792	41
6793	38
6794	36
6795	27
6796	34
6797	26
6798	36
6799	25
6800	30
6801	26
6802	33
6803	26
6804	38
6805	39
6806	33
6807	29
6808	28
6809	40
6810	37
6811	27
6812	34
6813	24
6814	36
6815	33
6816	37
6817	32
6818	37
6819	20
6820	37
6821	35
6822	38
6823	37
6824	34
6825	36
6826	32
6827	29
6828	31
6829	51
6830	29
6831	36
6832	32
6833	34
6834	35
6835	32
6836	22
6837	28
6838	30
6839	33
6840	38
6841	37
6842	33
6843	32
6844	26
6845	29
6846	24
6847	33
6848	32
6849	39
6850	33
6851	32
6852	31
6853	31
6854	31
6855	41
6856	41
6857	40
6858	39
6859	28
6860	30
6861	40
6862	24
6863	22
6864	34
6865	34
6866	35
6867	27
6868	38
6869	33
6870	25
6871	24
6872	35
6873	43
6874	41
6875	32
6876	32
6877	27
6878	30
6879	32
6880	27
6881	35
6882	36
6883	28
6884	25
6885	36
6886	25
6887	23
6888	33
6889	31
6890	36
6891	42
6892	38
6893	29
6894	34
6895	38
6896	30
6897	29
6898	24
6899	32
6900	23
6901	30
6902	20
6903	32
6904	31
6905	23
6906	33
6907	31
6908	36
6909	30
6910	27
6911	28
6912	32
6913	34
6914	29
6915	35
6916	30
6917	30
6918	38
6919	30
6920	31
6921	29
6922	31
6923	47
6924	32
6925	38
6926	62
6927	57
6928	64
6929	70
6930	65
6931	76
6932	59
6933	72
6934	66
6935	56
6936	54
6937	57
6938	51
6939	40
6940	36
6941	28
6942	36
6943	31
6944	29
6945	18
6946	24
6947	31
6948	24
6949	34
6950	27
6951	31
6952	34
6953	26
6954	31
6955	31
6956	27
6957	20
6958	40
6959	33
6960	28
6961	17
6962	29
6963	33
6964	32
6965	26
6966	22
6967	31
6968	49
6969	39
6970	34
6971	29
6972	46
6973	34
6974	36
6975	28
6976	41
6977	24
6978	23
6979	19
6980	26
6981	19
6982	26
6983	37
6984	27
6985	27
6986	44
6987	28
6988	31
6989	28
6990	21
6991	28
6992	28
6993	31
6994	27
6995	18
6996	23
6997	28
6998	29
6999	25
7000	31
7001	32
7002	34
7003	30
7004	32
7005	28
7006	34
7007	31
7008	27
7009	19
7010	38
7011	29
7012	38
7013	30
7014	34
7015	21
7016	27
7017	32
7018	33
7019	20
7020	25
7021	30
7022	38
7023	24
7024	29
7025	25
7026	38
7027	26
7028	33
7029	25
7030	24
7031	30
7032	25
7033	26
7034	37
7035	38
7036	33
7037	31
7038	23
7039	35
7040	23
7041	34
7042	34
7043	30
7044	40
7045	36
7046	28
7047	30
7048	36
7049	27
7050	30
7051	37
7052	32
7053	39
7054	37
7055	43
7056	43
7057	31
7058	31
7059	26
7060	30
7061	26
7062	33
7063	33
7064	28
7065	23
7066	33
7067	26
7068	32
7069	25
7070	25
7071	35
7072	31
7073	23
7074	34
7075	30
7076	26
7077	37
7078	35
7079	47
7080	40
7081	33
7082	45
7083	46
7084	38
7085	57
7086	60
7087	60
7088	47
7089	58
7090	36
7091	45
7092	38
7093	43
7094	28
7095	31
7096	26
7097	30
7098	32
7099	22
7100	24
7101	34
7102	22
7103	15
7104	28
7105	20
7106	29
7107	28
7108	27
7109	31
7110	28
7111	25
7112	29
7113	20
7114	27
7115	28
7116	29
7117	31
7118	32
7119	33
7120	27
7121	34
7122	32
7123	31
7124	29
7125	33
7126	28
7127	24
7128	26
7129	23
7130	23
7131	31
7132	30
7133	25
7134	21
7135	22
7136	21
7137	28
7138	29
7139	34
7140	22
7141	22
7142	33
7143	24
7144	24
7145	26
7146	22
7147	32
7148	29
7149	14
7150	30
7151	25
7152	27
7153	20
7154	30
7155	22
7156	23
7157	16
7158	33
7159	25
7160	26
7161	25
7162	26
7163	34
7164	33
7165	22
7166	23
7167	29
7168	29
7169	29
7170	25
7171	29
7172	19
7173	29
7174	35
7175	25
7176	22
7177	27
7178	24
7179	26
7180	21
7181	21
7182	27
7183	31
7184	22
7185	31
7186	21
7187	34
7188	29
7189	28
7190	24
7191	26
7192	21
7193	22
7194	24
7195	19
7196	27
7197	24
7198	23
7199	25
7200	21
7201	31
7202	22
7203	20
7204	19
7205	36
7206	21
7207	24
7208	30
7209	20
7210	22
7211	31
7212	29
7213	26
7214	31
7215	26
7216	32
7217	34
7218	31
7219	21
7220	19
7221	17
7222	35
7223	29
7224	31
7225	23
7226	23
7227	25
7228	24
7229	20
7230	22
7231	23
7232	29
7233	16
7234	26
7235	32
7236	26
7237	21
7238	30
7239	16
7240	13
7241	24
7242	19
7243	27
7244	21
7245	18
7246	26
7247	24
7248	21
7249	22
7250	35
7251	27
7252	15
7253	21
7254	18
7255	26
7256	26
7257	35
7258	26
7259	25
7260	22
7261	19
7262	22
7263	29
7264	31
7265	20
7266	24
7267	26
7268	14
7269	35
7270	27
7271	26
7272	33
7273	30
7274	16
7275	28
7276	31
7277	19
7278	25
7279	20
7280	21
7281	28
7282	31
7283	23
7284	24
7285	27
7286	27
7287	21
7288	23
7289	25
7290	26
7291	25
7292	29
7293	27
7294	30
7295	27
7296	32
7297	31
7298	31
7299	24
7300	31
7301	26
7302	30
7303	22
7304	26
7305	25
7306	25
7307	16
7308	29
7309	17
7310	22
7311	24
7312	28
7313	25
7314	27
7315	24
7316	42
7317	18
7318	23
7319	18
7320	32
7321	33
7322	26
7323	23
7324	41
7325	29
7326	39
7327	30
7328	29
7329	43
7330	40
7331	49
7332	38
7333	52
7334	62
7335	53
7336	63
7337	89
7338	85
7339	128
7340	137
7341	189
7342	265
7343	325
7344	438
7345	565
7346	794
7347	940
7348	1166
7349	1282
7350	1497
7351	1727
7352	1634
7353	1639
7354	1506
7355	1370
7356	1116
7357	847
7358	638
7359	432
7360	333
7361	155
7362	117
7363	62
7364	39
7365	22
7366	22
7367	14
7368	19
7369	14
7370	14
7371	18
7372	12
7373	15
7374	15
7375	19
7376	21
7377	14
7378	12
7379	13
7380	13
7381	19
7382	12
7383	14
7384	18
7385	14
7386	13
7387	11
7388	11
7389	19
7390	16
7391	19
7392	19
7393	13
7394	15
7395	12
7396	10
7397	15
7398	17
7399	10
7400	18
7401	11
7402	20
7403	14
7404	17
7405	11
7406	20
7407	15
7408	11
7409	15
7410	13
7411	12
7412	12
7413	9
7414	16
7415	22
7416	10
7417	21
7418	15
7419	21
7420	18
7421	21
7422	18
7423	17
7424	14
7425	12
7426	13
7427	22
7428	18
7429	15
7430	21
7431	27
7432	15
7433	11
7434	14
7435	15
7436	13
7437	22
7438	13
7439	13
7440	15
7441	12
7442	15
7443	17
7444	13
7445	12
7446	13
7447	15
7448	15
7449	10
7450	13
7451	13
7452	15
7453	16
7454	17
7455	12
7456	19
7457	17
7458	18
7459	17
7460	17
7461	15
7462	18
7463	11
7464	23
7465	13
7466	13
7467	21
7468	12
7469	22
7470	22
7471	22
7472	17
7473	12
7474	18
7475	6
7476	6
7477	17
7478	17
7479	5
7480	16
7481	21
7482	25
7483	19
7484	14
7485	12
7486	20
7487	12
7488	19
7489	14
7490	21
7491	21
7492	17
7493	10
7494	22
7495	13
7496	17
7497	12
7498	25
7499	13
7500	12
7501	17
7502	20
7503	16
7504	9
7505	13
7506	10
7507	22
7508	16
7509	22
7510	12
7511	22
7512	17
7513	14
7514	25
7515	15
7516	21
7517	18
7518	21
7519	14
7520	12
7521	18
7522	26
7523	24
7524	24
7525	20
7526	29
7527	19
7528	35
7529	29
7530	26
7531	21
7532	24
7533	23
7534	24
7535	15
7536	23
7537	12
7538	14
7539	13
7540	17
7541	14
7542	20
7543	13
7544	16
7545	20
7546	20
7547	16
7548	10
7549	21
7550	19
7551	20
7552	18
7553	23
7554	24
7555	19
7556	15
7557	17
7558	25
7559	19
7560	26
7561	18
7562	16
7563	22
7564	23
7565	19
7566	12
7567	20
7568	11
7569	10
7570	17
7571	16
7572	12
7573	11
7574	14
7575	15
7576	14
7577	12
7578	16
7579	22
7580	15
7581	24
7582	17
7583	15
7584	25
7585	23
7586	24
7587	24
7588	23
7589	18
7590	27
7591	32
7592	36
7593	36
7594	41
7595	42
7596	36
7597	44
7598	32
7599	29
7600	28
7601	21
7602	26
7603	28
7604	26
7605	16
7606	18
7607	15
7608	14
7609	17
7610	14
7611	29
7612	18
7613	17
7614	18
7615	31
7616	19
7617	17
7618	15
7619	34
7620	20
7621	13
7622	9
7623	16
7624	14
7625	13
7626	13
7627	12
7628	19
7629	14
7630	18
7631	15
7632	15
7633	19
7634	17
7635	12
7636	15
7637	13
7638	17
7639	18
7640	13
7641	19
7642	17
7643	17
7644	11
7645	15
7646	16
7647	19
7648	14
7649	15
7650	19
7651	11
7652	18
7653	14
7654	17
7655	8
7656	13
7657	15
7658	13
7659	17
7660	10
7661	17
7662	8
7663	10
7664	12
7665	13
7666	14
7667	16
7668	16
7669	11
7670	15
7671	21
7672	21
7673	20
7674	13
7675	15
7676	18
7677	20
7678	15
7679	18
7680	15
7681	16
7682	10
7683	12
7684	16
7685	12
7686	18
7687	29
7688	22
7689	14
7690	10
7691	16
7692	12
7693	13
7694	23
7695	15
7696	10
7697	21
7698	13
7699	17
7700	22
7701	17
7702	15
7703	16
7704	14
7705	18
7706	12
7707	23
7708	14
7709	18
7710	18
7711	11
7712	9
7713	15
7714	11
7715	17
7716	6
7717	27
7718	12
7719	14
7720	13
7721	15
7722	15
7723	15
7724	18
7725	19
7726	14
7727	9
7728	19
7729	17
7730	24
7731	13
7732	10
7733	10
7734	23
7735	15
7736	15
7737	9
7738	16
7739	21
7740	14
7741	21
7742	17
7743	20
7744	27
7745	20
7746	16
7747	21
7748	13
7749	22
7750	19
7751	9
7752	28
7753	15
7754	12
7755	16
7756	11
7757	15
7758	14
7759	18
7760	13
7761	19
7762	12
7763	10
7764	9
7765	21
7766	17
7767	23
7768	18
7769	23
7770	18
7771	15
7772	13
7773	19
7774	12
7775	12
7776	21
7777	19
7778	10
7779	10
7780	14
7781	16
7782	15
7783	6
7784	15
7785	10
7786	19
7787	13
7788	8
7789	21
7790	20
7791	6
7792	10
7793	12
7794	12
7795	16
7796	14
7797	12
7798	19
7799	12
7800	15
7801	11
7802	11
7803	22
7804	10
7805	16
7806	10
7807	14
7808	11
7809	12
7810	8
7811	8
7812	12
7813	12
7814	14
7815	13
7816	13
7817	14
7818	13
7819	9
7820	11
7821	17
7822	15
7823	11
7824	13
7825	12
7826	14
7827	12
7828	16
7829	21
7830	11
7831	20
7832	16
7833	11
7834	15
7835	11
7836	23
7837	10
7838	17
7839	14
7840	17
7841	13
7842	10
7843	12
7844	13
7845	15
7846	21
7847	17
7848	15
7849	10
7850	17
7851	11
7852	14
7853	20
7854	13
7855	11
7856	12
7857	13
7858	10
7859	10
7860	9
7861	10
7862	15
7863	17
7864	10
7865	13
7866	12
7867	14
7868	12
7869	9
7870	13
7871	12
7872	19
7873	13
7874	10
7875	7
7876	14
7877	14
7878	14
7879	10
7880	11
7881	12
7882	17
7883	12
7884	19
7885	11
7886	5
7887	15
7888	10
7889	10
7890	15
7891	18
7892	10
7893	18
7894	6
7895	17
7896	16
7897	16
7898	9
7899	9
7900	14
7901	12
7902	24
7903	14
7904	10
7905	23
7906	17
7907	18
7908	7
7909	14
7910	16
7911	17
7912	7
7913	11
7914	14
7915	15
7916	14
7917	9
7918	14
7919	16
7920	12
7921	7
7922	18
7923	11
7924	7
7925	9
7926	15
7927	18
7928	12
7929	4
7930	12
7931	14
7932	18
7933	7
7934	13
7935	13
7936	16
7937	14
7938	15
7939	10
7940	18
7941	11
7942	13
7943	15
7944	22
7945	14
7946	15
7947	19
7948	15
7949	14
7950	18
7951	23
7952	17
7953	15
7954	21
7955	20
7956	16
7957	16
7958	15
7959	21
7960	17
7961	9
7962	17
7963	17
7964	18
7965	11
7966	15
7967	19
7968	27
7969	17
7970	15
7971	17
7972	15
7973	17
7974	17
7975	14
7976	16
7977	10
7978	10
7979	18
7980	15
7981	12
7982	10
7983	22
7984	26
7985	17
7986	28
7987	24
7988	43
7989	24
7990	39
7991	39
7992	50
7993	43
7994	47
7995	38
7996	37
7997	38
7998	32
7999	28
8000	19
8001	20
8002	16
8003	18
8004	20
8005	16
8006	21
8007	22
8008	32
8009	40
8010	40
8011	46
8012	66
8013	59
8014	53
8015	72
8016	51
8017	63
8018	68
8019	52
8020	56
8021	44
8022	30
8023	23
8024	23
8025	14
8026	20
8027	20
8028	20
8029	22
8030	16
8031	15
8032	19
8033	15
8034	19
8035	11
8036	18
8037	12
8038	13
8039	11
8040	9
8041	22
8042	13
8043	9
8044	13
8045	17
8046	15
8047	11
8048	19
8049	30
8050	16
8051	19
8052	23
8053	12
8054	14
8055	17
8056	17
8057	14
8058	12
8059	10
8060	12
8061	21
8062	19
8063	20
8064	10
8065	6
8066	15
8067	14
8068	13
8069	18
8070	10
8071	9
8072	11
8073	7
8074	8
8075	11
8076	13
8077	18
8078	15
8079	10
8080	12
8081	15
8082	13
8083	11
8084	6
8085	17
8086	18
8087	13
8088	13
8089	15
8090	16
8091	11
8092	9
8093	15
8094	13
8095	12
8096	6
8097	14
8098	16
8099	9
8100	10
8101	19
8102	16
8103	12
8104	13
8105	15
8106	12
8107	18
8108	10
8109	9
8110	11
8111	15
8112	9
8113	15
8114	11
8115	16
8116	10
8117	15
8118	13
8119	14
8120	23
8121	13
8122	5
8123	13
8124	10
8125	17
8126	20
8127	18
8128	9
8129	11
8130	8
8131	15
8132	17
8133	15
8134	7
8135	12
8136	13
8137	13
8138	11
8139	9
8140	19
8141	13
8142	14
8143	7
8144	13
8145	18
8146	16
8147	16
8148	21
8149	11
8150	30
8151	22
8152	21
8153	21
8154	28
8155	24
8156	31
8157	32
8158	22
8159	16
8160	20
8161	8
8162	19
8163	13
8164	14
8165	6
8166	3
8167	1
8168	0
8169	0
8170	0
8171	0
8172	0
8173	0
8174	0
8175	0
8176	0
8177	0
8178	0
8179	0
8180	0
8181	0
8182	0
8183	0
8184	0
8185	0
8186	0
8187	0
8188	0
8189	0
8190	0
8191	0
