0	0
1	0
2	0
3	0
4	0
5	0
6	0
7	0
8	0
9	0
10	0
11	0
12	0
13	0
14	0
15	0
16	0
17	0
18	0
19	0
20	0
21	0
22	0
23	0
24	0
25	0
26	0
27	0
28	0
29	0
30	0
31	0
32	0
33	0
34	0
35	0
36	0
37	0
38	0
39	0
40	0
41	0
42	0
43	0
44	0
45	0
46	0
47	0
48	0
49	0
50	1
51	13
52	19
53	130
54	981
55	3966
56	7696
57	8898
58	7870
59	6410
60	5532
61	4826
62	4421
63	4453
64	4259
65	4141
66	4075
67	3893
68	3859
69	3840
70	3730
71	3641
72	3638
73	3658
74	3493
75	3509
76	3567
77	3366
78	3514
79	3334
80	3443
81	3214
82	3269
83	3360
84	3273
85	3149
86	3250
87	3239
88	3163
89	3173
90	3118
91	3115
92	3073
93	3131
94	3069
95	3211
96	3035
97	3063
98	3105
99	2911
100	2980
101	2937
102	3028
103	2996
104	2975
105	2992
106	2952
107	2944
108	2934
109	2843
110	2866
111	2900
112	2937
113	2902
114	2838
115	2935
116	2760
117	2811
118	2823
119	2815
120	2759
121	2728
122	2724
123	2787
124	2774
125	2774
126	2738
127	2687
128	2700
129	2709
130	2646
131	2738
132	2743
133	2550
134	2558
135	2635
136	2599
137	2605
138	2647
139	2680
140	2601
141	2655
142	2663
143	2687
144	2576
145	2551
146	2480
147	2551
148	2591
149	2454
150	2620
151	2505
152	2588
153	2528
154	2614
155	2536
156	2495
157	2494
158	2504
159	2513
160	2405
161	2455
162	2460
163	2526
164	2518
165	2525
166	2448
167	2410
168	2451
169	2382
170	2413
171	2403
172	2413
173	2398
174	2426
175	2387
176	2469
177	2446
178	2475
179	2350
180	2369
181	2306
182	2358
183	2222
184	2285
185	2161
186	2163
187	2128
188	2228
189	2206
190	2143
191	2174
192	2177
193	2117
194	2136
195	2130
196	2092
197	2117
198	2080
199	2116
200	2188
201	2135
202	2179
203	2340
204	2276
205	2415
206	2384
207	2245
208	2249
209	2268
210	2083
211	2207
212	2156
213	2022
214	2073
215	2130
216	1957
217	2015
218	2058
219	1959
220	1905
221	1946
222	1931
223	1970
224	1907
225	1936
226	1986
227	1902
228	1953
229	1800
230	1798
231	1804
232	1867
233	1887
234	1847
235	1847
236	1904
237	1914
238	1807
239	1874
240	1753
241	1850
242	1865
243	1810
244	1788
245	1777
246	1840
247	1803
248	1824
249	1793
250	1779
251	1884
252	1750
253	1805
254	1751
255	1750
256	1770
257	1761
258	1771
259	1762
260	1760
261	1781
262	1697
263	1770
264	1715
265	1762
266	1778
267	1718
268	1763
269	1710
270	1795
271	1745
272	1702
273	1752
274	1732
275	1739
276	1668
277	1758
278	1717
279	1719
280	1693
281	1734
282	1710
283	1663
284	1779
285	1699
286	1698
287	1686
288	1637
289	1664
290	1718
291	1656
292	1631
293	1741
294	1671
295	1694
296	1711
297	1723
298	1611
299	1629
300	1744
301	1669
302	1687
303	1656
304	1721
305	1668
306	1700
307	1620
308	1773
309	1628
310	1682
311	1625
312	1677
313	1678
314	1616
315	1714
316	1632
317	1674
318	1639
319	1650
320	1680
321	1669
322	1657
323	1582
324	1629
325	1690
326	1604
327	1660
328	1591
329	1645
330	1624
331	1654
332	1699
333	1682
334	1656
335	1792
336	1694
337	1774
338	1834
339	1914
340	2087
341	2223
342	2259
343	2617
344	2612
345	2619
346	2461
347	2310
348	2293
349	2163
350	2201
351	2496
352	2806
353	3094
354	3462
355	3576
356	3459
357	3141
358	2765
359	2325
360	2109
361	1922
362	1820
363	1754
364	1700
365	1634
366	1691
367	1678
368	1625
369	1694
370	1693
371	1684
372	1602
373	1674
374	1613
375	1663
376	1662
377	1699
378	1674
379	1597
380	1599
381	1620
382	1600
383	1589
384	1636
385	1621
386	1628
387	1699
388	1636
389	1692
390	1641
391	1687
392	1621
393	1738
394	1675
395	1716
396	1836
397	1831
398	1811
399	1928
400	2091
401	2239
402	2378
403	2609
404	2705
405	2686
406	2633
407	2549
408	2257
409	2075
410	1946
411	1918
412	1852
413	1884
414	1935
415	1863
416	1999
417	2050
418	2136
419	1990
420	2008
421	2024
422	1809
423	1815
424	1746
425	1764
426	1722
427	1641
428	1723
429	1724
430	1724
431	1712
432	1606
433	1706
434	1684
435	1680
436	1686
437	1782
438	1753
439	1670
440	1667
441	1726
442	1738
443	1631
444	1710
445	1712
446	1688
447	1695
448	1652
449	1633
450	1772
451	1723
452	1734
453	1741
454	1694
455	1708
456	1706
457	1742
458	1737
459	1678
460	1741
461	1690
462	1785
463	1706
464	1727
465	1785
466	1721
467	1773
468	1738
469	1684
470	1719
471	1742
472	1772
473	1836
474	1827
475	1741
476	1805
477	1756
478	1882
479	1849
480	1804
481	1823
482	1779
483	1868
484	1797
485	1785
486	1803
487	1860
488	1806
489	1836
490	1744
491	1878
492	1868
493	1880
494	1940
495	1834
496	1883
497	1865
498	1855
499	1828
500	1907
501	1840
502	1893
503	1825
504	1899
505	1942
506	1978
507	1880
508	1886
509	1936
510	1969
511	1934
512	1934
513	1965
514	1883
515	1949
516	2002
517	1937
518	2051
519	1954
520	1963
521	1947
522	1978
523	2026
524	1995
525	1943
526	2059
527	1949
528	2014
529	2152
530	1975
531	2023
532	1996
533	2120
534	2124
535	2133
536	2042
537	2030
538	2126
539	2053
540	2012
541	2082
542	2142
543	2098
544	2065
545	2101
546	2086
547	2120
548	2083
549	2210
550	2165
551	2267
552	2163
553	2159
554	2141
555	2139
556	2124
557	2206
558	2230
559	2148
560	2143
561	2214
562	2256
563	2161
564	2248
565	2189
566	2194
567	2318
568	2253
569	2273
570	2315
571	2278
572	2276
573	2282
574	2339
575	2321
576	2371
577	2371
578	2375
579	2541
580	2764
581	3046
582	3751
583	4524
584	6173
585	8735
586	12732
587	19252
588	28543
589	39609
590	51633
591	60937
592	63204
593	58916
594	46864
595	33976
596	23071
597	15574
598	11003
599	8157
600	6560
601	5403
602	4438
603	3954
604	3539
605	3195
606	3015
607	2894
608	2806
609	2571
610	2538
611	2420
612	2298
613	2336
614	2251
615	2081
616	2145
617	2033
618	2043
619	2014
620	1956
621	1792
622	1850
623	1855
624	1816
625	1787
626	1644
627	1692
628	1668
629	1626
630	1600
631	1627
632	1668
633	1618
634	1651
635	1533
636	1555
637	1442
638	1536
639	1416
640	1439
641	1383
642	1498
643	1444
644	1445
645	1436
646	1426
647	1400
648	1349
649	1307
650	1358
651	1320
652	1332
653	1350
654	1295
655	1260
656	1264
657	1286
658	1303
659	1222
660	1269
661	1267
662	1267
663	1287
664	1184
665	1298
666	1268
667	1278
668	1304
669	1322
670	1235
671	1210
672	1243
673	1253
674	1245
675	1226
676	1242
677	1167
678	1233
679	1176
680	1265
681	1253
682	1207
683	1246
684	1253
685	1222
686	1193
687	1252
688	1163
689	1228
690	1222
691	1274
692	1238
693	1221
694	1205
695	1209
696	1237
697	1249
698	1219
699	1186
700	1213
701	1222
702	1234
703	1211
704	1242
705	1192
706	1210
707	1153
708	1260
709	1245
710	1241
711	1247
712	1260
713	1208
714	1271
715	1261
716	1212
717	1264
718	1251
719	1239
720	1302
721	1308
722	1342
723	1268
724	1367
725	1351
726	1317
727	1306
728	1350
729	1361
730	1352
731	1300
732	1286
733	1287
734	1297
735	1236
736	1286
737	1309
738	1319
739	1302
740	1311
741	1246
742	1295
743	1227
744	1275
745	1342
746	1294
747	1338
748	1287
749	1302
750	1249
751	1266
752	1240
753	1279
754	1321
755	1216
756	1247
757	1291
758	1223
759	1248
760	1233
761	1234
762	1216
763	1282
764	1277
765	1270
766	1244
767	1213
768	1240
769	1237
770	1317
771	1217
772	1308
773	1282
774	1274
775	1282
776	1257
777	1223
778	1248
779	1267
780	1226
781	1225
782	1256
783	1290
784	1301
785	1318
786	1234
787	1248
788	1286
789	1257
790	1277
791	1268
792	1277
793	1276
794	1204
795	1268
796	1225
797	1230
798	1297
799	1226
800	1325
801	1277
802	1224
803	1276
804	1286
805	1292
806	1243
807	1260
808	1281
809	1157
810	1230
811	1209
812	1309
813	1253
814	1255
815	1233
816	1212
817	1340
818	1238
819	1282
820	1305
821	1267
822	1237
823	1351
824	1265
825	1225
826	1243
827	1265
828	1273
829	1257
830	1225
831	1327
832	1244
833	1223
834	1237
835	1247
836	1273
837	1285
838	1251
839	1253
840	1271
841	1294
842	1232
843	1261
844	1246
845	1246
846	1279
847	1228
848	1215
849	1233
850	1252
851	1261
852	1240
853	1249
854	1264
855	1318
856	1289
857	1285
858	1319
859	1248
860	1298
861	1281
862	1170
863	1300
864	1269
865	1275
866	1331
867	1257
868	1327
869	1282
870	1240
871	1314
872	1278
873	1274
874	1295
875	1265
876	1303
877	1226
878	1324
879	1336
880	1321
881	1338
882	1283
883	1208
884	1374
885	1254
886	1317
887	1299
888	1294
889	1258
890	1302
891	1355
892	1315
893	1297
894	1282
895	1311
896	1246
897	1248
898	1276
899	1336
900	1275
901	1245
902	1270
903	1304
904	1283
905	1335
906	1333
907	1289
908	1251
909	1310
910	1277
911	1285
912	1218
913	1355
914	1250
915	1335
916	1288
917	1323
918	1297
919	1323
920	1337
921	1329
922	1303
923	1308
924	1316
925	1299
926	1284
927	1251
928	1295
929	1317
930	1352
931	1315
932	1255
933	1281
934	1246
935	1305
936	1332
937	1322
938	1328
939	1313
940	1257
941	1331
942	1326
943	1283
944	1286
945	1311
946	1268
947	1310
948	1343
949	1390
950	1303
951	1333
952	1318
953	1307
954	1350
955	1296
956	1344
957	1303
958	1288
959	1357
960	1289
961	1318
962	1285
963	1348
964	1289
965	1273
966	1295
967	1285
968	1281
969	1260
970	1250
971	1207
972	1312
973	1321
974	1162
975	1234
976	1288
977	1213
978	1208
979	1247
980	1230
981	1196
982	1214
983	1192
984	1124
985	1208
986	1222
987	1156
988	1094
989	1125
990	1177
991	1170
992	1140
993	1198
994	1125
995	1213
996	1081
997	1187
998	1105
999	1099
1000	1077
1001	1136
1002	1103
1003	1167
1004	1091
1005	1142
1006	1123
1007	1153
1008	1160
1009	1164
1010	1118
1011	1171
1012	1155
1013	1088
1014	1151
1015	1109
1016	1120
1017	1115
1018	1137
1019	1203
1020	1140
1021	1090
1022	1120
1023	1097
1024	1139
1025	1092
1026	1106
1027	1140
1028	1127
1029	1138
1030	1100
1031	1156
1032	1160
1033	1151
1034	1084
1035	1049
1036	1118
1037	1134
1038	1144
1039	1027
1040	1129
1041	1037
1042	1051
1043	1043
1044	1049
1045	1116
1046	1110
1047	1167
1048	1146
1049	1095
1050	1088
1051	1083
1052	1067
1053	1081
1054	1073
1055	1086
1056	1083
1057	1075
1058	1064
1059	1067
1060	1130
1061	1041
1062	1017
1063	1044
1064	1041
1065	1056
1066	1076
1067	990
1068	1081
1069	1068
1070	1006
1071	1019
1072	1031
1073	1099
1074	1056
1075	1025
1076	1051
1077	1046
1078	1022
1079	997
1080	1006
1081	1066
1082	1046
1083	981
1084	1063
1085	1029
1086	1061
1087	1057
1088	1022
1089	1024
1090	1089
1091	993
1092	1029
1093	1015
1094	968
1095	971
1096	1049
1097	1066
1098	980
1099	1053
1100	1021
1101	986
1102	981
1103	964
1104	991
1105	985
1106	952
1107	970
1108	967
1109	979
1110	1032
1111	975
1112	1004
1113	1014
1114	985
1115	1012
1116	1040
1117	989
1118	1014
1119	959
1120	963
1121	974
1122	1005
1123	964
1124	952
1125	999
1126	984
1127	1002
1128	935
1129	986
1130	1010
1131	975
1132	969
1133	988
1134	1021
1135	984
1136	996
1137	987
1138	956
1139	947
1140	956
1141	1007
1142	954
1143	963
1144	910
1145	916
1146	1005
1147	943
1148	932
1149	942
1150	1005
1151	980
1152	962
1153	972
1154	926
1155	982
1156	932
1157	956
1158	923
1159	969
1160	983
1161	919
1162	929
1163	924
1164	936
1165	931
1166	913
1167	956
1168	979
1169	913
1170	923
1171	938
1172	976
1173	941
1174	950
1175	962
1176	962
1177	899
1178	956
1179	944
1180	956
1181	921
1182	926
1183	922
1184	919
1185	914
1186	882
1187	920
1188	900
1189	979
1190	920
1191	978
1192	915
1193	921
1194	924
1195	982
1196	936
1197	916
1198	964
1199	975
1200	1024
1201	1075
1202	1183
1203	1284
1204	1468
1205	1873
1206	2396
1207	3296
1208	4760
1209	6375
1210	8388
1211	10501
1212	12192
1213	12718
1214	11756
1215	9896
1216	7691
1217	5789
1218	4057
1219	3067
1220	2459
1221	2052
1222	1736
1223	1540
1224	1398
1225	1325
1226	1268
1227	1243
1228	1110
1229	1075
1230	1107
1231	1088
1232	1070
1233	1053
1234	1025
1235	989
1236	1018
1237	983
1238	995
1239	954
1240	976
1241	989
1242	979
1243	983
1244	968
1245	981
1246	993
1247	1035
1248	1043
1249	968
1250	980
1251	972
1252	949
1253	933
1254	885
1255	960
1256	858
1257	841
1258	899
1259	886
1260	884
1261	824
1262	817
1263	804
1264	860
1265	827
1266	893
1267	861
1268	821
1269	826
1270	811
1271	827
1272	816
1273	772
1274	794
1275	796
1276	827
1277	747
1278	838
1279	827
1280	824
1281	786
1282	774
1283	817
1284	751
1285	739
1286	776
1287	779
1288	803
1289	767
1290	828
1291	757
1292	765
1293	777
1294	775
1295	782
1296	821
1297	774
1298	774
1299	792
1300	819
1301	798
1302	804
1303	774
1304	746
1305	768
1306	698
1307	791
1308	718
1309	720
1310	751
1311	734
1312	773
1313	775
1314	779
1315	780
1316	792
1317	728
1318	779
1319	733
1320	763
1321	732
1322	750
1323	757
1324	715
1325	756
1326	782
1327	792
1328	746
1329	737
1330	802
1331	767
1332	765
1333	747
1334	796
1335	722
1336	751
1337	762
1338	747
1339	743
1340	760
1341	793
1342	806
1343	808
1344	808
1345	870
1346	809
1347	838
1348	876
1349	806
1350	801
1351	768
1352	771
1353	729
1354	769
1355	832
1356	785
1357	729
1358	774
1359	754
1360	783
1361	736
1362	803
1363	790
1364	770
1365	769
1366	806
1367	805
1368	781
1369	808
1370	730
1371	738
1372	757
1373	776
1374	785
1375	740
1376	739
1377	748
1378	796
1379	735
1380	747
1381	720
1382	762
1383	713
1384	711
1385	731
1386	707
1387	762
1388	729
1389	742
1390	748
1391	728
1392	768
1393	718
1394	686
1395	751
1396	760
1397	699
1398	718
1399	720
1400	727
1401	705
1402	692
1403	755
1404	769
1405	728
1406	724
1407	727
1408	682
1409	749
1410	715
1411	715
1412	662
1413	696
1414	696
1415	749
1416	697
1417	715
1418	738
1419	669
1420	743
1421	686
1422	675
1423	718
1424	758
1425	723
1426	681
1427	683
1428	734
1429	725
1430	701
1431	667
1432	697
1433	636
1434	668
1435	736
1436	709
1437	652
1438	716
1439	730
1440	687
1441	691
1442	674
1443	717
1444	637
1445	729
1446	691
1447	666
1448	711
1449	695
1450	627
1451	703
1452	682
1453	689
1454	682
1455	724
1456	712
1457	657
1458	701
1459	719
1460	735
1461	737
1462	687
1463	740
1464	806
1465	777
1466	796
1467	927
1468	1002
1469	1106
1470	1170
1471	1210
1472	1188
1473	1120
1474	1077
1475	958
1476	851
1477	825
1478	768
1479	743
1480	743
1481	713
1482	731
1483	720
1484	709
1485	688
1486	671
1487	673
1488	703
1489	689
1490	626
1491	677
1492	668
1493	676
1494	691
1495	714
1496	639
1497	675
1498	713
1499	678
1500	677
1501	679
1502	675
1503	679
1504	728
1505	665
1506	653
1507	675
1508	669
1509	654
1510	634
1511	619
1512	642
1513	714
1514	689
1515	684
1516	685
1517	685
1518	647
1519	603
1520	618
1521	630
1522	652
1523	652
1524	665
1525	672
1526	640
1527	620
1528	672
1529	667
1530	650
1531	643
1532	625
1533	665
1534	643
1535	649
1536	705
1537	630
1538	640
1539	670
1540	639
1541	649
1542	677
1543	643
1544	608
1545	695
1546	629
1547	671
1548	593
1549	666
1550	635
1551	647
1552	604
1553	691
1554	637
1555	636
1556	644
1557	628
1558	645
1559	631
1560	629
1561	675
1562	648
1563	644
1564	651
1565	656
1566	739
1567	630
1568	731
1569	715
1570	652
1571	675
1572	653
1573	631
1574	623
1575	661
1576	644
1577	634
1578	644
1579	669
1580	684
1581	590
1582	648
1583	636
1584	649
1585	621
1586	639
1587	625
1588	634
1589	607
1590	575
1591	636
1592	612
1593	619
1594	638
1595	673
1596	661
1597	652
1598	634
1599	642
1600	636
1601	631
1602	620
1603	633
1604	618
1605	625
1606	617
1607	654
1608	697
1609	643
1610	645
1611	689
1612	643
1613	670
1614	679
1615	691
1616	706
1617	747
1618	748
1619	694
1620	683
1621	614
1622	677
1623	670
1624	680
1625	685
1626	622
1627	623
1628	659
1629	610
1630	624
1631	643
1632	590
1633	631
1634	669
1635	669
1636	699
1637	727
1638	788
1639	721
1640	701
1641	744
1642	746
1643	723
1644	673
1645	660
1646	638
1647	657
1648	593
1649	608
1650	656
1651	598
1652	647
1653	653
1654	616
1655	617
1656	583
1657	617
1658	627
1659	646
1660	606
1661	639
1662	629
1663	594
1664	603
1665	607
1666	615
1667	642
1668	625
1669	615
1670	634
1671	628
1672	619
1673	598
1674	596
1675	619
1676	615
1677	617
1678	585
1679	602
1680	631
1681	573
1682	623
1683	633
1684	602
1685	677
1686	616
1687	672
1688	580
1689	633
1690	648
1691	597
1692	665
1693	698
1694	628
1695	690
1696	668
1697	651
1698	749
1699	705
1700	756
1701	818
1702	864
1703	1009
1704	1133
1705	1470
1706	2043
1707	2954
1708	4274
1709	6461
1710	9395
1711	13311
1712	17893
1713	22730
1714	26213
1715	27805
1716	27092
1717	24002
1718	19323
1719	14579
1720	10373
1721	7223
1722	5233
1723	3852
1724	3026
1725	2440
1726	2059
1727	1805
1728	1633
1729	1357
1730	1447
1731	1243
1732	1223
1733	1181
1734	1151
1735	1056
1736	956
1737	1024
1738	988
1739	963
1740	970
1741	908
1742	864
1743	853
1744	854
1745	828
1746	863
1747	805
1748	812
1749	758
1750	809
1751	729
1752	789
1753	706
1754	702
1755	763
1756	673
1757	676
1758	666
1759	647
1760	673
1761	707
1762	652
1763	615
1764	595
1765	615
1766	625
1767	645
1768	564
1769	592
1770	602
1771	621
1772	624
1773	578
1774	560
1775	553
1776	592
1777	534
1778	567
1779	552
1780	540
1781	545
1782	544
1783	526
1784	545
1785	564
1786	501
1787	570
1788	516
1789	553
1790	494
1791	503
1792	511
1793	532
1794	519
1795	527
1796	534
1797	522
1798	522
1799	494
1800	551
1801	474
1802	525
1803	492
1804	521
1805	520
1806	489
1807	494
1808	541
1809	486
1810	505
1811	486
1812	472
1813	494
1814	523
1815	502
1816	518
1817	512
1818	519
1819	503
1820	506
1821	541
1822	558
1823	566
1824	617
1825	624
1826	651
1827	695
1828	770
1829	884
1830	964
1831	1064
1832	1178
1833	1319
1834	1299
1835	1221
1836	1140
1837	968
1838	866
1839	727
1840	637
1841	551
1842	572
1843	542
1844	551
1845	521
1846	518
1847	526
1848	510
1849	535
1850	506
1851	473
1852	511
1853	520
1854	537
1855	488
1856	488
1857	458
1858	484
1859	464
1860	478
1861	530
1862	480
1863	477
1864	445
1865	530
1866	480
1867	497
1868	490
1869	517
1870	474
1871	473
1872	462
1873	480
1874	487
1875	465
1876	481
1877	483
1878	474
1879	497
1880	474
1881	503
1882	475
1883	514
1884	466
1885	441
1886	458
1887	472
1888	493
1889	486
1890	487
1891	482
1892	474
1893	477
1894	473
1895	458
1896	467
1897	463
1898	486
1899	464
1900	528
1901	479
1902	498
1903	448
1904	468
1905	446
1906	479
1907	467
1908	469
1909	445
1910	448
1911	489
1912	453
1913	507
1914	483
1915	462
1916	460
1917	479
1918	459
1919	503
1920	485
1921	520
1922	459
1923	495
1924	544
1925	502
1926	489
1927	464
1928	472
1929	468
1930	468
1931	486
1932	445
1933	475
1934	464
1935	469
1936	489
1937	439
1938	459
1939	444
1940	458
1941	473
1942	469
1943	478
1944	470
1945	465
1946	444
1947	488
1948	512
1949	461
1950	446
1951	461
1952	442
1953	412
1954	433
1955	451
1956	445
1957	460
1958	461
1959	424
1960	482
1961	441
1962	489
1963	451
1964	474
1965	415
1966	446
1967	456
1968	452
1969	435
1970	453
1971	439
1972	451
1973	491
1974	428
1975	452
1976	447
1977	465
1978	423
1979	472
1980	444
1981	431
1982	464
1983	479
1984	423
1985	414
1986	455
1987	441
1988	420
1989	463
1990	449
1991	482
1992	440
1993	453
1994	469
1995	453
1996	455
1997	429
1998	461
1999	445
2000	444
2001	456
2002	429
2003	455
2004	482
2005	452
2006	404
2007	439
2008	479
2009	447
2010	449
2011	466
2012	459
2013	448
2014	482
2015	431
2016	413
2017	434
2018	475
2019	452
2020	427
2021	450
2022	476
2023	454
2024	427
2025	431
2026	422
2027	479
2028	427
2029	451
2030	492
2031	466
2032	430
2033	423
2034	439
2035	427
2036	472
2037	505
2038	443
2039	439
2040	493
2041	468
2042	496
2043	582
2044	603
2045	714
2046	847
2047	1081
2048	1279
2049	1626
2050	1869
2051	2191
2052	2249
2053	2254
2054	2023
2055	1750
2056	1483
2057	1170
2058	932
2059	748
2060	709
2061	598
2062	575
2063	554
2064	535
2065	508
2066	473
2067	486
2068	532
2069	511
2070	535
2071	503
2072	494
2073	513
2074	535
2075	527
2076	567
2077	592
2078	528
2079	533
2080	492
2081	521
2082	497
2083	460
2084	481
2085	416
2086	457
2087	463
2088	483
2089	473
2090	459
2091	439
2092	455
2093	470
2094	444
2095	434
2096	476
2097	478
2098	426
2099	437
2100	424
2101	474
2102	398
2103	412
2104	428
2105	420
2106	445
2107	414
2108	454
2109	421
2110	442
2111	425
2112	441
2113	439
2114	429
2115	436
2116	430
2117	417
2118	434
2119	406
2120	431
2121	405
2122	426
2123	411
2124	468
2125	396
2126	455
2127	453
2128	413
2129	420
2130	455
2131	403
2132	407
2133	406
2134	425
2135	460
2136	415
2137	385
2138	452
2139	418
2140	445
2141	414
2142	421
2143	402
2144	396
2145	392
2146	386
2147	394
2148	409
2149	410
2150	399
2151	423
2152	428
2153	439
2154	388
2155	419
2156	419
2157	404
2158	398
2159	435
2160	421
2161	451
2162	400
2163	418
2164	418
2165	406
2166	392
2167	409
2168	438
2169	417
2170	413
2171	418
2172	416
2173	403
2174	464
2175	446
2176	382
2177	391
2178	450
2179	454
2180	413
2181	446
2182	422
2183	385
2184	394
2185	434
2186	435
2187	411
2188	412
2189	442
2190	448
2191	419
2192	444
2193	427
2194	410
2195	420
2196	450
2197	451
2198	414
2199	447
2200	419
2201	423
2202	421
2203	439
2204	471
2205	516
2206	455
2207	482
2208	514
2209	555
2210	658
2211	850
2212	1002
2213	1255
2214	1717
2215	2070
2216	2324
2217	2580
2218	2778
2219	2586
2220	2473
2221	2016
2222	1584
2223	1300
2224	1017
2225	850
2226	708
2227	679
2228	611
2229	523
2230	514
2231	548
2232	453
2233	524
2234	503
2235	518
2236	460
2237	461
2238	480
2239	442
2240	458
2241	492
2242	420
2243	437
2244	431
2245	421
2246	496
2247	430
2248	451
2249	412
2250	439
2251	462
2252	387
2253	426
2254	416
2255	466
2256	416
2257	415
2258	402
2259	466
2260	427
2261	425
2262	432
2263	417
2264	453
2265	424
2266	410
2267	428
2268	420
2269	433
2270	408
2271	427
2272	449
2273	465
2274	412
2275	446
2276	362
2277	421
2278	421
2279	375
2280	416
2281	422
2282	419
2283	421
2284	403
2285	433
2286	395
2287	399
2288	401
2289	420
2290	387
2291	434
2292	383
2293	386
2294	407
2295	404
2296	387
2297	364
2298	375
2299	396
2300	411
2301	428
2302	441
2303	405
2304	402
2305	426
2306	445
2307	371
2308	419
2309	425
2310	442
2311	406
2312	410
2313	400
2314	410
2315	407
2316	431
2317	417
2318	388
2319	442
2320	434
2321	399
2322	429
2323	446
2324	438
2325	398
2326	425
2327	422
2328	435
2329	422
2330	426
2331	398
2332	407
2333	384
2334	405
2335	410
2336	445
2337	404
2338	425
2339	405
2340	367
2341	388
2342	392
2343	424
2344	383
2345	401
2346	407
2347	392
2348	418
2349	430
2350	376
2351	427
2352	398
2353	413
2354	377
2355	378
2356	359
2357	393
2358	422
2359	397
2360	389
2361	381
2362	414
2363	375
2364	404
2365	402
2366	421
2367	393
2368	417
2369	404
2370	388
2371	411
2372	384
2373	410
2374	401
2375	377
2376	399
2377	400
2378	395
2379	404
2380	398
2381	414
2382	418
2383	415
2384	431
2385	414
2386	387
2387	423
2388	428
2389	409
2390	368
2391	395
2392	384
2393	371
2394	404
2395	393
2396	396
2397	411
2398	400
2399	404
2400	406
2401	378
2402	385
2403	407
2404	392
2405	401
2406	370
2407	389
2408	398
2409	450
2410	395
2411	440
2412	403
2413	386
2414	423
2415	398
2416	430
2417	421
2418	446
2419	365
2420	355
2421	369
2422	417
2423	411
2424	383
2425	424
2426	415
2427	377
2428	374
2429	410
2430	413
2431	392
2432	456
2433	428
2434	417
2435	428
2436	444
2437	454
2438	529
2439	550
2440	564
2441	606
2442	636
2443	661
2444	659
2445	681
2446	606
2447	588
2448	498
2449	493
2450	515
2451	404
2452	418
2453	420
2454	380
2455	425
2456	415
2457	402
2458	383
2459	443
2460	389
2461	407
2462	407
2463	444
2464	403
2465	408
2466	423
2467	423
2468	437
2469	399
2470	419
2471	413
2472	407
2473	415
2474	374
2475	415
2476	390
2477	417
2478	421
2479	380
2480	394
2481	406
2482	382
2483	400
2484	430
2485	419
2486	402
2487	378
2488	384
2489	406
2490	422
2491	382
2492	375
2493	395
2494	390
2495	407
2496	400
2497	351
2498	357
2499	388
2500	381
2501	365
2502	339
2503	393
2504	395
2505	340
2506	431
2507	382
2508	391
2509	435
2510	369
2511	373
2512	434
2513	442
2514	430
2515	454
2516	494
2517	499
2518	497
2519	467
2520	498
2521	502
2522	427
2523	431
2524	416
2525	431
2526	386
2527	376
2528	415
2529	377
2530	375
2531	393
2532	396
2533	396
2534	399
2535	379
2536	356
2537	383
2538	396
2539	379
2540	403
2541	402
2542	391
2543	395
2544	405
2545	368
2546	421
2547	402
2548	413
2549	414
2550	387
2551	419
2552	421
2553	425
2554	473
2555	422
2556	403
2557	446
2558	427
2559	448
2560	423
2561	427
2562	404
2563	413
2564	399
2565	420
2566	416
2567	411
2568	401
2569	394
2570	411
2571	407
2572	352
2573	371
2574	415
2575	386
2576	383
2577	412
2578	394
2579	410
2580	393
2581	381
2582	428
2583	381
2584	338
2585	399
2586	415
2587	389
2588	362
2589	395
2590	414
2591	392
2592	416
2593	408
2594	401
2595	417
2596	376
2597	361
2598	408
2599	474
2600	372
2601	407
2602	425
2603	467
2604	419
2605	427
2606	429
2607	438
2608	385
2609	394
2610	384
2611	386
2612	396
2613	395
2614	404
2615	387
2616	417
2617	388
2618	417
2619	413
2620	447
2621	366
2622	376
2623	393
2624	411
2625	426
2626	408
2627	408
2628	391
2629	392
2630	394
2631	399
2632	409
2633	402
2634	409
2635	417
2636	420
2637	374
2638	415
2639	370
2640	422
2641	418
2642	456
2643	385
2644	392
2645	393
2646	400
2647	380
2648	388
2649	395
2650	382
2651	369
2652	370
2653	364
2654	398
2655	400
2656	400
2657	353
2658	415
2659	374
2660	398
2661	396
2662	412
2663	427
2664	383
2665	394
2666	397
2667	401
2668	441
2669	383
2670	397
2671	413
2672	412
2673	453
2674	426
2675	414
2676	370
2677	400
2678	408
2679	405
2680	373
2681	397
2682	355
2683	369
2684	411
2685	394
2686	413
2687	372
2688	412
2689	396
2690	383
2691	409
2692	409
2693	382
2694	427
2695	394
2696	391
2697	380
2698	402
2699	387
2700	404
2701	367
2702	380
2703	387
2704	376
2705	384
2706	386
2707	405
2708	441
2709	361
2710	397
2711	394
2712	374
2713	409
2714	375
2715	395
2716	379
2717	402
2718	390
2719	405
2720	390
2721	397
2722	386
2723	409
2724	384
2725	412
2726	411
2727	368
2728	426
2729	389
2730	408
2731	387
2732	383
2733	378
2734	390
2735	400
2736	398
2737	430
2738	380
2739	407
2740	413
2741	399
2742	379
2743	414
2744	365
2745	414
2746	388
2747	404
2748	404
2749	427
2750	413
2751	410
2752	400
2753	402
2754	426
2755	366
2756	386
2757	440
2758	433
2759	382
2760	421
2761	402
2762	356
2763	403
2764	457
2765	383
2766	415
2767	428
2768	431
2769	380
2770	377
2771	411
2772	416
2773	373
2774	387
2775	391
2776	392
2777	367
2778	364
2779	412
2780	418
2781	414
2782	435
2783	392
2784	422
2785	381
2786	411
2787	436
2788	451
2789	415
2790	380
2791	410
2792	369
2793	412
2794	394
2795	425
2796	402
2797	378
2798	424
2799	394
2800	417
2801	411
2802	431
2803	439
2804	407
2805	398
2806	381
2807	390
2808	420
2809	431
2810	389
2811	424
2812	426
2813	414
2814	419
2815	446
2816	445
2817	496
2818	492
2819	532
2820	575
2821	642
2822	667
2823	681
2824	626
2825	666
2826	655
2827	590
2828	538
2829	520
2830	497
2831	492
2832	482
2833	531
2834	481
2835	490
2836	514
2837	484
2838	502
2839	504
2840	443
2841	430
2842	419
2843	439
2844	423
2845	409
2846	387
2847	422
2848	441
2849	405
2850	451
2851	384
2852	415
2853	468
2854	376
2855	429
2856	402
2857	384
2858	410
2859	407
2860	428
2861	423
2862	406
2863	400
2864	422
2865	418
2866	395
2867	392
2868	378
2869	406
2870	407
2871	371
2872	411
2873	417
2874	401
2875	426
2876	393
2877	413
2878	388
2879	377
2880	428
2881	401
2882	420
2883	376
2884	383
2885	422
2886	393
2887	398
2888	393
2889	402
2890	384
2891	394
2892	384
2893	417
2894	411
2895	412
2896	421
2897	447
2898	422
2899	417
2900	405
2901	432
2902	388
2903	436
2904	428
2905	427
2906	360
2907	409
2908	434
2909	409
2910	436
2911	392
2912	439
2913	413
2914	433
2915	386
2916	394
2917	385
2918	389
2919	406
2920	402
2921	384
2922	421
2923	393
2924	405
2925	371
2926	420
2927	443
2928	420
2929	438
2930	457
2931	509
2932	533
2933	533
2934	568
2935	646
2936	615
2937	636
2938	562
2939	582
2940	533
2941	490
2942	459
2943	419
2944	415
2945	426
2946	425
2947	416
2948	390
2949	370
2950	385
2951	360
2952	367
2953	364
2954	379
2955	397
2956	395
2957	362
2958	373
2959	341
2960	362
2961	371
2962	374
2963	370
2964	395
2965	366
2966	388
2967	366
2968	389
2969	339
2970	371
2971	367
2972	361
2973	354
2974	342
2975	349
2976	382
2977	357
2978	375
2979	365
2980	364
2981	344
2982	369
2983	374
2984	372
2985	384
2986	358
2987	352
2988	364
2989	384
2990	359
2991	389
2992	379
2993	316
2994	354
2995	394
2996	363
2997	350
2998	335
2999	357
3000	341
3001	355
3002	335
3003	328
3004	319
3005	355
3006	358
3007	328
3008	362
3009	393
3010	329
3011	330
3012	338
3013	378
3014	377
3015	387
3016	368
3017	383
3018	327
3019	344
3020	347
3021	361
3022	355
3023	375
3024	355
3025	351
3026	374
3027	357
3028	324
3029	342
3030	342
3031	320
3032	348
3033	323
3034	316
3035	358
3036	321
3037	350
3038	356
3039	343
3040	341
3041	345
3042	381
3043	348
3044	348
3045	318
3046	357
3047	328
3048	361
3049	343
3050	330
3051	317
3052	348
3053	350
3054	370
3055	343
3056	356
3057	326
3058	346
3059	377
3060	350
3061	346
3062	325
3063	341
3064	335
3065	349
3066	312
3067	351
3068	315
3069	300
3070	343
3071	304
3072	345
3073	348
3074	354
3075	360
3076	360
3077	326
3078	361
3079	355
3080	342
3081	357
3082	341
3083	359
3084	350
3085	334
3086	319
3087	368
3088	365
3089	356
3090	360
3091	335
3092	299
3093	351
3094	329
3095	335
3096	324
3097	377
3098	325
3099	337
3100	336
3101	332
3102	342
3103	322
3104	350
3105	322
3106	334
3107	357
3108	313
3109	325
3110	345
3111	324
3112	371
3113	334
3114	324
3115	339
3116	335
3117	342
3118	302
3119	344
3120	307
3121	341
3122	362
3123	367
3124	380
3125	320
3126	302
3127	356
3128	330
3129	335
3130	331
3131	352
3132	340
3133	328
3134	334
3135	335
3136	358
3137	313
3138	352
3139	351
3140	356
3141	354
3142	299
3143	341
3144	315
3145	327
3146	329
3147	323
3148	340
3149	323
3150	347
3151	350
3152	341
3153	320
3154	329
3155	359
3156	311
3157	339
3158	350
3159	312
3160	339
3161	339
3162	348
3163	321
3164	374
3165	294
3166	307
3167	343
3168	335
3169	317
3170	380
3171	306
3172	373
3173	345
3174	330
3175	323
3176	325
3177	333
3178	330
3179	320
3180	338
3181	335
3182	322
3183	337
3184	330
3185	375
3186	326
3187	376
3188	327
3189	369
3190	306
3191	317
3192	332
3193	331
3194	317
3195	314
3196	366
3197	337
3198	356
3199	333
3200	352
3201	337
3202	321
3203	329
3204	332
3205	311
3206	352
3207	344
3208	324
3209	326
3210	339
3211	369
3212	360
3213	339
3214	316
3215	333
3216	339
3217	303
3218	339
3219	341
3220	311
3221	326
3222	325
3223	316
3224	346
3225	328
3226	293
3227	315
3228	337
3229	307
3230	313
3231	342
3232	350
3233	345
3234	335
3235	314
3236	361
3237	315
3238	366
3239	348
3240	332
3241	342
3242	335
3243	351
3244	310
3245	326
3246	352
3247	303
3248	351
3249	306
3250	331
3251	329
3252	340
3253	332
3254	363
3255	334
3256	317
3257	349
3258	328
3259	305
3260	309
3261	321
3262	343
3263	324
3264	329
3265	341
3266	334
3267	319
3268	319
3269	319
3270	339
3271	345
3272	333
3273	368
3274	339
3275	323
3276	321
3277	310
3278	329
3279	337
3280	370
3281	330
3282	311
3283	344
3284	374
3285	338
3286	364
3287	371
3288	400
3289	371
3290	408
3291	397
3292	396
3293	381
3294	387
3295	367
3296	362
3297	325
3298	306
3299	325
3300	341
3301	314
3302	327
3303	322
3304	331
3305	328
3306	326
3307	345
3308	325
3309	354
3310	357
3311	330
3312	345
3313	346
3314	339
3315	371
3316	340
3317	367
3318	378
3319	342
3320	374
3321	312
3322	345
3323	335
3324	352
3325	375
3326	310
3327	314
3328	330
3329	320
3330	334
3331	344
3332	330
3333	355
3334	359
3335	358
3336	328
3337	351
3338	324
3339	323
3340	309
3341	310
3342	326
3343	368
3344	361
3345	338
3346	337
3347	336
3348	330
3349	319
3350	360
3351	345
3352	286
3353	343
3354	300
3355	345
3356	317
3357	330
3358	351
3359	308
3360	314
3361	330
3362	343
3363	345
3364	350
3365	344
3366	354
3367	353
3368	318
3369	334
3370	321
3371	289
3372	324
3373	295
3374	347
3375	334
3376	363
3377	354
3378	390
3379	395
3380	432
3381	421
3382	392
3383	415
3384	390
3385	383
3386	350
3387	327
3388	355
3389	340
3390	354
3391	342
3392	343
3393	322
3394	341
3395	383
3396	421
3397	411
3398	439
3399	476
3400	513
3401	567
3402	544
3403	531
3404	493
3405	457
3406	432
3407	416
3408	406
3409	380
3410	343
3411	379
3412	352
3413	359
3414	294
3415	315
3416	302
3417	299
3418	337
3419	338
3420	314
3421	330
3422	318
3423	331
3424	319
3425	325
3426	320
3427	299
3428	305
3429	301
3430	292
3431	314
3432	355
3433	297
3434	323
3435	314
3436	316
3437	295
3438	322
3439	325
3440	334
3441	343
3442	330
3443	378
3444	398
3445	418
3446	447
3447	441
3448	503
3449	605
3450	622
3451	677
3452	643
3453	695
3454	653
3455	627
3456	553
3457	487
3458	482
3459	402
3460	400
3461	372
3462	366
3463	328
3464	345
3465	363
3466	336
3467	324
3468	317
3469	357
3470	291
3471	333
3472	344
3473	295
3474	324
3475	345
3476	346
3477	291
3478	299
3479	290
3480	319
3481	288
3482	312
3483	322
3484	287
3485	310
3486	310
3487	310
3488	319
3489	319
3490	318
3491	299
3492	348
3493	313
3494	316
3495	346
3496	316
3497	333
3498	358
3499	317
3500	322
3501	329
3502	293
3503	317
3504	309
3505	324
3506	304
3507	314
3508	305
3509	321
3510	307
3511	298
3512	297
3513	340
3514	324
3515	317
3516	309
3517	329
3518	318
3519	303
3520	349
3521	316
3522	328
3523	327
3524	323
3525	308
3526	329
3527	319
3528	330
3529	320
3530	343
3531	301
3532	325
3533	327
3534	320
3535	323
3536	324
3537	351
3538	301
3539	324
3540	315
3541	300
3542	355
3543	304
3544	334
3545	314
3546	313
3547	307
3548	284
3549	307
3550	327
3551	304
3552	319
3553	284
3554	348
3555	336
3556	321
3557	289
3558	324
3559	344
3560	320
3561	344
3562	316
3563	292
3564	346
3565	355
3566	315
3567	327
3568	332
3569	325
3570	342
3571	354
3572	366
3573	352
3574	348
3575	339
3576	374
3577	368
3578	322
3579	317
3580	325
3581	366
3582	331
3583	334
3584	333
3585	316
3586	291
3587	299
3588	346
3589	309
3590	293
3591	333
3592	293
3593	312
3594	309
3595	315
3596	327
3597	319
3598	353
3599	349
3600	358
3601	380
3602	378
3603	367
3604	419
3605	418
3606	431
3607	454
3608	434
3609	431
3610	452
3611	454
3612	392
3613	387
3614	356
3615	367
3616	349
3617	346
3618	337
3619	339
3620	338
3621	337
3622	316
3623	331
3624	308
3625	333
3626	338
3627	339
3628	320
3629	332
3630	335
3631	324
3632	327
3633	308
3634	328
3635	313
3636	312
3637	322
3638	339
3639	291
3640	310
3641	303
3642	307
3643	322
3644	317
3645	334
3646	316
3647	323
3648	349
3649	285
3650	301
3651	318
3652	330
3653	331
3654	308
3655	337
3656	331
3657	345
3658	335
3659	324
3660	324
3661	301
3662	315
3663	337
3664	292
3665	320
3666	305
3667	303
3668	315
3669	306
3670	335
3671	319
3672	316
3673	315
3674	286
3675	334
3676	335
3677	308
3678	306
3679	327
3680	376
3681	331
3682	318
3683	299
3684	348
3685	354
3686	314
3687	327
3688	337
3689	350
3690	312
3691	319
3692	315
3693	315
3694	351
3695	327
3696	330
3697	313
3698	356
3699	300
3700	313
3701	327
3702	356
3703	311
3704	367
3705	298
3706	318
3707	318
3708	329
3709	318
3710	340
3711	316
3712	326
3713	360
3714	339
3715	322
3716	329
3717	326
3718	279
3719	331
3720	313
3721	315
3722	325
3723	335
3724	331
3725	333
3726	338
3727	332
3728	326
3729	345
3730	320
3731	337
3732	338
3733	320
3734	281
3735	318
3736	368
3737	323
3738	313
3739	345
3740	325
3741	345
3742	291
3743	321
3744	336
3745	339
3746	339
3747	336
3748	288
3749	345
3750	318
3751	330
3752	310
3753	313
3754	291
3755	362
3756	311
3757	328
3758	336
3759	314
3760	317
3761	371
3762	318
3763	311
3764	345
3765	338
3766	302
3767	345
3768	352
3769	327
3770	362
3771	300
3772	318
3773	322
3774	278
3775	352
3776	356
3777	337
3778	343
3779	318
3780	356
3781	370
3782	335
3783	312
3784	333
3785	380
3786	342
3787	317
3788	356
3789	348
3790	335
3791	322
3792	350
3793	358
3794	335
3795	317
3796	334
3797	334
3798	340
3799	347
3800	336
3801	330
3802	333
3803	345
3804	337
3805	315
3806	304
3807	338
3808	302
3809	303
3810	327
3811	332
3812	343
3813	277
3814	301
3815	336
3816	342
3817	315
3818	348
3819	294
3820	330
3821	337
3822	308
3823	308
3824	303
3825	314
3826	339
3827	325
3828	330
3829	311
3830	326
3831	346
3832	337
3833	356
3834	357
3835	380
3836	391
3837	385
3838	385
3839	339
3840	335
3841	313
3842	321
3843	294
3844	319
3845	300
3846	331
3847	292
3848	307
3849	301
3850	312
3851	322
3852	301
3853	342
3854	310
3855	334
3856	328
3857	344
3858	300
3859	346
3860	323
3861	338
3862	291
3863	339
3864	333
3865	286
3866	300
3867	312
3868	276
3869	292
3870	297
3871	291
3872	310
3873	327
3874	306
3875	281
3876	318
3877	278
3878	310
3879	293
3880	273
3881	300
3882	324
3883	317
3884	299
3885	320
3886	301
3887	301
3888	311
3889	311
3890	322
3891	372
3892	338
3893	410
3894	396
3895	432
3896	511
3897	587
3898	735
3899	981
3900	1231
3901	1609
3902	2070
3903	2757
3904	3280
3905	4048
3906	4526
3907	4918
3908	4981
3909	4774
3910	4293
3911	3785
3912	3134
3913	2374
3914	1790
3915	1336
3916	1030
3917	843
3918	709
3919	639
3920	560
3921	564
3922	508
3923	462
3924	468
3925	428
3926	395
3927	358
3928	375
3929	414
3930	391
3931	371
3932	386
3933	415
3934	341
3935	331
3936	355
3937	331
3938	354
3939	347
3940	309
3941	345
3942	360
3943	328
3944	324
3945	344
3946	323
3947	340
3948	323
3949	299
3950	313
3951	305
3952	318
3953	320
3954	307
3955	306
3956	300
3957	287
3958	296
3959	306
3960	289
3961	301
3962	288
3963	295
3964	308
3965	315
3966	315
3967	284
3968	287
3969	284
3970	298
3971	285
3972	264
3973	261
3974	312
3975	270
3976	299
3977	285
3978	288
3979	299
3980	267
3981	287
3982	277
3983	304
3984	278
3985	295
3986	294
3987	250
3988	303
3989	277
3990	296
3991	276
3992	259
3993	255
3994	280
3995	306
3996	241
3997	276
3998	272
3999	284
4000	279
4001	256
4002	250
4003	257
4004	253
4005	253
4006	259
4007	266
4008	231
4009	248
4010	290
4011	265
4012	282
4013	256
4014	278
4015	295
4016	297
4017	260
4018	271
4019	300
4020	265
4021	273
4022	282
4023	266
4024	264
4025	259
4026	280
4027	280
4028	293
4029	287
4030	299
4031	282
4032	270
4033	282
4034	271
4035	269
4036	262
4037	289
4038	246
4039	291
4040	278
4041	263
4042	263
4043	247
4044	268
4045	262
4046	292
4047	277
4048	284
4049	295
4050	256
4051	255
4052	243
4053	282
4054	282
4055	293
4056	261
4057	296
4058	296
4059	292
4060	301
4061	291
4062	334
4063	333
4064	392
4065	344
4066	377
4067	401
4068	359
4069	352
4070	374
4071	347
4072	313
4073	325
4074	275
4075	304
4076	276
4077	259
4078	289
4079	287
4080	265
4081	270
4082	247
4083	265
4084	277
4085	242
4086	254
4087	291
4088	251
4089	260
4090	271
4091	266
4092	282
4093	268
4094	254
4095	293
4096	252
4097	282
4098	282
4099	250
4100	304
4101	267
4102	267
4103	261
4104	264
4105	245
4106	236
4107	217
4108	253
4109	239
4110	252
4111	270
4112	243
4113	277
4114	265
4115	265
4116	268
4117	285
4118	287
4119	241
4120	241
4121	284
4122	276
4123	265
4124	273
4125	259
4126	254
4127	271
4128	275
4129	261
4130	271
4131	264
4132	256
4133	272
4134	263
4135	268
4136	247
4137	262
4138	256
4139	279
4140	305
4141	249
4142	270
4143	267
4144	239
4145	274
4146	255
4147	255
4148	274
4149	271
4150	297
4151	276
4152	240
4153	283
4154	260
4155	243
4156	248
4157	279
4158	279
4159	258
4160	274
4161	243
4162	274
4163	282
4164	253
4165	256
4166	306
4167	252
4168	234
4169	300
4170	238
4171	240
4172	261
4173	249
4174	245
4175	272
4176	246
4177	288
4178	255
4179	263
4180	266
4181	274
4182	271
4183	228
4184	265
4185	258
4186	263
4187	232
4188	274
4189	274
4190	279
4191	269
4192	266
4193	254
4194	279
4195	255
4196	239
4197	253
4198	257
4199	287
4200	259
4201	280
4202	259
4203	289
4204	273
4205	251
4206	266
4207	267
4208	274
4209	275
4210	258
4211	320
4212	260
4213	252
4214	288
4215	268
4216	273
4217	310
4218	307
4219	314
4220	327
4221	287
4222	317
4223	330
4224	303
4225	318
4226	344
4227	307
4228	330
4229	301
4230	296
4231	272
4232	285
4233	273
4234	302
4235	294
4236	269
4237	271
4238	273
4239	276
4240	292
4241	298
4242	257
4243	290
4244	269
4245	288
4246	277
4247	298
4248	257
4249	253
4250	269
4251	276
4252	271
4253	301
4254	264
4255	276
4256	247
4257	257
4258	278
4259	255
4260	240
4261	273
4262	268
4263	262
4264	252
4265	287
4266	281
4267	276
4268	307
4269	314
4270	313
4271	301
4272	268
4273	265
4274	251
4275	253
4276	293
4277	260
4278	250
4279	292
4280	311
4281	269
4282	277
4283	259
4284	285
4285	254
4286	263
4287	310
4288	278
4289	242
4290	223
4291	268
4292	284
4293	264
4294	253
4295	263
4296	280
4297	283
4298	304
4299	313
4300	244
4301	286
4302	295
4303	259
4304	292
4305	262
4306	270
4307	256
4308	276
4309	259
4310	282
4311	269
4312	269
4313	299
4314	260
4315	267
4316	271
4317	269
4318	266
4319	293
4320	321
4321	252
4322	260
4323	272
4324	251
4325	262
4326	295
4327	285
4328	304
4329	269
4330	292
4331	267
4332	283
4333	302
4334	292
4335	298
4336	282
4337	322
4338	290
4339	306
4340	292
4341	326
4342	319
4343	349
4344	364
4345	460
4346	518
4347	568
4348	693
4349	819
4350	1045
4351	1190
4352	1370
4353	1553
4354	1600
4355	1626
4356	1597
4357	1432
4358	1257
4359	1052
4360	918
4361	686
4362	603
4363	486
4364	460
4365	415
4366	378
4367	362
4368	346
4369	372
4370	339
4371	327
4372	317
4373	347
4374	332
4375	347
4376	301
4377	302
4378	297
4379	314
4380	300
4381	295
4382	313
4383	280
4384	312
4385	271
4386	302
4387	298
4388	280
4389	282
4390	288
4391	311
4392	250
4393	290
4394	300
4395	314
4396	270
4397	282
4398	319
4399	282
4400	293
4401	286
4402	285
4403	275
4404	301
4405	270
4406	297
4407	284
4408	287
4409	284
4410	290
4411	273
4412	273
4413	282
4414	269
4415	287
4416	250
4417	262
4418	275
4419	255
4420	255
4421	269
4422	264
4423	274
4424	269
4425	252
4426	270
4427	258
4428	281
4429	255
4430	238
4431	257
4432	264
4433	231
4434	284
4435	256
4436	258
4437	263
4438	274
4439	238
4440	249
4441	286
4442	266
4443	258
4444	259
4445	252
4446	251
4447	261
4448	245
4449	244
4450	244
4451	258
4452	216
4453	260
4454	261
4455	270
4456	247
4457	242
4458	247
4459	268
4460	279
4461	241
4462	251
4463	265
4464	250
4465	255
4466	270
4467	255
4468	226
4469	233
4470	241
4471	261
4472	243
4473	209
4474	264
4475	271
4476	252
4477	278
4478	215
4479	236
4480	242
4481	259
4482	251
4483	251
4484	251
4485	247
4486	270
4487	248
4488	227
4489	221
4490	222
4491	253
4492	255
4493	270
4494	265
4495	256
4496	259
4497	245
4498	255
4499	213
4500	277
4501	259
4502	253
4503	272
4504	251
4505	267
4506	274
4507	246
4508	258
4509	284
4510	258
4511	246
4512	250
4513	281
4514	245
4515	249
4516	241
4517	270
4518	269
4519	290
4520	270
4521	263
4522	293
4523	287
4524	290
4525	251
4526	250
4527	269
4528	251
4529	228
4530	235
4531	243
4532	230
4533	230
4534	235
4535	210
4536	257
4537	223
4538	216
4539	227
4540	242
4541	218
4542	228
4543	227
4544	218
4545	223
4546	224
4547	215
4548	219
4549	204
4550	229
4551	202
4552	221
4553	228
4554	237
4555	195
4556	219
4557	195
4558	198
4559	226
4560	230
4561	205
4562	180
4563	175
4564	204
4565	224
4566	214
4567	200
4568	200
4569	232
4570	184
4571	214
4572	191
4573	201
4574	214
4575	206
4576	177
4577	200
4578	204
4579	189
4580	185
4581	234
4582	206
4583	196
4584	193
4585	204
4586	200
4587	202
4588	190
4589	215
4590	192
4591	193
4592	204
4593	190
4594	213
4595	235
4596	201
4597	184
4598	207
4599	211
4600	174
4601	207
4602	209
4603	206
4604	198
4605	215
4606	213
4607	201
4608	208
4609	243
4610	252
4611	257
4612	243
4613	270
4614	271
4615	285
4616	301
4617	329
4618	340
4619	321
4620	274
4621	263
4622	237
4623	229
4624	231
4625	198
4626	198
4627	208
4628	208
4629	190
4630	179
4631	188
4632	194
4633	181
4634	193
4635	180
4636	178
4637	204
4638	234
4639	221
4640	198
4641	223
4642	202
4643	185
4644	221
4645	198
4646	225
4647	249
4648	248
4649	227
4650	229
4651	264
4652	251
4653	253
4654	283
4655	269
4656	250
4657	234
4658	210
4659	207
4660	230
4661	201
4662	181
4663	225
4664	204
4665	157
4666	202
4667	206
4668	221
4669	200
4670	205
4671	223
4672	200
4673	216
4674	210
4675	209
4676	235
4677	186
4678	198
4679	198
4680	169
4681	179
4682	158
4683	186
4684	193
4685	196
4686	183
4687	170
4688	189
4689	187
4690	185
4691	195
4692	174
4693	190
4694	179
4695	173
4696	189
4697	161
4698	174
4699	192
4700	193
4701	190
4702	198
4703	197
4704	190
4705	184
4706	173
4707	191
4708	182
4709	170
4710	178
4711	164
4712	154
4713	175
4714	156
4715	174
4716	188
4717	184
4718	178
4719	198
4720	166
4721	143
4722	196
4723	169
4724	166
4725	177
4726	160
4727	138
4728	168
4729	192
4730	206
4731	171
4732	171
4733	168
4734	183
4735	163
4736	195
4737	151
4738	167
4739	164
4740	171
4741	154
4742	155
4743	144
4744	158
4745	177
4746	184
4747	161
4748	171
4749	173
4750	183
4751	155
4752	171
4753	162
4754	177
4755	173
4756	152
4757	205
4758	161
4759	169
4760	179
4761	174
4762	165
4763	186
4764	163
4765	171
4766	185
4767	167
4768	171
4769	166
4770	188
4771	179
4772	169
4773	163
4774	176
4775	176
4776	178
4777	156
4778	172
4779	173
4780	199
4781	179
4782	175
4783	175
4784	172
4785	199
4786	186
4787	181
4788	167
4789	163
4790	161
4791	167
4792	169
4793	179
4794	176
4795	167
4796	160
4797	158
4798	165
4799	168
4800	178
4801	173
4802	147
4803	166
4804	186
4805	147
4806	180
4807	174
4808	170
4809	182
4810	175
4811	188
4812	150
4813	153
4814	171
4815	168
4816	164
4817	190
4818	158
4819	216
4820	207
4821	168
4822	203
4823	185
4824	184
4825	217
4826	232
4827	247
4828	292
4829	311
4830	352
4831	449
4832	601
4833	659
4834	860
4835	1054
4836	1467
4837	1931
4838	2289
4839	2762
4840	3358
4841	3707
4842	4185
4843	4249
4844	4121
4845	3774
4846	3397
4847	2814
4848	2259
4849	1840
4850	1428
4851	1092
4852	856
4853	678
4854	558
4855	427
4856	383
4857	384
4858	334
4859	298
4860	314
4861	280
4862	272
4863	264
4864	276
4865	247
4866	231
4867	242
4868	237
4869	233
4870	237
4871	231
4872	217
4873	218
4874	208
4875	214
4876	206
4877	172
4878	202
4879	189
4880	217
4881	206
4882	171
4883	204
4884	186
4885	198
4886	193
4887	174
4888	172
4889	189
4890	193
4891	158
4892	188
4893	180
4894	154
4895	191
4896	175
4897	172
4898	177
4899	167
4900	156
4901	169
4902	188
4903	166
4904	155
4905	144
4906	160
4907	155
4908	142
4909	158
4910	158
4911	145
4912	172
4913	155
4914	148
4915	163
4916	147
4917	144
4918	141
4919	148
4920	160
4921	161
4922	151
4923	139
4924	162
4925	137
4926	157
4927	139
4928	154
4929	173
4930	155
4931	147
4932	140
4933	125
4934	145
4935	127
4936	153
4937	184
4938	134
4939	162
4940	152
4941	129
4942	161
4943	129
4944	152
4945	169
4946	161
4947	139
4948	139
4949	166
4950	146
4951	148
4952	141
4953	140
4954	139
4955	149
4956	142
4957	148
4958	146
4959	146
4960	136
4961	182
4962	161
4963	130
4964	143
4965	145
4966	159
4967	138
4968	154
4969	155
4970	152
4971	166
4972	162
4973	153
4974	159
4975	146
4976	149
4977	147
4978	152
4979	138
4980	135
4981	141
4982	140
4983	130
4984	164
4985	114
4986	158
4987	138
4988	136
4989	165
4990	147
4991	140
4992	141
4993	138
4994	130
4995	152
4996	141
4997	138
4998	144
4999	129
5000	146
5001	144
5002	150
5003	151
5004	135
5005	141
5006	145
5007	154
5008	151
5009	137
5010	139
5011	153
5012	137
5013	119
5014	142
5015	140
5016	152
5017	130
5018	143
5019	130
5020	145
5021	123
5022	132
5023	130
5024	114
5025	136
5026	130
5027	129
5028	140
5029	142
5030	159
5031	123
5032	125
5033	141
5034	143
5035	123
5036	134
5037	154
5038	160
5039	144
5040	128
5041	155
5042	172
5043	188
5044	194
5045	220
5046	226
5047	267
5048	277
5049	288
5050	285
5051	300
5052	340
5053	287
5054	272
5055	239
5056	228
5057	209
5058	191
5059	156
5060	146
5061	166
5062	150
5063	142
5064	148
5065	162
5066	134
5067	133
5068	137
5069	121
5070	127
5071	148
5072	122
5073	140
5074	141
5075	134
5076	141
5077	117
5078	105
5079	144
5080	143
5081	135
5082	132
5083	114
5084	124
5085	129
5086	122
5087	137
5088	113
5089	136
5090	122
5091	133
5092	127
5093	117
5094	148
5095	117
5096	147
5097	157
5098	147
5099	140
5100	121
5101	121
5102	126
5103	149
5104	115
5105	131
5106	139
5107	113
5108	154
5109	115
5110	117
5111	128
5112	120
5113	119
5114	145
5115	125
5116	117
5117	131
5118	140
5119	139
5120	127
5121	135
5122	137
5123	105
5124	120
5125	117
5126	137
5127	135
5128	144
5129	128
5130	133
5131	114
5132	127
5133	120
5134	117
5135	132
5136	142
5137	139
5138	133
5139	126
5140	135
5141	113
5142	112
5143	120
5144	159
5145	130
5146	136
5147	135
5148	129
5149	115
5150	139
5151	104
5152	115
5153	107
5154	129
5155	126
5156	129
5157	125
5158	128
5159	111
5160	115
5161	126
5162	117
5163	137
5164	114
5165	125
5166	103
5167	122
5168	125
5169	122
5170	122
5171	115
5172	139
5173	143
5174	112
5175	129
5176	128
5177	130
5178	127
5179	124
5180	103
5181	130
5182	120
5183	138
5184	124
5185	116
5186	117
5187	134
5188	118
5189	142
5190	130
5191	135
5192	135
5193	131
5194	122
5195	106
5196	131
5197	97
5198	135
5199	111
5200	144
5201	130
5202	105
5203	131
5204	109
5205	117
5206	125
5207	116
5208	139
5209	124
5210	150
5211	129
5212	106
5213	142
5214	123
5215	133
5216	128
5217	114
5218	109
5219	96
5220	115
5221	133
5222	120
5223	121
5224	139
5225	130
5226	120
5227	118
5228	134
5229	112
5230	131
5231	121
5232	139
5233	149
5234	111
5235	108
5236	142
5237	123
5238	101
5239	122
5240	123
5241	117
5242	122
5243	143
5244	148
5245	115
5246	132
5247	126
5248	110
5249	146
5250	101
5251	143
5252	122
5253	131
5254	137
5255	117
5256	145
5257	124
5258	144
5259	112
5260	138
5261	114
5262	108
5263	102
5264	110
5265	131
5266	140
5267	120
5268	126
5269	124
5270	119
5271	133
5272	117
5273	140
5274	111
5275	124
5276	139
5277	129
5278	117
5279	108
5280	111
5281	130
5282	108
5283	122
5284	118
5285	122
5286	126
5287	154
5288	122
5289	121
5290	94
5291	127
5292	130
5293	107
5294	118
5295	130
5296	120
5297	130
5298	122
5299	110
5300	134
5301	129
5302	127
5303	99
5304	106
5305	128
5306	105
5307	115
5308	129
5309	129
5310	128
5311	143
5312	110
5313	107
5314	127
5315	120
5316	142
5317	131
5318	120
5319	104
5320	96
5321	116
5322	142
5323	114
5324	120
5325	121
5326	136
5327	121
5328	110
5329	122
5330	120
5331	122
5332	113
5333	134
5334	130
5335	130
5336	133
5337	110
5338	115
5339	130
5340	129
5341	110
5342	106
5343	132
5344	115
5345	132
5346	138
5347	138
5348	126
5349	126
5350	129
5351	111
5352	137
5353	133
5354	119
5355	125
5356	115
5357	130
5358	116
5359	104
5360	112
5361	139
5362	144
5363	114
5364	137
5365	129
5366	136
5367	140
5368	126
5369	138
5370	113
5371	111
5372	117
5373	123
5374	117
5375	138
5376	127
5377	116
5378	107
5379	120
5380	135
5381	133
5382	124
5383	110
5384	124
5385	111
5386	129
5387	134
5388	133
5389	119
5390	117
5391	105
5392	115
5393	135
5394	135
5395	106
5396	132
5397	158
5398	120
5399	143
5400	149
5401	136
5402	114
5403	121
5404	124
5405	111
5406	112
5407	120
5408	127
5409	127
5410	126
5411	113
5412	126
5413	115
5414	118
5415	151
5416	149
5417	130
5418	119
5419	121
5420	120
5421	115
5422	132
5423	110
5424	144
5425	152
5426	129
5427	130
5428	125
5429	135
5430	156
5431	124
5432	131
5433	129
5434	126
5435	132
5436	159
5437	171
5438	153
5439	154
5440	166
5441	178
5442	195
5443	198
5444	247
5445	258
5446	337
5447	395
5448	506
5449	634
5450	763
5451	969
5452	1196
5453	1510
5454	1778
5455	2066
5456	2461
5457	2497
5458	2669
5459	2593
5460	2308
5461	2091
5462	1830
5463	1531
5464	1216
5465	936
5466	797
5467	611
5468	533
5469	451
5470	466
5471	451
5472	453
5473	471
5474	529
5475	584
5476	623
5477	632
5478	627
5479	600
5480	574
5481	489
5482	431
5483	417
5484	340
5485	292
5486	251
5487	235
5488	226
5489	206
5490	217
5491	153
5492	183
5493	142
5494	157
5495	178
5496	144
5497	178
5498	153
5499	134
5500	180
5501	157
5502	142
5503	152
5504	155
5505	153
5506	151
5507	161
5508	141
5509	131
5510	151
5511	127
5512	137
5513	147
5514	133
5515	139
5516	130
5517	136
5518	114
5519	142
5520	141
5521	142
5522	147
5523	114
5524	119
5525	111
5526	122
5527	120
5528	131
5529	134
5530	132
5531	128
5532	109
5533	118
5534	129
5535	152
5536	110
5537	143
5538	137
5539	139
5540	114
5541	138
5542	110
5543	142
5544	119
5545	139
5546	118
5547	168
5548	126
5549	132
5550	130
5551	129
5552	109
5553	117
5554	137
5555	120
5556	133
5557	123
5558	146
5559	149
5560	141
5561	150
5562	129
5563	137
5564	140
5565	144
5566	167
5567	158
5568	161
5569	191
5570	191
5571	183
5572	212
5573	241
5574	245
5575	297
5576	309
5577	376
5578	417
5579	458
5580	599
5581	639
5582	908
5583	1150
5584	1419
5585	1773
5586	2151
5587	2621
5588	2909
5589	3129
5590	3296
5591	3264
5592	3113
5593	2902
5594	2477
5595	2071
5596	1709
5597	1289
5598	1018
5599	749
5600	634
5601	519
5602	380
5603	367
5604	316
5605	272
5606	262
5607	259
5608	245
5609	223
5610	228
5611	194
5612	198
5613	191
5614	205
5615	211
5616	209
5617	190
5618	199
5619	179
5620	170
5621	150
5622	166
5623	179
5624	175
5625	148
5626	159
5627	151
5628	161
5629	169
5630	146
5631	166
5632	137
5633	148
5634	152
5635	169
5636	136
5637	137
5638	156
5639	161
5640	147
5641	145
5642	156
5643	140
5644	157
5645	157
5646	134
5647	155
5648	141
5649	141
5650	128
5651	131
5652	144
5653	132
5654	123
5655	117
5656	118
5657	147
5658	141
5659	138
5660	144
5661	124
5662	93
5663	119
5664	115
5665	147
5666	117
5667	149
5668	122
5669	111
5670	126
5671	127
5672	111
5673	136
5674	118
5675	133
5676	135
5677	122
5678	122
5679	124
5680	131
5681	127
5682	137
5683	139
5684	122
5685	128
5686	149
5687	134
5688	125
5689	117
5690	138
5691	135
5692	128
5693	153
5694	128
5695	122
5696	116
5697	113
5698	132
5699	129
5700	136
5701	110
5702	124
5703	123
5704	123
5705	128
5706	137
5707	119
5708	132
5709	123
5710	115
5711	140
5712	107
5713	121
5714	135
5715	122
5716	136
5717	124
5718	118
5719	125
5720	127
5721	143
5722	122
5723	129
5724	137
5725	131
5726	142
5727	138
5728	120
5729	126
5730	115
5731	127
5732	120
5733	129
5734	110
5735	125
5736	115
5737	132
5738	135
5739	106
5740	111
5741	158
5742	131
5743	148
5744	133
5745	130
5746	114
5747	123
5748	110
5749	129
5750	112
5751	135
5752	122
5753	113
5754	139
5755	145
5756	115
5757	132
5758	130
5759	138
5760	123
5761	118
5762	113
5763	135
5764	127
5765	117
5766	140
5767	115
5768	119
5769	116
5770	149
5771	121
5772	128
5773	136
5774	133
5775	127
5776	103
5777	134
5778	151
5779	131
5780	117
5781	124
5782	125
5783	140
5784	115
5785	133
5786	135
5787	133
5788	122
5789	139
5790	145
5791	127
5792	128
5793	117
5794	135
5795	124
5796	142
5797	115
5798	117
5799	142
5800	130
5801	126
5802	129
5803	120
5804	125
5805	128
5806	120
5807	138
5808	137
5809	132
5810	136
5811	163
5812	122
5813	130
5814	147
5815	136
5816	130
5817	120
5818	136
5819	148
5820	148
5821	157
5822	137
5823	132
5824	159
5825	129
5826	123
5827	150
5828	139
5829	133
5830	133
5831	146
5832	119
5833	129
5834	141
5835	136
5836	147
5837	115
5838	140
5839	132
5840	143
5841	128
5842	125
5843	118
5844	130
5845	142
5846	128
5847	112
5848	137
5849	124
5850	140
5851	142
5852	149
5853	131
5854	116
5855	131
5856	125
5857	137
5858	117
5859	147
5860	144
5861	127
5862	128
5863	128
5864	130
5865	132
5866	139
5867	144
5868	146
5869	128
5870	129
5871	154
5872	132
5873	126
5874	107
5875	129
5876	125
5877	140
5878	154
5879	139
5880	117
5881	147
5882	159
5883	132
5884	151
5885	130
5886	163
5887	142
5888	154
5889	157
5890	162
5891	178
5892	148
5893	145
5894	141
5895	139
5896	137
5897	135
5898	148
5899	144
5900	140
5901	149
5902	137
5903	163
5904	132
5905	132
5906	126
5907	157
5908	137
5909	139
5910	115
5911	146
5912	139
5913	130
5914	148
5915	132
5916	136
5917	148
5918	141
5919	150
5920	141
5921	144
5922	150
5923	137
5924	158
5925	130
5926	138
5927	138
5928	144
5929	152
5930	152
5931	127
5932	144
5933	163
5934	124
5935	130
5936	139
5937	132
5938	163
5939	120
5940	147
5941	134
5942	130
5943	145
5944	138
5945	131
5946	151
5947	157
5948	147
5949	134
5950	140
5951	136
5952	125
5953	145
5954	136
5955	133
5956	125
5957	150
5958	160
5959	128
5960	155
5961	137
5962	144
5963	138
5964	148
5965	117
5966	118
5967	115
5968	135
5969	122
5970	137
5971	149
5972	128
5973	140
5974	140
5975	115
5976	129
5977	116
5978	128
5979	132
5980	138
5981	112
5982	137
5983	122
5984	126
5985	123
5986	132
5987	142
5988	130
5989	136
5990	128
5991	102
5992	137
5993	114
5994	108
5995	116
5996	109
5997	111
5998	109
5999	111
6000	92
6001	111
6002	137
6003	103
6004	117
6005	101
6006	103
6007	114
6008	86
6009	94
6010	91
6011	92
6012	113
6013	94
6014	102
6015	102
6016	106
6017	98
6018	109
6019	109
6020	93
6021	100
6022	90
6023	94
6024	108
6025	89
6026	103
6027	112
6028	86
6029	95
6030	95
6031	95
6032	92
6033	90
6034	86
6035	88
6036	83
6037	94
6038	82
6039	85
6040	108
6041	87
6042	96
6043	91
6044	90
6045	83
6046	94
6047	101
6048	94
6049	98
6050	77
6051	82
6052	95
6053	82
6054	90
6055	95
6056	69
6057	94
6058	91
6059	95
6060	82
6061	112
6062	83
6063	86
6064	86
6065	92
6066	80
6067	104
6068	104
6069	102
6070	90
6071	101
6072	93
6073	82
6074	71
6075	90
6076	82
6077	77
6078	79
6079	84
6080	90
6081	82
6082	87
6083	84
6084	94
6085	94
6086	103
6087	102
6088	129
6089	119
6090	170
6091	180
6092	181
6093	214
6094	261
6095	281
6096	317
6097	343
6098	385
6099	382
6100	345
6101	361
6102	343
6103	279
6104	284
6105	211
6106	201
6107	159
6108	158
6109	120
6110	109
6111	106
6112	102
6113	118
6114	92
6115	92
6116	99
6117	101
6118	76
6119	70
6120	103
6121	103
6122	86
6123	92
6124	74
6125	86
6126	84
6127	96
6128	80
6129	80
6130	87
6131	56
6132	81
6133	82
6134	87
6135	77
6136	79
6137	85
6138	94
6139	82
6140	80
6141	76
6142	91
6143	90
6144	83
6145	79
6146	63
6147	74
6148	70
6149	73
6150	65
6151	73
6152	76
6153	81
6154	92
6155	92
6156	98
6157	81
6158	88
6159	73
6160	85
6161	80
6162	81
6163	81
6164	80
6165	77
6166	79
6167	81
6168	80
6169	92
6170	64
6171	58
6172	69
6173	74
6174	78
6175	75
6176	66
6177	61
6178	72
6179	78
6180	69
6181	78
6182	63
6183	68
6184	73
6185	78
6186	69
6187	76
6188	63
6189	78
6190	80
6191	80
6192	67
6193	71
6194	71
6195	82
6196	83
6197	79
6198	76
6199	61
6200	75
6201	77
6202	89
6203	90
6204	75
6205	72
6206	74
6207	69
6208	91
6209	82
6210	85
6211	76
6212	94
6213	69
6214	59
6215	61
6216	53
6217	70
6218	77
6219	81
6220	61
6221	62
6222	64
6223	80
6224	67
6225	68
6226	72
6227	79
6228	57
6229	62
6230	57
6231	69
6232	78
6233	85
6234	71
6235	69
6236	68
6237	65
6238	65
6239	71
6240	43
6241	64
6242	77
6243	67
6244	55
6245	75
6246	76
6247	70
6248	72
6249	75
6250	78
6251	55
6252	62
6253	59
6254	66
6255	64
6256	70
6257	59
6258	77
6259	58
6260	54
6261	88
6262	55
6263	80
6264	68
6265	60
6266	56
6267	76
6268	79
6269	66
6270	64
6271	63
6272	70
6273	73
6274	82
6275	59
6276	66
6277	73
6278	78
6279	84
6280	77
6281	72
6282	81
6283	85
6284	103
6285	111
6286	90
6287	86
6288	88
6289	89
6290	86
6291	90
6292	72
6293	77
6294	88
6295	73
6296	66
6297	58
6298	72
6299	69
6300	65
6301	63
6302	57
6303	45
6304	71
6305	68
6306	57
6307	67
6308	65
6309	68
6310	58
6311	54
6312	41
6313	59
6314	61
6315	61
6316	54
6317	70
6318	56
6319	56
6320	52
6321	48
6322	57
6323	57
6324	57
6325	69
6326	50
6327	47
6328	52
6329	59
6330	66
6331	52
6332	59
6333	64
6334	62
6335	55
6336	46
6337	55
6338	64
6339	62
6340	52
6341	54
6342	63
6343	65
6344	54
6345	61
6346	57
6347	48
6348	50
6349	53
6350	75
6351	45
6352	65
6353	57
6354	71
6355	61
6356	60
6357	46
6358	64
6359	58
6360	61
6361	46
6362	60
6363	54
6364	59
6365	48
6366	52
6367	54
6368	55
6369	48
6370	53
6371	55
6372	47
6373	50
6374	50
6375	52
6376	36
6377	48
6378	61
6379	59
6380	51
6381	51
6382	57
6383	62
6384	55
6385	58
6386	52
6387	51
6388	46
6389	59
6390	57
6391	47
6392	37
6393	64
6394	56
6395	38
6396	51
6397	43
6398	43
6399	64
6400	45
6401	41
6402	48
6403	54
6404	44
6405	50
6406	52
6407	58
6408	63
6409	44
6410	58
6411	58
6412	48
6413	51
6414	60
6415	43
6416	68
6417	43
6418	53
6419	57
6420	49
6421	63
6422	60
6423	52
6424	38
6425	47
6426	55
6427	46
6428	44
6429	42
6430	52
6431	52
6432	50
6433	45
6434	38
6435	54
6436	56
6437	40
6438	48
6439	38
6440	47
6441	49
6442	49
6443	44
6444	60
6445	40
6446	43
6447	46
6448	45
6449	46
6450	44
6451	37
6452	46
6453	34
6454	45
6455	50
6456	44
6457	46
6458	43
6459	42
6460	46
6461	42
6462	44
6463	30
6464	41
6465	54
6466	42
6467	34
6468	30
6469	61
6470	31
6471	36
6472	45
6473	38
6474	45
6475	29
6476	44
6477	35
6478	32
6479	40
6480	45
6481	38
6482	29
6483	36
6484	42
6485	55
6486	55
6487	34
6488	40
6489	49
6490	64
6491	47
6492	42
6493	44
6494	38
6495	33
6496	55
6497	44
6498	62
6499	55
6500	54
6501	66
6502	60
6503	53
6504	49
6505	61
6506	54
6507	65
6508	51
6509	55
6510	55
6511	50
6512	42
6513	37
6514	39
6515	45
6516	32
6517	38
6518	39
6519	48
6520	53
6521	41
6522	71
6523	80
6524	93
6525	88
6526	122
6527	136
6528	206
6529	214
6530	247
6531	281
6532	303
6533	312
6534	327
6535	378
6536	341
6537	306
6538	271
6539	211
6540	193
6541	158
6542	106
6543	100
6544	74
6545	84
6546	75
6547	66
6548	48
6549	50
6550	59
6551	48
6552	55
6553	56
6554	39
6555	43
6556	52
6557	42
6558	37
6559	43
6560	35
6561	35
6562	45
6563	40
6564	30
6565	51
6566	48
6567	38
6568	44
6569	36
6570	38
6571	37
6572	40
6573	38
6574	32
6575	48
6576	36
6577	27
6578	38
6579	37
6580	40
6581	39
6582	41
6583	23
6584	29
6585	33
6586	39
6587	28
6588	31
6589	39
6590	31
6591	20
6592	26
6593	38
6594	29
6595	31
6596	30
6597	39
6598	33
6599	35
6600	36
6601	38
6602	37
6603	32
6604	38
6605	23
6606	34
6607	22
6608	25
6609	21
6610	33
6611	30
6612	36
6613	40
6614	31
6615	29
6616	30
6617	29
6618	37
6619	35
6620	44
6621	30
6622	31
6623	39
6624	34
6625	38
6626	31
6627	33
6628	35
6629	27
6630	37
6631	35
6632	31
6633	31
6634	25
6635	37
6636	25
6637	26
6638	30
6639	39
6640	24
6641	23
6642	33
6643	22
6644	25
6645	32
6646	34
6647	31
6648	17
6649	29
6650	33
6651	27
6652	29
6653	24
6654	26
6655	28
6656	39
6657	31
6658	30
6659	21
6660	21
6661	29
6662	21
6663	30
6664	27
6665	40
6666	41
6667	31
6668	32
6669	33
6670	29
6671	19
6672	25
6673	32
6674	40
6675	38
6676	25
6677	27
6678	27
6679	30
6680	19
6681	33
6682	20
6683	29
6684	23
6685	22
6686	22
6687	28
6688	26
6689	31
6690	23
6691	19
6692	26
6693	22
6694	19
6695	26
6696	36
6697	28
6698	27
6699	32
6700	35
6701	27
6702	26
6703	27
6704	22
6705	25
6706	26
6707	20
6708	32
6709	24
6710	20
6711	24
6712	26
6713	25
6714	22
6715	35
6716	21
6717	22
6718	25
6719	24
6720	27
6721	25
6722	27
6723	21
6724	30
6725	34
6726	24
6727	24
6728	20
6729	23
6730	30
6731	27
6732	23
6733	22
6734	28
6735	30
6736	19
6737	25
6738	22
6739	20
6740	29
6741	22
6742	26
6743	33
6744	18
6745	22
6746	18
6747	25
6748	26
6749	29
6750	21
6751	22
6752	25
6753	19
6754	32
6755	12
6756	26
6757	30
6758	24
6759	25
6760	32
6761	31
6762	20
6763	24
6764	12
6765	38
6766	17
6767	25
6768	16
6769	18
6770	28
6771	19
6772	28
6773	13
6774	21
6775	24
6776	25
6777	33
6778	23
6779	26
6780	22
6781	38
6782	24
6783	23
6784	37
6785	26
6786	35
6787	33
6788	21
6789	21
6790	25
6791	32
6792	23
6793	22
6794	25
6795	39
6796	11
6797	24
6798	23
6799	20
6800	22
6801	25
6802	34
6803	26
6804	28
6805	28
6806	23
6807	15
6808	28
6809	24
6810	22
6811	27
6812	21
6813	23
6814	24
6815	17
6816	24
6817	24
6818	31
6819	23
6820	18
6821	18
6822	29
6823	19
6824	21
6825	21
6826	30
6827	20
6828	26
6829	23
6830	17
6831	23
6832	24
6833	28
6834	32
6835	19
6836	23
6837	17
6838	31
6839	20
6840	25
6841	26
6842	25
6843	21
6844	26
6845	31
6846	19
6847	33
6848	33
6849	21
6850	31
6851	26
6852	19
6853	28
6854	20
6855	28
6856	28
6857	21
6858	27
6859	17
6860	26
6861	28
6862	20
6863	26
6864	30
6865	30
6866	22
6867	18
6868	19
6869	26
6870	18
6871	25
6872	18
6873	27
6874	14
6875	25
6876	25
6877	25
6878	26
6879	21
6880	27
6881	17
6882	16
6883	25
6884	18
6885	23
6886	24
6887	25
6888	14
6889	20
6890	17
6891	33
6892	26
6893	24
6894	23
6895	24
6896	24
6897	25
6898	20
6899	25
6900	20
6901	13
6902	18
6903	17
6904	28
6905	21
6906	22
6907	26
6908	22
6909	17
6910	18
6911	18
6912	22
6913	22
6914	15
6915	29
6916	24
6917	20
6918	19
6919	24
6920	21
6921	18
6922	23
6923	18
6924	20
6925	24
6926	18
6927	29
6928	21
6929	27
6930	15
6931	18
6932	15
6933	31
6934	23
6935	19
6936	24
6937	24
6938	21
6939	18
6940	18
6941	18
6942	14
6943	26
6944	19
6945	29
6946	17
6947	19
6948	23
6949	35
6950	16
6951	21
6952	15
6953	18
6954	21
6955	19
6956	22
6957	23
6958	21
6959	16
6960	16
6961	17
6962	22
6963	21
6964	19
6965	25
6966	24
6967	22
6968	20
6969	19
6970	17
6971	16
6972	22
6973	27
6974	15
6975	27
6976	21
6977	21
6978	20
6979	18
6980	20
6981	18
6982	20
6983	17
6984	20
6985	29
6986	13
6987	21
6988	14
6989	22
6990	16
6991	23
6992	24
6993	25
6994	16
6995	17
6996	25
6997	20
6998	26
6999	22
7000	27
7001	21
7002	26
7003	32
7004	20
7005	32
7006	15
7007	17
7008	23
7009	19
7010	25
7011	16
7012	23
7013	22
7014	22
7015	26
7016	27
7017	19
7018	27
7019	24
7020	15
7021	28
7022	26
7023	20
7024	19
7025	19
7026	23
7027	34
7028	21
7029	23
7030	32
7031	19
7032	26
7033	22
7034	19
7035	22
7036	28
7037	27
7038	28
7039	27
7040	23
7041	35
7042	17
7043	21
7044	23
7045	25
7046	31
7047	33
7048	31
7049	19
7050	37
7051	41
7052	42
7053	34
7054	42
7055	39
7056	36
7057	42
7058	41
7059	42
7060	66
7061	58
7062	56
7063	78
7064	75
7065	98
7066	106
7067	150
7068	167
7069	211
7070	255
7071	304
7072	411
7073	562
7074	691
7075	919
7076	1149
7077	1507
7078	1920
7079	2194
7080	2687
7081	3005
7082	3378
7083	3507
7084	3678
7085	3559
7086	3357
7087	2962
7088	2625
7089	2299
7090	1728
7091	1395
7092	1119
7093	774
7094	664
7095	523
7096	363
7097	315
7098	246
7099	201
7100	192
7101	171
7102	161
7103	152
7104	147
7105	107
7106	143
7107	107
7108	102
7109	102
7110	90
7111	82
7112	79
7113	83
7114	74
7115	70
7116	80
7117	55
7118	56
7119	68
7120	58
7121	73
7122	55
7123	55
7124	62
7125	59
7126	48
7127	44
7128	60
7129	54
7130	40
7131	40
7132	44
7133	51
7134	32
7135	46
7136	41
7137	50
7138	34
7139	41
7140	27
7141	30
7142	31
7143	29
7144	25
7145	21
7146	27
7147	35
7148	37
7149	16
7150	23
7151	23
7152	30
7153	13
7154	22
7155	19
7156	19
7157	19
7158	20
7159	23
7160	16
7161	20
7162	16
7163	17
7164	18
7165	24
7166	18
7167	15
7168	22
7169	20
7170	20
7171	19
7172	26
7173	15
7174	22
7175	23
7176	19
7177	18
7178	20
7179	26
7180	20
7181	20
7182	13
7183	13
7184	22
7185	18
7186	11
7187	10
7188	18
7189	19
7190	21
7191	13
7192	15
7193	16
7194	9
7195	22
7196	13
7197	16
7198	17
7199	14
7200	14
7201	11
7202	11
7203	20
7204	16
7205	15
7206	19
7207	18
7208	16
7209	14
7210	17
7211	19
7212	19
7213	14
7214	19
7215	15
7216	12
7217	16
7218	14
7219	12
7220	17
7221	15
7222	19
7223	24
7224	14
7225	16
7226	10
7227	12
7228	13
7229	19
7230	13
7231	14
7232	20
7233	21
7234	13
7235	19
7236	10
7237	11
7238	10
7239	11
7240	14
7241	11
7242	11
7243	17
7244	8
7245	10
7246	12
7247	10
7248	11
7249	17
7250	16
7251	11
7252	12
7253	12
7254	10
7255	9
7256	12
7257	19
7258	7
7259	12
7260	20
7261	22
7262	11
7263	12
7264	15
7265	13
7266	11
7267	18
7268	8
7269	9
7270	8
7271	11
7272	15
7273	12
7274	17
7275	10
7276	12
7277	17
7278	18
7279	14
7280	15
7281	7
7282	10
7283	11
7284	13
7285	10
7286	14
7287	9
7288	13
7289	13
7290	14
7291	5
7292	14
7293	13
7294	9
7295	6
7296	6
7297	22
7298	12
7299	12
7300	9
7301	14
7302	11
7303	15
7304	5
7305	16
7306	6
7307	10
7308	13
7309	16
7310	14
7311	14
7312	10
7313	10
7314	13
7315	14
7316	14
7317	16
7318	15
7319	13
7320	16
7321	14
7322	25
7323	18
7324	32
7325	29
7326	43
7327	52
7328	62
7329	63
7330	52
7331	82
7332	80
7333	98
7334	92
7335	83
7336	81
7337	87
7338	79
7339	70
7340	51
7341	50
7342	39
7343	43
7344	32
7345	34
7346	28
7347	34
7348	29
7349	29
7350	32
7351	22
7352	27
7353	32
7354	22
7355	23
7356	14
7357	16
7358	15
7359	18
7360	17
7361	20
7362	8
7363	13
7364	15
7365	15
7366	20
7367	13
7368	11
7369	11
7370	12
7371	12
7372	12
7373	13
7374	6
7375	10
7376	17
7377	10
7378	12
7379	4
7380	11
7381	8
7382	11
7383	11
7384	8
7385	7
7386	8
7387	10
7388	12
7389	9
7390	7
7391	7
7392	12
7393	7
7394	5
7395	10
7396	8
7397	10
7398	10
7399	11
7400	12
7401	9
7402	11
7403	12
7404	9
7405	9
7406	6
7407	13
7408	12
7409	5
7410	10
7411	10
7412	6
7413	7
7414	11
7415	11
7416	7
7417	7
7418	8
7419	8
7420	10
7421	15
7422	5
7423	11
7424	11
7425	15
7426	7
7427	11
7428	7
7429	8
7430	7
7431	7
7432	5
7433	12
7434	10
7435	7
7436	13
7437	11
7438	17
7439	8
7440	12
7441	7
7442	11
7443	8
7444	8
7445	12
7446	12
7447	11
7448	8
7449	9
7450	17
7451	7
7452	13
7453	11
7454	9
7455	8
7456	16
7457	7
7458	12
7459	10
7460	9
7461	12
7462	11
7463	8
7464	10
7465	10
7466	7
7467	10
7468	13
7469	3
7470	8
7471	4
7472	8
7473	14
7474	8
7475	8
7476	5
7477	12
7478	6
7479	9
7480	10
7481	7
7482	8
7483	8
7484	11
7485	10
7486	6
7487	12
7488	10
7489	10
7490	6
7491	9
7492	4
7493	5
7494	7
7495	10
7496	9
7497	3
7498	13
7499	10
7500	10
7501	3
7502	8
7503	12
7504	6
7505	12
7506	9
7507	16
7508	6
7509	6
7510	5
7511	8
7512	10
7513	9
7514	11
7515	7
7516	14
7517	8
7518	9
7519	5
7520	9
7521	9
7522	11
7523	3
7524	9
7525	6
7526	10
7527	10
7528	13
7529	11
7530	14
7531	7
7532	7
7533	12
7534	5
7535	10
7536	4
7537	8
7538	11
7539	6
7540	5
7541	4
7542	9
7543	11
7544	6
7545	11
7546	10
7547	9
7548	5
7549	6
7550	5
7551	4
7552	7
7553	9
7554	7
7555	7
7556	7
7557	6
7558	4
7559	5
7560	10
7561	16
7562	8
7563	6
7564	8
7565	10
7566	12
7567	8
7568	11
7569	4
7570	10
7571	12
7572	12
7573	11
7574	6
7575	3
7576	6
7577	13
7578	16
7579	6
7580	4
7581	9
7582	6
7583	7
7584	3
7585	7
7586	7
7587	6
7588	12
7589	5
7590	9
7591	6
7592	5
7593	8
7594	9
7595	9
7596	13
7597	8
7598	9
7599	5
7600	9
7601	9
7602	8
7603	10
7604	8
7605	5
7606	8
7607	11
7608	9
7609	9
7610	6
7611	8
7612	13
7613	6
7614	10
7615	5
7616	8
7617	10
7618	12
7619	11
7620	5
7621	8
7622	5
7623	9
7624	6
7625	13
7626	15
7627	8
7628	9
7629	13
7630	9
7631	6
7632	14
7633	8
7634	7
7635	7
7636	9
7637	3
7638	7
7639	7
7640	7
7641	7
7642	6
7643	10
7644	11
7645	7
7646	8
7647	11
7648	6
7649	6
7650	7
7651	5
7652	6
7653	10
7654	12
7655	8
7656	11
7657	6
7658	6
7659	3
7660	7
7661	11
7662	9
7663	11
7664	6
7665	13
7666	10
7667	10
7668	10
7669	12
7670	8
7671	5
7672	9
7673	14
7674	7
7675	16
7676	15
7677	9
7678	18
7679	17
7680	26
7681	27
7682	24
7683	28
7684	38
7685	43
7686	40
7687	46
7688	65
7689	55
7690	53
7691	64
7692	59
7693	62
7694	53
7695	50
7696	30
7697	48
7698	31
7699	28
7700	31
7701	23
7702	20
7703	18
7704	18
7705	15
7706	13
7707	11
7708	9
7709	10
7710	6
7711	13
7712	5
7713	7
7714	11
7715	5
7716	8
7717	5
7718	11
7719	9
7720	6
7721	7
7722	10
7723	13
7724	8
7725	6
7726	5
7727	4
7728	11
7729	7
7730	14
7731	8
7732	4
7733	4
7734	9
7735	4
7736	6
7737	10
7738	4
7739	6
7740	8
7741	5
7742	4
7743	6
7744	8
7745	4
7746	5
7747	5
7748	9
7749	7
7750	6
7751	6
7752	6
7753	7
7754	3
7755	5
7756	3
7757	11
7758	2
7759	5
7760	4
7761	6
7762	5
7763	7
7764	4
7765	9
7766	4
7767	7
7768	8
7769	8
7770	5
7771	5
7772	8
7773	6
7774	3
7775	8
7776	6
7777	6
7778	5
7779	5
7780	4
7781	7
7782	3
7783	1
7784	4
7785	4
7786	6
7787	4
7788	4
7789	3
7790	3
7791	5
7792	4
7793	7
7794	11
7795	11
7796	8
7797	7
7798	8
7799	2
7800	7
7801	3
7802	9
7803	8
7804	4
7805	5
7806	9
7807	3
7808	5
7809	7
7810	4
7811	4
7812	5
7813	7
7814	7
7815	6
7816	3
7817	3
7818	11
7819	10
7820	6
7821	3
7822	3
7823	1
7824	9
7825	4
7826	5
7827	5
7828	6
7829	6
7830	7
7831	6
7832	5
7833	4
7834	3
7835	5
7836	3
7837	7
7838	8
7839	2
7840	4
7841	7
7842	4
7843	4
7844	3
7845	5
7846	4
7847	8
7848	5
7849	4
7850	4
7851	8
7852	5
7853	5
7854	3
7855	8
7856	7
7857	8
7858	6
7859	3
7860	10
7861	3
7862	8
7863	6
7864	7
7865	3
7866	6
7867	8
7868	5
7869	6
7870	3
7871	5
7872	4
7873	3
7874	5
7875	6
7876	6
7877	4
7878	5
7879	3
7880	6
7881	5
7882	8
7883	7
7884	5
7885	5
7886	4
7887	5
7888	5
7889	3
7890	3
7891	6
7892	4
7893	6
7894	2
7895	4
7896	2
7897	6
7898	11
7899	6
7900	5
7901	4
7902	5
7903	9
7904	7
7905	3
7906	7
7907	4
7908	6
7909	6
7910	6
7911	3
7912	5
7913	5
7914	1
7915	3
7916	4
7917	5
7918	7
7919	5
7920	6
7921	3
7922	3
7923	3
7924	6
7925	6
7926	4
7927	7
7928	4
7929	4
7930	8
7931	2
7932	7
7933	10
7934	7
7935	6
7936	1
7937	3
7938	9
7939	3
7940	8
7941	7
7942	5
7943	2
7944	3
7945	11
7946	4
7947	4
7948	3
7949	1
7950	4
7951	6
7952	4
7953	4
7954	5
7955	3
7956	2
7957	4
7958	5
7959	6
7960	2
7961	9
7962	7
7963	4
7964	4
7965	4
7966	6
7967	4
7968	3
7969	4
7970	5
7971	3
7972	5
7973	5
7974	6
7975	4
7976	2
7977	9
7978	6
7979	6
7980	5
7981	3
7982	5
7983	5
7984	3
7985	8
7986	3
7987	4
7988	5
7989	4
7990	3
7991	1
7992	4
7993	5
7994	7
7995	7
7996	9
7997	5
7998	4
7999	6
8000	10
8001	4
8002	7
8003	7
8004	5
8005	6
8006	5
8007	8
8008	9
8009	5
8010	6
8011	8
8012	2
8013	2
8014	8
8015	4
8016	4
8017	1
8018	3
8019	5
8020	5
8021	4
8022	6
8023	8
8024	2
8025	2
8026	4
8027	5
8028	2
8029	3
8030	5
8031	2
8032	3
8033	2
8034	5
8035	5
8036	6
8037	1
8038	4
8039	8
8040	4
8041	6
8042	3
8043	10
8044	4
8045	6
8046	4
8047	2
8048	3
8049	4
8050	4
8051	3
8052	5
8053	5
8054	6
8055	2
8056	7
8057	5
8058	4
8059	4
8060	6
8061	6
8062	3
8063	9
8064	3
8065	4
8066	2
8067	3
8068	4
8069	6
8070	2
8071	5
8072	7
8073	4
8074	5
8075	4
8076	4
8077	4
8078	4
8079	4
8080	5
8081	6
8082	5
8083	6
8084	5
8085	8
8086	3
8087	4
8088	3
8089	9
8090	8
8091	7
8092	2
8093	5
8094	5
8095	2
8096	6
8097	5
8098	3
8099	7
8100	7
8101	1
8102	3
8103	4
8104	2
8105	4
8106	6
8107	3
8108	2
8109	6
8110	6
8111	4
8112	4
8113	4
8114	6
8115	5
8116	6
8117	4
8118	4
8119	7
8120	3
8121	1
8122	3
8123	4
8124	5
8125	5
8126	2
8127	3
8128	4
8129	5
8130	5
8131	1
8132	3
8133	2
8134	6
8135	4
8136	4
8137	9
8138	1
8139	6
8140	5
8141	6
8142	4
8143	5
8144	4
8145	3
8146	4
8147	1
8148	5
8149	1
8150	2
8151	7
8152	3
8153	4
8154	6
8155	4
8156	2
8157	6
8158	3
8159	7
8160	4
8161	6
8162	4
8163	2
8164	8
8165	3
8166	3
8167	1
8168	0
8169	2
8170	2
8171	1
8172	1
8173	0
8174	0
8175	0
8176	0
8177	0
8178	0
8179	0
8180	0
8181	0
8182	0
8183	0
8184	0
8185	0
8186	0
8187	0
8188	0
8189	0
8190	0
8191	0
