0	0
1	0
2	0
3	0
4	0
5	0
6	0
7	1
8	0
9	0
10	0
11	1
12	0
13	0
14	0
15	0
16	0
17	0
18	1
19	1
20	3
21	0
22	0
23	1
24	0
25	0
26	0
27	1
28	1
29	2
30	2
31	1
32	1
33	2
34	7
35	2
36	1
37	2
38	1
39	2
40	4
41	6
42	4
43	3
44	3
45	5
46	6
47	3
48	2
49	28
50	147
51	684
52	1834
53	4110
54	9268
55	14782
56	16705
57	16955
58	17231
59	16659
60	16434
61	15734
62	14959
63	14110
64	13230
65	12394
66	11758
67	10615
68	10099
69	9425
70	8672
71	8068
72	7400
73	6823
74	6243
75	5717
76	5275
77	4907
78	4524
79	4161
80	3892
81	3569
82	3415
83	3120
84	3025
85	2774
86	2664
87	2613
88	2399
89	2408
90	2279
91	2293
92	2267
93	2232
94	2130
95	2098
96	2149
97	2178
98	2261
99	2148
100	2166
101	2255
102	2182
103	2270
104	2186
105	2323
106	2392
107	2340
108	2423
109	2374
110	2468
111	2453
112	2484
113	2554
114	2559
115	2526
116	2620
117	2711
118	2721
119	2761
120	2834
121	2819
122	2930
123	2863
124	3027
125	3067
126	3020
127	3087
128	3140
129	3127
130	3192
131	3160
132	3129
133	3275
134	3262
135	3276
136	3290
137	3343
138	3365
139	3362
140	3358
141	3311
142	3378
143	3347
144	3364
145	3451
146	3399
147	3457
148	3368
149	3391
150	3433
151	3512
152	3473
153	3382
154	3491
155	3507
156	3448
157	3438
158	3397
159	3292
160	3435
161	3357
162	3343
163	3305
164	3358
165	3394
166	3348
167	3428
168	3286
169	3277
170	3375
171	3448
172	3384
173	3416
174	3595
175	3616
176	3620
177	3640
178	3710
179	3729
180	3922
181	3959
182	4275
183	4259
184	4454
185	4725
186	4872
187	5047
188	5218
189	5606
190	5725
191	6030
192	6246
193	6607
194	7009
195	7293
196	7545
197	7938
198	8324
199	8592
200	9207
201	9442
202	9766
203	10016
204	10483
205	10522
206	11106
207	11264
208	11628
209	11807
210	11968
211	12039
212	12450
213	12465
214	12629
215	12503
216	12647
217	12561
218	12224
219	12483
220	12115
221	12073
222	11806
223	11694
224	11473
225	11271
226	11187
227	10767
228	10439
229	10494
230	10294
231	10098
232	9851
233	9540
234	9373
235	9214
236	8966
237	8910
238	8558
239	8500
240	8488
241	8120
242	7918
243	8032
244	7844
245	7735
246	7520
247	7509
248	7426
249	7309
250	7103
251	7082
252	7039
253	6812
254	6929
255	6939
256	6560
257	6558
258	6332
259	6261
260	6224
261	6117
262	5984
263	5893
264	5857
265	5604
266	5676
267	5508
268	5320
269	5241
270	5219
271	5158
272	4950
273	4982
274	4784
275	4861
276	4748
277	4586
278	4449
279	4445
280	4286
281	4193
282	4284
283	4177
284	4041
285	4027
286	3902
287	3931
288	3732
289	3860
290	3681
291	3575
292	3534
293	3499
294	3405
295	3330
296	3303
297	3252
298	3218
299	3143
300	3040
301	3034
302	2982
303	2928
304	2900
305	2846
306	2725
307	2815
308	2593
309	2694
310	2557
311	2507
312	2513
313	2467
314	2478
315	2322
316	2304
317	2307
318	2296
319	2259
320	2187
321	2167
322	2235
323	2098
324	2136
325	2048
326	2070
327	2073
328	2050
329	2025
330	2034
331	1963
332	2010
333	1963
334	1965
335	2007
336	1862
337	1914
338	1892
339	1933
340	1848
341	1849
342	1863
343	1779
344	1843
345	1832
346	1866
347	1791
348	1790
349	1846
350	1846
351	1753
352	1839
353	1816
354	1773
355	1823
356	1800
357	1857
358	1797
359	1701
360	1779
361	1742
362	1820
363	1801
364	1768
365	1743
366	1804
367	1772
368	1773
369	1775
370	1691
371	1739
372	1797
373	1768
374	1855
375	1758
376	1810
377	1805
378	1768
379	1811
380	1849
381	1905
382	1866
383	1830
384	1955
385	1835
386	1825
387	1932
388	1903
389	1841
390	1921
391	1972
392	1869
393	1932
394	2013
395	1959
396	1963
397	2066
398	1964
399	1993
400	2068
401	2098
402	2101
403	2069
404	2132
405	2234
406	2279
407	2315
408	2291
409	2320
410	2287
411	2307
412	2437
413	2360
414	2513
415	2487
416	2528
417	2529
418	2642
419	2605
420	2546
421	2690
422	2569
423	2688
424	2707
425	2694
426	2841
427	2827
428	2766
429	2755
430	2824
431	2851
432	2836
433	2873
434	2824
435	3012
436	2862
437	2848
438	2906
439	2898
440	2929
441	2813
442	2836
443	2725
444	2823
445	2953
446	2754
447	2824
448	2802
449	2713
450	2746
451	2742
452	2731
453	2638
454	2582
455	2651
456	2579
457	2518
458	2507
459	2428
460	2469
461	2447
462	2421
463	2414
464	2291
465	2358
466	2229
467	2243
468	2224
469	2285
470	2113
471	2173
472	2052
473	2209
474	2098
475	2071
476	2029
477	1956
478	2079
479	1971
480	1958
481	1922
482	1935
483	1870
484	1891
485	1923
486	1892
487	1877
488	1854
489	1890
490	1918
491	1852
492	1829
493	1891
494	1794
495	1816
496	1722
497	1855
498	1787
499	1781
500	1876
501	1815
502	1807
503	1849
504	1765
505	1837
506	1772
507	1831
508	1773
509	1834
510	1864
511	1792
512	1799
513	1796
514	1736
515	1877
516	1800
517	1807
518	1843
519	1854
520	1753
521	1745
522	1847
523	1784
524	1792
525	1863
526	1862
527	1816
528	1857
529	1834
530	1805
531	1836
532	1784
533	1817
534	1787
535	1865
536	1870
537	1840
538	1816
539	1848
540	1853
541	1915
542	1817
543	1940
544	1929
545	1845
546	1817
547	1940
548	1968
549	2038
550	1872
551	1906
552	2023
553	1948
554	1968
555	2007
556	2019
557	1987
558	1958
559	2049
560	2027
561	2164
562	2161
563	2156
564	2165
565	2243
566	2159
567	2243
568	2351
569	2331
570	2316
571	2320
572	2462
573	2438
574	2417
575	2557
576	2669
577	2631
578	2670
579	2666
580	2790
581	2748
582	2770
583	2911
584	2778
585	2970
586	3006
587	3042
588	3019
589	3153
590	3221
591	3261
592	3337
593	3258
594	3317
595	3375
596	3547
597	3520
598	3635
599	3572
600	3561
601	3581
602	3612
603	3695
604	3846
605	3838
606	3841
607	3931
608	3921
609	4037
610	3916
611	4098
612	4042
613	4115
614	4126
615	4105
616	4009
617	4026
618	4045
619	4213
620	4164
621	4162
622	4118
623	4116
624	4014
625	4045
626	4083
627	4003
628	4085
629	3918
630	3905
631	3823
632	3798
633	3755
634	3769
635	3891
636	3768
637	3743
638	3635
639	3581
640	3503
641	3490
642	3423
643	3239
644	3454
645	3296
646	3215
647	3158
648	3123
649	3101
650	3073
651	2941
652	2914
653	2902
654	2854
655	2735
656	2772
657	2727
658	2728
659	2599
660	2607
661	2559
662	2536
663	2489
664	2481
665	2443
666	2328
667	2366
668	2313
669	2417
670	2336
671	2309
672	2188
673	2282
674	2216
675	2258
676	2249
677	2314
678	2233
679	2147
680	2230
681	2243
682	2170
683	2224
684	2265
685	2226
686	2258
687	2223
688	2245
689	2287
690	2280
691	2327
692	2359
693	2330
694	2317
695	2482
696	2410
697	2469
698	2567
699	2489
700	2567
701	2614
702	2502
703	2536
704	2656
705	2697
706	2739
707	2772
708	2855
709	2763
710	2848
711	2899
712	2927
713	2909
714	2991
715	2927
716	3092
717	3076
718	3160
719	3228
720	3264
721	3229
722	3288
723	3248
724	3340
725	3335
726	3396
727	3402
728	3429
729	3464
730	3561
731	3541
732	3537
733	3611
734	3473
735	3583
736	3616
737	3724
738	3597
739	3675
740	3695
741	3846
742	3877
743	3758
744	3867
745	3796
746	3800
747	3905
748	3764
749	3863
750	3894
751	3884
752	3840
753	3851
754	3834
755	3830
756	3890
757	3874
758	3859
759	3849
760	3793
761	3751
762	3783
763	3719
764	3776
765	3715
766	3681
767	3721
768	3731
769	3607
770	3618
771	3732
772	3682
773	3533
774	3564
775	3487
776	3453
777	3392
778	3376
779	3472
780	3316
781	3338
782	3323
783	3161
784	3163
785	3243
786	3112
787	3129
788	3056
789	3087
790	3074
791	2989
792	2821
793	2879
794	2960
795	2770
796	2796
797	2744
798	2582
799	2677
800	2574
801	2515
802	2558
803	2485
804	2505
805	2395
806	2356
807	2302
808	2315
809	2216
810	2262
811	2196
812	2157
813	2092
814	2036
815	2088
816	2055
817	1905
818	1889
819	1972
820	1835
821	1874
822	1795
823	1783
824	1723
825	1723
826	1622
827	1621
828	1664
829	1500
830	1534
831	1593
832	1587
833	1485
834	1456
835	1414
836	1403
837	1400
838	1376
839	1311
840	1395
841	1258
842	1342
843	1278
844	1321
845	1198
846	1249
847	1240
848	1230
849	1165
850	1211
851	1149
852	1149
853	1146
854	1061
855	1170
856	1117
857	1118
858	1089
859	1072
860	1075
861	1056
862	1040
863	1084
864	1018
865	1030
866	1049
867	1033
868	1035
869	1055
870	1008
871	992
872	1009
873	949
874	992
875	946
876	992
877	933
878	946
879	970
880	894
881	956
882	995
883	1031
884	939
885	959
886	948
887	936
888	930
889	930
890	923
891	905
892	898
893	930
894	915
895	977
896	873
897	920
898	931
899	975
900	933
901	925
902	940
903	939
904	897
905	929
906	950
907	891
908	967
909	927
910	988
911	936
912	884
913	949
914	873
915	917
916	952
917	910
918	914
919	902
920	943
921	920
922	965
923	903
924	909
925	909
926	879
927	883
928	933
929	890
930	949
931	928
932	942
933	866
934	882
935	895
936	864
937	945
938	946
939	821
940	891
941	882
942	867
943	903
944	922
945	918
946	905
947	862
948	875
949	862
950	890
951	879
952	835
953	887
954	867
955	826
956	886
957	834
958	896
959	894
960	910
961	869
962	893
963	894
964	911
965	903
966	884
967	852
968	886
969	890
970	852
971	916
972	887
973	884
974	872
975	893
976	856
977	847
978	916
979	877
980	948
981	921
982	918
983	902
984	900
985	836
986	840
987	823
988	898
989	868
990	817
991	878
992	834
993	801
994	899
995	874
996	837
997	893
998	926
999	947
1000	835
1001	878
1002	891
1003	844
1004	846
1005	896
1006	845
1007	903
1008	921
1009	905
1010	870
1011	919
1012	889
1013	918
1014	846
1015	913
1016	915
1017	877
1018	876
1019	855
1020	885
1021	917
1022	876
1023	850
1024	847
1025	863
1026	874
1027	882
1028	861
1029	866
1030	878
1031	848
1032	781
1033	903
1034	870
1035	845
1036	865
1037	893
1038	848
1039	898
1040	857
1041	817
1042	812
1043	841
1044	828
1045	831
1046	860
1047	881
1048	839
1049	864
1050	844
1051	883
1052	861
1053	896
1054	838
1055	868
1056	831
1057	862
1058	792
1059	806
1060	797
1061	870
1062	847
1063	870
1064	864
1065	804
1066	801
1067	802
1068	855
1069	823
1070	886
1071	830
1072	800
1073	814
1074	853
1075	828
1076	810
1077	817
1078	827
1079	809
1080	795
1081	843
1082	802
1083	797
1084	782
1085	789
1086	811
1087	795
1088	822
1089	770
1090	831
1091	743
1092	798
1093	804
1094	785
1095	827
1096	790
1097	734
1098	833
1099	794
1100	744
1101	801
1102	783
1103	788
1104	766
1105	785
1106	762
1107	759
1108	792
1109	726
1110	831
1111	807
1112	725
1113	792
1114	772
1115	766
1116	802
1117	794
1118	786
1119	833
1120	747
1121	780
1122	744
1123	821
1124	795
1125	779
1126	814
1127	750
1128	745
1129	757
1130	711
1131	798
1132	772
1133	740
1134	792
1135	760
1136	772
1137	756
1138	799
1139	793
1140	744
1141	778
1142	742
1143	799
1144	730
1145	791
1146	766
1147	786
1148	740
1149	763
1150	809
1151	780
1152	750
1153	766
1154	763
1155	754
1156	748
1157	707
1158	741
1159	739
1160	717
1161	763
1162	754
1163	763
1164	787
1165	800
1166	831
1167	804
1168	742
1169	757
1170	724
1171	726
1172	772
1173	740
1174	754
1175	840
1176	734
1177	766
1178	737
1179	812
1180	715
1181	766
1182	732
1183	723
1184	772
1185	748
1186	722
1187	763
1188	781
1189	769
1190	708
1191	803
1192	778
1193	795
1194	748
1195	786
1196	763
1197	832
1198	842
1199	778
1200	713
1201	730
1202	778
1203	774
1204	794
1205	783
1206	738
1207	810
1208	755
1209	782
1210	778
1211	754
1212	789
1213	824
1214	744
1215	790
1216	734
1217	810
1218	710
1219	742
1220	794
1221	771
1222	782
1223	731
1224	766
1225	752
1226	777
1227	796
1228	844
1229	766
1230	782
1231	841
1232	804
1233	742
1234	762
1235	773
1236	770
1237	796
1238	789
1239	772
1240	736
1241	720
1242	741
1243	798
1244	761
1245	755
1246	797
1247	756
1248	805
1249	794
1250	751
1251	752
1252	791
1253	773
1254	795
1255	758
1256	730
1257	718
1258	786
1259	750
1260	733
1261	766
1262	759
1263	766
1264	796
1265	755
1266	795
1267	790
1268	741
1269	749
1270	787
1271	782
1272	766
1273	769
1274	750
1275	744
1276	789
1277	781
1278	741
1279	773
1280	722
1281	747
1282	723
1283	831
1284	794
1285	715
1286	757
1287	779
1288	788
1289	771
1290	777
1291	692
1292	768
1293	750
1294	748
1295	741
1296	804
1297	797
1298	786
1299	763
1300	792
1301	775
1302	795
1303	762
1304	754
1305	794
1306	785
1307	773
1308	777
1309	823
1310	813
1311	783
1312	759
1313	786
1314	801
1315	866
1316	811
1317	794
1318	814
1319	844
1320	760
1321	817
1322	851
1323	857
1324	833
1325	855
1326	840
1327	881
1328	836
1329	846
1330	880
1331	901
1332	862
1333	906
1334	823
1335	883
1336	893
1337	900
1338	917
1339	897
1340	880
1341	890
1342	949
1343	881
1344	895
1345	975
1346	888
1347	915
1348	926
1349	982
1350	911
1351	981
1352	984
1353	915
1354	971
1355	1017
1356	994
1357	987
1358	1026
1359	952
1360	998
1361	1076
1362	987
1363	1041
1364	986
1365	1059
1366	1047
1367	1054
1368	1054
1369	1063
1370	1106
1371	1092
1372	1055
1373	1082
1374	1093
1375	1143
1376	1144
1377	1149
1378	1081
1379	1153
1380	1130
1381	1119
1382	1059
1383	1158
1384	1169
1385	1180
1386	1107
1387	1114
1388	1205
1389	1159
1390	1196
1391	1138
1392	1197
1393	1231
1394	1198
1395	1209
1396	1187
1397	1256
1398	1264
1399	1192
1400	1206
1401	1286
1402	1235
1403	1241
1404	1215
1405	1205
1406	1238
1407	1245
1408	1214
1409	1261
1410	1284
1411	1276
1412	1183
1413	1173
1414	1243
1415	1215
1416	1257
1417	1212
1418	1201
1419	1229
1420	1213
1421	1253
1422	1250
1423	1260
1424	1227
1425	1251
1426	1225
1427	1213
1428	1249
1429	1236
1430	1233
1431	1255
1432	1234
1433	1148
1434	1238
1435	1185
1436	1208
1437	1242
1438	1149
1439	1199
1440	1164
1441	1217
1442	1241
1443	1168
1444	1158
1445	1131
1446	1186
1447	1174
1448	1178
1449	1135
1450	1133
1451	1135
1452	1156
1453	1136
1454	1143
1455	1126
1456	1122
1457	1106
1458	1093
1459	1147
1460	1113
1461	1125
1462	1117
1463	1114
1464	1135
1465	1119
1466	1097
1467	1088
1468	1131
1469	1116
1470	1089
1471	1145
1472	1095
1473	1043
1474	1134
1475	1094
1476	1071
1477	1042
1478	1024
1479	1024
1480	1059
1481	1066
1482	1016
1483	1050
1484	1081
1485	1041
1486	1025
1487	1037
1488	1048
1489	1044
1490	1016
1491	992
1492	1077
1493	981
1494	1049
1495	985
1496	1006
1497	997
1498	1025
1499	1056
1500	1018
1501	1006
1502	1027
1503	996
1504	1013
1505	935
1506	1036
1507	981
1508	998
1509	987
1510	986
1511	988
1512	983
1513	936
1514	980
1515	997
1516	931
1517	913
1518	947
1519	1015
1520	917
1521	983
1522	911
1523	918
1524	985
1525	930
1526	885
1527	920
1528	900
1529	926
1530	884
1531	959
1532	908
1533	959
1534	955
1535	906
1536	917
1537	938
1538	887
1539	878
1540	914
1541	946
1542	867
1543	938
1544	868
1545	909
1546	856
1547	927
1548	845
1549	785
1550	837
1551	871
1552	874
1553	786
1554	825
1555	823
1556	861
1557	842
1558	820
1559	792
1560	816
1561	825
1562	847
1563	832
1564	835
1565	787
1566	739
1567	799
1568	804
1569	775
1570	803
1571	772
1572	778
1573	740
1574	764
1575	799
1576	780
1577	764
1578	760
1579	762
1580	731
1581	725
1582	750
1583	760
1584	694
1585	742
1586	757
1587	733
1588	696
1589	717
1590	703
1591	679
1592	679
1593	696
1594	691
1595	678
1596	652
1597	677
1598	681
1599	687
1600	675
1601	671
1602	609
1603	642
1604	641
1605	674
1606	664
1607	618
1608	607
1609	603
1610	645
1611	664
1612	637
1613	665
1614	644
1615	583
1616	629
1617	641
1618	674
1619	593
1620	596
1621	629
1622	654
1623	599
1624	614
1625	581
1626	588
1627	625
1628	600
1629	619
1630	570
1631	658
1632	581
1633	617
1634	559
1635	556
1636	600
1637	587
1638	582
1639	625
1640	580
1641	549
1642	609
1643	565
1644	612
1645	637
1646	650
1647	617
1648	568
1649	585
1650	621
1651	601
1652	604
1653	597
1654	640
1655	623
1656	605
1657	642
1658	652
1659	606
1660	600
1661	605
1662	580
1663	661
1664	642
1665	660
1666	620
1667	671
1668	650
1669	706
1670	678
1671	625
1672	680
1673	674
1674	674
1675	641
1676	650
1677	702
1678	646
1679	666
1680	672
1681	729
1682	675
1683	643
1684	665
1685	657
1686	708
1687	720
1688	683
1689	707
1690	697
1691	674
1692	705
1693	757
1694	699
1695	726
1696	767
1697	737
1698	750
1699	717
1700	762
1701	766
1702	744
1703	744
1704	752
1705	752
1706	814
1707	756
1708	707
1709	718
1710	721
1711	779
1712	745
1713	771
1714	729
1715	755
1716	765
1717	749
1718	747
1719	790
1720	770
1721	757
1722	821
1723	738
1724	781
1725	741
1726	783
1727	706
1728	750
1729	765
1730	758
1731	724
1732	774
1733	746
1734	791
1735	788
1736	765
1737	784
1738	759
1739	724
1740	750
1741	743
1742	706
1743	739
1744	726
1745	753
1746	723
1747	772
1748	753
1749	763
1750	716
1751	743
1752	750
1753	757
1754	747
1755	688
1756	789
1757	738
1758	684
1759	724
1760	706
1761	737
1762	686
1763	711
1764	702
1765	698
1766	680
1767	686
1768	641
1769	661
1770	651
1771	677
1772	685
1773	658
1774	661
1775	649
1776	663
1777	674
1778	619
1779	671
1780	631
1781	598
1782	656
1783	555
1784	592
1785	704
1786	633
1787	575
1788	637
1789	569
1790	598
1791	633
1792	567
1793	533
1794	527
1795	554
1796	582
1797	524
1798	594
1799	568
1800	550
1801	533
1802	518
1803	548
1804	595
1805	538
1806	626
1807	597
1808	544
1809	518
1810	524
1811	584
1812	569
1813	507
1814	492
1815	521
1816	490
1817	475
1818	503
1819	500
1820	512
1821	487
1822	515
1823	512
1824	475
1825	469
1826	503
1827	499
1828	497
1829	508
1830	505
1831	503
1832	500
1833	491
1834	526
1835	463
1836	479
1837	492
1838	454
1839	472
1840	506
1841	506
1842	538
1843	500
1844	502
1845	510
1846	501
1847	509
1848	482
1849	511
1850	505
1851	534
1852	466
1853	493
1854	534
1855	592
1856	503
1857	550
1858	520
1859	503
1860	541
1861	515
1862	508
1863	509
1864	580
1865	536
1866	513
1867	555
1868	557
1869	572
1870	530
1871	522
1872	583
1873	573
1874	556
1875	564
1876	612
1877	593
1878	545
1879	613
1880	579
1881	602
1882	602
1883	592
1884	655
1885	644
1886	620
1887	633
1888	669
1889	597
1890	633
1891	659
1892	684
1893	677
1894	686
1895	640
1896	700
1897	713
1898	700
1899	702
1900	727
1901	752
1902	719
1903	770
1904	732
1905	747
1906	802
1907	725
1908	763
1909	761
1910	809
1911	794
1912	791
1913	876
1914	835
1915	863
1916	825
1917	839
1918	822
1919	786
1920	920
1921	879
1922	903
1923	869
1924	878
1925	860
1926	894
1927	959
1928	914
1929	931
1930	913
1931	957
1932	931
1933	953
1934	996
1935	956
1936	1029
1937	1067
1938	1029
1939	958
1940	1041
1941	1039
1942	1051
1943	1014
1944	1045
1945	1052
1946	1051
1947	1035
1948	1108
1949	1149
1950	1013
1951	1020
1952	1082
1953	1117
1954	1086
1955	1175
1956	1173
1957	1190
1958	1191
1959	1208
1960	1193
1961	1141
1962	1181
1963	1229
1964	1194
1965	1192
1966	1250
1967	1186
1968	1266
1969	1212
1970	1198
1971	1211
1972	1238
1973	1240
1974	1223
1975	1258
1976	1266
1977	1254
1978	1322
1979	1306
1980	1315
1981	1229
1982	1282
1983	1310
1984	1338
1985	1319
1986	1261
1987	1268
1988	1301
1989	1298
1990	1302
1991	1291
1992	1301
1993	1304
1994	1330
1995	1246
1996	1276
1997	1349
1998	1275
1999	1300
2000	1294
2001	1346
2002	1334
2003	1360
2004	1326
2005	1240
2006	1350
2007	1383
2008	1336
2009	1399
2010	1350
2011	1352
2012	1360
2013	1282
2014	1354
2015	1393
2016	1363
2017	1318
2018	1343
2019	1332
2020	1318
2021	1323
2022	1286
2023	1324
2024	1341
2025	1326
2026	1295
2027	1388
2028	1347
2029	1313
2030	1378
2031	1382
2032	1335
2033	1383
2034	1384
2035	1274
2036	1268
2037	1377
2038	1277
2039	1337
2040	1297
2041	1347
2042	1344
2043	1309
2044	1293
2045	1279
2046	1188
2047	1285
2048	1343
2049	1279
2050	1316
2051	1308
2052	1268
2053	1286
2054	1285
2055	1289
2056	1279
2057	1373
2058	1284
2059	1285
2060	1213
2061	1277
2062	1294
2063	1257
2064	1236
2065	1269
2066	1343
2067	1222
2068	1214
2069	1238
2070	1282
2071	1286
2072	1231
2073	1272
2074	1244
2075	1230
2076	1220
2077	1238
2078	1256
2079	1250
2080	1230
2081	1230
2082	1186
2083	1231
2084	1201
2085	1237
2086	1217
2087	1130
2088	1195
2089	1180
2090	1201
2091	1185
2092	1185
2093	1211
2094	1179
2095	1145
2096	1158
2097	1134
2098	1175
2099	1190
2100	1164
2101	1151
2102	1094
2103	1190
2104	1099
2105	1154
2106	1066
2107	1119
2108	1110
2109	1070
2110	1169
2111	1118
2112	1178
2113	1061
2114	1080
2115	1186
2116	1041
2117	1096
2118	1055
2119	1136
2120	1099
2121	1103
2122	1023
2123	1090
2124	1044
2125	1024
2126	1049
2127	1089
2128	1099
2129	1032
2130	1067
2131	977
2132	1035
2133	1040
2134	990
2135	1030
2136	1019
2137	967
2138	1034
2139	946
2140	1011
2141	969
2142	954
2143	952
2144	971
2145	918
2146	942
2147	934
2148	921
2149	913
2150	956
2151	967
2152	941
2153	903
2154	903
2155	913
2156	886
2157	853
2158	854
2159	868
2160	897
2161	887
2162	872
2163	858
2164	851
2165	851
2166	850
2167	800
2168	815
2169	822
2170	801
2171	793
2172	802
2173	808
2174	768
2175	768
2176	790
2177	765
2178	754
2179	720
2180	732
2181	729
2182	750
2183	719
2184	701
2185	721
2186	715
2187	679
2188	682
2189	705
2190	642
2191	682
2192	723
2193	698
2194	659
2195	675
2196	641
2197	611
2198	637
2199	617
2200	640
2201	653
2202	595
2203	601
2204	591
2205	592
2206	623
2207	561
2208	585
2209	602
2210	549
2211	572
2212	592
2213	561
2214	510
2215	535
2216	525
2217	520
2218	551
2219	545
2220	514
2221	525
2222	530
2223	491
2224	480
2225	486
2226	475
2227	510
2228	471
2229	464
2230	490
2231	484
2232	456
2233	450
2234	463
2235	425
2236	420
2237	444
2238	429
2239	432
2240	452
2241	428
2242	431
2243	425
2244	404
2245	410
2246	412
2247	431
2248	432
2249	392
2250	376
2251	424
2252	378
2253	385
2254	349
2255	368
2256	355
2257	348
2258	374
2259	386
2260	374
2261	387
2262	351
2263	363
2264	361
2265	395
2266	366
2267	374
2268	378
2269	348
2270	335
2271	350
2272	320
2273	337
2274	339
2275	339
2276	327
2277	320
2278	313
2279	338
2280	303
2281	315
2282	340
2283	322
2284	334
2285	317
2286	308
2287	294
2288	303
2289	279
2290	294
2291	319
2292	302
2293	303
2294	304
2295	292
2296	306
2297	309
2298	295
2299	260
2300	309
2301	297
2302	313
2303	266
2304	291
2305	290
2306	307
2307	284
2308	269
2309	273
2310	264
2311	272
2312	303
2313	306
2314	293
2315	274
2316	254
2317	285
2318	283
2319	290
2320	262
2321	309
2322	288
2323	315
2324	287
2325	306
2326	259
2327	291
2328	286
2329	304
2330	256
2331	253
2332	285
2333	259
2334	292
2335	284
2336	276
2337	287
2338	297
2339	303
2340	284
2341	311
2342	253
2343	273
2344	323
2345	324
2346	295
2347	279
2348	336
2349	263
2350	289
2351	254
2352	292
2353	255
2354	292
2355	315
2356	307
2357	292
2358	305
2359	319
2360	322
2361	328
2362	307
2363	331
2364	323
2365	327
2366	316
2367	342
2368	357
2369	307
2370	341
2371	311
2372	368
2373	366
2374	405
2375	353
2376	372
2377	371
2378	367
2379	342
2380	345
2381	364
2382	386
2383	364
2384	356
2385	382
2386	396
2387	398
2388	389
2389	405
2390	432
2391	422
2392	387
2393	389
2394	432
2395	419
2396	401
2397	414
2398	431
2399	409
2400	425
2401	466
2402	437
2403	428
2404	455
2405	471
2406	481
2407	445
2408	469
2409	444
2410	453
2411	496
2412	489
2413	506
2414	495
2415	500
2416	490
2417	517
2418	509
2419	500
2420	512
2421	490
2422	515
2423	499
2424	534
2425	519
2426	557
2427	516
2428	538
2429	550
2430	572
2431	587
2432	542
2433	600
2434	524
2435	547
2436	611
2437	577
2438	551
2439	564
2440	565
2441	648
2442	592
2443	570
2444	563
2445	610
2446	622
2447	596
2448	559
2449	600
2450	579
2451	607
2452	626
2453	567
2454	605
2455	547
2456	584
2457	582
2458	581
2459	558
2460	578
2461	568
2462	619
2463	646
2464	596
2465	657
2466	540
2467	583
2468	608
2469	575
2470	631
2471	579
2472	583
2473	595
2474	556
2475	585
2476	608
2477	605
2478	529
2479	591
2480	583
2481	553
2482	525
2483	529
2484	537
2485	564
2486	561
2487	517
2488	532
2489	525
2490	538
2491	512
2492	554
2493	541
2494	519
2495	518
2496	497
2497	524
2498	515
2499	486
2500	494
2501	508
2502	472
2503	483
2504	452
2505	459
2506	435
2507	469
2508	480
2509	482
2510	443
2511	453
2512	434
2513	471
2514	450
2515	432
2516	451
2517	380
2518	415
2519	434
2520	403
2521	384
2522	445
2523	415
2524	400
2525	401
2526	383
2527	388
2528	373
2529	392
2530	363
2531	380
2532	343
2533	374
2534	347
2535	328
2536	354
2537	345
2538	352
2539	351
2540	403
2541	315
2542	337
2543	337
2544	323
2545	310
2546	337
2547	335
2548	290
2549	333
2550	332
2551	326
2552	305
2553	328
2554	301
2555	326
2556	292
2557	308
2558	289
2559	293
2560	266
2561	286
2562	314
2563	299
2564	298
2565	311
2566	311
2567	303
2568	287
2569	253
2570	272
2571	302
2572	266
2573	271
2574	234
2575	274
2576	258
2577	240
2578	267
2579	240
2580	247
2581	271
2582	247
2583	260
2584	272
2585	273
2586	238
2587	266
2588	250
2589	299
2590	257
2591	256
2592	272
2593	252
2594	236
2595	267
2596	228
2597	260
2598	221
2599	232
2600	272
2601	237
2602	235
2603	250
2604	228
2605	267
2606	208
2607	251
2608	234
2609	271
2610	220
2611	251
2612	250
2613	229
2614	230
2615	244
2616	219
2617	218
2618	218
2619	223
2620	237
2621	236
2622	242
2623	243
2624	223
2625	250
2626	240
2627	215
2628	258
2629	213
2630	228
2631	217
2632	216
2633	250
2634	205
2635	211
2636	239
2637	228
2638	231
2639	236
2640	212
2641	218
2642	233
2643	205
2644	236
2645	242
2646	214
2647	223
2648	226
2649	230
2650	230
2651	203
2652	240
2653	212
2654	209
2655	208
2656	232
2657	236
2658	215
2659	247
2660	206
2661	230
2662	219
2663	229
2664	238
2665	224
2666	203
2667	228
2668	251
2669	221
2670	207
2671	226
2672	214
2673	193
2674	192
2675	224
2676	245
2677	217
2678	237
2679	250
2680	225
2681	237
2682	231
2683	223
2684	234
2685	229
2686	214
2687	225
2688	213
2689	225
2690	232
2691	211
2692	200
2693	213
2694	224
2695	235
2696	188
2697	194
2698	201
2699	215
2700	229
2701	205
2702	212
2703	206
2704	233
2705	202
2706	200
2707	236
2708	214
2709	200
2710	213
2711	201
2712	214
2713	217
2714	234
2715	217
2716	198
2717	213
2718	203
2719	214
2720	193
2721	216
2722	212
2723	218
2724	211
2725	213
2726	214
2727	201
2728	200
2729	200
2730	196
2731	195
2732	179
2733	193
2734	207
2735	191
2736	227
2737	155
2738	178
2739	187
2740	193
2741	198
2742	178
2743	216
2744	175
2745	195
2746	204
2747	168
2748	183
2749	189
2750	191
2751	207
2752	187
2753	197
2754	187
2755	199
2756	176
2757	194
2758	186
2759	198
2760	214
2761	165
2762	203
2763	197
2764	177
2765	197
2766	171
2767	180
2768	190
2769	194
2770	186
2771	193
2772	166
2773	172
2774	214
2775	193
2776	176
2777	180
2778	186
2779	194
2780	188
2781	181
2782	169
2783	206
2784	172
2785	182
2786	151
2787	201
2788	174
2789	161
2790	188
2791	188
2792	206
2793	200
2794	185
2795	183
2796	195
2797	175
2798	179
2799	174
2800	180
2801	181
2802	193
2803	186
2804	155
2805	177
2806	174
2807	166
2808	169
2809	175
2810	198
2811	160
2812	170
2813	175
2814	166
2815	195
2816	161
2817	170
2818	189
2819	184
2820	181
2821	179
2822	196
2823	170
2824	167
2825	146
2826	170
2827	157
2828	177
2829	165
2830	152
2831	176
2832	177
2833	184
2834	145
2835	144
2836	153
2837	178
2838	169
2839	155
2840	165
2841	140
2842	153
2843	168
2844	150
2845	153
2846	148
2847	165
2848	160
2849	159
2850	155
2851	136
2852	139
2853	142
2854	150
2855	141
2856	132
2857	132
2858	144
2859	130
2860	137
2861	151
2862	144
2863	147
2864	154
2865	154
2866	149
2867	149
2868	129
2869	132
2870	150
2871	136
2872	165
2873	175
2874	138
2875	136
2876	156
2877	144
2878	147
2879	132
2880	151
2881	151
2882	136
2883	128
2884	150
2885	155
2886	148
2887	126
2888	133
2889	155
2890	159
2891	158
2892	135
2893	148
2894	136
2895	170
2896	154
2897	141
2898	152
2899	156
2900	132
2901	116
2902	162
2903	160
2904	158
2905	140
2906	142
2907	137
2908	173
2909	127
2910	131
2911	148
2912	144
2913	131
2914	119
2915	139
2916	134
2917	149
2918	132
2919	143
2920	141
2921	163
2922	147
2923	116
2924	154
2925	130
2926	133
2927	152
2928	124
2929	129
2930	125
2931	150
2932	143
2933	137
2934	133
2935	137
2936	119
2937	142
2938	113
2939	153
2940	144
2941	143
2942	128
2943	145
2944	134
2945	159
2946	152
2947	131
2948	138
2949	146
2950	138
2951	131
2952	131
2953	125
2954	104
2955	173
2956	149
2957	157
2958	127
2959	148
2960	156
2961	135
2962	123
2963	142
2964	137
2965	141
2966	132
2967	132
2968	133
2969	152
2970	129
2971	125
2972	125
2973	125
2974	134
2975	136
2976	125
2977	132
2978	132
2979	133
2980	120
2981	121
2982	148
2983	131
2984	143
2985	133
2986	132
2987	125
2988	115
2989	140
2990	141
2991	136
2992	146
2993	143
2994	141
2995	121
2996	136
2997	143
2998	126
2999	145
3000	154
3001	138
3002	122
3003	132
3004	121
3005	115
3006	138
3007	135
3008	140
3009	144
3010	133
3011	138
3012	146
3013	149
3014	126
3015	113
3016	140
3017	151
3018	137
3019	127
3020	135
3021	149
3022	120
3023	147
3024	155
3025	148
3026	132
3027	123
3028	157
3029	126
3030	129
3031	131
3032	135
3033	155
3034	121
3035	135
3036	129
3037	134
3038	121
3039	125
3040	138
3041	140
3042	141
3043	133
3044	142
3045	144
3046	111
3047	135
3048	130
3049	135
3050	131
3051	149
3052	138
3053	141
3054	127
3055	142
3056	103
3057	127
3058	125
3059	112
3060	125
3061	145
3062	145
3063	131
3064	115
3065	158
3066	138
3067	127
3068	128
3069	128
3070	133
3071	141
3072	147
3073	144
3074	127
3075	132
3076	134
3077	129
3078	141
3079	138
3080	135
3081	130
3082	122
3083	137
3084	119
3085	106
3086	132
3087	135
3088	127
3089	127
3090	114
3091	120
3092	125
3093	125
3094	147
3095	127
3096	105
3097	124
3098	137
3099	130
3100	128
3101	119
3102	136
3103	128
3104	140
3105	144
3106	146
3107	162
3108	129
3109	133
3110	133
3111	109
3112	137
3113	113
3114	114
3115	146
3116	131
3117	122
3118	127
3119	137
3120	118
3121	147
3122	133
3123	122
3124	112
3125	128
3126	129
3127	139
3128	127
3129	145
3130	106
3131	121
3132	116
3133	123
3134	118
3135	128
3136	105
3137	122
3138	121
3139	118
3140	129
3141	127
3142	144
3143	108
3144	134
3145	123
3146	116
3147	116
3148	125
3149	124
3150	125
3151	99
3152	110
3153	130
3154	143
3155	173
3156	166
3157	180
3158	205
3159	200
3160	190
3161	151
3162	142
3163	127
3164	128
3165	136
3166	107
3167	131
3168	128
3169	111
3170	124
3171	115
3172	129
3173	122
3174	147
3175	127
3176	127
3177	125
3178	134
3179	110
3180	98
3181	133
3182	120
3183	124
3184	122
3185	117
3186	122
3187	115
3188	121
3189	114
3190	99
3191	133
3192	111
3193	129
3194	128
3195	116
3196	115
3197	110
3198	114
3199	126
3200	107
3201	126
3202	153
3203	111
3204	139
3205	130
3206	120
3207	125
3208	121
3209	131
3210	105
3211	136
3212	119
3213	108
3214	110
3215	136
3216	129
3217	127
3218	136
3219	117
3220	112
3221	140
3222	124
3223	131
3224	121
3225	129
3226	134
3227	116
3228	121
3229	140
3230	118
3231	136
3232	138
3233	115
3234	127
3235	136
3236	122
3237	125
3238	124
3239	110
3240	128
3241	133
3242	117
3243	112
3244	111
3245	121
3246	131
3247	133
3248	130
3249	103
3250	112
3251	130
3252	147
3253	122
3254	123
3255	132
3256	95
3257	129
3258	114
3259	109
3260	122
3261	121
3262	112
3263	131
3264	119
3265	135
3266	108
3267	136
3268	119
3269	108
3270	130
3271	123
3272	129
3273	114
3274	117
3275	111
3276	117
3277	123
3278	114
3279	102
3280	114
3281	137
3282	147
3283	128
3284	111
3285	109
3286	121
3287	115
3288	112
3289	119
3290	145
3291	113
3292	120
3293	112
3294	112
3295	134
3296	140
3297	121
3298	112
3299	119
3300	155
3301	119
3302	140
3303	115
3304	122
3305	110
3306	114
3307	138
3308	127
3309	123
3310	124
3311	125
3312	109
3313	149
3314	128
3315	112
3316	115
3317	133
3318	110
3319	123
3320	131
3321	115
3322	148
3323	113
3324	114
3325	126
3326	138
3327	118
3328	118
3329	109
3330	120
3331	138
3332	123
3333	118
3334	143
3335	136
3336	129
3337	115
3338	122
3339	127
3340	112
3341	111
3342	132
3343	141
3344	123
3345	127
3346	130
3347	131
3348	122
3349	124
3350	106
3351	137
3352	104
3353	123
3354	114
3355	130
3356	111
3357	139
3358	112
3359	128
3360	128
3361	123
3362	103
3363	111
3364	118
3365	138
3366	137
3367	122
3368	134
3369	113
3370	130
3371	118
3372	140
3373	147
3374	138
3375	126
3376	114
3377	126
3378	141
3379	118
3380	128
3381	133
3382	112
3383	132
3384	100
3385	120
3386	115
3387	126
3388	149
3389	142
3390	129
3391	117
3392	118
3393	126
3394	107
3395	144
3396	117
3397	120
3398	137
3399	129
3400	133
3401	108
3402	132
3403	125
3404	103
3405	118
3406	135
3407	122
3408	139
3409	119
3410	126
3411	120
3412	136
3413	118
3414	127
3415	125
3416	125
3417	128
3418	121
3419	131
3420	127
3421	116
3422	120
3423	93
3424	103
3425	126
3426	120
3427	135
3428	109
3429	125
3430	115
3431	100
3432	122
3433	103
3434	118
3435	136
3436	102
3437	126
3438	117
3439	112
3440	111
3441	129
3442	121
3443	108
3444	105
3445	117
3446	124
3447	124
3448	99
3449	120
3450	116
3451	127
3452	127
3453	105
3454	130
3455	136
3456	114
3457	119
3458	135
3459	122
3460	122
3461	119
3462	105
3463	123
3464	114
3465	121
3466	120
3467	111
3468	115
3469	118
3470	127
3471	118
3472	118
3473	140
3474	129
3475	128
3476	119
3477	116
3478	130
3479	129
3480	88
3481	123
3482	116
3483	110
3484	128
3485	129
3486	123
3487	101
3488	100
3489	121
3490	136
3491	121
3492	108
3493	116
3494	134
3495	115
3496	121
3497	113
3498	121
3499	124
3500	122
3501	119
3502	133
3503	102
3504	119
3505	111
3506	87
3507	107
3508	117
3509	115
3510	114
3511	115
3512	120
3513	111
3514	139
3515	131
3516	126
3517	118
3518	114
3519	114
3520	116
3521	110
3522	108
3523	117
3524	109
3525	123
3526	112
3527	138
3528	130
3529	127
3530	124
3531	124
3532	116
3533	115
3534	134
3535	106
3536	122
3537	118
3538	113
3539	97
3540	126
3541	106
3542	114
3543	97
3544	114
3545	123
3546	104
3547	120
3548	112
3549	116
3550	111
3551	108
3552	106
3553	129
3554	114
3555	113
3556	126
3557	112
3558	127
3559	126
3560	118
3561	108
3562	99
3563	79
3564	140
3565	116
3566	104
3567	95
3568	93
3569	125
3570	118
3571	99
3572	125
3573	120
3574	113
3575	113
3576	106
3577	116
3578	117
3579	105
3580	101
3581	109
3582	114
3583	113
3584	110
3585	105
3586	118
3587	137
3588	101
3589	118
3590	114
3591	122
3592	116
3593	109
3594	117
3595	114
3596	121
3597	122
3598	118
3599	122
3600	109
3601	122
3602	113
3603	107
3604	129
3605	125
3606	123
3607	101
3608	105
3609	106
3610	109
3611	118
3612	102
3613	114
3614	122
3615	99
3616	118
3617	103
3618	102
3619	103
3620	118
3621	104
3622	95
3623	105
3624	111
3625	93
3626	101
3627	107
3628	113
3629	106
3630	96
3631	110
3632	117
3633	113
3634	103
3635	100
3636	105
3637	98
3638	107
3639	105
3640	118
3641	99
3642	101
3643	87
3644	95
3645	99
3646	108
3647	117
3648	110
3649	116
3650	108
3651	101
3652	93
3653	93
3654	117
3655	101
3656	113
3657	106
3658	106
3659	95
3660	101
3661	92
3662	105
3663	103
3664	105
3665	90
3666	94
3667	78
3668	96
3669	107
3670	92
3671	105
3672	120
3673	113
3674	88
3675	94
3676	107
3677	86
3678	93
3679	85
3680	98
3681	103
3682	93
3683	110
3684	92
3685	104
3686	106
3687	102
3688	107
3689	87
3690	114
3691	102
3692	95
3693	111
3694	112
3695	97
3696	115
3697	95
3698	105
3699	100
3700	81
3701	100
3702	103
3703	118
3704	93
3705	100
3706	103
3707	112
3708	99
3709	112
3710	108
3711	97
3712	89
3713	102
3714	103
3715	90
3716	102
3717	114
3718	110
3719	102
3720	93
3721	94
3722	107
3723	103
3724	102
3725	100
3726	102
3727	92
3728	108
3729	94
3730	112
3731	104
3732	95
3733	103
3734	105
3735	93
3736	121
3737	104
3738	109
3739	103
3740	115
3741	97
3742	102
3743	112
3744	99
3745	105
3746	93
3747	85
3748	88
3749	119
3750	111
3751	96
3752	100
3753	90
3754	116
3755	110
3756	102
3757	87
3758	99
3759	104
3760	121
3761	109
3762	96
3763	105
3764	104
3765	105
3766	91
3767	100
3768	91
3769	106
3770	94
3771	99
3772	103
3773	74
3774	92
3775	111
3776	102
3777	91
3778	110
3779	84
3780	104
3781	107
3782	93
3783	113
3784	93
3785	99
3786	103
3787	108
3788	88
3789	108
3790	113
3791	102
3792	100
3793	117
3794	100
3795	94
3796	103
3797	99
3798	106
3799	107
3800	84
3801	96
3802	92
3803	101
3804	98
3805	104
3806	103
3807	105
3808	96
3809	94
3810	95
3811	107
3812	88
3813	106
3814	89
3815	89
3816	114
3817	91
3818	92
3819	102
3820	84
3821	104
3822	95
3823	102
3824	103
3825	109
3826	109
3827	82
3828	98
3829	113
3830	101
3831	111
3832	104
3833	105
3834	93
3835	100
3836	97
3837	112
3838	102
3839	86
3840	106
3841	114
3842	90
3843	107
3844	97
3845	91
3846	98
3847	99
3848	97
3849	95
3850	89
3851	101
3852	90
3853	90
3854	95
3855	89
3856	106
3857	96
3858	79
3859	117
3860	100
3861	106
3862	111
3863	109
3864	87
3865	99
3866	93
3867	100
3868	94
3869	87
3870	96
3871	78
3872	105
3873	87
3874	105
3875	97
3876	99
3877	95
3878	112
3879	100
3880	96
3881	93
3882	100
3883	115
3884	94
3885	93
3886	104
3887	87
3888	102
3889	106
3890	101
3891	117
3892	98
3893	88
3894	96
3895	95
3896	99
3897	97
3898	82
3899	109
3900	89
3901	99
3902	111
3903	101
3904	98
3905	98
3906	103
3907	104
3908	115
3909	110
3910	87
3911	100
3912	97
3913	110
3914	96
3915	99
3916	119
3917	108
3918	106
3919	103
3920	109
3921	113
3922	106
3923	101
3924	112
3925	113
3926	110
3927	111
3928	114
3929	112
3930	98
3931	89
3932	104
3933	103
3934	89
3935	103
3936	105
3937	101
3938	104
3939	112
3940	124
3941	99
3942	90
3943	116
3944	111
3945	116
3946	101
3947	91
3948	103
3949	122
3950	115
3951	115
3952	129
3953	97
3954	104
3955	102
3956	109
3957	107
3958	123
3959	104
3960	115
3961	117
3962	99
3963	107
3964	100
3965	122
3966	115
3967	101
3968	105
3969	112
3970	95
3971	103
3972	107
3973	101
3974	97
3975	89
3976	119
3977	111
3978	114
3979	116
3980	105
3981	108
3982	115
3983	110
3984	110
3985	107
3986	112
3987	101
3988	114
3989	102
3990	110
3991	112
3992	106
3993	103
3994	107
3995	101
3996	99
3997	112
3998	112
3999	108
4000	99
4001	102
4002	101
4003	113
4004	93
4005	99
4006	100
4007	108
4008	123
4009	108
4010	110
4011	108
4012	103
4013	114
4014	138
4015	98
4016	110
4017	116
4018	113
4019	111
4020	121
4021	118
4022	127
4023	98
4024	125
4025	116
4026	95
4027	124
4028	109
4029	95
4030	115
4031	128
4032	106
4033	101
4034	99
4035	109
4036	108
4037	122
4038	110
4039	100
4040	113
4041	106
4042	109
4043	106
4044	112
4045	132
4046	106
4047	115
4048	103
4049	114
4050	104
4051	100
4052	95
4053	103
4054	95
4055	96
4056	107
4057	116
4058	103
4059	128
4060	117
4061	96
4062	87
4063	118
4064	90
4065	113
4066	125
4067	115
4068	119
4069	108
4070	116
4071	106
4072	112
4073	92
4074	110
4075	120
4076	94
4077	126
4078	116
4079	93
4080	100
4081	108
4082	96
4083	106
4084	128
4085	102
4086	108
4087	92
4088	123
4089	103
4090	110
4091	128
4092	104
4093	119
4094	110
4095	118
4096	107
4097	120
4098	114
4099	118
4100	108
4101	97
4102	95
4103	98
4104	113
4105	123
4106	107
4107	108
4108	117
4109	89
4110	106
4111	122
4112	106
4113	118
4114	111
4115	96
4116	111
4117	120
4118	96
4119	102
4120	117
4121	118
4122	101
4123	112
4124	101
4125	108
4126	98
4127	120
4128	99
4129	96
4130	113
4131	127
4132	102
4133	135
4134	113
4135	108
4136	126
4137	101
4138	112
4139	112
4140	127
4141	133
4142	106
4143	109
4144	126
4145	96
4146	115
4147	125
4148	109
4149	121
4150	98
4151	90
4152	109
4153	131
4154	98
4155	103
4156	115
4157	119
4158	99
4159	112
4160	103
4161	114
4162	93
4163	113
4164	95
4165	104
4166	101
4167	105
4168	105
4169	89
4170	127
4171	103
4172	103
4173	102
4174	104
4175	116
4176	105
4177	96
4178	91
4179	105
4180	99
4181	91
4182	98
4183	119
4184	101
4185	97
4186	107
4187	112
4188	107
4189	101
4190	125
4191	113
4192	112
4193	103
4194	109
4195	105
4196	102
4197	90
4198	87
4199	98
4200	118
4201	113
4202	108
4203	114
4204	107
4205	123
4206	118
4207	109
4208	100
4209	109
4210	120
4211	104
4212	105
4213	88
4214	108
4215	112
4216	84
4217	113
4218	101
4219	129
4220	114
4221	81
4222	110
4223	118
4224	113
4225	120
4226	102
4227	113
4228	122
4229	123
4230	121
4231	100
4232	96
4233	98
4234	106
4235	100
4236	110
4237	116
4238	109
4239	112
4240	119
4241	92
4242	108
4243	118
4244	116
4245	124
4246	100
4247	110
4248	112
4249	114
4250	104
4251	111
4252	120
4253	123
4254	127
4255	96
4256	116
4257	109
4258	98
4259	101
4260	116
4261	100
4262	102
4263	113
4264	101
4265	104
4266	106
4267	121
4268	97
4269	101
4270	98
4271	101
4272	85
4273	107
4274	102
4275	121
4276	107
4277	112
4278	100
4279	97
4280	126
4281	97
4282	116
4283	120
4284	85
4285	109
4286	95
4287	104
4288	112
4289	111
4290	104
4291	102
4292	112
4293	109
4294	79
4295	100
4296	92
4297	90
4298	108
4299	123
4300	128
4301	100
4302	107
4303	144
4304	114
4305	110
4306	111
4307	110
4308	97
4309	116
4310	109
4311	104
4312	105
4313	119
4314	101
4315	98
4316	89
4317	97
4318	89
4319	99
4320	111
4321	113
4322	98
4323	118
4324	104
4325	119
4326	120
4327	114
4328	111
4329	109
4330	126
4331	135
4332	109
4333	97
4334	108
4335	102
4336	106
4337	116
4338	103
4339	129
4340	115
4341	126
4342	125
4343	116
4344	97
4345	129
4346	127
4347	117
4348	129
4349	118
4350	109
4351	127
4352	121
4353	123
4354	115
4355	122
4356	128
4357	100
4358	121
4359	117
4360	133
4361	112
4362	110
4363	114
4364	129
4365	110
4366	121
4367	114
4368	121
4369	130
4370	127
4371	109
4372	139
4373	109
4374	118
4375	122
4376	136
4377	125
4378	107
4379	118
4380	127
4381	127
4382	138
4383	93
4384	117
4385	128
4386	115
4387	119
4388	131
4389	134
4390	135
4391	131
4392	124
4393	130
4394	134
4395	129
4396	140
4397	126
4398	125
4399	125
4400	138
4401	134
4402	122
4403	122
4404	139
4405	143
4406	112
4407	161
4408	119
4409	105
4410	139
4411	149
4412	126
4413	122
4414	130
4415	143
4416	146
4417	132
4418	128
4419	131
4420	124
4421	136
4422	146
4423	138
4424	137
4425	114
4426	129
4427	138
4428	134
4429	122
4430	124
4431	137
4432	125
4433	118
4434	155
4435	130
4436	155
4437	120
4438	137
4439	156
4440	138
4441	118
4442	130
4443	146
4444	117
4445	136
4446	138
4447	150
4448	142
4449	127
4450	145
4451	144
4452	140
4453	134
4454	154
4455	137
4456	170
4457	134
4458	158
4459	138
4460	170
4461	125
4462	157
4463	151
4464	136
4465	151
4466	155
4467	148
4468	144
4469	177
4470	169
4471	182
4472	161
4473	162
4474	167
4475	169
4476	147
4477	179
4478	146
4479	175
4480	176
4481	160
4482	147
4483	149
4484	151
4485	161
4486	170
4487	170
4488	161
4489	150
4490	168
4491	184
4492	153
4493	168
4494	158
4495	145
4496	171
4497	163
4498	149
4499	158
4500	156
4501	164
4502	189
4503	151
4504	141
4505	150
4506	184
4507	199
4508	187
4509	162
4510	169
4511	172
4512	184
4513	166
4514	175
4515	179
4516	177
4517	194
4518	170
4519	193
4520	183
4521	190
4522	187
4523	176
4524	165
4525	156
4526	178
4527	175
4528	174
4529	175
4530	169
4531	180
4532	173
4533	168
4534	174
4535	194
4536	175
4537	185
4538	178
4539	184
4540	189
4541	202
4542	193
4543	184
4544	183
4545	173
4546	183
4547	193
4548	187
4549	181
4550	205
4551	196
4552	161
4553	190
4554	176
4555	167
4556	183
4557	185
4558	189
4559	192
4560	191
4561	188
4562	176
4563	179
4564	199
4565	198
4566	180
4567	180
4568	186
4569	198
4570	196
4571	185
4572	172
4573	174
4574	202
4575	194
4576	201
4577	179
4578	210
4579	211
4580	217
4581	183
4582	202
4583	202
4584	199
4585	183
4586	187
4587	210
4588	196
4589	175
4590	200
4591	205
4592	205
4593	181
4594	183
4595	192
4596	225
4597	224
4598	216
4599	203
4600	191
4601	176
4602	195
4603	202
4604	205
4605	225
4606	207
4607	208
4608	234
4609	187
4610	181
4611	201
4612	219
4613	210
4614	208
4615	217
4616	207
4617	201
4618	244
4619	219
4620	219
4621	192
4622	208
4623	221
4624	206
4625	238
4626	212
4627	210
4628	195
4629	213
4630	196
4631	187
4632	210
4633	218
4634	220
4635	207
4636	242
4637	219
4638	207
4639	201
4640	259
4641	194
4642	223
4643	224
4644	215
4645	216
4646	204
4647	200
4648	229
4649	201
4650	221
4651	202
4652	209
4653	201
4654	178
4655	223
4656	204
4657	225
4658	225
4659	190
4660	221
4661	218
4662	222
4663	182
4664	211
4665	238
4666	205
4667	216
4668	220
4669	187
4670	202
4671	188
4672	220
4673	197
4674	190
4675	197
4676	247
4677	206
4678	227
4679	248
4680	228
4681	208
4682	199
4683	195
4684	227
4685	172
4686	213
4687	217
4688	205
4689	220
4690	195
4691	232
4692	187
4693	222
4694	202
4695	188
4696	203
4697	195
4698	206
4699	200
4700	199
4701	205
4702	199
4703	219
4704	204
4705	210
4706	196
4707	214
4708	192
4709	208
4710	215
4711	225
4712	197
4713	182
4714	207
4715	202
4716	211
4717	202
4718	189
4719	188
4720	201
4721	204
4722	177
4723	195
4724	202
4725	218
4726	165
4727	180
4728	194
4729	214
4730	170
4731	205
4732	187
4733	182
4734	184
4735	178
4736	179
4737	156
4738	165
4739	193
4740	174
4741	193
4742	200
4743	158
4744	170
4745	154
4746	188
4747	196
4748	171
4749	164
4750	171
4751	170
4752	183
4753	197
4754	170
4755	214
4756	163
4757	189
4758	161
4759	156
4760	156
4761	173
4762	198
4763	170
4764	179
4765	178
4766	151
4767	164
4768	178
4769	164
4770	172
4771	158
4772	149
4773	165
4774	178
4775	168
4776	164
4777	163
4778	157
4779	180
4780	158
4781	166
4782	156
4783	124
4784	198
4785	159
4786	154
4787	141
4788	159
4789	147
4790	186
4791	164
4792	154
4793	157
4794	159
4795	160
4796	170
4797	156
4798	153
4799	138
4800	145
4801	172
4802	143
4803	151
4804	150
4805	128
4806	127
4807	152
4808	143
4809	141
4810	156
4811	146
4812	130
4813	155
4814	143
4815	149
4816	142
4817	162
4818	133
4819	139
4820	152
4821	137
4822	147
4823	121
4824	140
4825	144
4826	126
4827	157
4828	147
4829	131
4830	117
4831	139
4832	135
4833	153
4834	138
4835	132
4836	162
4837	137
4838	139
4839	129
4840	145
4841	144
4842	112
4843	131
4844	121
4845	135
4846	153
4847	144
4848	129
4849	123
4850	132
4851	126
4852	123
4853	125
4854	121
4855	121
4856	122
4857	138
4858	110
4859	127
4860	125
4861	126
4862	118
4863	111
4864	125
4865	125
4866	121
4867	139
4868	117
4869	135
4870	136
4871	137
4872	112
4873	114
4874	111
4875	111
4876	132
4877	99
4878	116
4879	120
4880	125
4881	118
4882	113
4883	112
4884	124
4885	102
4886	87
4887	118
4888	113
4889	114
4890	108
4891	113
4892	107
4893	104
4894	106
4895	119
4896	112
4897	100
4898	92
4899	93
4900	105
4901	105
4902	89
4903	111
4904	111
4905	117
4906	104
4907	120
4908	103
4909	90
4910	109
4911	116
4912	106
4913	95
4914	99
4915	90
4916	104
4917	104
4918	89
4919	105
4920	116
4921	96
4922	101
4923	94
4924	102
4925	94
4926	105
4927	88
4928	95
4929	111
4930	113
4931	115
4932	100
4933	94
4934	94
4935	107
4936	97
4937	97
4938	109
4939	98
4940	112
4941	107
4942	109
4943	93
4944	117
4945	97
4946	95
4947	91
4948	94
4949	107
4950	101
4951	95
4952	95
4953	92
4954	105
4955	124
4956	102
4957	85
4958	113
4959	94
4960	87
4961	91
4962	105
4963	112
4964	88
4965	107
4966	110
4967	94
4968	96
4969	97
4970	71
4971	79
4972	101
4973	81
4974	87
4975	95
4976	85
4977	114
4978	98
4979	100
4980	92
4981	94
4982	92
4983	78
4984	99
4985	109
4986	107
4987	103
4988	86
4989	107
4990	99
4991	102
4992	90
4993	111
4994	86
4995	95
4996	93
4997	87
4998	90
4999	107
5000	106
5001	104
5002	102
5003	83
5004	103
5005	106
5006	97
5007	94
5008	95
5009	82
5010	89
5011	100
5012	96
5013	95
5014	98
5015	92
5016	79
5017	110
5018	94
5019	96
5020	79
5021	86
5022	85
5023	101
5024	88
5025	78
5026	85
5027	78
5028	93
5029	103
5030	87
5031	93
5032	91
5033	100
5034	112
5035	108
5036	77
5037	93
5038	73
5039	89
5040	92
5041	92
5042	112
5043	112
5044	89
5045	94
5046	93
5047	103
5048	100
5049	97
5050	100
5051	98
5052	96
5053	96
5054	84
5055	95
5056	105
5057	91
5058	99
5059	97
5060	109
5061	90
5062	111
5063	111
5064	102
5065	86
5066	103
5067	113
5068	94
5069	93
5070	100
5071	91
5072	105
5073	95
5074	88
5075	94
5076	93
5077	107
5078	99
5079	99
5080	100
5081	101
5082	94
5083	87
5084	106
5085	91
5086	89
5087	93
5088	118
5089	109
5090	77
5091	98
5092	101
5093	81
5094	85
5095	87
5096	89
5097	99
5098	81
5099	113
5100	86
5101	94
5102	91
5103	88
5104	88
5105	99
5106	103
5107	98
5108	93
5109	92
5110	113
5111	88
5112	97
5113	84
5114	127
5115	96
5116	99
5117	88
5118	93
5119	105
5120	106
5121	91
5122	95
5123	93
5124	74
5125	104
5126	96
5127	90
5128	82
5129	92
5130	87
5131	117
5132	113
5133	84
5134	114
5135	104
5136	107
5137	95
5138	98
5139	118
5140	74
5141	95
5142	103
5143	90
5144	92
5145	84
5146	105
5147	90
5148	107
5149	90
5150	86
5151	109
5152	110
5153	110
5154	105
5155	99
5156	108
5157	95
5158	103
5159	95
5160	106
5161	89
5162	98
5163	100
5164	102
5165	82
5166	108
5167	89
5168	105
5169	91
5170	91
5171	88
5172	108
5173	85
5174	93
5175	98
5176	103
5177	92
5178	102
5179	92
5180	102
5181	93
5182	108
5183	83
5184	109
5185	89
5186	90
5187	90
5188	120
5189	94
5190	82
5191	109
5192	103
5193	116
5194	98
5195	98
5196	77
5197	82
5198	89
5199	99
5200	104
5201	101
5202	93
5203	99
5204	103
5205	110
5206	95
5207	74
5208	107
5209	89
5210	85
5211	105
5212	84
5213	102
5214	101
5215	117
5216	88
5217	81
5218	99
5219	103
5220	75
5221	91
5222	95
5223	84
5224	112
5225	112
5226	92
5227	77
5228	94
5229	92
5230	99
5231	83
5232	95
5233	101
5234	94
5235	84
5236	90
5237	88
5238	103
5239	98
5240	91
5241	73
5242	95
5243	89
5244	97
5245	107
5246	102
5247	88
5248	89
5249	98
5250	84
5251	98
5252	78
5253	98
5254	77
5255	87
5256	83
5257	72
5258	100
5259	115
5260	86
5261	83
5262	96
5263	97
5264	82
5265	121
5266	109
5267	93
5268	99
5269	87
5270	85
5271	94
5272	89
5273	77
5274	70
5275	93
5276	67
5277	91
5278	76
5279	87
5280	82
5281	78
5282	97
5283	105
5284	94
5285	93
5286	87
5287	87
5288	97
5289	90
5290	82
5291	79
5292	106
5293	80
5294	79
5295	107
5296	82
5297	83
5298	93
5299	86
5300	101
5301	85
5302	70
5303	93
5304	97
5305	91
5306	78
5307	84
5308	80
5309	83
5310	88
5311	105
5312	74
5313	85
5314	68
5315	80
5316	76
5317	74
5318	71
5319	94
5320	101
5321	77
5322	85
5323	66
5324	89
5325	110
5326	76
5327	79
5328	78
5329	82
5330	89
5331	84
5332	88
5333	94
5334	87
5335	84
5336	86
5337	93
5338	81
5339	76
5340	81
5341	90
5342	86
5343	81
5344	87
5345	82
5346	87
5347	97
5348	70
5349	83
5350	78
5351	90
5352	83
5353	72
5354	79
5355	81
5356	85
5357	83
5358	90
5359	74
5360	88
5361	87
5362	73
5363	83
5364	73
5365	92
5366	90
5367	91
5368	92
5369	88
5370	81
5371	91
5372	76
5373	92
5374	82
5375	90
5376	91
5377	94
5378	75
5379	96
5380	95
5381	78
5382	72
5383	93
5384	112
5385	94
5386	69
5387	88
5388	102
5389	85
5390	80
5391	73
5392	83
5393	74
5394	87
5395	86
5396	89
5397	87
5398	88
5399	99
5400	84
5401	89
5402	75
5403	77
5404	92
5405	90
5406	93
5407	103
5408	103
5409	97
5410	74
5411	93
5412	91
5413	95
5414	91
5415	85
5416	97
5417	91
5418	100
5419	88
5420	83
5421	87
5422	101
5423	115
5424	73
5425	102
5426	90
5427	75
5428	88
5429	98
5430	70
5431	77
5432	90
5433	105
5434	96
5435	85
5436	81
5437	96
5438	95
5439	90
5440	97
5441	83
5442	104
5443	95
5444	110
5445	81
5446	102
5447	100
5448	106
5449	79
5450	77
5451	95
5452	81
5453	91
5454	98
5455	92
5456	109
5457	100
5458	115
5459	84
5460	108
5461	117
5462	98
5463	78
5464	96
5465	88
5466	102
5467	102
5468	87
5469	88
5470	86
5471	91
5472	104
5473	108
5474	96
5475	106
5476	98
5477	102
5478	109
5479	112
5480	126
5481	103
5482	106
5483	97
5484	106
5485	101
5486	94
5487	98
5488	118
5489	115
5490	89
5491	110
5492	102
5493	87
5494	107
5495	95
5496	99
5497	118
5498	95
5499	101
5500	114
5501	92
5502	95
5503	124
5504	115
5505	92
5506	103
5507	108
5508	98
5509	106
5510	101
5511	110
5512	119
5513	101
5514	98
5515	114
5516	121
5517	121
5518	124
5519	127
5520	113
5521	106
5522	104
5523	137
5524	137
5525	103
5526	115
5527	132
5528	102
5529	123
5530	117
5531	124
5532	118
5533	115
5534	112
5535	116
5536	123
5537	129
5538	119
5539	126
5540	130
5541	118
5542	112
5543	112
5544	117
5545	121
5546	136
5547	101
5548	132
5549	121
5550	132
5551	117
5552	117
5553	116
5554	117
5555	140
5556	131
5557	142
5558	145
5559	133
5560	116
5561	119
5562	138
5563	113
5564	118
5565	131
5566	101
5567	134
5568	105
5569	136
5570	140
5571	133
5572	127
5573	129
5574	150
5575	135
5576	128
5577	112
5578	123
5579	138
5580	147
5581	125
5582	150
5583	138
5584	141
5585	120
5586	143
5587	132
5588	134
5589	147
5590	134
5591	125
5592	133
5593	124
5594	132
5595	116
5596	120
5597	148
5598	123
5599	146
5600	144
5601	122
5602	134
5603	125
5604	162
5605	143
5606	121
5607	145
5608	129
5609	147
5610	137
5611	129
5612	133
5613	137
5614	163
5615	143
5616	127
5617	134
5618	124
5619	146
5620	144
5621	146
5622	138
5623	143
5624	143
5625	146
5626	135
5627	130
5628	130
5629	147
5630	163
5631	145
5632	128
5633	142
5634	152
5635	143
5636	136
5637	146
5638	137
5639	144
5640	150
5641	147
5642	145
5643	133
5644	148
5645	158
5646	121
5647	150
5648	128
5649	161
5650	144
5651	132
5652	145
5653	160
5654	142
5655	149
5656	157
5657	147
5658	184
5659	132
5660	142
5661	143
5662	159
5663	141
5664	146
5665	124
5666	146
5667	138
5668	138
5669	133
5670	143
5671	132
5672	152
5673	154
5674	147
5675	154
5676	133
5677	146
5678	145
5679	125
5680	131
5681	135
5682	143
5683	136
5684	117
5685	154
5686	145
5687	139
5688	155
5689	158
5690	141
5691	124
5692	155
5693	148
5694	137
5695	143
5696	138
5697	172
5698	156
5699	146
5700	152
5701	146
5702	150
5703	149
5704	135
5705	138
5706	137
5707	130
5708	133
5709	141
5710	159
5711	132
5712	156
5713	156
5714	123
5715	154
5716	141
5717	126
5718	140
5719	147
5720	145
5721	151
5722	171
5723	122
5724	142
5725	133
5726	129
5727	133
5728	129
5729	150
5730	121
5731	137
5732	146
5733	135
5734	138
5735	143
5736	142
5737	161
5738	143
5739	160
5740	135
5741	151
5742	136
5743	150
5744	132
5745	158
5746	151
5747	127
5748	133
5749	138
5750	108
5751	121
5752	147
5753	141
5754	140
5755	146
5756	139
5757	144
5758	134
5759	147
5760	136
5761	139
5762	143
5763	147
5764	144
5765	142
5766	126
5767	122
5768	156
5769	128
5770	127
5771	129
5772	120
5773	144
5774	116
5775	133
5776	133
5777	124
5778	127
5779	121
5780	131
5781	136
5782	125
5783	148
5784	141
5785	141
5786	124
5787	147
5788	130
5789	123
5790	117
5791	116
5792	103
5793	138
5794	109
5795	140
5796	110
5797	120
5798	154
5799	176
5800	143
5801	130
5802	118
5803	137
5804	124
5805	112
5806	143
5807	119
5808	134
5809	133
5810	126
5811	128
5812	147
5813	139
5814	144
5815	111
5816	108
5817	110
5818	121
5819	123
5820	120
5821	132
5822	133
5823	131
5824	124
5825	113
5826	106
5827	135
5828	123
5829	149
5830	112
5831	133
5832	124
5833	129
5834	118
5835	113
5836	119
5837	140
5838	104
5839	122
5840	128
5841	117
5842	138
5843	119
5844	119
5845	122
5846	125
5847	105
5848	120
5849	110
5850	124
5851	125
5852	125
5853	110
5854	101
5855	115
5856	103
5857	153
5858	106
5859	115
5860	111
5861	112
5862	110
5863	127
5864	119
5865	105
5866	116
5867	112
5868	111
5869	101
5870	91
5871	105
5872	127
5873	90
5874	109
5875	91
5876	110
5877	94
5878	114
5879	107
5880	94
5881	101
5882	90
5883	96
5884	107
5885	107
5886	98
5887	111
5888	114
5889	109
5890	104
5891	107
5892	114
5893	93
5894	92
5895	90
5896	112
5897	78
5898	86
5899	86
5900	93
5901	113
5902	119
5903	78
5904	112
5905	83
5906	90
5907	106
5908	101
5909	79
5910	92
5911	86
5912	103
5913	97
5914	99
5915	97
5916	92
5917	90
5918	96
5919	110
5920	96
5921	90
5922	103
5923	72
5924	90
5925	99
5926	81
5927	72
5928	86
5929	82
5930	92
5931	104
5932	94
5933	96
5934	96
5935	91
5936	67
5937	72
5938	86
5939	75
5940	88
5941	92
5942	98
5943	70
5944	81
5945	83
5946	88
5947	94
5948	89
5949	82
5950	90
5951	76
5952	85
5953	84
5954	93
5955	97
5956	79
5957	71
5958	91
5959	79
5960	88
5961	75
5962	75
5963	76
5964	76
5965	80
5966	82
5967	89
5968	72
5969	80
5970	76
5971	73
5972	74
5973	79
5974	61
5975	73
5976	85
5977	88
5978	66
5979	72
5980	88
5981	77
5982	82
5983	79
5984	71
5985	70
5986	58
5987	72
5988	78
5989	76
5990	68
5991	61
5992	69
5993	64
5994	72
5995	71
5996	72
5997	82
5998	54
5999	48
6000	60
6001	70
6002	69
6003	64
6004	75
6005	70
6006	76
6007	61
6008	56
6009	68
6010	70
6011	69
6012	50
6013	84
6014	71
6015	64
6016	65
6017	66
6018	66
6019	73
6020	60
6021	64
6022	75
6023	71
6024	60
6025	64
6026	67
6027	74
6028	59
6029	58
6030	58
6031	70
6032	72
6033	70
6034	58
6035	67
6036	62
6037	63
6038	66
6039	67
6040	73
6041	57
6042	67
6043	65
6044	72
6045	67
6046	51
6047	64
6048	69
6049	58
6050	62
6051	58
6052	53
6053	61
6054	59
6055	60
6056	57
6057	57
6058	50
6059	56
6060	56
6061	64
6062	59
6063	64
6064	70
6065	63
6066	65
6067	63
6068	62
6069	66
6070	58
6071	44
6072	61
6073	53
6074	64
6075	62
6076	54
6077	64
6078	43
6079	45
6080	59
6081	52
6082	65
6083	55
6084	60
6085	56
6086	60
6087	58
6088	70
6089	60
6090	61
6091	49
6092	61
6093	62
6094	58
6095	63
6096	58
6097	59
6098	58
6099	55
6100	53
6101	53
6102	57
6103	43
6104	58
6105	57
6106	64
6107	53
6108	38
6109	56
6110	60
6111	58
6112	52
6113	60
6114	49
6115	51
6116	61
6117	49
6118	70
6119	48
6120	68
6121	67
6122	52
6123	49
6124	64
6125	64
6126	58
6127	57
6128	62
6129	73
6130	65
6131	41
6132	57
6133	51
6134	54
6135	51
6136	55
6137	54
6138	52
6139	62
6140	57
6141	43
6142	50
6143	70
6144	66
6145	73
6146	53
6147	51
6148	61
6149	61
6150	58
6151	67
6152	64
6153	51
6154	55
6155	55
6156	53
6157	66
6158	63
6159	58
6160	47
6161	71
6162	71
6163	56
6164	67
6165	63
6166	50
6167	67
6168	59
6169	57
6170	66
6171	57
6172	60
6173	50
6174	50
6175	68
6176	62
6177	55
6178	51
6179	60
6180	59
6181	47
6182	70
6183	65
6184	65
6185	73
6186	65
6187	66
6188	65
6189	52
6190	77
6191	56
6192	59
6193	77
6194	66
6195	67
6196	64
6197	69
6198	65
6199	51
6200	58
6201	58
6202	66
6203	63
6204	69
6205	61
6206	70
6207	58
6208	81
6209	54
6210	52
6211	67
6212	53
6213	78
6214	73
6215	52
6216	67
6217	63
6218	72
6219	68
6220	82
6221	81
6222	65
6223	58
6224	61
6225	65
6226	90
6227	74
6228	81
6229	85
6230	64
6231	75
6232	73
6233	78
6234	78
6235	75
6236	70
6237	78
6238	76
6239	79
6240	70
6241	78
6242	79
6243	60
6244	72
6245	76
6246	70
6247	72
6248	68
6249	63
6250	72
6251	70
6252	85
6253	77
6254	62
6255	73
6256	74
6257	64
6258	66
6259	89
6260	78
6261	68
6262	69
6263	65
6264	81
6265	80
6266	81
6267	82
6268	77
6269	71
6270	73
6271	85
6272	83
6273	68
6274	86
6275	75
6276	87
6277	85
6278	95
6279	77
6280	99
6281	98
6282	82
6283	77
6284	84
6285	89
6286	113
6287	89
6288	86
6289	71
6290	98
6291	89
6292	107
6293	82
6294	93
6295	89
6296	81
6297	74
6298	100
6299	81
6300	79
6301	96
6302	87
6303	91
6304	97
6305	94
6306	93
6307	85
6308	79
6309	92
6310	79
6311	98
6312	86
6313	110
6314	91
6315	109
6316	102
6317	99
6318	84
6319	90
6320	121
6321	98
6322	100
6323	107
6324	112
6325	96
6326	101
6327	105
6328	115
6329	98
6330	79
6331	115
6332	99
6333	110
6334	116
6335	96
6336	122
6337	99
6338	107
6339	106
6340	112
6341	107
6342	106
6343	112
6344	122
6345	118
6346	118
6347	119
6348	104
6349	111
6350	90
6351	75
6352	115
6353	113
6354	97
6355	126
6356	115
6357	110
6358	119
6359	98
6360	131
6361	144
6362	125
6363	127
6364	124
6365	129
6366	126
6367	122
6368	108
6369	130
6370	112
6371	140
6372	122
6373	113
6374	124
6375	95
6376	123
6377	129
6378	158
6379	116
6380	138
6381	136
6382	140
6383	114
6384	111
6385	136
6386	107
6387	159
6388	133
6389	131
6390	131
6391	133
6392	135
6393	116
6394	124
6395	124
6396	142
6397	125
6398	128
6399	134
6400	119
6401	138
6402	131
6403	137
6404	142
6405	137
6406	143
6407	114
6408	128
6409	137
6410	139
6411	153
6412	143
6413	131
6414	164
6415	149
6416	136
6417	123
6418	137
6419	130
6420	129
6421	162
6422	147
6423	130
6424	139
6425	118
6426	160
6427	137
6428	143
6429	108
6430	161
6431	139
6432	162
6433	154
6434	154
6435	138
6436	161
6437	135
6438	172
6439	152
6440	137
6441	139
6442	139
6443	156
6444	157
6445	167
6446	138
6447	154
6448	153
6449	170
6450	172
6451	162
6452	149
6453	152
6454	163
6455	134
6456	165
6457	150
6458	162
6459	154
6460	151
6461	150
6462	152
6463	150
6464	155
6465	162
6466	148
6467	172
6468	177
6469	165
6470	165
6471	131
6472	156
6473	147
6474	175
6475	179
6476	157
6477	161
6478	173
6479	164
6480	174
6481	169
6482	172
6483	165
6484	164
6485	183
6486	169
6487	166
6488	168
6489	168
6490	176
6491	162
6492	176
6493	176
6494	150
6495	183
6496	173
6497	176
6498	169
6499	181
6500	178
6501	173
6502	163
6503	180
6504	155
6505	183
6506	179
6507	179
6508	158
6509	177
6510	171
6511	168
6512	167
6513	175
6514	153
6515	189
6516	159
6517	185
6518	191
6519	199
6520	194
6521	171
6522	176
6523	178
6524	163
6525	178
6526	178
6527	182
6528	179
6529	193
6530	188
6531	174
6532	173
6533	199
6534	202
6535	173
6536	180
6537	173
6538	206
6539	161
6540	181
6541	180
6542	177
6543	191
6544	192
6545	174
6546	210
6547	207
6548	201
6549	171
6550	191
6551	184
6552	165
6553	196
6554	190
6555	179
6556	180
6557	190
6558	200
6559	193
6560	191
6561	175
6562	187
6563	184
6564	161
6565	182
6566	181
6567	197
6568	187
6569	195
6570	210
6571	203
6572	191
6573	181
6574	179
6575	201
6576	157
6577	197
6578	194
6579	186
6580	169
6581	191
6582	181
6583	181
6584	185
6585	185
6586	197
6587	197
6588	201
6589	187
6590	184
6591	186
6592	179
6593	185
6594	201
6595	177
6596	197
6597	195
6598	207
6599	200
6600	198
6601	169
6602	195
6603	197
6604	173
6605	162
6606	181
6607	203
6608	151
6609	178
6610	221
6611	179
6612	182
6613	159
6614	190
6615	172
6616	143
6617	187
6618	165
6619	166
6620	167
6621	189
6622	178
6623	184
6624	155
6625	169
6626	189
6627	172
6628	164
6629	182
6630	173
6631	170
6632	186
6633	205
6634	188
6635	201
6636	169
6637	172
6638	195
6639	163
6640	170
6641	182
6642	179
6643	199
6644	192
6645	170
6646	186
6647	157
6648	164
6649	177
6650	197
6651	170
6652	184
6653	170
6654	181
6655	194
6656	179
6657	181
6658	186
6659	166
6660	174
6661	170
6662	202
6663	174
6664	158
6665	181
6666	161
6667	164
6668	177
6669	174
6670	170
6671	164
6672	149
6673	161
6674	150
6675	177
6676	165
6677	193
6678	177
6679	173
6680	167
6681	163
6682	156
6683	156
6684	172
6685	169
6686	156
6687	150
6688	178
6689	153
6690	139
6691	158
6692	187
6693	163
6694	162
6695	139
6696	166
6697	150
6698	157
6699	161
6700	165
6701	150
6702	171
6703	135
6704	161
6705	144
6706	154
6707	139
6708	150
6709	167
6710	175
6711	153
6712	175
6713	162
6714	144
6715	148
6716	159
6717	143
6718	150
6719	166
6720	169
6721	125
6722	156
6723	158
6724	145
6725	141
6726	140
6727	143
6728	179
6729	154
6730	132
6731	155
6732	150
6733	154
6734	147
6735	130
6736	139
6737	139
6738	150
6739	136
6740	140
6741	127
6742	139
6743	142
6744	117
6745	143
6746	115
6747	148
6748	150
6749	137
6750	134
6751	147
6752	132
6753	124
6754	129
6755	122
6756	135
6757	136
6758	127
6759	107
6760	130
6761	130
6762	118
6763	117
6764	120
6765	135
6766	128
6767	111
6768	118
6769	111
6770	134
6771	114
6772	115
6773	135
6774	123
6775	135
6776	114
6777	145
6778	113
6779	118
6780	118
6781	100
6782	120
6783	110
6784	97
6785	122
6786	112
6787	109
6788	114
6789	109
6790	105
6791	105
6792	112
6793	98
6794	92
6795	112
6796	113
6797	108
6798	120
6799	132
6800	113
6801	109
6802	110
6803	99
6804	105
6805	103
6806	106
6807	97
6808	113
6809	98
6810	106
6811	120
6812	113
6813	106
6814	116
6815	84
6816	101
6817	87
6818	106
6819	108
6820	106
6821	104
6822	91
6823	106
6824	101
6825	92
6826	85
6827	95
6828	87
6829	92
6830	99
6831	92
6832	80
6833	103
6834	94
6835	87
6836	94
6837	76
6838	82
6839	92
6840	97
6841	100
6842	77
6843	103
6844	82
6845	84
6846	76
6847	99
6848	80
6849	77
6850	65
6851	80
6852	74
6853	73
6854	80
6855	68
6856	82
6857	78
6858	83
6859	77
6860	74
6861	75
6862	61
6863	86
6864	89
6865	86
6866	87
6867	74
6868	77
6869	72
6870	85
6871	63
6872	75
6873	65
6874	78
6875	65
6876	65
6877	82
6878	89
6879	73
6880	75
6881	67
6882	81
6883	73
6884	63
6885	65
6886	82
6887	60
6888	81
6889	64
6890	61
6891	60
6892	71
6893	67
6894	47
6895	76
6896	61
6897	73
6898	53
6899	62
6900	48
6901	62
6902	55
6903	70
6904	64
6905	44
6906	68
6907	51
6908	56
6909	59
6910	64
6911	68
6912	56
6913	51
6914	68
6915	54
6916	58
6917	69
6918	54
6919	56
6920	39
6921	51
6922	62
6923	59
6924	60
6925	48
6926	55
6927	47
6928	54
6929	69
6930	55
6931	53
6932	58
6933	59
6934	50
6935	58
6936	47
6937	42
6938	62
6939	48
6940	51
6941	49
6942	48
6943	50
6944	49
6945	38
6946	46
6947	62
6948	40
6949	56
6950	56
6951	39
6952	54
6953	42
6954	40
6955	41
6956	56
6957	40
6958	40
6959	42
6960	49
6961	43
6962	47
6963	38
6964	31
6965	38
6966	37
6967	43
6968	43
6969	31
6970	52
6971	49
6972	43
6973	54
6974	44
6975	35
6976	38
6977	40
6978	34
6979	54
6980	48
6981	42
6982	41
6983	38
6984	39
6985	42
6986	46
6987	38
6988	42
6989	37
6990	37
6991	50
6992	38
6993	41
6994	52
6995	30
6996	32
6997	42
6998	44
6999	46
7000	34
7001	47
7002	42
7003	46
7004	36
7005	35
7006	51
7007	42
7008	42
7009	34
7010	34
7011	38
7012	34
7013	37
7014	44
7015	38
7016	35
7017	40
7018	33
7019	40
7020	26
7021	33
7022	33
7023	35
7024	31
7025	28
7026	40
7027	38
7028	38
7029	37
7030	43
7031	36
7032	28
7033	44
7034	42
7035	30
7036	36
7037	34
7038	33
7039	40
7040	52
7041	43
7042	34
7043	28
7044	34
7045	40
7046	34
7047	24
7048	36
7049	37
7050	42
7051	40
7052	32
7053	30
7054	38
7055	31
7056	42
7057	31
7058	27
7059	31
7060	33
7061	35
7062	40
7063	30
7064	37
7065	39
7066	41
7067	40
7068	37
7069	41
7070	40
7071	28
7072	39
7073	22
7074	41
7075	40
7076	20
7077	36
7078	40
7079	27
7080	32
7081	34
7082	31
7083	36
7084	34
7085	23
7086	38
7087	35
7088	43
7089	26
7090	31
7091	32
7092	33
7093	42
7094	36
7095	48
7096	32
7097	34
7098	29
7099	38
7100	37
7101	45
7102	35
7103	33
7104	34
7105	32
7106	30
7107	38
7108	38
7109	30
7110	35
7111	26
7112	35
7113	36
7114	32
7115	27
7116	31
7117	30
7118	33
7119	23
7120	31
7121	36
7122	36
7123	31
7124	40
7125	30
7126	30
7127	32
7128	35
7129	35
7130	35
7131	29
7132	39
7133	43
7134	21
7135	38
7136	33
7137	42
7138	31
7139	42
7140	31
7141	38
7142	23
7143	33
7144	31
7145	26
7146	39
7147	33
7148	24
7149	38
7150	36
7151	22
7152	40
7153	35
7154	28
7155	19
7156	38
7157	43
7158	39
7159	19
7160	22
7161	21
7162	30
7163	30
7164	34
7165	37
7166	19
7167	26
7168	38
7169	30
7170	32
7171	34
7172	35
7173	37
7174	38
7175	26
7176	29
7177	28
7178	23
7179	29
7180	25
7181	32
7182	35
7183	38
7184	26
7185	27
7186	36
7187	26
7188	32
7189	36
7190	30
7191	41
7192	30
7193	36
7194	33
7195	32
7196	32
7197	40
7198	24
7199	30
7200	35
7201	27
7202	31
7203	41
7204	37
7205	29
7206	27
7207	28
7208	33
7209	30
7210	32
7211	38
7212	41
7213	30
7214	29
7215	25
7216	38
7217	24
7218	35
7219	28
7220	26
7221	36
7222	26
7223	32
7224	36
7225	33
7226	20
7227	36
7228	36
7229	38
7230	25
7231	36
7232	31
7233	27
7234	32
7235	25
7236	28
7237	18
7238	30
7239	33
7240	39
7241	22
7242	26
7243	23
7244	30
7245	30
7246	28
7247	32
7248	28
7249	32
7250	35
7251	21
7252	29
7253	35
7254	23
7255	32
7256	31
7257	29
7258	31
7259	30
7260	23
7261	28
7262	25
7263	25
7264	35
7265	37
7266	28
7267	34
7268	29
7269	30
7270	21
7271	34
7272	30
7273	22
7274	29
7275	27
7276	18
7277	35
7278	21
7279	26
7280	24
7281	35
7282	28
7283	33
7284	37
7285	32
7286	25
7287	28
7288	27
7289	32
7290	31
7291	37
7292	15
7293	37
7294	31
7295	27
7296	27
7297	33
7298	29
7299	29
7300	36
7301	30
7302	20
7303	25
7304	25
7305	27
7306	20
7307	36
7308	35
7309	26
7310	40
7311	29
7312	29
7313	31
7314	29
7315	28
7316	43
7317	21
7318	28
7319	20
7320	28
7321	24
7322	28
7323	41
7324	25
7325	31
7326	26
7327	38
7328	29
7329	20
7330	24
7331	34
7332	30
7333	28
7334	30
7335	38
7336	40
7337	22
7338	31
7339	48
7340	32
7341	32
7342	25
7343	31
7344	25
7345	28
7346	28
7347	29
7348	32
7349	33
7350	36
7351	36
7352	35
7353	34
7354	25
7355	24
7356	34
7357	33
7358	28
7359	31
7360	37
7361	35
7362	40
7363	35
7364	41
7365	42
7366	39
7367	45
7368	30
7369	31
7370	21
7371	51
7372	35
7373	37
7374	36
7375	41
7376	30
7377	23
7378	33
7379	22
7380	29
7381	31
7382	36
7383	35
7384	41
7385	48
7386	33
7387	30
7388	43
7389	42
7390	36
7391	32
7392	31
7393	35
7394	24
7395	38
7396	40
7397	39
7398	35
7399	32
7400	43
7401	36
7402	44
7403	38
7404	34
7405	41
7406	46
7407	35
7408	30
7409	47
7410	42
7411	42
7412	40
7413	32
7414	36
7415	30
7416	43
7417	40
7418	38
7419	40
7420	49
7421	32
7422	50
7423	39
7424	46
7425	38
7426	46
7427	36
7428	48
7429	47
7430	32
7431	37
7432	56
7433	28
7434	41
7435	35
7436	49
7437	30
7438	36
7439	28
7440	36
7441	44
7442	39
7443	33
7444	44
7445	46
7446	52
7447	39
7448	47
7449	37
7450	52
7451	47
7452	41
7453	50
7454	36
7455	50
7456	66
7457	46
7458	48
7459	51
7460	44
7461	48
7462	34
7463	40
7464	50
7465	35
7466	45
7467	49
7468	46
7469	38
7470	47
7471	58
7472	51
7473	48
7474	52
7475	64
7476	52
7477	54
7478	53
7479	42
7480	37
7481	42
7482	61
7483	59
7484	54
7485	53
7486	55
7487	63
7488	65
7489	54
7490	46
7491	52
7492	53
7493	69
7494	60
7495	58
7496	58
7497	55
7498	54
7499	75
7500	69
7501	79
7502	55
7503	66
7504	67
7505	60
7506	53
7507	70
7508	75
7509	68
7510	58
7511	68
7512	55
7513	76
7514	79
7515	63
7516	63
7517	66
7518	81
7519	72
7520	72
7521	71
7522	81
7523	82
7524	84
7525	82
7526	75
7527	78
7528	81
7529	93
7530	72
7531	77
7532	80
7533	81
7534	81
7535	88
7536	93
7537	80
7538	97
7539	80
7540	80
7541	94
7542	112
7543	80
7544	84
7545	104
7546	99
7547	110
7548	92
7549	94
7550	77
7551	102
7552	82
7553	111
7554	103
7555	96
7556	95
7557	102
7558	94
7559	95
7560	107
7561	98
7562	110
7563	122
7564	105
7565	112
7566	114
7567	107
7568	101
7569	123
7570	112
7571	130
7572	119
7573	130
7574	126
7575	128
7576	151
7577	122
7578	132
7579	150
7580	116
7581	126
7582	157
7583	120
7584	136
7585	135
7586	128
7587	130
7588	121
7589	146
7590	130
7591	136
7592	141
7593	141
7594	156
7595	136
7596	132
7597	149
7598	163
7599	146
7600	148
7601	132
7602	127
7603	136
7604	151
7605	158
7606	141
7607	160
7608	173
7609	159
7610	156
7611	160
7612	173
7613	149
7614	185
7615	194
7616	134
7617	179
7618	151
7619	170
7620	190
7621	164
7622	187
7623	187
7624	169
7625	180
7626	177
7627	198
7628	184
7629	166
7630	182
7631	222
7632	191
7633	184
7634	181
7635	188
7636	215
7637	189
7638	209
7639	190
7640	195
7641	199
7642	191
7643	193
7644	209
7645	206
7646	199
7647	221
7648	206
7649	218
7650	199
7651	204
7652	201
7653	207
7654	222
7655	228
7656	192
7657	184
7658	217
7659	209
7660	214
7661	213
7662	215
7663	223
7664	225
7665	191
7666	252
7667	215
7668	263
7669	210
7670	235
7671	209
7672	214
7673	228
7674	226
7675	220
7676	241
7677	216
7678	229
7679	212
7680	252
7681	227
7682	198
7683	237
7684	196
7685	214
7686	252
7687	216
7688	217
7689	213
7690	220
7691	209
7692	224
7693	217
7694	221
7695	202
7696	233
7697	210
7698	261
7699	242
7700	201
7701	212
7702	211
7703	222
7704	197
7705	245
7706	253
7707	220
7708	223
7709	222
7710	204
7711	210
7712	230
7713	218
7714	216
7715	210
7716	231
7717	206
7718	209
7719	229
7720	222
7721	213
7722	245
7723	215
7724	212
7725	191
7726	200
7727	208
7728	194
7729	198
7730	210
7731	208
7732	210
7733	185
7734	209
7735	213
7736	187
7737	226
7738	205
7739	184
7740	212
7741	213
7742	195
7743	194
7744	191
7745	201
7746	197
7747	178
7748	192
7749	175
7750	185
7751	174
7752	153
7753	223
7754	195
7755	193
7756	170
7757	197
7758	179
7759	171
7760	168
7761	171
7762	156
7763	179
7764	149
7765	169
7766	165
7767	161
7768	153
7769	160
7770	198
7771	176
7772	156
7773	150
7774	151
7775	161
7776	143
7777	154
7778	154
7779	148
7780	139
7781	144
7782	130
7783	160
7784	134
7785	141
7786	150
7787	146
7788	147
7789	145
7790	151
7791	137
7792	105
7793	119
7794	122
7795	105
7796	136
7797	114
7798	131
7799	117
7800	106
7801	102
7802	125
7803	118
7804	109
7805	123
7806	113
7807	113
7808	118
7809	103
7810	116
7811	105
7812	101
7813	104
7814	102
7815	97
7816	86
7817	87
7818	85
7819	90
7820	79
7821	98
7822	75
7823	85
7824	74
7825	78
7826	86
7827	82
7828	96
7829	87
7830	71
7831	68
7832	72
7833	78
7834	73
7835	58
7836	69
7837	73
7838	65
7839	77
7840	81
7841	67
7842	57
7843	63
7844	59
7845	67
7846	55
7847	46
7848	42
7849	56
7850	62
7851	52
7852	53
7853	46
7854	51
7855	57
7856	54
7857	46
7858	37
7859	48
7860	42
7861	41
7862	30
7863	46
7864	45
7865	50
7866	50
7867	50
7868	32
7869	50
7870	31
7871	46
7872	34
7873	23
7874	33
7875	37
7876	26
7877	17
7878	8
7879	3
7880	1
7881	1
7882	0
7883	1
7884	0
7885	0
7886	0
7887	0
7888	0
7889	0
7890	0
7891	0
7892	0
7893	0
7894	0
7895	0
7896	1
7897	0
7898	0
7899	0
7900	0
7901	0
7902	0
7903	0
7904	0
7905	0
7906	0
7907	0
7908	1
7909	0
7910	0
7911	0
7912	0
7913	1
7914	0
7915	1
7916	0
7917	0
7918	0
7919	0
7920	0
7921	1
7922	0
7923	0
7924	0
7925	0
7926	0
7927	0
7928	0
7929	0
7930	0
7931	0
7932	0
7933	0
7934	0
7935	0
7936	0
7937	0
7938	0
7939	0
7940	0
7941	0
7942	0
7943	0
7944	0
7945	0
7946	0
7947	0
7948	0
7949	1
7950	0
7951	0
7952	0
7953	0
7954	0
7955	0
7956	0
7957	0
7958	0
7959	0
7960	0
7961	0
7962	0
7963	0
7964	0
7965	0
7966	0
7967	0
7968	0
7969	0
7970	0
7971	0
7972	0
7973	0
7974	0
7975	0
7976	0
7977	0
7978	0
7979	0
7980	0
7981	0
7982	0
7983	0
7984	0
7985	0
7986	1
7987	0
7988	0
7989	0
7990	0
7991	0
7992	0
7993	0
7994	0
7995	0
7996	0
7997	0
7998	0
7999	0
8000	0
8001	0
8002	0
8003	0
8004	0
8005	0
8006	0
8007	0
8008	0
8009	0
8010	0
8011	0
8012	0
8013	0
8014	0
8015	0
8016	0
8017	0
8018	0
8019	0
8020	0
8021	0
8022	0
8023	0
8024	0
8025	0
8026	0
8027	0
8028	0
8029	0
8030	0
8031	0
8032	0
8033	0
8034	0
8035	0
8036	0
8037	0
8038	0
8039	0
8040	0
8041	0
8042	0
8043	0
8044	0
8045	0
8046	0
8047	0
8048	0
8049	0
8050	0
8051	0
8052	0
8053	0
8054	0
8055	0
8056	0
8057	0
8058	0
8059	0
8060	0
8061	0
8062	0
8063	0
8064	0
8065	0
8066	0
8067	0
8068	0
8069	0
8070	0
8071	0
8072	0
8073	0
8074	0
8075	0
8076	0
8077	0
8078	0
8079	0
8080	0
8081	0
8082	0
8083	0
8084	0
8085	0
8086	0
8087	0
8088	0
8089	0
8090	0
8091	0
8092	0
8093	0
8094	0
8095	0
8096	0
8097	0
8098	0
8099	0
8100	0
8101	0
8102	0
8103	0
8104	0
8105	0
8106	0
8107	0
8108	0
8109	0
8110	0
8111	0
8112	0
8113	0
8114	0
8115	0
8116	0
8117	0
8118	0
8119	0
8120	0
8121	0
8122	0
8123	0
8124	0
8125	0
8126	0
8127	0
8128	0
8129	0
8130	0
8131	0
8132	0
8133	0
8134	0
8135	0
8136	0
8137	0
8138	0
8139	0
8140	0
8141	0
8142	0
8143	0
8144	0
8145	0
8146	0
8147	0
8148	0
8149	0
8150	0
8151	0
8152	0
8153	0
8154	0
8155	0
8156	0
8157	0
8158	0
8159	0
8160	0
8161	0
8162	0
8163	0
8164	0
8165	0
8166	0
8167	0
8168	0
8169	0
8170	0
8171	0
8172	0
8173	0
8174	0
8175	0
8176	0
8177	0
8178	0
8179	0
8180	0
8181	0
8182	0
8183	0
8184	0
8185	0
8186	0
8187	0
8188	0
8189	0
8190	0
8191	0
