#	PeakType	Center	Height	Area	FWHM	parameters...
%_2		Gaussian	3316.94	32170.2	288509	8.42507		32170.2	795.601	3316.94	0.0701472	4.21253	0.063701
%_6		Gaussian	5899.82	1595.51	17595.5	10.3602		1595.51	0	5899.82	0	5.18011	0
%_7		Gaussian	6704	1427	13670.9	9		1427	62.767	6704	0.150789	4.5	0.142761
%_11		Gaussian	591.791	56415.2	472053	7.86073		56415.2	11931.5	591.791	0.570587	3.93037	0.567304
%_12		Gaussian	1212.87	10943.6	94524.5	8.11431		10943.6	5376.39	1212.87	1.45555	4.05715	1.48771
%_13		Gaussian	1715.21	25548.5	236511	8.6967		25548.5	7566.83	1715.21	0.897127	4.34835	0.873962
%_1		Gaussian	3908	4691.49	49939.4	10		4691.49	3071.81	3908	2.43005	5	2.43884
%_3		Gaussian	4843	4056	47492.3	11		4056	2667.21	4843	2.64449	5.5	2.63381
%_4		Gaussian	5458	2527	29589	11		2527	2132.85	5458	3.49824	5.5	3.57079
%_5		Gaussian	5590	3121	36544.2	11		3121	2389.41	5590	3.15942	5.5	3.15472
%_8		Gaussian	7084	3655	46687.5	12		3655	2360.92	7084	2.82082	6	2.72541

