0
0
0
0
0
0
0
0
0
0
0
0
0
0
0
0
0
0
0
0
0
0
0
0
0
0
0
0
0
0
0
0
0
0
0
0
0
0
0
0
0
0
0
0
0
0
0
0
0
1
-4
8
3
29
115
387
135
-196
-370
-40
-278
115
126
-238
-254
-379
6
-102
-354
3
-60
-128
-96
-108
12
93
27
-236
-112
-60
-117
-244
18
-69
-42
-336
-75
8
-264
-307
-121
-151
-87
-86
35
-123
78
-58
-157
-92
-98
-107
-212
-179
-282
-89
-122
-91
-233
-45
-30
-4
24
-157
-152
-231
-228
-44
50
-248
-46
-66
197
-179
120
-29
122
-104
-163
-111
-50
-69
-68
-151
-183
-109
-120
-80
-66
41
124
-237
-254
-88
-118
-125
-12
90
-220
-20
-136
105
-5
-117
-107
-169
-1
-76
-213
105
-143
-116
-37
-66
-30
-70
-44
-257
-101
-121
-169
-120
-48
-61
-174
-78
38
-88
-197
165
-252
150
-180
-39
-97
-101
-89
-35
-109
160
-109
-149
-264
-69
-17
-168
1
-180
-194
-40
-83
-122
-71
11
-69
-20
-212
-158
-101
11
-257
-131
36
-200
-36
-198
-203
4
-100
-83
88
-38
-159
-167
-133
-82
-226
114
-99
-62
57
84
79
6
-35
-26
-44
-85
63
-7
-129
92
-188
-64
-29
-13
-26
34
-133
41
-153
-35
-42
-90
-118
113
-74
-28
-78
-91
40
-133
-140
-134
-69
13
-78
-112
15
5
-47
-108
-48
-152
-57
-119
20
67
-96
-100
78
-80
-66
-63
41
47
-2
-91
-35
-62
108
-74
-51
28
-116
-150
-70
-62
93
-99
-33
-33
-150
-68
44
24
-42
-45
-128
-69
25
-26
44
-116
-1
-114
-98
-8
14
-82
-10
-114
-110
85
-129
119
-75
20
-114
-107
-32
223
-146
-7
81
-25
-58
27
54
-90
-93
-37
-90
163
-60
-136
-267
1
0
-19
-83
-91
-101
-4
-108
-3
-34
-159
26
-100
-2
104
-98
-66
-15
-36
-23
-135
-91
-48
7
-110
-121
71
92
61
6
16
-100
-11
-30
-68
-100
-18
-162
78
-34
-99
29
-3
-221
-30
84
7
-235
-5
-49
-63
81
-74
16
71
-35
38
43
-42
-55
-45
-104
64
78
27
-44
-16
-62
-41
-26
142
-9
-61
-30
-78
25
-172
-101
-9
-65
-55
149
121
-33
96
13
42
12
32
-109
-40
-15
-60
-14
-99
-38
46
-65
-28
76
-141
-58
-55
97
51
-34
-5
47
-29
-153
-31
-92
-67
-68
-45
45
81
57
-3
-167
93
184
-62
28
2
26
72
-39
-91
-115
-65
-3
22
-1
31
98
-107
-94
18
-71
-63
-202
-79
-91
-14
-24
-220
32
-34
-29
61
68
-42
-18
33
-140
114
-54
-4
-116
9
21
-100
-66
-153
-21
-119
26
-20
112
-36
67
36
-55
-93
14
-55
-6
97
-43
-18
-47
-120
29
-16
-112
-102
-118
4
-7
142
-31
-61
-138
-109
-35
-227
-70
50
-119
3
-49
-127
-129
55
-159
-77
-100
-75
42
-31
-86
-32
30
-65
-11
8
-58
-22
-39
113
-81
8
-88
-156
-100
-209
-139
-159
34
-49
27
-15
-20
-90
-18
-1
-71
-116
26
43
20
26
-97
51
-63
49
-50
-132
75
72
-57
-11
58
46
-37
-116
5
-65
-129
-133
39
-87
39
-120
-8
62
-66
72
-138
93
-12
-14
-62
17
-70
119
32
90
20
-26
-72
-62
-51
-39
-73
-116
45
-68
10
-131
-25
-13
26
-114
33
-18
-58
-48
-40
-117
-149
108
45
-38
59
-115
68
-84
57
-34
-47
-57
-17
-47
62
36
-119
-52
-60
45
-70
-25
-59
-139
-30
36
-94
-56
-33
-59
-15
-39
49
-11
49
-68
-53
37
-183
0
-84
-59
-129
35
107
30
-4
53
-137
-67
11
-19
12
-94
-100
-46
-1
61
-37
-113
-128
16
6
-10
-65
82
-83
-38
-91
114
93
-29
-36
-101
36
-21
-21
-123
-43
1
-91
-79
20
90
-72
-24
12
34
8
-34
-228
-125
-25
7
15
-15
-6
13
11
-15
-1
-67
-54
-25
38
50
0
-51
41
96
-10
-115
-123
-20
37
31
-51
104
13
107
-57
-15
49
-126
-83
10
89
66
-6
-11
-61
92
-52
-47
-41
-4
-46
-127
-63
-50
-77
13
-53
49
21
-20
5
-29
82
10
-14
-94
-133
-69
-90
91
-7
68
-4
-124
-160
-156
-9
-14
-142
52
-149
-79
22
-38
35
-58
-95
-11
-16
84
-31
34
-30
44
-17
-46
-147
-90
16
-29
-5
70
-76
21
54
53
-83
36
-86
67
-165
52
-88
-92
-51
-81
-27
-197
2
-93
33
85
5
-44
-158
-51
14
1
-64
-30
-62
-94
-15
-123
20
-37
-59
-94
-28
-2
64
-3
1
-141
14
-127
-91
-26
9
-148
-47
-88
30
-17
-16
13
-68
-67
-39
0
-120
-64
170
-67
-60
-19
21
-116
101
-3
-8
-30
-38
-31
-59
-80
-80
9
-226
7
-81
48
-42
24
-27
6
-80
-106
-1
-74
18
-46
-11
34
-15
-78
-82
-46
-33
-60
-33
-64
59
-101
-19
-105
30
-45
-53
-39
17
-178
-36
-49
-60
-36
-78
-28
15
-27
-104
119
-54
17
-103
13
41
92
87
-34
-83
-89
32
20
13
10
-139
-10
19
11
-21
-62
-85
-78
-89
-44
95
-77
-66
-53
-33
32
-37
-34
-18
-20
-23
-42
-12
-38
82
9
-84
-24
-3
-41
-12
-62
-17
-38
25
-2
-49
-2
-13
-11
-105
-109
-32
-69
-23
112
-45
54
-45
40
-87
-90
105
55
-43
13
-7
-22
-108
-82
5
-44
-64
-16
-7
-13
-26
-163
-3
-62
-76
42
-111
-22
34
-70
-39
12
4
-94
-50
-83
8
46
-67
-21
-43
22
29
1
46
-9
-59
-129
-23
7
-61
-75
-46
-7
38
-2
87
-13
-138
-34
-46
-56
-114
-76
-18
-21
-33
-149
-38
9
-62
-42
-3
-23
56
-9
9
-130
-63
-111
47
-16
30
37
-66
18
38
1
-49
-190
-138
7
-57
-38
21
4
15
20
-103
81
-24
-23
-38
-12
-31
-32
-16
-67
-31
75
105
48
-7
62
26
-11
-25
17
-71
-107
-73
29
85
-46
-80
-47
21
-13
-19
-45
-58
-19
6
-90
-81
7
32
-59
-81
-49
-15
6
75
59
-45
-16
-58
-6
-75
-51
65
12
-6
-5
-43
-57
-51
-14
56
42
-7
-21
10
17
-92
62
-48
-97
-19
16
13
-31
-74
33
-32
17
-141
-97
-29
-28
-44
-30
-14
63
37
80
-1
-117
-91
8
-21
-22
-63
-29
-20
-23
25
-12
-53
-40
-22
-22
-37
-85
36
8
-49
1
-110
-10
16
-38
-22
16
-7
-58
-74
15
-100
25
-127
-71
-19
-103
-51
-53
-26
14
-52
-49
42
-26
-76
75
-9
-129
27
-13
-18
-49
27
-23
-58
9
28
-88
-38
1
30
-48
-36
-13
33
-19
-68
-41
-37
48
-6
3
14
-50
-12
-72
-62
13
43
-5
-70
-29
-26
-65
-21
-80
-28
-59
27
-5
-4
-40
-80
50
17
52
-2
-54
-42
-46
-17
-13
103
-63
-13
13
-7
2
26
-61
21
-68
93
-70
-22
-43
-30
-99
11
-13
19
-65
43
-9
-24
-1
-15
-10
-49
6
-5
-40
-5
-98
-18
-58
-33
-56
-21
-11
-110
-81
30
28
-14
23
-64
14
-14
-27
11
-31
-22
11
-24
-80
-2
-42
-73
54
-86
-48
11
23
37
-61
65
-50
2
-81
-4
-40
-35
4
17
97
3
-1
-21
-34
-48
4
-94
-26
-21
14
-22
47
-74
-115
-35
-6
-23
-10
130
9
-5
-1
12
-59
-9
-40
-45
-43
-52
-76
-98
-10
-37
-82
15
-77
-56
-59
46
-57
9
-69
-31
32
16
22
-2
-20
-114
3
-46
-124
-43
-38
-43
53
-62
-37
-13
-18
-56
-24
-27
2
10
-9
-63
-32
16
33
-7
-53
-18
45
5
1
-21
-71
-16
23
-9
11
-66
-23
-69
-28
-47
-35
-14
4
5
7
-20
-117
21
-15
-33
52
-13
2
-67
14
-9
13
-11
-4
-62
16
-18
5
-58
-72
-27
-14
-27
-11
1
52
-16
-80
3
0
-50
-38
7
-67
-44
-16
12
-5
31
10
-42
-25
46
7
-29
18
-38
16
-53
-26
-6
8
25
3
9
16
-15
-26
-33
14
15
-38
-32
-19
-71
-16
-32
-55
-15
-89
-21
-54
-54
-23
-29
11
-42
10
37
22
-69
-4
3
13
-107
-15
-4
-42
-44
-4
21
43
15
-39
26
35
12
22
0
-16
-45
100
9
-3
2
83
-81
-4
-1
-18
7
-39
-62
-25
13
59
-73
-21
-46
-10
6
12
-25
12
-34
-60
35
-62
-63
-30
-44
16
-54
-116
3
-22
-43
-75
40
70
-36
-4
-37
-8
-23
-97
-38
45
-1
-28
22
30
3
-47
-7
13
-37
-6
24
-45
8
-50
-55
39
-35
-45
-7
-97
-43
3
-39
7
-5
4
-24
-35
72
-45
-45
-62
-14
-22
-13
-6
16
2
31
31
-3
-24
-30
-42
-60
-5
-74
-92
-10
-51
0
-14
-34
-40
-1
8
-27
42
-30
-24
-60
-13
-5
11
52
42
16
10
-105
-47
-21
-67
-72
23
1
-46
-37
-74
8
-53
-29
56
-103
20
11
-55
-54
-45
-2
-8
15
-26
-41
5
-42
-40
21
-10
-9
-1
-50
-49
-24
-7
-60
-22
-62
6
-62
13
-44
15
-34
43
17
-30
-46
-53
-3
-61
-14
-51
-52
4
-86
-60
-7
32
-67
-67
-34
16
-22
-27
46
34
-33
-17
-79
28
-90
1
-36
10
-67
18
12
-1
25
3
-85
-30
-5
-22
-77
11
-75
-57
-45
-8
11
-20
46
-34
-48
9
-34
4
21
-2
-7
37
9
-39
-14
36
-11
-88
-18
-26
-11
-24
23
-15
-20
11
-8
-53
-1
-11
26
-36
-5
-5
24
-24
-33
-66
31
-30
-23
-6
-6
16
2
-18
-49
-17
3
-41
13
-10
1
13
-41
31
-28
-7
21
-2
-46
-40
2
-37
-2
55
40
-24
-56
-20
-14
6
8
55
-8
-2
-4
-33
-16
-30
1
-24
3
14
-15
9
45
11
33
-22
28
44
-8
7
7
44
22
-46
-8
-1
1
-38
4
-30
-3
-6
16
-7
0
29
-44
-81
-76
-52
-20
-10
-5
-27
22
-16
4
23
-34
9
-34
3
-12
-19
37
-45
-6
-55
-8
-3
1
-18
-26
64
3
4
-7
-17
-10
-39
64
-56
-28
23
2
-15
-25
-61
-72
15
-26
7
-7
-42
-34
-5
-13
44
45
-80
-29
10
-19
-6
7
-35
-32
32
-21
-40
-12
-36
19
-22
-46
4
31
-23
4
-10
-19
-12
-14
37
12
3
12
-14
-12
4
4
-18
2
-66
-20
-28
-15
29
-16
-36
31
38
-17
4
4
24
32
-32
0
5
50
6
8
13
-9
-43
-35
-34
-6
-15
12
-66
-11
8
-12
-9
52
-40
-25
33
-20
-56
-56
-26
10
-8
-40
4
12
-52
11
63
2
-37
6
-24
-14
4
3
29
-16
-5
-9
-35
9
-2
-3
9
-77
-44
-8
-4
-28
15
1
39
-23
18
16
-15
-40
-17
37
13
-34
-40
4
1
-43
8
-15
-7
3
37
-76
6
12
-8
-35
-27
-38
38
-13
2
-53
11
-28
-24
-45
-40
-8
-57
-50
-20
-12
-18
0
7
-29
-6
-1
-23
-37
10
7
-35
-8
-9
-14
-6
-32
-2
71
42
-22
-22
-30
-14
17
0
-27
-26
-25
14
4
-43
-20
-66
-11
22
-17
-57
-13
-26
0
2
-21
-29
45
-33
-8
-22
-4
-9
-40
-9
-45
-31
23
-20
11
-35
14
-19
-3
24
31
-22
11
-29
-20
-50
6
29
-10
10
-7
-22
-8
-43
-21
-17
9
22
-31
18
-18
-4
15
10
-29
-27
2
-37
23
-30
-36
-45
-11
-2
-12
6
-38
-13
2
26
-31
21
-13
33
-35
-25
11
38
-52
-55
-64
4
-18
-7
13
2
-12
-17
23
-8
-10
-8
21
-8
-24
15
-37
-39
10
-33
-21
20
-10
-7
17
-11
-2
14
34
-4
6
-37
-90
-32
-12
18
30
1
-11
-21
-9
31
-16
41
30
0
-37
20
-18
34
-40
13
-14
-29
18
-53
6
-29
-13
13
40
3
38
-28
-32
-1
-21
-28
34
8
-28
-26
-14
-72
-35
-4
8
42
-14
-15
29
5
26
32
26
39
-1
-8
23
9
43
-19
16
-20
2
-20
2
-21
-22
-14
25
-18
6
-22
-11
-24
6
2
29
6
-4
21
-63
16
14
18
-26
35
-15
-33
-53
-10
-20
-18
-17
-13
-3
1
-8
55
-30
-23
14
-53
-34
-4
-13
-3
12
-4
0
6
28
-35
8
15
-8
4
29
-10
-9
-32
-13
1
-24
-6
11
-45
2
-32
-1
-9
18
18
3
13
-3
7
14
-5
-67
24
5
5
-1
18
-13
49
-5
42
-31
-29
-17
28
-23
-25
15
-1
-34
-29
12
-41
-54
-20
12
-50
-20
34
-36
57
-23
-14
-15
-7
12
-19
0
11
-9
49
-41
-79
-12
1
-16
-18
-41
26
7
-3
9
-18
-8
10
-24
-30
9
7
23
68
25
25
-29
15
-48
33
-28
2
9
-49
-16
15
-34
2
49
-2
-45
15
18
17
53
-16
17
-15
-60
9
-6
-10
37
-22
13
-31
-32
8
-11
38
3
-11
-34
16
-12
16
-12
-30
-3
7
11
15
13
21
60
1
-33
23
-25
4
5
4
10
-5
-30
-41
-24
-37
15
23
-26
-2
1
-18
0
-26
20
-12
-30
15
-12
-23
-35
-25
-55
27
22
32
-8
23
-10
2
14
17
3
-36
30
2
-10
8
-12
17
-18
-33
17
-3
-25
-14
-9
-32
12
-20
-1
17
5
-44
4
-39
-14
0
2
-14
-11
17
-25
34
-31
-56
-1
-50
7
-56
55
-54
-34
-17
-33
23
-21
-43
-15
-44
34
-29
-25
-11
-15
-38
11
7
10
14
-12
5
-26
-6
-9
-36
16
1
4
-39
-19
12
31
22
-26
-26
-7
-13
-22
-17
6
-7
3
-6
-28
-12
-11
-18
9
-8
-2
1
39
-11
22
-13
4
9
-19
-21
4
-16
11
14
-17
14
26
5
5
-52
7
5
-3
-10
8
5
14
3
-21
16
5
19
12
-16
14
2
-28
27
-6
-14
-18
-27
-9
29
22
-36
19
8
-4
-19
-13
0
-22
-21
-27
-3
-42
39
20
-4
-16
-4
3
-36
24
-11
33
-2
-14
8
6
-33
16
14
9
-4
-49
-40
-63
-22
-33
11
-33
13
-38
24
-23
6
-22
3
7
22
7
-5
19
10
-5
6
-36
-12
-5
3
-49
37
5
-17
3
-20
-2
10
11
-30
12
40
21
-8
-21
16
-12
-12
9
-9
11
7
15
16
-8
9
-1
-28
9
18
-9
-44
37
21
-22
-2
13
-38
-13
30
11
8
48
27
-7
-6
-20
5
28
-37
-29
17
-6
-4
-23
-23
14
-28
35
-28
3
-31
-5
-20
-19
14
-14
-41
-37
25
-13
-15
-18
-9
29
16
-25
-4
-11
-7
-21
-6
5
5
-34
-17
42
-20
46
6
17
-6
-61
-8
-31
29
-5
9
9
11
-17
14
5
-2
-11
33
-33
0
28
-16
8
-3
-16
-10
-12
6
21
-11
-2
3
-34
24
-4
-5
-7
7
16
-14
-5
-20
-23
11
-12
23
0
-18
-1
-17
-36
12
-33
-2
-11
-59
-15
-10
45
-12
11
-10
-33
-20
18
8
-54
-35
-12
-12
13
23
-53
-3
-23
23
-3
-13
-15
1
-37
18
-42
18
2
28
23
-10
10
-19
11
-22
-11
3
-12
-12
-13
-3
-16
2
-41
4
3
36
17
2
6
-1
12
16
-21
-16
7
6
19
-36
9
-27
19
19
-11
39
28
107
46
18
-22
9
-56
8
-22
-4
-9
-21
-20
-7
34
19
-8
10
41
-7
-2
-32
-27
-53
6
17
-10
4
-40
4
10
1
-2
-9
17
6
-25
-27
-5
-5
-9
-3
-28
-19
-58
19
4
5
-7
10
16
-38
18
6
5
-8
47
26
-9
-24
-6
-2
-3
6
-19
-6
-8
-36
4
26
-24
8
10
24
-19
-58
4
9
-24
-13
-26
15
23
-23
-1
4
-19
-10
25
-15
30
-20
-27
-9
2
-16
-23
34
-9
-10
-26
21
22
30
22
4
-34
-19
-12
3
4
-18
-42
15
-41
-18
-12
-37
-9
-15
-20
-40
-27
-20
-5
-10
-31
-22
46
-19
30
47
43
-45
-54
-29
69
-65
-10
75
-8
-23
9
-2
23
19
19
-4
1
-20
-34
-8
-8
22
-6
-12
15
7
24
5
-21
3
-2
4
-62
-7
23
9
10
10
-36
6
4
12
1
-26
18
4
-21
9
17
-2
-7
6
18
3
-7
9
-18
11
-1
-15
2
1
26
-20
-14
7
-19
12
0
21
-1
-5
-24
-24
4
2
7
19
24
5
-18
15
17
-12
-15
-36
-7
-10
-25
15
34
-33
34
-3
8
-17
-11
30
-32
-15
-7
-1
3
-34
-32
23
4
19
-17
13
-13
40
10
5
0
14
-20
-33
7
8
10
-18
10
-16
-17
1
-12
-14
32
39
-15
-9
4
-2
18
42
-23
26
-23
-11
-15
-1
-13
-30
6
-64
5
-25
-7
-17
-8
0
4
-11
-6
36
0
-16
-4
-12
1
-15
16
8
-10
-8
23
23
6
-2
-18
-39
-5
-22
27
-16
4
1
-17
-11
9
-15
14
9
2
5
-26
18
23
-16
14
28
-21
-44
28
38
-10
-17
-25
15
2
-24
-18
-6
34
-14
27
26
22
-16
8
25
-10
-15
5
-5
-13
16
-28
-16
-8
-26
-16
-11
6
-28
-31
2
-22
-4
-47
-37
-39
20
29
-9
-19
3
3
-4
13
1
9
9
2
11
-20
7
14
12
-8
13
-5
-11
-7
12
-5
-6
24
-15
19
-30
-14
34
-10
-28
24
6
-18
42
-2
-37
9
-5
6
-20
-13
-25
-36
11
-2
-29
-15
18
-34
16
-20
-32
-6
10
-30
3
2
11
5
15
11
-1
-5
-6
6
11
-8
-9
4
-19
3
-9
5
3
-6
-8
7
20
-24
2
18
-38
23
-14
-14
-18
-16
16
-5
-12
-20
1
-37
0
-14
-12
-3
-9
-15
-13
27
-29
2
-23
13
-5
-7
4
42
-6
7
4
-6
-6
10
1
-14
15
25
-20
-7
-14
-2
7
5
-22
13
-2
3
14
-18
8
-29
44
-31
20
-6
-10
11
-2
0
3
-16
5
-1
34
-3
-47
-2
20
17
-14
13
-6
-24
12
-15
11
-25
10
34
11
-22
-2
-9
15
-11
2
5
-32
-12
-21
-29
12
-5
-37
-8
-21
14
29
1
4
-21
31
11
3
5
-32
8
-16
24
5
-7
-25
12
-15
-15
15
-9
40
-32
50
43
-4
-21
34
-53
-10
-2
-6
11
11
-18
6
16
13
-11
27
-2
-12
28
5
18
-2
-5
-1
-17
3
0
-2
-2
-12
-20
2
-22
-5
-13
-14
-16
-13
5
-32
18
-7
-17
2
2
-32
3
-26
-17
12
-27
6
-17
-18
-16
-31
-6
-26
-18
4
-27
0
-15
7
-6
-11
3
6
-14
4
-19
28
8
5
25
-10
6
5
-28
-21
-36
25
16
-3
8
-11
34
-16
12
-4
-33
5
-12
10
10
0
17
-14
-14
-2
-8
16
14
-31
-19
-5
-14
-11
18
38
5
-14
-10
4
2
38
3
31
-8
-20
31
-22
4
19
12
-17
-13
1
-9
5
-12
-11
-5
-4
12
0
17
7
28
29
26
-2
-5
4
8
2
16
16
27
18
-8
18
23
-19
39
-8
18
-16
17
-10
-36
-18
-2
-22
-11
9
-12
-10
18
1
8
32
-37
-13
-10
19
-19
9
39
-15
-4
9
9
7
10
-2
-1
-10
26
-5
3
14
-40
-16
6
14
22
16
6
-3
-3
-2
-7
5
-10
-15
-13
-5
5
-5
0
9
3
-7
-37
0
6
-1
-5
-6
13
-3
-13
23
33
-4
-12
20
1
14
10
-29
-10
-2
-5
16
23
-14
20
-4
-13
-3
13
8
5
1
3
21
-4
28
5
-5
25
-8
25
-21
19
-9
5
1
-19
5
-16
-3
-4
6
16
-7
-9
4
22
-23
-17
21
15
5
-2
-7
10
25
0
11
2
9
3
-33
-1
4
15
-13
-21
16
-17
21
5
22
1
-20
-25
4
-23
-4
27
-4
-3
-24
-17
4
19
22
20
-6
4
-17
40
-5
-26
-12
2
17
-12
0
-4
-24
7
-11
-7
-3
22
27
4
42
-24
-34
9
5
-19
11
5
-2
7
-4
-15
21
-13
-7
13
-2
44
-2
14
-6
-21
-16
3
-29
-11
25
-10
2
21
-15
14
-19
7
14
-5
5
37
-12
5
0
-12
-11
28
-25
-12
14
25
-6
-5
-6
7
-14
12
4
34
1
20
9
-8
4
2
-17
-16
-13
2
-18
12
7
18
-3
0
-31
19
6
12
30
-31
-4
2
21
-7
16
13
8
-19
-2
26
-6
-17
5
22
-17
0
-7
5
-21
2
-10
-7
11
-15
-27
10
-2
-21
0
9
-1
-10
13
3
4
-1
17
28
-9
-5
14
8
5
7
-22
9
-11
0
-9
2
-31
16
22
13
-17
-9
-15
0
-10
-18
3
12
-7
-2
6
13
-7
6
-3
-13
5
-3
0
-18
-3
-10
6
3
10
-12
-23
1
-34
7
19
-23
-7
-4
-3
-5
-27
6
-25
-14
-16
0
-5
-25
15
-6
-10
5
-6
21
2
-4
9
-23
17
13
4
-4
8
42
5
-2
3
1
11
12
13
-4
-1
-3
-2
15
-22
-22
0
1
15
14
7
1
27
-14
-4
14
-17
-16
-9
-3
-17
13
-5
6
-15
-3
23
-1
-20
-20
3
16
16
3
-19
-11
-29
-6
-26
-19
11
18
8
-5
27
1
-2
-10
-18
18
-8
30
-19
6
17
-6
-14
5
1
-2
8
16
18
-8
-4
11
12
-19
-50
24
-14
13
35
16
-13
-16
15
-5
-5
5
2
3
24
-14
-3
4
-11
0
11
16
8
-45
6
15
3
4
-21
-11
17
-18
37
-14
7
0
10
-14
-7
-22
-5
-13
-30
19
21
9
-15
-23
21
18
-28
9
1
7
5
-7
24
-8
-4
18
-4
-15
-16
-12
19
6
-1
15
3
2
-6
7
-9
-29
27
22
-2
20
-20
-20
6
-18
-13
-22
4
22
-10
-3
-6
-22
8
-18
10
-1
-18
1
-7
-2
-2
-10
8
-12
-2
-12
-24
8
17
10
-26
-21
2
-6
8
14
10
-11
-4
17
-13
-14
10
18
-12
3
-8
-8
-4
3
-2
-11
0
34
14
-29
-18
-16
-17
9
-9
-2
-23
2
-5
-19
5
-8
19
4
2
-7
11
-8
19
-6
-19
2
15
6
1
10
3
11
-7
-7
-20
-13
36
6
32
-24
-2
-10
-8
0
3
-7
0
-17
14
2
-7
14
-1
21
-10
-3
14
-8
-6
10
-4
-5
26
1
3
-1
4
-14
1
-33
-7
-8
2
10
-20
32
-5
0
-6
-20
-10
-6
-5
17
2
25
-8
20
5
-2
-4
-9
-20
-5
6
-19
-18
-16
-13
7
-9
-2
-7
10
21
16
-29
-3
8
-3
-19
-16
-15
-7
10
-5
4
-27
6
0
-34
-21
-15
8
-12
21
-6
-4
-14
-10
38
1
14
-9
0
-23
-28
-7
-3
15
8
-5
-5
-11
34
-11
-2
-13
44
21
-5
-6
6
-5
-10
14
-19
-9
0
-8
-11
3
2
36
-11
-4
18
5
-15
-12
3
-19
25
-17
-23
-10
3
2
-19
-1
-10
-1
-21
26
13
-11
7
0
-18
31
4
6
-21
11
16
-35
0
9
13
-22
2
3
-2
-10
-24
4
-10
-1
-1
29
10
-3
-28
-22
10
-10
0
-11
-18
9
23
-10
-6
16
-12
-11
-35
-24
-2
-4
5
20
3
-6
-1
9
-25
30
0
-6
7
-19
-3
-7
-3
-34
-12
6
31
-23
14
-8
-11
18
-17
2
-1
-14
2
-7
-14
-6
20
20
-9
-11
12
-6
18
-8
9
-14
-2
-4
-4
4
-2
-1
-12
-13
14
-15
-4
-5
16
-1
-1
-1
-15
22
5
-4
10
-3
-5
-5
-5
14
-2
-1
0
-13
-16
-10
18
0
15
6
-27
3
-7
-2
5
-13
-11
24
-25
9
-2
-23
15
-7
-2
-7
-10
7
-32
10
19
5
14
-21
11
7
-2
24
-7
-1
-9
-17
6
-1
-10
-1
-3
20
1
32
23
-11
-16
2
13
-5
60
-10
-13
-19
-22
21
-33
-15
-20
28
19
21
1
3
-8
13
21
-5
-29
2
-19
-15
2
-7
-10
-15
3
-7
-14
1
15
-20
-15
3
4
8
-1
29
-12
-6
18
2
5
4
24
5
11
6
-19
7
-2
6
-5
-6
-16
-6
-7
2
8
-4
-17
-12
2
4
7
-10
-8
1
-3
-22
-15
-12
-15
-5
-6
1
18
-5
-19
-5
9
4
4
1
12
-19
-3
-6
27
-1
12
-13
14
3
-21
-18
-16
-28
16
13
-7
8
4
-1
-19
19
26
-16
2
19
4
0
6
-13
10
7
3
22
-11
-25
-28
2
14
-15
-16
-1
2
10
7
-8
-2
-14
-3
8
-11
-3
-7
0
6
0
-20
-21
-6
5
2
4
23
-10
-1
-8
-5
25
6
-2
-13
-4
13
-19
8
35
-1
5
-5
18
13
-1
-1
24
9
-2
25
0
-10
12
-18
6
-9
6
-8
35
-7
13
-10
-2
-4
2
-23
8
-11
-27
-5
-4
9
-10
1
-26
0
-29
-18
-24
2
3
-10
-12
31
-1
-10
3
-12
1
16
-9
4
-10
4
-19
13
0
6
-11
-11
-22
17
10
10
-12
-6
-3
-7
5
0
-3
-22
18
-4
-3
6
13
-6
21
-3
24
-5
-21
-7
-6
20
-7
-1
9
-3
-4
0
8
5
-17
6
13
6
15
-7
4
-13
11
-14
34
25
22
18
12
2
14
7
-12
-1
-4
1
20
-10
2
-16
-7
17
-4
-11
-1
26
2
-12
-3
27
-1
30
17
17
-34
5
-27
21
1
-32
6
13
2
-8
-20
-9
-7
16
8
9
-13
2
-26
0
4
11
-12
0
-15
4
4
9
9
14
1
-22
-10
-16
4
-7
4
-1
6
-12
3
17
-7
-16
-5
-22
-21
-2
-2
3
3
4
0
-2
-13
-10
0
-2
-16
-9
-13
-6
13
-5
11
-9
11
-8
4
-21
1
-12
-1
9
12
8
14
-9
15
-22
8
14
-6
-1
-5
2
-9
14
18
3
-2
-16
21
22
-9
19
4
1
-6
4
-3
27
5
-20
4
-14
14
3
26
17
-3
-10
-1
-5
-10
10
10
14
7
3
-8
8
15
-24
-4
8
-14
-21
-1
-10
14
-7
-1
-6
18
-4
1
19
7
-1
33
9
-6
-9
13
-7
-2
-6
5
-20
-16
-7
-11
-1
12
13
-20
3
-12
-2
-4
6
13
-24
-15
10
19
-1
-1
24
0
12
9
-2
0
5
8
11
12
2
-14
-12
22
-16
0
1
13
9
24
-1
-3
-1
9
0
22
14
3
12
-26
-4
5
16
-17
22
-15
-12
2
-13
9
-1
-13
3
13
-17
-7
-12
7
11
15
7
3
-6
-10
7
-2
-2
-24
10
-1
-6
-7
-2
-8
0
24
-11
0
7
-7
-9
18
18
-10
10
19
21
5
-7
-9
10
2
-11
23
3
19
1
-8
-11
-9
-8
15
27
-4
8
-5
5
1
-1
12
4
-7
-14
-11
-7
-2
8
-3
1
1
3
2
-16
-10
-1
-4
-14
13
-4
-7
-12
0
-13
6
10
4
-1
-15
14
3
10
-9
-4
-1
-9
-4
2
-11
9
-4
5
0
19
1
8
-26
1
11
-3
0
4
6
10
8
15
7
-19
-10
-4
9
-4
-1
-2
30
-12
2
-12
5
7
-10
-22
16
10
7
13
-16
-1
-11
-6
4
23
0
2
-6
8
-11
5
-2
19
9
13
-2
3
2
-4
-23
7
1
-22
-4
12
-12
3
2
3
-11
8
3
-12
1
-5
-1
4
11
19
18
16
-3
-24
1
3
-6
6
-7
0
5
3
-10
5
3
-1
-17
-4
6
-4
2
9
2
-12
7
-14
20
4
-3
7
13
3
1
-19
-33
-4
4
-3
-13
1
-6
-1
-7
-13
8
22
27
0
16
5
5
-3
-8
-4
-22
16
9
9
17
-7
-3
4
13
15
-3
-18
6
4
-15
12
-1
17
-4
0
-4
-17
-9
0
-1
2
5
-4
-11
-6
-2
-13
2
5
-3
-7
6
-5
4
11
7
-9
8
-8
1
6
-3
-6
-7
2
12
16
8
-19
-1
-16
-11
-24
-2
2
3
-29
-6
6
9
9
24
-4
-29
9
8
3
-10
-6
7
5
5
29
-32
-3
-18
-14
5
4
4
-15
-10
-5
-2
-1
14
18
9
-20
-10
19
-15
-5
-16
6
4
7
19
-17
-11
-7
18
-13
2
1
-3
18
20
-3
-11
-10
-11
-7
8
-2
-13
5
-3
5
-14
-11
15
-15
-13
-4
26
-18
-10
16
17
6
-3
-5
10
-22
13
4
19
-6
-2
-19
-19
28
5
8
5
19
7
4
-9
-3
4
16
-17
4
-21
-9
-4
30
9
-7
-23
-28
-16
-6
5
6
3
-19
5
1
2
11
16
-5
1
-11
8
-3
2
1
9
-4
-22
4
-2
5
-21
17
-2
12
-16
17
-1
-9
-2
-4
1
0
-11
-10
4
10
11
3
7
-1
23
3
-12
-8
7
-11
-36
6
-12
31
2
5
7
-4
5
-17
-10
6
10
25
5
-4
7
30
2
9
-15
-10
-8
9
9
11
12
8
-16
11
-4
0
0
-10
-9
13
-20
5
-12
-8
-12
-6
20
-5
8
6
15
-18
26
-28
7
-12
-2
-7
-10
-1
8
-8
-5
6
-11
-12
5
2
-10
-4
10
3
3
21
33
-10
3
-16
-15
4
22
-2
8
2
27
6
-17
-3
-3
8
18
8
25
-18
-21
-14
13
13
-12
-26
-2
-2
-10
-11
-4
15
7
-33
-2
-9
-30
-42
8
-23
29
-59
-11
23
34
3
-4
-8
-16
-6
-9
-6
3
12
1
1
-6
9
5
0
-18
10
12
6
-12
-9
22
-3
2
3
-5
-6
4
3
-2
21
10
-3
-4
4
20
-4
-7
5
-3
-4
10
8
0
15
11
4
0
20
-12
24
10
6
3
11
-18
-6
11
-8
0
-6
12
10
-8
-14
9
-10
0
12
0
2
8
-26
8
-11
24
-7
-12
-21
3
-2
-3
-5
13
2
-3
17
2
-13
-12
-8
27
9
-9
5
-8
3
6
-8
12
-2
0
-21
0
0
-23
22
7
-3
12
-5
-3
0
-1
-14
-1
5
-17
-37
11
4
13
-8
-11
13
-7
10
-25
-17
6
12
-45
-11
25
-12
-2
-14
-14
-19
7
-2
4
-8
7
-11
-19
9
9
7
15
0
-11
-10
-2
-7
-9
-5
-22
1
-2
-1
10
22
-16
0
-12
-7
-10
-4
-3
8
-7
-8
23
1
-2
-22
23
5
17
8
-2
-15
-15
19
14
-4
-10
2
-16
10
11
6
12
16
15
8
12
-12
7
-2
-16
8
10
22
-9
-11
-17
-8
8
17
0
32
7
26
14
2
-2
1
-4
2
10
-19
-9
12
20
3
-18
10
8
-32
15
11
15
-12
-7
-21
17
-8
-16
7
-6
3
5
11
9
-7
-8
8
-14
-8
-1
-5
8
-5
-1
6
18
-5
1
11
28
18
5
-1
-8
-2
9
8
-21
8
18
5
-1
0
4
-27
-9
-3
-35
-7
-12
-16
-4
5
-21
-12
19
15
-10
-5
7
-2
-36
16
1
4
8
24
9
18
5
-9
-13
3
14
13
5
-1
-12
16
6
0
4
-2
0
-14
-18
-2
7
-8
-2
13
1
8
2
-6
-5
-24
14
-23
4
24
-9
3
3
0
2
0
0
-13
0
6
36
7
1
1
-10
0
2
-4
-7
-1
-26
1
-5
15
-13
-7
-6
-22
10
-1
-4
0
19
29
-1
-10
-10
-27
1
-2
4
-10
11
23
7
-17
9
1
3
-14
3
-1
-8
-3
5
-9
1
-21
-8
7
1
-5
11
-8
18
2
5
-8
-7
-4
22
3
-2
-10
6
6
4
-11
13
-8
10
3
17
-1
-4
3
2
-2
-17
-7
11
27
9
-7
-19
-8
-11
-15
20
3
-1
-13
26
-11
4
-20
-5
5
-6
0
13
-12
1
5
-3
1
27
7
-9
-8
4
-1
-5
-2
-3
14
-16
-1
20
-10
16
-22
-4
12
-21
-7
-2
20
14
-7
-4
-19
6
9
10
-1
-5
11
-2
10
8
-23
-8
1
-6
-4
1
19
-3
-15
14
1
28
6
-17
-1
-9
12
-9
10
-8
-9
-23
-4
-10
-3
-5
6
17
-1
-20
14
12
14
-14
2
-1
-6
16
8
-4
-9
-12
17
-2
11
3
-8
-14
0
14
7
11
6
-6
5
16
-11
24
-9
0
-3
32
4
6
10
-13
11
-2
-3
-2
-20
20
-8
-15
18
3
18
-12
0
1
-29
-12
17
2
3
-7
-14
12
-3
-5
8
15
4
15
7
-13
2
-14
14
-1
-4
-5
-1
23
-8
-7
21
-15
2
19
5
3
10
-11
-11
-3
3
11
13
7
11
-7
-13
-8
0
-2
-6
-4
-3
3
-8
-1
18
3
13
-3
-9
6
15
-1
-16
5
-7
-16
3
14
8
16
7
10
7
-10
-19
17
-7
-13
-26
-7
-15
7
5
-1
-8
1
-2
2
5
5
11
12
9
1
-3
-18
9
19
-11
3
1
8
-10
3
-4
17
9
-8
8
13
6
14
0
-2
-1
-7
3
-4
-4
11
-2
4
-1
2
-9
10
13
2
-2
4
-1
14
10
0
3
-5
-6
-7
9
-2
-2
-2
7
-24
17
1
5
-1
8
-14
-3
-9
-12
17
-21
3
8
-3
-7
0
17
-18
5
5
2
-15
1
-9
8
7
-3
3
10
-1
1
-10
6
-7
-4
2
10
16
5
-6
-24
-3
4
-10
5
-1
-7
3
0
4
31
1
8
11
-4
-4
0
0
2
2
-4
-12
-11
-5
16
-4
8
1
-12
14
-14
-12
-5
-4
-2
-1
-7
-2
-4
15
0
-1
17
7
6
-12
-7
0
-9
5
2
-5
-18
-1
-9
1
21
0
4
-16
-3
24
9
-9
-4
-1
4
-3
2
-3
-2
-11
-14
23
4
-8
-1
7
0
-17
-1
13
-5
-1
-7
-12
6
9
18
-9
10
-9
-4
-2
-10
4
3
12
4
-4
-9
-9
-9
-1
-13
-11
-11
-9
-2
-4
1
13
7
-10
-10
-10
-7
5
16
-3
10
12
2
-3
8
4
5
-1
-3
-4
-6
17
-2
9
15
-18
-8
-13
2
-9
-14
-7
-1
10
16
-4
6
-5
-2
-1
-12
-11
5
-19
4
-3
-2
-1
-6
12
5
-6
5
-7
-3
10
2
-4
-14
-8
-16
-3
4
-4
1
-20
9
19
-1
-3
-9
-1
5
5
9
-15
8
-5
-25
2
9
20
11
-1
-7
-14
2
-8
11
4
21
9
-5
-3
6
0
-2
6
-7
4
-2
4
8
25
2
-7
-11
-3
-5
-8
-3
3
20
-12
7
12
0
-6
11
2
-1
-11
-2
-2
-3
0
-23
-1
-3
-12
7
-10
9
4
3
3
-6
11
-2
-3
3
-5
5
-6
20
-5
-15
-5
3
-1
-3
13
-7
-5
11
0
-9
3
9
14
4
-13
0
-3
2
12
-5
16
15
-17
-16
-6
-2
4
9
3
-6
5
-5
-1
-3
0
4
-3
-1
-1
-2
-4
-24
1
-13
-5
-10
-5
-6
0
3
-7
6
-17
2
1
-5
7
-12
17
-6
-8
-2
-1
-7
-9
-8
-6
9
-1
7
-4
6
-7
-11
-1
-4
-1
0
2
8
1
-2
5
-1
1
4
-6
5
-1
2
8
1
10
-12
4
7
17
-15
-14
-1
7
23
2
-8
-8
-2
7
5
-2
0
13
5
6
-3
-2
-15
-5
7
-7
7
7
-6
-9
6
5
0
10
13
6
-6
-1
13
4
-3
-9
-6
-2
-12
-9
0
10
-3
11
-3
11
6
7
4
11
-4
9
-7
5
1
4
-4
-3
-8
-8
-10
-4
-5
7
4
-5
-2
-8
5
-5
-12
-1
-5
6
0
4
5
3
-19
2
1
4
6
-3
2
-3
-15
5
19
-1
4
2
11
10
3
-10
-3
-1
-2
3
0
-4
1
-5
3
-14
-3
9
10
7
17
7
-4
6
-1
13
5
5
-8
-3
13
-5
-10
9
4
10
-8
-2
8
-8
-7
5
13
12
-4
0
-3
-3
6
-1
8
0
-2
-9
0
-9
-2
11
-8
9
16
11
4
9
10
-4
-1
2
-1
-6
-2
1
5
0
-3
14
9
12
-6
0
3
7
1
-1
5
0
0
14
1
3
-5
-15
8
-11
-2
16
-2
20
2
-10
17
-22
0
-11
-8
-12
-2
6
-4
9
-1
2
1
-2
-15
-5
4
-5
1
-2
-1
6
-19
2
-4
-10
-13
11
13
-5
-19
-4
8
-1
0
-14
-4
16
-6
4
-18
2
-6
-7
-5
12
-3
-5
-19
0
-11
-5
6
1
-6
12
5
4
1
-6
2
1
3
-4
-8
-13
3
-1
-10
10
-4
10
-5
-3
-7
6
-1
5
-24
17
1
16
4
3
-7
2
8
9
-7
-11
-4
16
-8
8
-2
18
2
6
-1
-1
-6
-5
-13
18
3
0
12
4
16
-6
6
-3
-1
5
11
-11
7
2
-5
-15
-6
-7
-6
-6
4
11
-3
9
-11
-14
1
6
4
-9
3
3
0
5
-2
-2
18
1
-18
3
0
-2
7
1
7
6
-15
4
-10
-21
-13
8
15
-6
12
8
9
-10
14
-3
3
7
11
-3
-8
-1
15
-2
-9
10
-16
-5
2
1
9
8
-5
7
-6
0
6
2
7
-1
4
-5
11
-2
3
2
3
11
1
-3
-4
-4
-6
3
4
-6
4
-10
-1
-4
2
-6
-14
3
-2
2
6
-8
3
2
-4
2
-6
-6
-1
8
5
-3
-13
7
-2
3
-2
2
3
5
-17
0
0
-9
12
-3
10
-7
3
11
3
-6
-6
2
-10
-4
-20
-4
-1
1
7
-6
12
9
-2
-2
-2
-3
-9
0
-1
3
2
-4
1
3
7
-3
-7
-1
11
-6
-1
5
-6
5
11
6
-6
7
6
3
9
5
-5
-6
-11
1
1
12
-12
-14
2
-8
-9
-5
-3
15
-2
1
5
-7
0
3
-12
-4
-4
-4
-1
3
-16
2
6
-6
-4
12
-4
-12
-6
-5
1
5
9
3
-4
-4
-5
-5
-4
5
-1
-1
3
-16
13
4
7
7
12
-6
5
11
-11
-4
-1
-11
8
9
-3
-4
5
8
4
5
1
-7
1
2
0
5
10
17
10
2
0
4
-2
11
-19
6
2
-1
-9
-1
-24
-20
3
-2
-10
0
-3
17
-13
-11
-12
-4
5
-3
-20
13
4
-2
0
-2
12
7
13
2
-8
-8
3
-5
4
-19
-2
-4
-2
5
-9
23
-6
51
83
50
-45
-27
119
-5
-79
-3
62
2
-61
21
11
31
-29
11
-10
-5
-1
8
-6
1
2
-2
8
2
-4
-1
7
6
-9
0
-3
-3
2
-9
1
7
0
-9
5
-8
5
7
5
0
-9
4
-5
-8
-20
4
-7
7
-7
2
-1
3
-2
4
-1
-4
0
-9
-7
-6
-18
0
7
-6
4
3
6
-2
8
-3
12
-3
-3
-10
7
4
-4
0
9
1
1
-12
5
4
6
-1
-4
-8
-4
2
6
-3
-3
-2
3
-2
-10
3
-3
0
2
-1
-7
-2
3
2
5
0
-2
1
-12
0
-2
0
3
-1
1
8
7
2
-3
7
-11
-8
5
-2
-7
-4
4
6
2
-2
1
5
4
0
1
1
-3
-2
-11
-2
-2
2
-6
7
-3
-2
5
5
0
-5
3
-5
2
-1
5
-7
5
-4
-1
10
-7
1
-5
5
1
-7
-6
11
1
-1
-4
17
-13
12
1
3
-10
3
5
7
-5
9
-11
4
2
-4
-5
0
0
0
1
9
-5
-4
4
-5
-4
4
4
11
0
-2
-5
0
5
7
2
-3
2
8
10
-8
5
-6
-16
-3
1
-2
-4
1
2
-6
-5
-2
16
-3
9
-11
1
7
11
4
9
-2
-7
4
1
-5
11
8
5
3
5
3
2
-5
-11
-5
17
7
2
0
-2
5
-1
-2
8
-4
-3
-2
-3
4
-6
-1
14
6
-8
-12
-8
0
-5
6
-5
1
-3
2
8
-4
2
4
3
1
2
-4
10
-6
9
1
2
-2
5
6
9
3
-7
0
-7
1
-3
4
-8
-5
3
-8
2
-10
5
-7
-4
0
5
1
3
2
-2
-1
4
2
6
0
0
11
8
-1
7
-1
-1
-10
-2
0
0
11
9
6
2
-6
0
-3
3
3
1
-8
7
-6
-1
6
4
4
3
-3
-1
-2
9
-7
3
2
-3
-11
3
-4
0
-7
14
-2
3
1
-5
3
6
-5
7
4
-9
7
5
10
-1
-8
-4
9
2
2
-11
7
5
-1
4
0
4
7
-5
-5
6
-9
1
8
-18
17
-2
-7
-3
2
3
-2
3
2
1
-3
-8
-9
4
1
5
-1
4
-1
5
-3
-2
5
-1
3
1
-4
0
-1
7
0
-5
3
-2
9
0
-13
10
6
-11
-7
-4
3
4
0
-5
3
-2
1
-6
-4
12
4
0
-2
-4
-8
-4
-9
-2
-3
-6
-2
2
1
0
-5
-11
-3
7
-2
4
-2
-2
5
-1
-1
14
-2
11
4
-13
-3
-3
12
-9
5
0
9
-2
-6
-4
-4
0
6
3
0
-3
4
0
-2
8
-1
0
2
1
-8
-2
-3
-6
2
-3
-2
-2
-1
-4
1
-4
6
1
7
2
0
-12
-5
4
4
0
-5
1
11
-1
9
-1
-3
0
-7
-2
4
3
-2
7
-11
13
2
2
0
-6
1
2
11
-3
-1
10
5
5
-6
3
7
4
-12
-2
-4
4
5
-2
-1
5
2
-7
2
1
-6
-2
-1
5
-4
-3
-1
5
10
-10
-3
3
1
0
1
1
5
-3
4
12
1
-1
6
2
0
5
2
9
-2
5
0
4
-4
2
-1
4
-4
-5
6
-2
2
-4
2
-1
13
-4
-5
-14
-2
3
-4
-3
4
-1
-4
4
6
-2
0
3
-1
-5
6
-10
18
-4
2
4
13
-7
-5
-13
5
3
0
2
-1
3
-6
9
10
2
-3
-4
4
17
3
-2
18
-4
1
24
-21
7
18
-7
21
-4
3
-2
1
-12
-2
5
1
4
4
-10
11
2
5
-5
6
-12
-4
-10
-4
5
0
-9
3
5
2
-6
-1
11
1
-4
6
-2
1
4
6
1
2
-3
0
7
-3
13
1
-12
0
4
-3
5
-4
-1
3
-6
-6
-3
0
3
3
-4
-1
-6
2
-4
-8
3
-4
1
1
2
1
-1
0
3
1
2
-3
1
4
-3
-6
5
2
-5
-2
0
-4
3
1
-4
-2
1
-5
1
2
2
-6
3
-1
2
15
4
-9
-4
-4
7
7
5
-1
-5
-7
8
5
1
-7
1
1
-9
-1
-7
5
-6
2
-6
3
6
-1
-3
1
-12
11
4
-2
0
7
-9
4
7
-2
-9
-9
-15
-3
0
4
-2
-1
1
0
0
0
0
0
0
0
0
0
0
0
0
0
0
0
0
0
0
0
0
0
0
0
0
