0
0
0
0
0.1
6.7
-135.5
-66.8
-142.8
-76.2
-145.8
-102
-25.9
-85.5
-86
-61.4
-98.5
-73.2
-59.2
-118.9
-81.4
-116.8
-76.4
9.2
-41.5
-59.6
-59.3
-64
-23.3
-39.3
-50
-36.2
-43.5
2.7
-53.8
-65.7
-41
-8.9
-40.7
-50.5
-4.9
-1.2
-21.5
-6.2
-37.6
-21.6
11.5
-16.3
-47
-29.3
-25.5
-17.4
-32.6
-27.2
-82.1
-59.2
-11.7
-85.4
-20.1
-16.3
-41.9
-9.2
-1.4
-46.1
-37.7
-14.6
-24.7
-48.8
-32.3
-12
-43
-2.1
-47.8
-31.9
-8.3
-3
2.6
1.9
-49.4
-4.3
-58.4
-38
-8.4
-13.3
-49.1
-44.5
-39
-37.5
-38.1
-33.4
-24.3
-36.2
-35.9
-48.4
-44.9
-23
8.9
-49.8
-21.1
-17.6
-18.1
-22.2
-26.6
-39.3
-32
-15.8
-35.6
-35.4
-38
-15
-47.4
-5.9
10.6
-17.6
-34.4
-10.6
-18.5
-6.8
-23.7
-33.5
-21.9
-28.9
-15.2
-51.9
-20.2
-23.6
-15
-22.1
-30.2
-7
-13.4
-12.9
-16.8
-29.2
-24.5
-22.6
-18.7
-2.5
-22.4
-9.9
-31.8
-41.5
-15.4
-37.1
-15
-11.2
-27.6
-11.1
-12.3
-25.2
-19.8
-0.6
-6.5
-26.7
-30.6
-16.6
8.7
4.5
-16
-17.2
-42.8
-8.8
-5.8
-26.3
-10.5
-8.2
-39.1
-12
-9.9
-33.8
-20.9
-12.8
-31.7
-19.6
-36.8
-8.8
-12.5
-39.3
-4.7
-12.1
-10.9
-11.8
-13.9
-0.9
-12.8
-3.8
5.5
8.9
-3.4
-30.9
-6.8
-4.4
-8.3
-25
-7.6
-15.4
0.9
-13.6
4.6
3
-16.8
-13.6
-5.5
-3.6
-10
-8.5
-8.2
-11.1
-30.2
-10.7
-0.2
-13
-18.6
-13
-8.1
-4.4
-10
-9.5
-12.3
-10.8
-8.4
-11.3
3
-14.8
7.6
-12.8
1.3
-15.8
18
-5.3
-0.1
-3.7
-8.6
-13.8
3.7
-14.7
5.5
5.7
-14.6
-10.6
-1.5
-17.6
4.6
-4.5
1.9
-1.3
-4.1
2.6
4.4
-13.9
-12.8
6.4
-4.9
-5.8
-9.4
-17.7
-17.9
-5.4
-10.2
-5.9
-7.2
-0.2
1.8
3.6
-5.4
-0.3
-8
-2.2
-16.1
-4.1
-1.8
-5.2
3.6
4.8
-2.7
5.7
-7.5
-12.5
-5.7
0.6
-3.6
0.1
-1.6
-4.2
-6.1
-9.6
-10.4
-10.5
-0.1
-9.9
5.4
4.4
11.2
3.2
-13.3
-3.9
-8.6
3.9
-4.4
-8.3
-2.7
-4.8
1.1
-17.3
-14.8
6.1
1.4
0.5
-3.3
-2.9
3
-2.1
-0.1
-3.7
3.2
-7.2
-0.1
-4.1
11.2
-17.1
-2.5
2.2
-6.4
-1.2
2.3
1.7
1.7
-15.6
-12.5
3.1
0.9
1
-6.3
-12.3
2
-3.2
-2.1
-5.9
-10.5
3.1
-1.6
0.6
0
-0.7
2.1
-8.7
-4
1.8
1.4
0.3
5.2
-2
-12.8
-6.2
-14.9
-5.3
-0.1
2.5
-3.3
-0.2
3.1
1.1
6.1
11
5.4
-8.3
1.3
3.9
2.2
-5
-3.8
7.2
0.5
5.9
3.7
-2.7
4.9
-0.3
-1.4
-0.3
1.7
-0.5
-0.3
4.2
-4.9
4.7
0.6
6.2
-4.5
1.6
5.2
-3.8
-4.3
5.4
-4.2
-1.5
1
-5
-7.6
-8
3.8
8.9
-2.3
0.3
-2.2
-7.3
1.1
3
-1.8
5
2.1
-0.8
-2.6
-2.1
4.1
-0.5
0.2
-6
-3.9
-6
1.1
-2.1
-5.7
0.4
2.3
1.2
-3
2.7
-2.5
-2.5
4.4
-9.6
-0.8
-8.4
-1.5
-3.2
4.7
-4.8
2.5
-6.9
3
-2.1
-0.2
-5
-8.3
3.1
-5
-5
3.9
-3.4
0.1
-0.1
-3.1
-2.3
-0.3
-0.9
3.4
-0.6
6.3
-9.3
-2.6
8
-4.2
-2.8
-5.8
-2.1
-1.9
3.1
2.2
-5.6
-2.3
-0.7
0.1
5.2
3.7
0.2
-6.5
-6.8
-0.9
-1.9
-1.3
3
-0.4
7.4
5.9
1.6
4.8
-5.3
0.4
-0.8
-1.2
-6.5
-7.1
-1.5
4.8
-0.2
8
2.2
2.8
-4.4
7.5
-5.5
-1.6
3.7
1.9
4.8
5.1
-3.5
1.4
-3.7
3.2
3
5.2
-0.1
-2.4
-5.2
1.8
0.6
1.2
-0.1
1.4
1.5
3.6
-4
-0.8
4.1
-2.3
2
-3.4
1.8
2.3
2.8
-2.1
-2.3
0.4
1
-7.8
1.3
-1.2
-0.8
-0.8
2.2
-3.9
-2.8
3.3
3.6
-0.9
-7.6
2.5
-1.1
-0.4
3.9
-2.8
2.3
4.4
0.5
-2.4
-3
-2.9
3.6
4.8
-1.4
-5.1
-6.8
-3.2
-0.3
3.9
1.4
8
0.3
1.3
-3.6
-1
3.5
-1.1
-5.3
-1.4
-8.7
1.3
-6.8
-1.2
3.8
-1.7
7.3
0.4
7.8
-1.5
0.1
-0.7
2.7
4.4
-5.5
-4.1
4.9
2.1
-2.7
-2.2
1.4
3.9
-7.1
0.5
2.7
-4.4
1.5
0.7
3.3
-3.7
0.8
3.3
-2.7
0.2
1.4
-0.4
1.6
-5.5
1.7
2
2.8
6.2
0.9
-5.1
4.2
1.8
0.2
0.6
0.9
1.1
-1.8
-1.3
3.4
2.7
1.8
2.8
2.1
0.7
-4.1
-0.4
0.2
-0.1
4.6
-1.6
-3
3
-5.4
2.7
-0.1
-2
-0.3
-2.2
-3.6
3
3.4
-4.2
-3.9
-0.6
-3.2
1.3
-0.3
2.3
3.8
-1.9
0
-2.6
2
-1.4
0.7
1
-0.7
-6.9
-2.2
-2.1
-1.6
1.7
2.1
1.1
0.4
2.6
-1.6
3.4
0.4
-2.6
-2.4
1.8
1.3
0
4.7
1.6
1.1
-1.2
5.5
2.4
3
1.4
-4.6
-1.1
-1.7
-2.9
-4.5
0.7
-3.3
-1.3
4.6
2.4
2.8
0.5
-3
-0.3
1.5
-2
2.8
0.4
2.2
1.7
-1.8
-1.8
-0.9
-0.3
-0.3
-0.8
-1.5
0.2
4.1
-4.4
-0.5
-2.8
-0.1
-1.5
2.4
2.2
4
-3.3
-5.1
0.3
-1.3
14.6
4
0.2
0.4
-0.9
-2.9
0.1
-2.6
0.6
0.9
-2.1
0.2
-1.2
-0.2
1.7
-1.9
0.7
-0.2
1.1
0.7
-0.4
0.8
0.1
-0.2
1.8
3.7
0.7
0.5
-2.8
2.4
2
-2.1
-0.7
3.6
1.4
-1
1.6
-0.5
1.4
1.1
0.2
0.1
-0.4
0.3
0.8
-1.3
-1.1
-3.5
1.9
0.2
-0.1
0.2
-2.2
0.7
0.2
1.2
2.7
0.4
-1.3
0.7
3.1
1.9
0.3
-2.2
1.1
0.4
3.1
3.7
1.5
-1.3
0.6
1.2
1.2
-1.5
-1.4
0.5
-1
-0.3
1.5
-1.5
-1.1
1.1
-2.5
0
0
0
