0	0
1	0
2	0
3	0
4	0
5	0
6	0
7	0
8	0
9	0
10	0
11	0
12	0
13	0
14	0
15	0
16	0
17	0
18	0
19	0
20	0
21	0
22	0
23	0
24	0
25	0
26	0
27	0
28	0
29	0
30	0
31	0
32	0
33	0
34	0
35	0
36	0
37	0
38	0
39	0
40	0
41	0
42	0
43	0
44	0
45	0
46	0
47	0
48	0
49	0
50	0
51	0
52	0
53	0
54	0
55	0
56	0
57	0
58	0
59	0
60	0
61	0
62	0
63	0
64	0
65	0
66	0
67	0
68	0
69	0
70	0
71	0
72	0
73	0
74	0
75	0
76	0
77	0
78	0
79	0
80	0
81	0
82	0
83	0
84	0
85	0
86	0
87	0
88	0
89	0
90	0
91	0
92	0
93	0
94	0
95	0
96	0
97	0
98	0
99	0
100	0
101	0
102	0
103	0
104	0
105	0
106	0
107	0
108	0
109	0
110	0
111	0
112	0
113	0
114	0
115	0
116	0
117	0
118	0
119	0
120	0
121	0
122	0
123	0
124	0
125	0
126	0
127	0
128	0
129	0
130	0
131	0
132	0
133	0
134	0
135	0
136	1
137	0
138	0
139	0
140	0
141	0
142	0
143	0
144	0
145	0
146	0
147	0
148	0
149	0
150	0
151	0
152	0
153	0
154	0
155	0
156	0
157	0
158	0
159	0
160	0
161	0
162	0
163	0
164	0
165	0
166	1
167	0
168	0
169	0
170	0
171	0
172	0
173	0
174	0
175	0
176	0
177	0
178	0
179	0
180	0
181	0
182	0
183	0
184	0
185	0
186	0
187	0
188	0
189	0
190	0
191	0
192	0
193	0
194	0
195	0
196	0
197	1
198	0
199	1
200	1
201	0
202	1
203	0
204	1
205	2
206	4
207	6
208	25
209	55
210	104
211	121
212	118
213	136
214	123
215	96
216	119
217	120
218	117
219	83
220	99
221	123
222	115
223	109
224	122
225	109
226	105
227	114
228	125
229	111
230	121
231	138
232	119
233	105
234	111
235	109
236	113
237	122
238	129
239	111
240	144
241	113
242	112
243	115
244	111
245	118
246	122
247	104
248	119
249	111
250	116
251	126
252	104
253	125
254	136
255	120
256	119
257	93
258	118
259	112
260	107
261	128
262	115
263	114
264	101
265	125
266	119
267	124
268	120
269	112
270	124
271	125
272	114
273	108
274	114
275	123
276	116
277	122
278	121
279	110
280	111
281	130
282	114
283	123
284	97
285	125
286	113
287	116
288	139
289	125
290	109
291	145
292	109
293	110
294	137
295	123
296	127
297	108
298	125
299	124
300	129
301	130
302	131
303	142
304	114
305	152
306	148
307	129
308	113
309	156
310	119
311	130
312	154
313	122
314	148
315	140
316	145
317	187
318	164
319	159
320	129
321	197
322	183
323	180
324	209
325	185
326	190
327	210
328	185
329	186
330	197
331	199
332	199
333	186
334	194
335	243
336	249
337	236
338	244
339	231
340	262
341	286
342	280
343	253
344	266
345	313
346	323
347	352
348	340
349	335
350	398
351	392
352	389
353	458
354	446
355	464
356	520
357	473
358	511
359	551
360	574
361	669
362	666
363	740
364	769
365	790
366	832
367	874
368	929
369	969
370	1132
371	1158
372	1123
373	1223
374	1258
375	1403
376	1407
377	1468
378	1583
379	1578
380	1733
381	1810
382	1941
383	2044
384	2130
385	2257
386	2294
387	2396
388	2469
389	2563
390	2672
391	2816
392	2900
393	3088
394	3153
395	3210
396	3382
397	3466
398	3559
399	3716
400	3808
401	3939
402	3899
403	4060
404	4198
405	4341
406	4203
407	4394
408	4534
409	4557
410	4571
411	4556
412	4694
413	4737
414	4823
415	4820
416	4782
417	4913
418	4952
419	4977
420	4838
421	4886
422	4854
423	4785
424	4863
425	4690
426	4726
427	4739
428	4641
429	4635
430	4448
431	4459
432	4434
433	4328
434	4305
435	4123
436	4234
437	4124
438	4056
439	3994
440	3817
441	3779
442	3576
443	3616
444	3614
445	3532
446	3444
447	3223
448	3146
449	3042
450	2945
451	2970
452	2878
453	2754
454	2733
455	2616
456	2692
457	2534
458	2509
459	2380
460	2335
461	2279
462	2223
463	2202
464	2133
465	2042
466	2127
467	1977
468	1941
469	1970
470	1882
471	1842
472	1797
473	1768
474	1717
475	1697
476	1651
477	1657
478	1599
479	1577
480	1575
481	1506
482	1454
483	1440
484	1369
485	1368
486	1419
487	1316
488	1295
489	1335
490	1293
491	1262
492	1253
493	1238
494	1230
495	1157
496	1102
497	1122
498	1078
499	1057
500	1028
501	1005
502	994
503	966
504	945
505	905
506	959
507	867
508	829
509	817
510	833
511	834
512	770
513	729
514	711
515	718
516	661
517	651
518	578
519	587
520	604
521	591
522	577
523	529
524	511
525	551
526	531
527	445
528	440
529	436
530	436
531	414
532	419
533	345
534	397
535	380
536	341
537	339
538	304
539	328
540	309
541	303
542	282
543	268
544	272
545	260
546	235
547	258
548	238
549	220
550	220
551	218
552	218
553	203
554	189
555	178
556	207
557	207
558	201
559	163
560	162
561	181
562	167
563	180
564	168
565	186
566	169
567	162
568	190
569	166
570	167
571	156
572	158
573	146
574	152
575	174
576	152
577	135
578	153
579	171
580	154
581	155
582	139
583	165
584	161
585	160
586	149
587	156
588	144
589	169
590	160
591	176
592	168
593	154
594	174
595	152
596	172
597	171
598	168
599	159
600	163
601	172
602	162
603	193
604	175
605	151
606	165
607	148
608	161
609	166
610	172
611	164
612	184
613	170
614	178
615	192
616	188
617	201
618	181
619	196
620	211
621	203
622	193
623	188
624	177
625	201
626	196
627	194
628	193
629	217
630	217
631	219
632	216
633	224
634	215
635	215
636	233
637	222
638	225
639	233
640	233
641	213
642	237
643	220
644	220
645	226
646	247
647	261
648	281
649	243
650	243
651	256
652	271
653	272
654	288
655	309
656	250
657	266
658	293
659	281
660	301
661	296
662	289
663	280
664	319
665	290
666	313
667	354
668	283
669	324
670	327
671	316
672	290
673	338
674	310
675	338
676	349
677	349
678	339
679	364
680	352
681	379
682	355
683	392
684	345
685	396
686	392
687	376
688	352
689	371
690	380
691	388
692	433
693	406
694	388
695	408
696	397
697	382
698	398
699	434
700	408
701	416
702	429
703	414
704	423
705	428
706	414
707	419
708	407
709	459
710	425
711	451
712	432
713	446
714	427
715	437
716	467
717	426
718	452
719	444
720	518
721	449
722	433
723	425
724	455
725	461
726	468
727	450
728	449
729	445
730	442
731	482
732	436
733	449
734	422
735	429
736	444
737	440
738	437
739	452
740	442
741	452
742	414
743	445
744	466
745	413
746	447
747	390
748	446
749	391
750	426
751	409
752	417
753	393
754	422
755	407
756	400
757	405
758	379
759	400
760	398
761	351
762	374
763	397
764	386
765	421
766	364
767	375
768	357
769	361
770	325
771	362
772	327
773	351
774	345
775	321
776	314
777	330
778	316
779	312
780	296
781	309
782	317
783	277
784	335
785	316
786	282
787	309
788	314
789	288
790	298
791	272
792	280
793	291
794	290
795	267
796	262
797	271
798	283
799	251
800	275
801	247
802	253
803	284
804	273
805	269
806	230
807	286
808	247
809	257
810	287
811	276
812	256
813	290
814	269
815	263
816	243
817	241
818	278
819	241
820	247
821	243
822	288
823	227
824	263
825	251
826	278
827	257
828	253
829	287
830	249
831	288
832	253
833	302
834	253
835	254
836	275
837	270
838	285
839	270
840	299
841	289
842	282
843	287
844	288
845	286
846	307
847	315
848	338
849	333
850	300
851	304
852	359
853	305
854	328
855	323
856	356
857	371
858	338
859	292
860	295
861	370
862	334
863	372
864	342
865	334
866	336
867	333
868	348
869	386
870	373
871	361
872	370
873	356
874	404
875	364
876	387
877	384
878	403
879	353
880	396
881	378
882	387
883	361
884	384
885	403
886	398
887	370
888	410
889	399
890	412
891	360
892	371
893	412
894	389
895	402
896	383
897	408
898	432
899	368
900	402
901	394
902	389
903	404
904	414
905	434
906	403
907	389
908	369
909	381
910	429
911	401
912	398
913	460
914	377
915	373
916	382
917	379
918	402
919	364
920	396
921	388
922	404
923	375
924	404
925	367
926	417
927	376
928	406
929	414
930	365
931	376
932	355
933	368
934	415
935	386
936	363
937	369
938	379
939	396
940	395
941	358
942	389
943	391
944	381
945	366
946	374
947	384
948	336
949	309
950	363
951	372
952	358
953	364
954	386
955	375
956	401
957	379
958	384
959	356
960	308
961	305
962	354
963	386
964	345
965	333
966	334
967	372
968	373
969	367
970	363
971	366
972	385
973	384
974	361
975	358
976	355
977	359
978	390
979	343
980	393
981	381
982	345
983	356
984	381
985	434
986	403
987	413
988	361
989	393
990	372
991	384
992	361
993	420
994	395
995	449
996	366
997	471
998	409
999	437
1000	428
1001	459
1002	435
1003	410
1004	440
1005	466
1006	444
1007	477
1008	483
1009	466
1010	489
1011	440
1012	479
1013	471
1014	458
1015	484
1016	488
1017	506
1018	525
1019	547
1020	573
1021	548
1022	556
1023	555
1024	577
1025	581
1026	586
1027	615
1028	590
1029	609
1030	653
1031	621
1032	669
1033	663
1034	655
1035	683
1036	754
1037	717
1038	688
1039	738
1040	765
1041	798
1042	805
1043	823
1044	844
1045	847
1046	867
1047	843
1048	899
1049	888
1050	913
1051	949
1052	994
1053	969
1054	964
1055	1032
1056	1078
1057	1055
1058	1029
1059	1175
1060	1113
1061	1103
1062	1151
1063	1157
1064	1230
1065	1201
1066	1248
1067	1266
1068	1265
1069	1284
1070	1379
1071	1349
1072	1383
1073	1384
1074	1497
1075	1484
1076	1510
1077	1569
1078	1568
1079	1596
1080	1642
1081	1670
1082	1685
1083	1666
1084	1686
1085	1728
1086	1792
1087	1797
1088	1873
1089	1877
1090	1938
1091	1924
1092	1958
1093	1993
1094	2027
1095	2063
1096	2043
1097	2085
1098	2185
1099	2158
1100	2124
1101	2208
1102	2193
1103	2377
1104	2249
1105	2374
1106	2424
1107	2375
1108	2326
1109	2364
1110	2392
1111	2460
1112	2479
1113	2435
1114	2518
1115	2570
1116	2542
1117	2564
1118	2595
1119	2638
1120	2552
1121	2536
1122	2699
1123	2604
1124	2595
1125	2693
1126	2731
1127	2600
1128	2715
1129	2665
1130	2608
1131	2756
1132	2660
1133	2692
1134	2685
1135	2642
1136	2739
1137	2787
1138	2693
1139	2662
1140	2617
1141	2596
1142	2653
1143	2594
1144	2679
1145	2700
1146	2618
1147	2596
1148	2565
1149	2470
1150	2458
1151	2510
1152	2354
1153	2429
1154	2455
1155	2394
1156	2371
1157	2338
1158	2333
1159	2329
1160	2250
1161	2293
1162	2119
1163	2134
1164	2122
1165	2114
1166	2090
1167	2023
1168	2106
1169	1942
1170	1927
1171	1973
1172	1931
1173	1899
1174	1905
1175	1879
1176	1704
1177	1733
1178	1717
1179	1694
1180	1629
1181	1604
1182	1583
1183	1469
1184	1466
1185	1433
1186	1410
1187	1394
1188	1392
1189	1387
1190	1309
1191	1231
1192	1246
1193	1162
1194	1195
1195	1218
1196	1070
1197	1084
1198	1042
1199	1095
1200	1021
1201	994
1202	976
1203	873
1204	863
1205	885
1206	857
1207	847
1208	867
1209	783
1210	841
1211	744
1212	771
1213	698
1214	720
1215	671
1216	677
1217	646
1218	676
1219	646
1220	578
1221	564
1222	568
1223	550
1224	521
1225	529
1226	479
1227	476
1228	469
1229	452
1230	445
1231	395
1232	394
1233	422
1234	352
1235	378
1236	348
1237	408
1238	337
1239	338
1240	348
1241	330
1242	308
1243	325
1244	305
1245	272
1246	292
1247	278
1248	279
1249	255
1250	278
1251	251
1252	260
1253	233
1254	242
1255	245
1256	225
1257	213
1258	240
1259	232
1260	211
1261	204
1262	207
1263	213
1264	215
1265	200
1266	197
1267	184
1268	208
1269	198
1270	172
1271	233
1272	160
1273	168
1274	150
1275	153
1276	172
1277	192
1278	158
1279	176
1280	175
1281	181
1282	176
1283	178
1284	159
1285	170
1286	166
1287	151
1288	165
1289	168
1290	169
1291	140
1292	167
1293	149
1294	152
1295	137
1296	146
1297	164
1298	147
1299	161
1300	164
1301	158
1302	147
1303	176
1304	150
1305	177
1306	148
1307	145
1308	130
1309	155
1310	147
1311	146
1312	144
1313	143
1314	123
1315	133
1316	137
1317	151
1318	129
1319	114
1320	148
1321	134
1322	151
1323	126
1324	149
1325	140
1326	156
1327	146
1328	138
1329	141
1330	169
1331	152
1332	128
1333	160
1334	155
1335	155
1336	145
1337	100
1338	156
1339	126
1340	153
1341	158
1342	158
1343	131
1344	137
1345	120
1346	140
1347	168
1348	129
1349	156
1350	143
1351	152
1352	128
1353	150
1354	145
1355	130
1356	116
1357	131
1358	140
1359	135
1360	145
1361	126
1362	152
1363	151
1364	141
1365	141
1366	119
1367	125
1368	136
1369	127
1370	136
1371	128
1372	137
1373	151
1374	148
1375	146
1376	118
1377	132
1378	125
1379	134
1380	149
1381	154
1382	151
1383	133
1384	163
1385	138
1386	162
1387	117
1388	136
1389	136
1390	134
1391	166
1392	162
1393	125
1394	143
1395	139
1396	149
1397	138
1398	154
1399	136
1400	146
1401	144
1402	135
1403	133
1404	160
1405	159
1406	139
1407	140
1408	146
1409	152
1410	123
1411	164
1412	126
1413	152
1414	126
1415	136
1416	143
1417	121
1418	145
1419	159
1420	150
1421	150
1422	141
1423	137
1424	133
1425	131
1426	156
1427	191
1428	150
1429	148
1430	151
1431	143
1432	149
1433	142
1434	137
1435	142
1436	148
1437	164
1438	147
1439	153
1440	137
1441	149
1442	120
1443	144
1444	131
1445	163
1446	156
1447	145
1448	169
1449	162
1450	164
1451	158
1452	153
1453	171
1454	138
1455	160
1456	149
1457	154
1458	147
1459	151
1460	155
1461	134
1462	157
1463	177
1464	160
1465	187
1466	146
1467	178
1468	153
1469	164
1470	148
1471	163
1472	164
1473	155
1474	168
1475	153
1476	177
1477	154
1478	169
1479	161
1480	144
1481	167
1482	181
1483	155
1484	182
1485	181
1486	169
1487	178
1488	188
1489	168
1490	172
1491	173
1492	168
1493	171
1494	177
1495	165
1496	171
1497	205
1498	186
1499	173
1500	179
1501	191
1502	197
1503	180
1504	187
1505	195
1506	186
1507	199
1508	206
1509	187
1510	173
1511	190
1512	199
1513	184
1514	198
1515	194
1516	193
1517	215
1518	191
1519	207
1520	208
1521	235
1522	190
1523	217
1524	183
1525	229
1526	247
1527	242
1528	217
1529	193
1530	255
1531	181
1532	225
1533	220
1534	239
1535	213
1536	240
1537	236
1538	237
1539	236
1540	223
1541	217
1542	222
1543	246
1544	259
1545	248
1546	222
1547	249
1548	234
1549	208
1550	281
1551	252
1552	255
1553	261
1554	255
1555	243
1556	254
1557	251
1558	281
1559	221
1560	256
1561	241
1562	263
1563	258
1564	295
1565	240
1566	281
1567	261
1568	281
1569	262
1570	280
1571	258
1572	257
1573	274
1574	291
1575	295
1576	264
1577	265
1578	263
1579	275
1580	309
1581	304
1582	310
1583	287
1584	284
1585	318
1586	325
1587	299
1588	289
1589	307
1590	285
1591	294
1592	277
1593	293
1594	282
1595	307
1596	280
1597	296
1598	299
1599	306
1600	309
1601	318
1602	269
1603	329
1604	307
1605	298
1606	303
1607	310
1608	293
1609	319
1610	265
1611	281
1612	303
1613	293
1614	331
1615	282
1616	282
1617	270
1618	299
1619	330
1620	272
1621	293
1622	304
1623	302
1624	275
1625	295
1626	305
1627	328
1628	272
1629	271
1630	294
1631	283
1632	234
1633	266
1634	290
1635	276
1636	279
1637	295
1638	274
1639	252
1640	297
1641	280
1642	275
1643	265
1644	228
1645	274
1646	260
1647	276
1648	232
1649	281
1650	257
1651	235
1652	259
1653	265
1654	241
1655	284
1656	246
1657	235
1658	257
1659	270
1660	257
1661	237
1662	241
1663	261
1664	242
1665	218
1666	263
1667	240
1668	230
1669	235
1670	251
1671	214
1672	232
1673	219
1674	214
1675	206
1676	211
1677	228
1678	242
1679	231
1680	206
1681	209
1682	178
1683	191
1684	194
1685	207
1686	182
1687	211
1688	182
1689	224
1690	190
1691	192
1692	204
1693	213
1694	200
1695	181
1696	203
1697	187
1698	181
1699	176
1700	183
1701	184
1702	197
1703	183
1704	191
1705	183
1706	162
1707	181
1708	150
1709	177
1710	192
1711	181
1712	160
1713	175
1714	164
1715	175
1716	183
1717	162
1718	172
1719	185
1720	153
1721	191
1722	178
1723	188
1724	159
1725	163
1726	170
1727	143
1728	173
1729	173
1730	162
1731	144
1732	165
1733	156
1734	146
1735	176
1736	145
1737	178
1738	145
1739	156
1740	161
1741	163
1742	140
1743	164
1744	149
1745	148
1746	150
1747	149
1748	155
1749	161
1750	142
1751	158
1752	143
1753	130
1754	161
1755	144
1756	141
1757	119
1758	151
1759	144
1760	171
1761	155
1762	151
1763	144
1764	137
1765	139
1766	144
1767	123
1768	134
1769	138
1770	137
1771	133
1772	140
1773	117
1774	145
1775	140
1776	127
1777	137
1778	133
1779	137
1780	142
1781	146
1782	152
1783	164
1784	128
1785	147
1786	125
1787	163
1788	155
1789	151
1790	138
1791	164
1792	148
1793	163
1794	161
1795	134
1796	140
1797	150
1798	130
1799	154
1800	143
1801	147
1802	122
1803	137
1804	158
1805	156
1806	127
1807	119
1808	146
1809	158
1810	150
1811	156
1812	152
1813	148
1814	169
1815	143
1816	164
1817	156
1818	182
1819	164
1820	147
1821	139
1822	139
1823	155
1824	133
1825	172
1826	168
1827	183
1828	153
1829	144
1830	159
1831	163
1832	156
1833	138
1834	139
1835	151
1836	143
1837	156
1838	143
1839	157
1840	124
1841	133
1842	149
1843	154
1844	142
1845	142
1846	149
1847	155
1848	150
1849	172
1850	149
1851	151
1852	165
1853	160
1854	150
1855	185
1856	155
1857	169
1858	137
1859	150
1860	181
1861	158
1862	156
1863	155
1864	143
1865	183
1866	142
1867	180
1868	173
1869	164
1870	157
1871	172
1872	167
1873	168
1874	167
1875	184
1876	193
1877	150
1878	173
1879	147
1880	160
1881	173
1882	142
1883	189
1884	150
1885	165
1886	165
1887	169
1888	170
1889	171
1890	163
1891	160
1892	172
1893	173
1894	173
1895	183
1896	183
1897	199
1898	160
1899	169
1900	177
1901	187
1902	174
1903	214
1904	185
1905	190
1906	168
1907	176
1908	152
1909	165
1910	153
1911	184
1912	195
1913	186
1914	192
1915	190
1916	161
1917	187
1918	197
1919	193
1920	184
1921	165
1922	182
1923	178
1924	205
1925	194
1926	202
1927	176
1928	174
1929	156
1930	196
1931	186
1932	196
1933	179
1934	193
1935	186
1936	199
1937	171
1938	202
1939	206
1940	196
1941	196
1942	196
1943	171
1944	153
1945	182
1946	196
1947	163
1948	207
1949	169
1950	180
1951	200
1952	201
1953	193
1954	195
1955	196
1956	190
1957	219
1958	187
1959	201
1960	177
1961	196
1962	185
1963	201
1964	190
1965	205
1966	192
1967	220
1968	208
1969	184
1970	198
1971	210
1972	213
1973	182
1974	209
1975	221
1976	225
1977	212
1978	216
1979	207
1980	207
1981	223
1982	176
1983	220
1984	193
1985	199
1986	183
1987	191
1988	201
1989	189
1990	189
1991	238
1992	194
1993	231
1994	195
1995	209
1996	188
1997	229
1998	176
1999	214
2000	223
2001	210
2002	230
2003	201
2004	198
2005	230
2006	206
2007	193
2008	196
2009	207
2010	237
2011	225
2012	198
2013	234
2014	177
2015	222
2016	236
2017	232
2018	220
2019	214
2020	209
2021	248
2022	218
2023	201
2024	222
2025	213
2026	235
2027	193
2028	221
2029	230
2030	206
2031	192
2032	217
2033	226
2034	228
2035	269
2036	247
2037	199
2038	232
2039	223
2040	217
2041	205
2042	198
2043	229
2044	226
2045	240
2046	206
2047	248
2048	215
2049	216
2050	231
2051	220
2052	209
2053	237
2054	232
2055	225
2056	213
2057	236
2058	227
2059	218
2060	226
2061	240
2062	231
2063	220
2064	210
2065	201
2066	235
2067	263
2068	221
2069	210
2070	251
2071	212
2072	231
2073	222
2074	236
2075	259
2076	239
2077	205
2078	216
2079	237
2080	205
2081	219
2082	236
2083	229
2084	223
2085	253
2086	251
2087	229
2088	245
2089	232
2090	232
2091	224
2092	231
2093	260
2094	235
2095	227
2096	214
2097	237
2098	201
2099	246
2100	224
2101	231
2102	244
2103	240
2104	215
2105	222
2106	222
2107	227
2108	224
2109	247
2110	221
2111	238
2112	229
2113	219
2114	217
2115	228
2116	258
2117	231
2118	225
2119	242
2120	247
2121	217
2122	233
2123	264
2124	212
2125	241
2126	227
2127	222
2128	225
2129	245
2130	255
2131	216
2132	204
2133	234
2134	231
2135	215
2136	241
2137	265
2138	224
2139	238
2140	224
2141	208
2142	235
2143	227
2144	227
2145	225
2146	220
2147	227
2148	260
2149	239
2150	222
2151	200
2152	245
2153	237
2154	261
2155	223
2156	236
2157	234
2158	238
2159	221
2160	210
2161	224
2162	229
2163	239
2164	240
2165	257
2166	230
2167	222
2168	229
2169	250
2170	216
2171	212
2172	205
2173	208
2174	212
2175	228
2176	237
2177	217
2178	233
2179	215
2180	240
2181	216
2182	219
2183	220
2184	224
2185	254
2186	228
2187	232
2188	220
2189	219
2190	220
2191	213
2192	248
2193	189
2194	232
2195	187
2196	208
2197	233
2198	201
2199	216
2200	221
2201	231
2202	210
2203	221
2204	217
2205	207
2206	232
2207	215
2208	196
2209	208
2210	214
2211	219
2212	218
2213	206
2214	200
2215	207
2216	202
2217	232
2218	196
2219	220
2220	223
2221	213
2222	184
2223	212
2224	189
2225	243
2226	185
2227	195
2228	217
2229	228
2230	205
2231	221
2232	200
2233	224
2234	207
2235	217
2236	212
2237	181
2238	203
2239	238
2240	197
2241	222
2242	201
2243	234
2244	216
2245	218
2246	206
2247	209
2248	176
2249	203
2250	218
2251	198
2252	208
2253	204
2254	208
2255	231
2256	201
2257	201
2258	222
2259	205
2260	218
2261	188
2262	201
2263	203
2264	192
2265	197
2266	194
2267	175
2268	185
2269	207
2270	194
2271	189
2272	177
2273	215
2274	201
2275	192
2276	171
2277	186
2278	216
2279	171
2280	206
2281	198
2282	197
2283	191
2284	196
2285	182
2286	196
2287	196
2288	194
2289	205
2290	190
2291	181
2292	191
2293	180
2294	194
2295	190
2296	193
2297	168
2298	168
2299	199
2300	198
2301	164
2302	193
2303	184
2304	155
2305	170
2306	167
2307	175
2308	184
2309	196
2310	192
2311	174
2312	169
2313	209
2314	187
2315	181
2316	184
2317	155
2318	185
2319	197
2320	195
2321	177
2322	166
2323	180
2324	196
2325	168
2326	141
2327	181
2328	189
2329	189
2330	210
2331	166
2332	179
2333	177
2334	181
2335	191
2336	187
2337	165
2338	140
2339	184
2340	183
2341	186
2342	183
2343	199
2344	167
2345	176
2346	165
2347	155
2348	175
2349	166
2350	171
2351	196
2352	170
2353	173
2354	163
2355	187
2356	156
2357	176
2358	184
2359	169
2360	165
2361	172
2362	168
2363	173
2364	178
2365	181
2366	151
2367	162
2368	165
2369	161
2370	191
2371	191
2372	174
2373	163
2374	155
2375	172
2376	166
2377	186
2378	170
2379	151
2380	175
2381	167
2382	168
2383	172
2384	160
2385	140
2386	166
2387	170
2388	160
2389	160
2390	171
2391	174
2392	177
2393	166
2394	196
2395	160
2396	148
2397	142
2398	166
2399	165
2400	143
2401	158
2402	164
2403	147
2404	166
2405	164
2406	157
2407	160
2408	156
2409	168
2410	146
2411	188
2412	155
2413	150
2414	166
2415	121
2416	168
2417	181
2418	161
2419	138
2420	169
2421	161
2422	157
2423	152
2424	175
2425	154
2426	174
2427	152
2428	160
2429	164
2430	175
2431	145
2432	164
2433	156
2434	148
2435	142
2436	136
2437	154
2438	176
2439	152
2440	164
2441	157
2442	169
2443	142
2444	153
2445	144
2446	148
2447	157
2448	155
2449	132
2450	172
2451	164
2452	167
2453	159
2454	161
2455	169
2456	155
2457	135
2458	158
2459	150
2460	148
2461	136
2462	137
2463	161
2464	170
2465	135
2466	157
2467	159
2468	145
2469	145
2470	157
2471	152
2472	153
2473	165
2474	154
2475	139
2476	153
2477	153
2478	159
2479	179
2480	146
2481	136
2482	136
2483	132
2484	157
2485	124
2486	147
2487	166
2488	137
2489	178
2490	144
2491	139
2492	153
2493	130
2494	146
2495	162
2496	157
2497	131
2498	145
2499	139
2500	146
2501	132
2502	139
2503	137
2504	133
2505	132
2506	148
2507	154
2508	147
2509	157
2510	162
2511	151
2512	151
2513	150
2514	147
2515	131
2516	150
2517	176
2518	158
2519	137
2520	140
2521	145
2522	150
2523	132
2524	142
2525	154
2526	158
2527	148
2528	141
2529	131
2530	135
2531	146
2532	134
2533	158
2534	158
2535	132
2536	134
2537	143
2538	130
2539	161
2540	144
2541	141
2542	129
2543	146
2544	153
2545	133
2546	143
2547	150
2548	159
2549	148
2550	140
2551	144
2552	139
2553	111
2554	133
2555	141
2556	140
2557	145
2558	122
2559	134
2560	109
2561	144
2562	141
2563	151
2564	141
2565	140
2566	132
2567	127
2568	116
2569	140
2570	148
2571	146
2572	131
2573	132
2574	136
2575	128
2576	146
2577	131
2578	142
2579	136
2580	127
2581	138
2582	121
2583	129
2584	132
2585	142
2586	140
2587	128
2588	133
2589	137
2590	125
2591	123
2592	131
2593	148
2594	133
2595	145
2596	127
2597	131
2598	113
2599	132
2600	146
2601	141
2602	139
2603	140
2604	162
2605	125
2606	118
2607	123
2608	138
2609	147
2610	137
2611	119
2612	130
2613	140
2614	123
2615	124
2616	145
2617	151
2618	132
2619	130
2620	141
2621	154
2622	145
2623	134
2624	116
2625	120
2626	138
2627	135
2628	144
2629	137
2630	131
2631	123
2632	118
2633	123
2634	138
2635	164
2636	133
2637	133
2638	133
2639	132
2640	123
2641	131
2642	134
2643	132
2644	115
2645	127
2646	116
2647	117
2648	118
2649	131
2650	129
2651	121
2652	117
2653	107
2654	103
2655	143
2656	111
2657	123
2658	153
2659	138
2660	143
2661	105
2662	135
2663	107
2664	124
2665	112
2666	128
2667	121
2668	98
2669	124
2670	114
2671	127
2672	112
2673	128
2674	110
2675	124
2676	83
2677	124
2678	125
2679	128
2680	131
2681	102
2682	127
2683	114
2684	125
2685	125
2686	117
2687	114
2688	120
2689	106
2690	120
2691	107
2692	98
2693	121
2694	118
2695	105
2696	103
2697	113
2698	125
2699	119
2700	121
2701	107
2702	128
2703	117
2704	116
2705	112
2706	105
2707	112
2708	110
2709	103
2710	121
2711	91
2712	109
2713	103
2714	115
2715	103
2716	111
2717	110
2718	112
2719	112
2720	101
2721	119
2722	129
2723	113
2724	110
2725	108
2726	89
2727	102
2728	109
2729	125
2730	103
2731	110
2732	114
2733	105
2734	117
2735	103
2736	123
2737	109
2738	102
2739	87
2740	109
2741	112
2742	103
2743	118
2744	95
2745	109
2746	116
2747	99
2748	104
2749	112
2750	110
2751	116
2752	109
2753	108
2754	97
2755	91
2756	89
2757	106
2758	122
2759	92
2760	98
2761	91
2762	135
2763	102
2764	102
2765	97
2766	95
2767	106
2768	99
2769	113
2770	121
2771	109
2772	90
2773	101
2774	102
2775	90
2776	115
2777	83
2778	114
2779	97
2780	96
2781	109
2782	102
2783	111
2784	99
2785	102
2786	109
2787	100
2788	105
2789	124
2790	89
2791	114
2792	117
2793	92
2794	95
2795	117
2796	96
2797	101
2798	92
2799	113
2800	96
2801	91
2802	95
2803	85
2804	119
2805	106
2806	94
2807	100
2808	113
2809	124
2810	95
2811	103
2812	93
2813	91
2814	106
2815	108
2816	83
2817	92
2818	97
2819	121
2820	103
2821	106
2822	91
2823	114
2824	101
2825	93
2826	107
2827	101
2828	110
2829	100
2830	109
2831	85
2832	105
2833	86
2834	106
2835	117
2836	103
2837	94
2838	97
2839	103
2840	103
2841	87
2842	104
2843	94
2844	101
2845	95
2846	97
2847	103
2848	101
2849	101
2850	90
2851	91
2852	86
2853	102
2854	90
2855	72
2856	90
2857	90
2858	104
2859	94
2860	88
2861	90
2862	100
2863	99
2864	110
2865	91
2866	105
2867	95
2868	113
2869	85
2870	111
2871	86
2872	98
2873	97
2874	80
2875	90
2876	107
2877	101
2878	95
2879	110
2880	95
2881	90
2882	99
2883	98
2884	110
2885	112
2886	113
2887	92
2888	83
2889	98
2890	105
2891	110
2892	91
2893	102
2894	100
2895	104
2896	94
2897	115
2898	106
2899	109
2900	101
2901	97
2902	89
2903	104
2904	96
2905	119
2906	88
2907	98
2908	84
2909	90
2910	94
2911	85
2912	89
2913	97
2914	104
2915	72
2916	91
2917	83
2918	100
2919	93
2920	77
2921	100
2922	90
2923	89
2924	89
2925	107
2926	101
2927	84
2928	91
2929	103
2930	81
2931	94
2932	86
2933	100
2934	88
2935	103
2936	118
2937	74
2938	96
2939	94
2940	99
2941	78
2942	83
2943	97
2944	82
2945	86
2946	91
2947	106
2948	98
2949	87
2950	91
2951	95
2952	96
2953	102
2954	111
2955	104
2956	86
2957	96
2958	90
2959	93
2960	108
2961	84
2962	101
2963	93
2964	96
2965	82
2966	78
2967	96
2968	82
2969	82
2970	93
2971	107
2972	97
2973	102
2974	88
2975	88
2976	100
2977	84
2978	101
2979	94
2980	97
2981	116
2982	77
2983	88
2984	98
2985	84
2986	101
2987	88
2988	79
2989	104
2990	79
2991	87
2992	111
2993	96
2994	96
2995	96
2996	86
2997	84
2998	108
2999	83
3000	90
3001	87
3002	80
3003	81
3004	85
3005	96
3006	86
3007	86
3008	90
3009	73
3010	77
3011	90
3012	79
3013	98
3014	101
3015	78
3016	92
3017	82
3018	83
3019	94
3020	95
3021	86
3022	90
3023	96
3024	91
3025	89
3026	95
3027	94
3028	87
3029	83
3030	96
3031	95
3032	87
3033	88
3034	79
3035	73
3036	89
3037	92
3038	96
3039	84
3040	73
3041	78
3042	74
3043	79
3044	89
3045	87
3046	91
3047	96
3048	79
3049	88
3050	92
3051	75
3052	95
3053	85
3054	94
3055	71
3056	83
3057	93
3058	94
3059	83
3060	89
3061	89
3062	82
3063	72
3064	72
3065	74
3066	82
3067	78
3068	71
3069	70
3070	91
3071	83
3072	81
3073	88
3074	107
3075	80
3076	74
3077	93
3078	91
3079	90
3080	98
3081	81
3082	87
3083	88
3084	95
3085	92
3086	79
3087	90
3088	85
3089	78
3090	80
3091	85
3092	87
3093	82
3094	85
3095	89
3096	89
3097	93
3098	85
3099	83
3100	74
3101	77
3102	78
3103	82
3104	83
3105	84
3106	88
3107	81
3108	89
3109	81
3110	68
3111	63
3112	80
3113	99
3114	89
3115	75
3116	90
3117	67
3118	78
3119	82
3120	78
3121	76
3122	79
3123	80
3124	81
3125	86
3126	80
3127	79
3128	73
3129	73
3130	81
3131	68
3132	72
3133	99
3134	87
3135	64
3136	82
3137	67
3138	78
3139	80
3140	76
3141	73
3142	81
3143	76
3144	81
3145	79
3146	74
3147	81
3148	69
3149	78
3150	78
3151	81
3152	77
3153	73
3154	77
3155	71
3156	74
3157	72
3158	88
3159	86
3160	80
3161	74
3162	74
3163	73
3164	76
3165	83
3166	82
3167	93
3168	78
3169	78
3170	66
3171	69
3172	85
3173	81
3174	78
3175	72
3176	84
3177	78
3178	76
3179	93
3180	72
3181	74
3182	84
3183	67
3184	55
3185	71
3186	93
3187	82
3188	88
3189	88
3190	81
3191	67
3192	88
3193	75
3194	76
3195	80
3196	74
3197	62
3198	83
3199	70
3200	96
3201	70
3202	78
3203	86
3204	96
3205	81
3206	60
3207	61
3208	83
3209	75
3210	76
3211	74
3212	89
3213	80
3214	74
3215	77
3216	77
3217	72
3218	69
3219	80
3220	58
3221	65
3222	81
3223	69
3224	75
3225	80
3226	82
3227	77
3228	82
3229	87
3230	70
3231	89
3232	62
3233	77
3234	80
3235	72
3236	67
3237	86
3238	77
3239	74
3240	75
3241	78
3242	85
3243	79
3244	68
3245	91
3246	78
3247	75
3248	64
3249	76
3250	85
3251	71
3252	66
3253	80
3254	83
3255	83
3256	79
3257	71
3258	68
3259	73
3260	89
3261	68
3262	94
3263	75
3264	78
3265	78
3266	90
3267	72
3268	80
3269	79
3270	74
3271	75
3272	69
3273	70
3274	73
3275	70
3276	69
3277	79
3278	65
3279	79
3280	69
3281	85
3282	79
3283	78
3284	73
3285	81
3286	58
3287	84
3288	89
3289	74
3290	68
3291	67
3292	72
3293	76
3294	79
3295	83
3296	85
3297	68
3298	81
3299	85
3300	71
3301	78
3302	86
3303	82
3304	60
3305	84
3306	83
3307	76
3308	75
3309	72
3310	92
3311	93
3312	78
3313	91
3314	81
3315	92
3316	72
3317	78
3318	69
3319	72
3320	87
3321	65
3322	89
3323	77
3324	77
3325	87
3326	86
3327	76
3328	64
3329	89
3330	71
3331	82
3332	73
3333	81
3334	81
3335	91
3336	88
3337	77
3338	69
3339	79
3340	74
3341	88
3342	76
3343	86
3344	78
3345	107
3346	81
3347	85
3348	91
3349	70
3350	65
3351	66
3352	102
3353	77
3354	87
3355	79
3356	84
3357	79
3358	99
3359	74
3360	74
3361	87
3362	85
3363	86
3364	72
3365	67
3366	67
3367	82
3368	75
3369	85
3370	77
3371	79
3372	73
3373	75
3374	99
3375	97
3376	79
3377	83
3378	79
3379	66
3380	93
3381	82
3382	87
3383	81
3384	90
3385	96
3386	105
3387	90
3388	73
3389	91
3390	93
3391	93
3392	115
3393	88
3394	106
3395	82
3396	92
3397	90
3398	84
3399	100
3400	83
3401	89
3402	105
3403	102
3404	105
3405	97
3406	96
3407	87
3408	92
3409	92
3410	84
3411	93
3412	119
3413	110
3414	100
3415	81
3416	107
3417	93
3418	101
3419	105
3420	97
3421	121
3422	109
3423	88
3424	88
3425	97
3426	99
3427	89
3428	113
3429	98
3430	109
3431	93
3432	100
3433	98
3434	105
3435	110
3436	103
3437	102
3438	124
3439	110
3440	100
3441	100
3442	99
3443	118
3444	123
3445	105
3446	123
3447	111
3448	121
3449	108
3450	125
3451	110
3452	100
3453	114
3454	104
3455	111
3456	124
3457	119
3458	116
3459	104
3460	114
3461	119
3462	111
3463	116
3464	111
3465	113
3466	117
3467	115
3468	121
3469	119
3470	115
3471	99
3472	125
3473	114
3474	128
3475	113
3476	111
3477	129
3478	113
3479	128
3480	117
3481	107
3482	144
3483	126
3484	138
3485	124
3486	138
3487	134
3488	137
3489	135
3490	125
3491	129
3492	128
3493	134
3494	144
3495	117
3496	129
3497	126
3498	144
3499	117
3500	129
3501	114
3502	149
3503	132
3504	138
3505	142
3506	172
3507	135
3508	141
3509	147
3510	121
3511	154
3512	145
3513	138
3514	133
3515	122
3516	125
3517	141
3518	141
3519	177
3520	149
3521	123
3522	148
3523	149
3524	167
3525	142
3526	120
3527	137
3528	149
3529	141
3530	158
3531	146
3532	152
3533	160
3534	144
3535	140
3536	142
3537	146
3538	144
3539	142
3540	162
3541	167
3542	136
3543	153
3544	176
3545	169
3546	188
3547	167
3548	152
3549	144
3550	142
3551	163
3552	166
3553	157
3554	168
3555	142
3556	127
3557	145
3558	198
3559	150
3560	169
3561	154
3562	158
3563	159
3564	154
3565	156
3566	152
3567	184
3568	169
3569	169
3570	174
3571	181
3572	161
3573	182
3574	146
3575	167
3576	144
3577	177
3578	190
3579	169
3580	178
3581	159
3582	164
3583	161
3584	174
3585	156
3586	170
3587	171
3588	172
3589	169
3590	173
3591	165
3592	151
3593	186
3594	159
3595	181
3596	165
3597	167
3598	160
3599	172
3600	152
3601	174
3602	183
3603	160
3604	169
3605	168
3606	162
3607	159
3608	177
3609	163
3610	202
3611	183
3612	181
3613	166
3614	174
3615	166
3616	193
3617	167
3618	168
3619	159
3620	172
3621	184
3622	199
3623	172
3624	180
3625	183
3626	175
3627	154
3628	182
3629	187
3630	185
3631	182
3632	186
3633	192
3634	164
3635	166
3636	189
3637	174
3638	184
3639	186
3640	201
3641	168
3642	176
3643	204
3644	188
3645	161
3646	189
3647	217
3648	193
3649	191
3650	183
3651	172
3652	203
3653	188
3654	222
3655	195
3656	200
3657	175
3658	196
3659	193
3660	174
3661	195
3662	194
3663	169
3664	216
3665	217
3666	182
3667	162
3668	181
3669	164
3670	211
3671	182
3672	204
3673	188
3674	180
3675	190
3676	206
3677	205
3678	219
3679	172
3680	211
3681	209
3682	175
3683	200
3684	188
3685	201
3686	202
3687	171
3688	217
3689	206
3690	203
3691	202
3692	220
3693	182
3694	186
3695	212
3696	230
3697	177
3698	185
3699	185
3700	202
3701	195
3702	197
3703	195
3704	202
3705	213
3706	196
3707	201
3708	188
3709	223
3710	214
3711	191
3712	186
3713	208
3714	222
3715	242
3716	208
3717	215
3718	214
3719	225
3720	197
3721	222
3722	211
3723	194
3724	211
3725	219
3726	220
3727	206
3728	200
3729	201
3730	196
3731	196
3732	234
3733	203
3734	218
3735	177
3736	222
3737	209
3738	231
3739	189
3740	213
3741	191
3742	214
3743	208
3744	235
3745	220
3746	221
3747	220
3748	175
3749	199
3750	227
3751	225
3752	218
3753	217
3754	228
3755	212
3756	197
3757	217
3758	235
3759	225
3760	218
3761	217
3762	231
3763	256
3764	207
3765	229
3766	213
3767	227
3768	231
3769	255
3770	258
3771	224
3772	224
3773	258
3774	234
3775	264
3776	221
3777	238
3778	230
3779	237
3780	222
3781	248
3782	244
3783	232
3784	265
3785	206
3786	255
3787	240
3788	257
3789	241
3790	252
3791	264
3792	211
3793	257
3794	242
3795	246
3796	255
3797	250
3798	269
3799	261
3800	270
3801	267
3802	270
3803	252
3804	246
3805	246
3806	231
3807	239
3808	256
3809	259
3810	262
3811	275
3812	243
3813	262
3814	265
3815	274
3816	279
3817	238
3818	268
3819	254
3820	279
3821	263
3822	278
3823	247
3824	265
3825	241
3826	271
3827	246
3828	255
3829	260
3830	282
3831	265
3832	256
3833	292
3834	254
3835	305
3836	289
3837	300
3838	269
3839	249
3840	287
3841	263
3842	314
3843	257
3844	268
3845	238
3846	263
3847	292
3848	297
3849	254
3850	297
3851	272
3852	257
3853	295
3854	286
3855	276
3856	278
3857	303
3858	313
3859	294
3860	283
3861	306
3862	295
3863	316
3864	307
3865	304
3866	292
3867	294
3868	270
3869	293
3870	286
3871	314
3872	279
3873	275
3874	327
3875	320
3876	287
3877	297
3878	284
3879	300
3880	282
3881	311
3882	289
3883	297
3884	328
3885	278
3886	287
3887	284
3888	310
3889	295
3890	297
3891	334
3892	305
3893	304
3894	301
3895	310
3896	335
3897	316
3898	339
3899	288
3900	292
3901	288
3902	311
3903	328
3904	307
3905	333
3906	308
3907	337
3908	342
3909	345
3910	307
3911	339
3912	329
3913	332
3914	325
3915	335
3916	331
3917	301
3918	349
3919	357
3920	316
3921	357
3922	323
3923	334
3924	329
3925	294
3926	338
3927	306
3928	336
3929	325
3930	322
3931	333
3932	320
3933	329
3934	332
3935	353
3936	339
3937	319
3938	342
3939	316
3940	321
3941	328
3942	350
3943	359
3944	351
3945	354
3946	305
3947	313
3948	327
3949	352
3950	317
3951	328
3952	356
3953	359
3954	358
3955	322
3956	353
3957	343
3958	322
3959	367
3960	373
3961	329
3962	345
3963	325
3964	350
3965	333
3966	341
3967	301
3968	339
3969	346
3970	338
3971	323
3972	324
3973	328
3974	328
3975	323
3976	342
3977	344
3978	343
3979	319
3980	350
3981	348
3982	360
3983	317
3984	342
3985	351
3986	325
3987	294
3988	343
3989	345
3990	359
3991	373
3992	370
3993	333
3994	328
3995	360
3996	340
3997	337
3998	317
3999	301
4000	327
4001	322
4002	327
4003	353
4004	352
4005	334
4006	282
4007	348
4008	274
4009	332
4010	315
4011	286
4012	310
4013	327
4014	329
4015	345
4016	330
4017	317
4018	339
4019	343
4020	326
4021	337
4022	341
4023	327
4024	317
4025	332
4026	336
4027	319
4028	303
4029	327
4030	328
4031	281
4032	344
4033	331
4034	342
4035	326
4036	311
4037	352
4038	349
4039	341
4040	334
4041	332
4042	327
4043	323
4044	310
4045	316
4046	314
4047	295
4048	318
4049	313
4050	285
4051	291
4052	298
4053	322
4054	312
4055	330
4056	294
4057	304
4058	334
4059	298
4060	315
4061	304
4062	286
4063	329
4064	314
4065	284
4066	316
4067	343
4068	296
4069	282
4070	297
4071	291
4072	290
4073	282
4074	312
4075	277
4076	266
4077	299
4078	267
4079	273
4080	305
4081	326
4082	284
4083	284
4084	278
4085	271
4086	267
4087	275
4088	296
4089	299
4090	294
4091	293
4092	301
4093	264
4094	262
4095	307
4096	290
4097	261
4098	259
4099	269
4100	271
4101	269
4102	254
4103	297
4104	277
4105	290
4106	268
4107	264
4108	267
4109	245
4110	268
4111	286
4112	232
4113	255
4114	264
4115	260
4116	231
4117	308
4118	263
4119	294
4120	240
4121	254
4122	259
4123	242
4124	264
4125	256
4126	260
4127	256
4128	237
4129	235
4130	220
4131	221
4132	241
4133	255
4134	266
4135	212
4136	250
4137	225
4138	220
4139	214
4140	217
4141	235
4142	229
4143	225
4144	206
4145	212
4146	229
4147	218
4148	201
4149	212
4150	228
4151	231
4152	223
4153	219
4154	248
4155	202
4156	221
4157	218
4158	213
4159	220
4160	178
4161	194
4162	195
4163	208
4164	192
4165	207
4166	234
4167	194
4168	227
4169	184
4170	204
4171	211
4172	196
4173	210
4174	169
4175	189
4176	212
4177	185
4178	209
4179	212
4180	201
4181	204
4182	206
4183	201
4184	194
4185	191
4186	196
4187	196
4188	201
4189	198
4190	207
4191	181
4192	182
4193	164
4194	160
4195	190
4196	204
4197	167
4198	208
4199	197
4200	171
4201	155
4202	157
4203	188
4204	185
4205	165
4206	163
4207	182
4208	178
4209	168
4210	171
4211	166
4212	162
4213	157
4214	158
4215	156
4216	168
4217	166
4218	178
4219	170
4220	152
4221	177
4222	162
4223	169
4224	167
4225	166
4226	173
4227	159
4228	146
4229	163
4230	168
4231	167
4232	162
4233	164
4234	171
4235	148
4236	187
4237	158
4238	149
4239	150
4240	169
4241	149
4242	143
4243	175
4244	160
4245	169
4246	149
4247	141
4248	156
4249	134
4250	165
4251	163
4252	151
4253	164
4254	178
4255	178
4256	178
4257	151
4258	169
4259	151
4260	180
4261	154
4262	145
4263	176
4264	156
4265	163
4266	146
4267	155
4268	160
4269	161
4270	182
4271	176
4272	172
4273	144
4274	152
4275	168
4276	163
4277	177
4278	162
4279	163
4280	153
4281	174
4282	164
4283	164
4284	167
4285	165
4286	168
4287	163
4288	161
4289	169
4290	176
4291	165
4292	167
4293	182
4294	188
4295	164
4296	184
4297	160
4298	160
4299	151
4300	177
4301	185
4302	169
4303	206
4304	176
4305	203
4306	177
4307	178
4308	173
4309	147
4310	163
4311	212
4312	194
4313	177
4314	205
4315	201
4316	180
4317	176
4318	171
4319	200
4320	191
4321	187
4322	203
4323	191
4324	208
4325	186
4326	195
4327	192
4328	184
4329	219
4330	206
4331	186
4332	214
4333	232
4334	206
4335	208
4336	218
4337	185
4338	239
4339	209
4340	204
4341	235
4342	230
4343	215
4344	231
4345	228
4346	234
4347	217
4348	227
4349	229
4350	208
4351	244
4352	240
4353	253
4354	257
4355	250
4356	225
4357	249
4358	234
4359	218
4360	225
4361	255
4362	258
4363	240
4364	246
4365	262
4366	263
4367	274
4368	253
4369	281
4370	251
4371	302
4372	267
4373	289
4374	257
4375	252
4376	252
4377	279
4378	263
4379	274
4380	283
4381	280
4382	292
4383	286
4384	295
4385	281
4386	300
4387	333
4388	322
4389	300
4390	323
4391	281
4392	350
4393	320
4394	296
4395	302
4396	306
4397	321
4398	328
4399	326
4400	339
4401	343
4402	318
4403	323
4404	341
4405	333
4406	324
4407	346
4408	329
4409	343
4410	325
4411	371
4412	360
4413	353
4414	386
4415	352
4416	353
4417	379
4418	373
4419	339
4420	370
4421	360
4422	388
4423	414
4424	381
4425	368
4426	391
4427	369
4428	373
4429	422
4430	397
4431	382
4432	420
4433	402
4434	366
4435	454
4436	426
4437	437
4438	392
4439	426
4440	361
4441	422
4442	431
4443	434
4444	427
4445	448
4446	412
4447	446
4448	465
4449	469
4450	468
4451	497
4452	450
4453	448
4454	457
4455	467
4456	469
4457	453
4458	499
4459	451
4460	474
4461	440
4462	448
4463	466
4464	530
4465	499
4466	463
4467	504
4468	490
4469	477
4470	488
4471	469
4472	499
4473	506
4474	511
4475	479
4476	494
4477	497
4478	548
4479	496
4480	516
4481	547
4482	547
4483	519
4484	533
4485	520
4486	502
4487	532
4488	551
4489	514
4490	499
4491	514
4492	568
4493	522
4494	551
4495	578
4496	565
4497	546
4498	583
4499	584
4500	560
4501	562
4502	586
4503	532
4504	615
4505	663
4506	568
4507	580
4508	576
4509	583
4510	569
4511	594
4512	630
4513	577
4514	606
4515	645
4516	626
4517	609
4518	601
4519	585
4520	598
4521	577
4522	586
4523	624
4524	647
4525	632
4526	604
4527	640
4528	612
4529	680
4530	633
4531	670
4532	596
4533	667
4534	655
4535	587
4536	688
4537	655
4538	694
4539	657
4540	720
4541	676
4542	628
4543	695
4544	649
4545	672
4546	689
4547	656
4548	667
4549	694
4550	709
4551	761
4552	712
4553	626
4554	705
4555	730
4556	655
4557	693
4558	714
4559	715
4560	741
4561	753
4562	690
4563	695
4564	677
4565	709
4566	707
4567	675
4568	731
4569	726
4570	777
4571	699
4572	716
4573	777
4574	727
4575	772
4576	708
4577	777
4578	782
4579	759
4580	724
4581	756
4582	724
4583	751
4584	749
4585	771
4586	723
4587	779
4588	769
4589	800
4590	744
4591	776
4592	726
4593	807
4594	766
4595	813
4596	744
4597	782
4598	756
4599	771
4600	851
4601	760
4602	772
4603	778
4604	821
4605	750
4606	814
4607	778
4608	778
4609	788
4610	789
4611	812
4612	786
4613	860
4614	857
4615	754
4616	750
4617	824
4618	829
4619	795
4620	778
4621	835
4622	789
4623	753
4624	787
4625	760
4626	770
4627	807
4628	797
4629	798
4630	833
4631	825
4632	788
4633	822
4634	742
4635	815
4636	830
4637	816
4638	834
4639	835
4640	774
4641	817
4642	832
4643	847
4644	817
4645	812
4646	801
4647	780
4648	804
4649	853
4650	825
4651	877
4652	772
4653	902
4654	830
4655	827
4656	845
4657	851
4658	877
4659	795
4660	820
4661	830
4662	871
4663	886
4664	828
4665	829
4666	811
4667	792
4668	839
4669	812
4670	799
4671	886
4672	820
4673	804
4674	822
4675	851
4676	867
4677	815
4678	866
4679	804
4680	793
4681	805
4682	795
4683	824
4684	798
4685	809
4686	813
4687	786
4688	830
4689	835
4690	811
4691	861
4692	880
4693	761
4694	839
4695	809
4696	813
4697	778
4698	814
4699	799
4700	848
4701	789
4702	802
4703	831
4704	803
4705	807
4706	786
4707	854
4708	795
4709	830
4710	777
4711	821
4712	770
4713	826
4714	820
4715	845
4716	845
4717	770
4718	803
4719	821
4720	798
4721	737
4722	855
4723	757
4724	804
4725	850
4726	770
4727	773
4728	776
4729	783
4730	859
4731	789
4732	759
4733	788
4734	832
4735	762
4736	735
4737	826
4738	735
4739	799
4740	821
4741	747
4742	801
4743	787
4744	727
4745	751
4746	791
4747	735
4748	732
4749	740
4750	709
4751	727
4752	752
4753	751
4754	753
4755	757
4756	708
4757	733
4758	728
4759	679
4760	721
4761	741
4762	719
4763	748
4764	721
4765	719
4766	739
4767	828
4768	726
4769	756
4770	716
4771	718
4772	753
4773	650
4774	713
4775	683
4776	702
4777	716
4778	673
4779	709
4780	679
4781	685
4782	744
4783	671
4784	707
4785	688
4786	667
4787	688
4788	692
4789	686
4790	668
4791	676
4792	721
4793	682
4794	626
4795	684
4796	638
4797	657
4798	679
4799	635
4800	614
4801	655
4802	689
4803	641
4804	652
4805	641
4806	642
4807	615
4808	635
4809	638
4810	673
4811	615
4812	644
4813	619
4814	677
4815	594
4816	607
4817	633
4818	642
4819	621
4820	649
4821	635
4822	620
4823	663
4824	628
4825	624
4826	601
4827	622
4828	592
4829	621
4830	586
4831	602
4832	575
4833	612
4834	581
4835	586
4836	579
4837	577
4838	598
4839	554
4840	559
4841	589
4842	548
4843	563
4844	560
4845	546
4846	565
4847	577
4848	570
4849	531
4850	553
4851	559
4852	538
4853	584
4854	482
4855	566
4856	526
4857	535
4858	533
4859	527
4860	536
4861	493
4862	496
4863	532
4864	536
4865	518
4866	479
4867	509
4868	487
4869	501
4870	517
4871	514
4872	489
4873	476
4874	514
4875	482
4876	512
4877	500
4878	499
4879	482
4880	469
4881	539
4882	477
4883	489
4884	497
4885	530
4886	452
4887	528
4888	475
4889	453
4890	432
4891	476
4892	467
4893	468
4894	450
4895	486
4896	465
4897	489
4898	456
4899	497
4900	450
4901	444
4902	434
4903	455
4904	412
4905	438
4906	409
4907	459
4908	465
4909	475
4910	424
4911	407
4912	391
4913	439
4914	427
4915	445
4916	428
4917	446
4918	365
4919	388
4920	393
4921	405
4922	428
4923	428
4924	401
4925	430
4926	411
4927	385
4928	387
4929	469
4930	400
4931	358
4932	379
4933	362
4934	420
4935	364
4936	399
4937	409
4938	375
4939	381
4940	389
4941	391
4942	377
4943	399
4944	384
4945	378
4946	377
4947	382
4948	358
4949	412
4950	347
4951	370
4952	358
4953	350
4954	391
4955	361
4956	365
4957	328
4958	365
4959	345
4960	411
4961	332
4962	349
4963	360
4964	356
4965	306
4966	321
4967	350
4968	328
4969	352
4970	365
4971	321
4972	342
4973	339
4974	337
4975	324
4976	328
4977	335
4978	324
4979	361
4980	349
4981	325
4982	328
4983	325
4984	333
4985	356
4986	326
4987	313
4988	326
4989	302
4990	300
4991	313
4992	328
4993	321
4994	357
4995	312
4996	343
4997	323
4998	298
4999	330
5000	285
5001	315
5002	337
5003	317
5004	328
5005	301
5006	294
5007	339
5008	332
5009	304
5010	300
5011	308
5012	353
5013	346
5014	330
5015	291
5016	280
5017	291
5018	277
5019	294
5020	298
5021	309
5022	295
5023	332
5024	329
5025	313
5026	306
5027	298
5028	320
5029	295
5030	286
5031	312
5032	297
5033	322
5034	296
5035	273
5036	292
5037	298
5038	311
5039	292
5040	294
5041	335
5042	308
5043	296
5044	276
5045	309
5046	288
5047	271
5048	278
5049	313
5050	326
5051	317
5052	287
5053	278
5054	283
5055	300
5056	266
5057	279
5058	290
5059	331
5060	297
5061	292
5062	263
5063	296
5064	291
5065	309
5066	279
5067	273
5068	297
5069	265
5070	250
5071	293
5072	275
5073	307
5074	266
5075	283
5076	258
5077	281
5078	257
5079	296
5080	252
5081	293
5082	259
5083	287
5084	277
5085	263
5086	242
5087	283
5088	272
5089	268
5090	260
5091	270
5092	286
5093	267
5094	268
5095	259
5096	262
5097	262
5098	279
5099	249
5100	243
5101	283
5102	254
5103	227
5104	275
5105	249
5106	258
5107	262
5108	272
5109	261
5110	286
5111	263
5112	253
5113	262
5114	240
5115	264
5116	268
5117	255
5118	273
5119	275
5120	285
5121	242
5122	265
5123	255
5124	257
5125	224
5126	243
5127	242
5128	253
5129	262
5130	257
5131	268
5132	256
5133	235
5134	244
5135	268
5136	251
5137	238
5138	265
5139	253
5140	243
5141	211
5142	275
5143	238
5144	220
5145	231
5146	240
5147	241
5148	237
5149	242
5150	211
5151	259
5152	255
5153	238
5154	231
5155	255
5156	217
5157	257
5158	229
5159	235
5160	214
5161	226
5162	245
5163	273
5164	217
5165	221
5166	214
5167	232
5168	241
5169	227
5170	247
5171	271
5172	247
5173	218
5174	239
5175	247
5176	236
5177	243
5178	228
5179	252
5180	241
5181	236
5182	222
5183	217
5184	267
5185	226
5186	226
5187	234
5188	241
5189	227
5190	246
5191	234
5192	212
5193	215
5194	221
5195	228
5196	219
5197	236
5198	224
5199	220
5200	212
5201	224
5202	206
5203	210
5204	228
5205	211
5206	216
5207	225
5208	197
5209	204
5210	213
5211	205
5212	221
5213	234
5214	226
5215	216
5216	201
5217	233
5218	193
5219	212
5220	218
5221	237
5222	209
5223	206
5224	198
5225	171
5226	199
5227	223
5228	190
5229	175
5230	223
5231	178
5232	192
5233	194
5234	202
5235	193
5236	198
5237	194
5238	178
5239	215
5240	175
5241	191
5242	182
5243	201
5244	200
5245	187
5246	205
5247	163
5248	221
5249	205
5250	194
5251	168
5252	171
5253	167
5254	184
5255	210
5256	194
5257	197
5258	197
5259	156
5260	187
5261	179
5262	188
5263	179
5264	196
5265	165
5266	179
5267	187
5268	170
5269	174
5270	192
5271	164
5272	192
5273	152
5274	178
5275	215
5276	182
5277	135
5278	168
5279	181
5280	157
5281	170
5282	157
5283	152
5284	178
5285	183
5286	158
5287	188
5288	157
5289	145
5290	141
5291	176
5292	158
5293	172
5294	178
5295	173
5296	165
5297	156
5298	148
5299	158
5300	144
5301	157
5302	157
5303	171
5304	151
5305	159
5306	156
5307	147
5308	157
5309	135
5310	156
5311	140
5312	136
5313	167
5314	163
5315	137
5316	145
5317	150
5318	146
5319	121
5320	126
5321	129
5322	141
5323	137
5324	142
5325	131
5326	158
5327	129
5328	138
5329	144
5330	135
5331	113
5332	120
5333	140
5334	156
5335	129
5336	111
5337	129
5338	131
5339	121
5340	113
5341	112
5342	137
5343	139
5344	135
5345	94
5346	131
5347	120
5348	140
5349	107
5350	121
5351	130
5352	116
5353	135
5354	136
5355	125
5356	124
5357	130
5358	113
5359	123
5360	118
5361	118
5362	94
5363	111
5364	118
5365	101
5366	126
5367	113
5368	131
5369	117
5370	104
5371	118
5372	100
5373	106
5374	122
5375	110
5376	100
5377	90
5378	114
5379	112
5380	118
5381	118
5382	108
5383	115
5384	97
5385	91
5386	89
5387	101
5388	133
5389	100
5390	105
5391	100
5392	98
5393	104
5394	94
5395	92
5396	113
5397	110
5398	95
5399	77
5400	100
5401	102
5402	91
5403	129
5404	98
5405	107
5406	89
5407	93
5408	103
5409	96
5410	103
5411	110
5412	82
5413	104
5414	98
5415	98
5416	92
5417	75
5418	90
5419	98
5420	105
5421	86
5422	99
5423	100
5424	97
5425	90
5426	89
5427	98
5428	82
5429	75
5430	89
5431	87
5432	92
5433	88
5434	73
5435	103
5436	82
5437	89
5438	100
5439	92
5440	82
5441	76
5442	78
5443	85
5444	91
5445	69
5446	75
5447	92
5448	76
5449	95
5450	72
5451	73
5452	82
5453	83
5454	85
5455	82
5456	92
5457	82
5458	82
5459	84
5460	89
5461	72
5462	95
5463	62
5464	85
5465	85
5466	81
5467	67
5468	91
5469	86
5470	82
5471	78
5472	73
5473	73
5474	76
5475	91
5476	80
5477	76
5478	86
5479	87
5480	78
5481	77
5482	68
5483	69
5484	77
5485	65
5486	79
5487	78
5488	57
5489	76
5490	88
5491	87
5492	88
5493	71
5494	76
5495	79
5496	76
5497	73
5498	75
5499	74
5500	61
5501	74
5502	90
5503	86
5504	97
5505	72
5506	69
5507	67
5508	80
5509	80
5510	67
5511	77
5512	75
5513	87
5514	78
5515	69
5516	76
5517	87
5518	79
5519	86
5520	84
5521	65
5522	74
5523	85
5524	92
5525	101
5526	75
5527	76
5528	82
5529	69
5530	85
5531	77
5532	76
5533	82
5534	76
5535	66
5536	78
5537	81
5538	78
5539	78
5540	85
5541	68
5542	78
5543	80
5544	76
5545	73
5546	66
5547	80
5548	75
5549	80
5550	58
5551	96
5552	87
5553	79
5554	86
5555	64
5556	80
5557	73
5558	64
5559	103
5560	80
5561	74
5562	75
5563	82
5564	79
5565	73
5566	85
5567	80
5568	80
5569	102
5570	65
5571	79
5572	66
5573	82
5574	77
5575	63
5576	80
5577	92
5578	98
5579	85
5580	79
5581	83
5582	98
5583	75
5584	75
5585	83
5586	70
5587	70
5588	85
5589	77
5590	78
5591	71
5592	84
5593	97
5594	89
5595	75
5596	81
5597	76
5598	84
5599	82
5600	79
5601	91
5602	77
5603	74
5604	78
5605	84
5606	94
5607	93
5608	91
5609	71
5610	85
5611	85
5612	87
5613	79
5614	78
5615	89
5616	96
5617	80
5618	99
5619	95
5620	87
5621	85
5622	85
5623	88
5624	74
5625	81
5626	89
5627	77
5628	114
5629	89
5630	83
5631	84
5632	98
5633	84
5634	79
5635	75
5636	94
5637	99
5638	91
5639	87
5640	103
5641	92
5642	94
5643	84
5644	83
5645	92
5646	112
5647	91
5648	86
5649	79
5650	71
5651	83
5652	84
5653	101
5654	80
5655	105
5656	92
5657	95
5658	83
5659	90
5660	100
5661	93
5662	90
5663	99
5664	73
5665	87
5666	82
5667	102
5668	87
5669	123
5670	86
5671	94
5672	90
5673	89
5674	105
5675	82
5676	101
5677	88
5678	100
5679	96
5680	101
5681	91
5682	96
5683	91
5684	110
5685	99
5686	113
5687	114
5688	117
5689	98
5690	110
5691	104
5692	107
5693	97
5694	131
5695	92
5696	98
5697	116
5698	84
5699	107
5700	100
5701	83
5702	102
5703	101
5704	104
5705	106
5706	116
5707	110
5708	108
5709	102
5710	99
5711	99
5712	97
5713	107
5714	114
5715	111
5716	98
5717	110
5718	95
5719	135
5720	112
5721	89
5722	99
5723	85
5724	99
5725	108
5726	115
5727	91
5728	102
5729	99
5730	108
5731	102
5732	119
5733	128
5734	110
5735	102
5736	104
5737	104
5738	98
5739	102
5740	118
5741	107
5742	121
5743	111
5744	124
5745	110
5746	112
5747	124
5748	121
5749	98
5750	110
5751	111
5752	114
5753	124
5754	122
5755	135
5756	106
5757	112
5758	134
5759	121
5760	118
5761	120
5762	102
5763	108
5764	121
5765	114
5766	106
5767	130
5768	110
5769	111
5770	92
5771	112
5772	121
5773	117
5774	111
5775	108
5776	113
5777	102
5778	121
5779	115
5780	103
5781	117
5782	120
5783	102
5784	108
5785	115
5786	126
5787	103
5788	120
5789	105
5790	131
5791	117
5792	109
5793	108
5794	142
5795	122
5796	96
5797	124
5798	115
5799	132
5800	112
5801	125
5802	115
5803	144
5804	126
5805	124
5806	103
5807	120
5808	132
5809	116
5810	116
5811	104
5812	116
5813	116
5814	117
5815	113
5816	119
5817	98
5818	114
5819	97
5820	108
5821	112
5822	112
5823	132
5824	114
5825	92
5826	134
5827	102
5828	107
5829	93
5830	105
5831	116
5832	114
5833	118
5834	82
5835	128
5836	116
5837	137
5838	122
5839	115
5840	127
5841	128
5842	125
5843	110
5844	123
5845	100
5846	110
5847	103
5848	112
5849	108
5850	125
5851	110
5852	116
5853	112
5854	106
5855	118
5856	109
5857	105
5858	118
5859	116
5860	98
5861	105
5862	110
5863	116
5864	130
5865	127
5866	101
5867	115
5868	105
5869	116
5870	110
5871	111
5872	133
5873	114
5874	92
5875	113
5876	122
5877	110
5878	107
5879	114
5880	106
5881	120
5882	105
5883	127
5884	107
5885	91
5886	102
5887	106
5888	95
5889	101
5890	106
5891	117
5892	112
5893	105
5894	102
5895	115
5896	108
5897	110
5898	105
5899	109
5900	92
5901	100
5902	114
5903	108
5904	111
5905	107
5906	111
5907	108
5908	115
5909	95
5910	113
5911	102
5912	95
5913	103
5914	98
5915	105
5916	105
5917	103
5918	90
5919	91
5920	110
5921	94
5922	118
5923	95
5924	96
5925	110
5926	108
5927	106
5928	101
5929	114
5930	99
5931	95
5932	95
5933	96
5934	99
5935	89
5936	92
5937	107
5938	86
5939	97
5940	95
5941	88
5942	94
5943	102
5944	79
5945	101
5946	101
5947	105
5948	102
5949	81
5950	99
5951	104
5952	93
5953	99
5954	94
5955	91
5956	111
5957	102
5958	103
5959	101
5960	99
5961	74
5962	97
5963	97
5964	98
5965	82
5966	94
5967	93
5968	92
5969	90
5970	106
5971	92
5972	94
5973	94
5974	83
5975	76
5976	88
5977	102
5978	69
5979	97
5980	90
5981	87
5982	88
5983	80
5984	65
5985	100
5986	73
5987	91
5988	63
5989	89
5990	91
5991	93
5992	86
5993	77
5994	78
5995	84
5996	76
5997	80
5998	77
5999	90
6000	83
6001	84
6002	83
6003	85
6004	70
6005	89
6006	92
6007	83
6008	75
6009	68
6010	70
6011	94
6012	80
6013	55
6014	91
6015	70
6016	68
6017	66
6018	61
6019	73
6020	81
6021	82
6022	70
6023	75
6024	75
6025	78
6026	58
6027	82
6028	55
6029	77
6030	71
6031	84
6032	52
6033	69
6034	64
6035	66
6036	64
6037	70
6038	81
6039	77
6040	73
6041	68
6042	55
6043	62
6044	72
6045	69
6046	56
6047	69
6048	57
6049	63
6050	70
6051	68
6052	73
6053	65
6054	47
6055	74
6056	62
6057	48
6058	61
6059	65
6060	55
6061	58
6062	66
6063	64
6064	60
6065	53
6066	49
6067	59
6068	71
6069	63
6070	59
6071	48
6072	52
6073	51
6074	53
6075	49
6076	55
6077	46
6078	49
6079	61
6080	63
6081	49
6082	47
6083	59
6084	47
6085	59
6086	44
6087	53
6088	47
6089	50
6090	38
6091	55
6092	53
6093	62
6094	46
6095	52
6096	43
6097	47
6098	50
6099	45
6100	55
6101	58
6102	37
6103	49
6104	59
6105	54
6106	49
6107	42
6108	39
6109	51
6110	48
6111	44
6112	45
6113	37
6114	49
6115	59
6116	35
6117	42
6118	39
6119	60
6120	56
6121	55
6122	40
6123	28
6124	45
6125	42
6126	50
6127	38
6128	43
6129	46
6130	39
6131	47
6132	39
6133	28
6134	40
6135	45
6136	25
6137	47
6138	38
6139	42
6140	41
6141	33
6142	32
6143	41
6144	35
6145	24
6146	34
6147	35
6148	30
6149	38
6150	46
6151	27
6152	33
6153	38
6154	35
6155	38
6156	28
6157	38
6158	28
6159	35
6160	26
6161	34
6162	32
6163	33
6164	33
6165	25
6166	34
6167	37
6168	31
6169	31
6170	40
6171	35
6172	26
6173	44
6174	35
6175	30
6176	26
6177	26
6178	29
6179	30
6180	24
6181	39
6182	34
6183	32
6184	26
6185	38
6186	34
6187	28
6188	27
6189	40
6190	27
6191	26
6192	34
6193	24
6194	33
6195	29
6196	36
6197	28
6198	30
6199	29
6200	25
6201	31
6202	24
6203	23
6204	28
6205	31
6206	21
6207	26
6208	28
6209	27
6210	33
6211	22
6212	27
6213	29
6214	26
6215	22
6216	28
6217	25
6218	27
6219	13
6220	20
6221	23
6222	17
6223	24
6224	33
6225	34
6226	22
6227	18
6228	28
6229	29
6230	24
6231	38
6232	25
6233	16
6234	20
6235	26
6236	27
6237	26
6238	29
6239	27
6240	18
6241	13
6242	18
6243	23
6244	20
6245	18
6246	19
6247	20
6248	17
6249	16
6250	18
6251	22
6252	26
6253	18
6254	16
6255	21
6256	22
6257	34
6258	21
6259	17
6260	17
6261	23
6262	17
6263	15
6264	18
6265	27
6266	12
6267	14
6268	21
6269	29
6270	29
6271	21
6272	20
6273	23
6274	23
6275	22
6276	16
6277	14
6278	17
6279	16
6280	21
6281	11
6282	14
6283	18
6284	15
6285	14
6286	17
6287	16
6288	25
6289	16
6290	25
6291	11
6292	14
6293	16
6294	20
6295	23
6296	13
6297	13
6298	15
6299	18
6300	19
6301	17
6302	17
6303	18
6304	23
6305	20
6306	13
6307	23
6308	15
6309	15
6310	15
6311	22
6312	20
6313	11
6314	20
6315	20
6316	15
6317	14
6318	19
6319	18
6320	19
6321	18
6322	13
6323	15
6324	20
6325	23
6326	18
6327	19
6328	16
6329	14
6330	20
6331	14
6332	14
6333	15
6334	13
6335	18
6336	15
6337	20
6338	11
6339	16
6340	20
6341	20
6342	18
6343	15
6344	17
6345	19
6346	14
6347	13
6348	10
6349	22
6350	21
6351	14
6352	16
6353	18
6354	14
6355	16
6356	16
6357	20
6358	17
6359	15
6360	15
6361	21
6362	21
6363	18
6364	12
6365	9
6366	13
6367	19
6368	20
6369	21
6370	20
6371	18
6372	17
6373	8
6374	9
6375	20
6376	18
6377	14
6378	17
6379	12
6380	14
6381	16
6382	8
6383	18
6384	12
6385	12
6386	17
6387	16
6388	15
6389	23
6390	11
6391	12
6392	15
6393	14
6394	15
6395	15
6396	13
6397	10
6398	12
6399	14
6400	18
6401	10
6402	15
6403	10
6404	11
6405	15
6406	12
6407	10
6408	10
6409	16
6410	17
6411	13
6412	15
6413	9
6414	13
6415	11
6416	18
6417	20
6418	19
6419	9
6420	11
6421	9
6422	12
6423	14
6424	15
6425	18
6426	9
6427	16
6428	6
6429	7
6430	14
6431	8
6432	12
6433	24
6434	12
6435	21
6436	11
6437	15
6438	15
6439	11
6440	16
6441	12
6442	8
6443	13
6444	11
6445	10
6446	13
6447	14
6448	11
6449	12
6450	14
6451	16
6452	12
6453	13
6454	8
6455	16
6456	15
6457	19
6458	13
6459	15
6460	10
6461	23
6462	14
6463	6
6464	6
6465	19
6466	10
6467	11
6468	10
6469	16
6470	16
6471	11
6472	13
6473	19
6474	7
6475	11
6476	15
6477	16
6478	17
6479	15
6480	10
6481	15
6482	12
6483	11
6484	11
6485	7
6486	14
6487	4
6488	15
6489	11
6490	5
6491	8
6492	8
6493	14
6494	6
6495	9
6496	14
6497	8
6498	9
6499	8
6500	16
6501	15
6502	11
6503	11
6504	6
6505	7
6506	6
6507	8
6508	8
6509	9
6510	11
6511	19
6512	15
6513	14
6514	16
6515	6
6516	6
6517	9
6518	11
6519	14
6520	13
6521	9
6522	7
6523	13
6524	17
6525	13
6526	19
6527	13
6528	11
6529	8
6530	8
6531	15
6532	10
6533	5
6534	11
6535	9
6536	9
6537	8
6538	16
6539	10
6540	8
6541	11
6542	7
6543	13
6544	6
6545	8
6546	11
6547	12
6548	11
6549	12
6550	11
6551	6
6552	10
6553	6
6554	8
6555	4
6556	10
6557	7
6558	10
6559	12
6560	8
6561	7
6562	10
6563	17
6564	10
6565	8
6566	13
6567	11
6568	8
6569	11
6570	19
6571	9
6572	10
6573	14
6574	11
6575	8
6576	11
6577	7
6578	11
6579	9
6580	5
6581	7
6582	7
6583	15
6584	9
6585	3
6586	11
6587	10
6588	12
6589	9
6590	10
6591	7
6592	5
6593	9
6594	7
6595	6
6596	8
6597	16
6598	10
6599	12
6600	7
6601	11
6602	6
6603	10
6604	10
6605	4
6606	6
6607	8
6608	10
6609	9
6610	11
6611	7
6612	5
6613	7
6614	11
6615	9
6616	10
6617	16
6618	11
6619	8
6620	6
6621	6
6622	6
6623	10
6624	13
6625	10
6626	10
6627	5
6628	5
6629	6
6630	7
6631	8
6632	8
6633	6
6634	10
6635	12
6636	7
6637	6
6638	7
6639	8
6640	11
6641	7
6642	6
6643	7
6644	8
6645	11
6646	6
6647	5
6648	7
6649	13
6650	5
6651	18
6652	4
6653	9
6654	12
6655	3
6656	6
6657	7
6658	6
6659	7
6660	8
6661	17
6662	7
6663	6
6664	12
6665	7
6666	12
6667	13
6668	6
6669	10
6670	7
6671	9
6672	7
6673	11
6674	5
6675	7
6676	4
6677	10
6678	4
6679	11
6680	4
6681	7
6682	9
6683	9
6684	4
6685	4
6686	3
6687	10
6688	11
6689	7
6690	8
6691	7
6692	11
6693	1
6694	12
6695	11
6696	12
6697	4
6698	8
6699	4
6700	6
6701	3
6702	7
6703	6
6704	5
6705	15
6706	10
6707	4
6708	3
6709	2
6710	4
6711	6
6712	8
6713	6
6714	5
6715	4
6716	5
6717	7
6718	8
6719	10
6720	1
6721	8
6722	9
6723	7
6724	5
6725	6
6726	7
6727	2
6728	5
6729	2
6730	7
6731	5
6732	2
6733	5
6734	7
6735	11
6736	6
6737	4
6738	7
6739	9
6740	4
6741	6
6742	3
6743	7
6744	7
6745	3
6746	8
6747	10
6748	8
6749	6
6750	3
6751	6
6752	3
6753	11
6754	16
6755	6
6756	4
6757	2
6758	11
6759	6
6760	6
6761	8
6762	4
6763	7
6764	2
6765	11
6766	9
6767	13
6768	4
6769	10
6770	3
6771	6
6772	3
6773	2
6774	6
6775	5
6776	3
6777	8
6778	3
6779	5
6780	6
6781	4
6782	12
6783	8
6784	8
6785	11
6786	5
6787	8
6788	4
6789	6
6790	2
6791	13
6792	10
6793	8
6794	6
6795	2
6796	5
6797	3
6798	7
6799	9
6800	6
6801	3
6802	5
6803	11
6804	7
6805	5
6806	4
6807	6
6808	4
6809	5
6810	8
6811	5
6812	3
6813	8
6814	6
6815	7
6816	12
6817	4
6818	11
6819	7
6820	4
6821	4
6822	7
6823	4
6824	9
6825	9
6826	9
6827	10
6828	6
6829	7
6830	8
6831	6
6832	9
6833	6
6834	7
6835	6
6836	9
6837	5
6838	8
6839	8
6840	4
6841	5
6842	10
6843	9
6844	3
6845	4
6846	10
6847	4
6848	5
6849	9
6850	8
6851	4
6852	5
6853	11
6854	7
6855	4
6856	7
6857	5
6858	10
6859	6
6860	6
6861	3
6862	5
6863	5
6864	6
6865	5
6866	7
6867	6
6868	5
6869	4
6870	5
6871	6
6872	5
6873	5
6874	4
6875	9
6876	10
6877	7
6878	3
6879	7
6880	3
6881	5
6882	10
6883	5
6884	5
6885	4
6886	9
6887	5
6888	5
6889	4
6890	7
6891	9
6892	7
6893	13
6894	8
6895	5
6896	8
6897	7
6898	5
6899	7
6900	4
6901	6
6902	8
6903	2
6904	4
6905	5
6906	6
6907	4
6908	4
6909	7
6910	3
6911	3
6912	5
6913	8
6914	3
6915	8
6916	3
6917	3
6918	9
6919	10
6920	4
6921	6
6922	5
6923	4
6924	4
6925	4
6926	4
6927	6
6928	7
6929	6
6930	6
6931	10
6932	4
6933	6
6934	3
6935	7
6936	3
6937	9
6938	9
6939	2
6940	5
6941	5
6942	8
6943	7
6944	3
6945	7
6946	6
6947	6
6948	8
6949	8
6950	2
6951	4
6952	4
6953	6
6954	4
6955	8
6956	6
6957	7
6958	2
6959	10
6960	6
6961	4
6962	9
6963	3
6964	8
6965	8
6966	6
6967	4
6968	12
6969	6
6970	2
6971	4
6972	8
6973	4
6974	8
6975	5
6976	4
6977	5
6978	6
6979	4
6980	6
6981	4
6982	4
6983	1
6984	3
6985	4
6986	4
6987	4
6988	3
6989	5
6990	3
6991	5
6992	4
6993	2
6994	2
6995	3
6996	4
6997	2
6998	3
6999	1
7000	5
7001	2
7002	2
7003	1
7004	5
7005	1
7006	1
7007	1
7008	3
7009	0
7010	2
7011	1
7012	2
7013	5
7014	0
7015	6
7016	2
7017	4
7018	4
7019	2
7020	4
7021	3
7022	1
7023	3
7024	3
7025	2
7026	1
7027	3
7028	2
7029	2
7030	2
7031	1
7032	0
7033	4
7034	0
7035	2
7036	6
7037	2
7038	5
7039	1
7040	2
7041	1
7042	5
7043	4
7044	1
7045	1
7046	2
7047	2
7048	2
7049	2
7050	2
7051	2
7052	1
7053	2
7054	2
7055	5
7056	1
7057	1
7058	2
7059	3
7060	1
7061	3
7062	2
7063	2
7064	2
7065	3
7066	2
7067	1
7068	0
7069	0
7070	1
7071	1
7072	3
7073	2
7074	0
7075	2
7076	0
7077	2
7078	1
7079	2
7080	2
7081	2
7082	0
7083	1
7084	0
7085	0
7086	0
7087	1
7088	0
7089	1
7090	1
7091	0
7092	1
7093	0
7094	1
7095	1
7096	0
7097	1
7098	0
7099	0
7100	0
7101	0
7102	0
7103	0
7104	0
7105	1
7106	0
7107	0
7108	0
7109	0
7110	0
7111	0
7112	0
7113	0
7114	0
7115	0
7116	1
7117	1
7118	0
7119	1
7120	0
7121	0
7122	0
7123	0
7124	0
7125	0
7126	0
7127	0
7128	0
7129	0
7130	0
7131	0
7132	0
7133	0
7134	1
7135	0
7136	0
7137	0
7138	0
7139	0
7140	0
7141	0
7142	0
7143	0
7144	0
7145	0
7146	0
7147	0
7148	1
7149	0
7150	0
7151	0
7152	0
7153	0
7154	0
7155	0
7156	0
7157	0
7158	0
7159	0
7160	0
7161	0
7162	0
7163	0
7164	0
7165	0
7166	0
7167	0
7168	0
7169	0
7170	0
7171	0
7172	0
7173	0
7174	0
7175	0
7176	0
7177	0
7178	0
7179	0
7180	0
7181	0
7182	0
7183	0
7184	0
7185	0
7186	0
7187	0
7188	0
7189	0
7190	0
7191	0
7192	0
7193	0
7194	0
7195	0
7196	0
7197	0
7198	0
7199	0
7200	0
7201	0
7202	0
7203	0
7204	0
7205	0
7206	0
7207	0
7208	0
7209	0
7210	0
7211	0
7212	0
7213	0
7214	0
7215	0
7216	0
7217	0
7218	0
7219	0
7220	0
7221	0
7222	0
7223	0
7224	0
7225	0
7226	0
7227	0
7228	0
7229	0
7230	0
7231	0
7232	0
7233	0
7234	0
7235	0
7236	0
7237	0
7238	0
7239	0
7240	0
7241	0
7242	0
7243	0
7244	0
7245	0
7246	0
7247	0
7248	0
7249	0
7250	0
7251	0
7252	0
7253	0
7254	0
7255	0
7256	0
7257	0
7258	0
7259	0
7260	0
7261	0
7262	0
7263	0
7264	0
7265	0
7266	0
7267	0
7268	0
7269	0
7270	0
7271	0
7272	0
7273	0
7274	0
7275	0
7276	0
7277	0
7278	0
7279	0
7280	0
7281	0
7282	0
7283	0
7284	0
7285	0
7286	0
7287	0
7288	0
7289	0
7290	0
7291	0
7292	0
7293	0
7294	0
7295	0
7296	0
7297	0
7298	0
7299	0
7300	0
7301	0
7302	0
7303	0
7304	0
7305	0
7306	0
7307	0
7308	0
7309	0
7310	0
7311	0
7312	0
7313	0
7314	0
7315	0
7316	0
7317	0
7318	0
7319	0
7320	0
7321	0
7322	0
7323	0
7324	0
7325	0
7326	0
7327	0
7328	0
7329	0
7330	0
7331	0
7332	0
7333	0
7334	0
7335	0
7336	0
7337	0
7338	0
7339	0
7340	0
7341	0
7342	0
7343	0
7344	0
7345	0
7346	0
7347	0
7348	0
7349	0
7350	0
7351	0
7352	0
7353	0
7354	0
7355	0
7356	0
7357	0
7358	0
7359	0
7360	0
7361	0
7362	0
7363	0
7364	0
7365	0
7366	0
7367	0
7368	0
7369	0
7370	0
7371	0
7372	0
7373	0
7374	0
7375	0
7376	0
7377	0
7378	0
7379	0
7380	0
7381	0
7382	0
7383	0
7384	0
7385	0
7386	0
7387	0
7388	0
7389	0
7390	0
7391	0
7392	0
7393	0
7394	0
7395	0
7396	0
7397	0
7398	0
7399	0
7400	0
7401	0
7402	0
7403	0
7404	0
7405	0
7406	0
7407	0
7408	0
7409	0
7410	0
7411	0
7412	0
7413	0
7414	0
7415	0
7416	0
7417	0
7418	0
7419	0
7420	0
7421	0
7422	0
7423	0
7424	0
7425	0
7426	0
7427	0
7428	0
7429	0
7430	0
7431	0
7432	0
7433	0
7434	0
7435	0
7436	0
7437	0
7438	0
7439	0
7440	0
7441	0
7442	0
7443	0
7444	0
7445	0
7446	0
7447	0
7448	0
7449	0
7450	0
7451	0
7452	0
7453	0
7454	0
7455	0
7456	0
7457	0
7458	0
7459	0
7460	0
7461	0
7462	0
7463	0
7464	0
7465	0
7466	0
7467	0
7468	0
7469	0
7470	0
7471	0
7472	0
7473	0
7474	0
7475	0
7476	0
7477	0
7478	0
7479	0
7480	0
7481	0
7482	0
7483	0
7484	0
7485	0
7486	0
7487	0
7488	0
7489	0
7490	0
7491	0
7492	0
7493	0
7494	0
7495	0
7496	0
7497	0
7498	0
7499	0
7500	0
7501	0
7502	0
7503	0
7504	0
7505	0
7506	0
7507	0
7508	0
7509	0
7510	0
7511	0
7512	0
7513	0
7514	0
7515	0
7516	0
7517	0
7518	0
7519	0
7520	0
7521	0
7522	0
7523	0
7524	0
7525	0
7526	0
7527	0
7528	0
7529	0
7530	0
7531	0
7532	0
7533	0
7534	0
7535	0
7536	0
7537	0
7538	0
7539	0
7540	0
7541	0
7542	0
7543	0
7544	0
7545	0
7546	0
7547	0
7548	0
7549	0
7550	0
7551	0
7552	0
7553	0
7554	0
7555	0
7556	0
7557	0
7558	0
7559	0
7560	0
7561	0
7562	0
7563	0
7564	0
7565	0
7566	0
7567	0
7568	0
7569	0
7570	0
7571	0
7572	0
7573	0
7574	0
7575	0
7576	0
7577	0
7578	0
7579	0
7580	0
7581	0
7582	0
7583	0
7584	0
7585	0
7586	0
7587	0
7588	0
7589	0
7590	0
7591	0
7592	0
7593	0
7594	0
7595	0
7596	0
7597	0
7598	0
7599	0
7600	0
7601	0
7602	0
7603	0
7604	0
7605	0
7606	0
7607	0
7608	0
7609	0
7610	0
7611	0
7612	0
7613	0
7614	0
7615	0
7616	0
7617	0
7618	0
7619	0
7620	0
7621	0
7622	0
7623	0
7624	0
7625	0
7626	0
7627	0
7628	0
7629	0
7630	0
7631	0
7632	0
7633	0
7634	0
7635	0
7636	0
7637	0
7638	0
7639	0
7640	0
7641	0
7642	0
7643	0
7644	0
7645	0
7646	0
7647	0
7648	0
7649	0
7650	0
7651	0
7652	0
7653	0
7654	0
7655	0
7656	0
7657	0
7658	0
7659	0
7660	0
7661	0
7662	0
7663	0
7664	0
7665	0
7666	0
7667	0
7668	0
7669	0
7670	0
7671	0
7672	0
7673	0
7674	0
7675	0
7676	0
7677	0
7678	0
7679	0
7680	0
7681	0
7682	0
7683	0
7684	0
7685	0
7686	0
7687	0
7688	0
7689	0
7690	0
7691	0
7692	0
7693	0
7694	0
7695	0
7696	0
7697	0
7698	0
7699	0
7700	0
7701	0
7702	0
7703	0
7704	0
7705	0
7706	0
7707	0
7708	0
7709	0
7710	0
7711	0
7712	0
7713	0
7714	0
7715	0
7716	0
7717	0
7718	0
7719	0
7720	0
7721	0
7722	0
7723	0
7724	0
7725	0
7726	0
7727	0
7728	0
7729	0
7730	0
7731	0
7732	0
7733	0
7734	0
7735	0
7736	0
7737	0
7738	0
7739	0
7740	0
7741	0
7742	0
7743	0
7744	0
7745	0
7746	0
7747	0
7748	0
7749	0
7750	0
7751	0
7752	0
7753	0
7754	0
7755	0
7756	0
7757	0
7758	0
7759	0
7760	0
7761	0
7762	0
7763	0
7764	0
7765	0
7766	0
7767	0
7768	0
7769	0
7770	0
7771	0
7772	0
7773	0
7774	0
7775	0
7776	0
7777	0
7778	0
7779	0
7780	0
7781	0
7782	0
7783	0
7784	0
7785	0
7786	0
7787	0
7788	0
7789	0
7790	0
7791	0
7792	0
7793	0
7794	0
7795	0
7796	0
7797	0
7798	0
7799	0
7800	0
7801	0
7802	0
7803	0
7804	0
7805	0
7806	0
7807	0
7808	0
7809	0
7810	0
7811	0
7812	0
7813	0
7814	0
7815	0
7816	0
7817	0
7818	0
7819	0
7820	0
7821	0
7822	0
7823	0
7824	0
7825	0
7826	0
7827	0
7828	0
7829	0
7830	0
7831	0
7832	0
7833	0
7834	0
7835	0
7836	0
7837	0
7838	0
7839	0
7840	0
7841	0
7842	0
7843	0
7844	0
7845	0
7846	0
7847	0
7848	0
7849	0
7850	0
7851	0
7852	0
7853	0
7854	0
7855	0
7856	0
7857	0
7858	0
7859	0
7860	0
7861	0
7862	0
7863	0
7864	0
7865	0
7866	0
7867	0
7868	0
7869	0
7870	0
7871	0
7872	0
7873	0
7874	0
7875	0
7876	0
7877	0
7878	0
7879	0
7880	0
7881	0
7882	0
7883	0
7884	0
7885	0
7886	0
7887	0
7888	0
7889	0
7890	0
7891	0
7892	0
7893	0
7894	0
7895	0
7896	0
7897	0
7898	0
7899	0
7900	0
7901	0
7902	0
7903	0
7904	0
7905	0
7906	0
7907	0
7908	0
7909	0
7910	0
7911	0
7912	0
7913	0
7914	0
7915	0
7916	0
7917	0
7918	0
7919	0
7920	0
7921	0
7922	0
7923	0
7924	0
7925	0
7926	0
7927	0
7928	0
7929	0
7930	0
7931	0
7932	0
7933	0
7934	0
7935	0
7936	0
7937	0
7938	0
7939	0
7940	0
7941	0
7942	0
7943	0
7944	0
7945	0
7946	0
7947	0
7948	0
7949	0
7950	0
7951	0
7952	0
7953	0
7954	0
7955	0
7956	0
7957	0
7958	0
7959	0
7960	0
7961	0
7962	0
7963	0
7964	0
7965	0
7966	0
7967	0
7968	0
7969	0
7970	0
7971	0
7972	0
7973	0
7974	0
7975	0
7976	0
7977	0
7978	0
7979	0
7980	0
7981	0
7982	0
7983	0
7984	0
7985	0
7986	0
7987	0
7988	0
7989	0
7990	0
7991	0
7992	0
7993	0
7994	0
7995	0
7996	0
7997	0
7998	0
7999	0
8000	0
8001	0
8002	0
8003	0
8004	0
8005	0
8006	0
8007	0
8008	0
8009	0
8010	0
8011	0
8012	0
8013	0
8014	0
8015	0
8016	0
8017	0
8018	0
8019	0
8020	0
8021	0
8022	0
8023	0
8024	0
8025	0
8026	0
8027	0
8028	0
8029	0
8030	0
8031	0
8032	0
8033	0
8034	0
8035	0
8036	0
8037	0
8038	0
8039	0
8040	0
8041	0
8042	0
8043	0
8044	0
8045	0
8046	0
8047	0
8048	0
8049	0
8050	0
8051	0
8052	0
8053	0
8054	0
8055	0
8056	0
8057	0
8058	0
8059	0
8060	0
8061	0
8062	0
8063	0
8064	0
8065	0
8066	0
8067	0
8068	0
8069	0
8070	0
8071	0
8072	0
8073	0
8074	0
8075	0
8076	0
8077	0
8078	0
8079	0
8080	0
8081	0
8082	0
8083	0
8084	0
8085	0
8086	0
8087	0
8088	0
8089	0
8090	0
8091	0
8092	0
8093	0
8094	0
8095	0
8096	0
8097	0
8098	0
8099	0
8100	0
8101	0
8102	0
8103	0
8104	0
8105	0
8106	0
8107	0
8108	0
8109	0
8110	0
8111	0
8112	0
8113	0
8114	0
8115	0
8116	0
8117	0
8118	0
8119	0
8120	0
8121	0
8122	0
8123	0
8124	0
8125	0
8126	0
8127	0
8128	0
8129	0
8130	0
8131	0
8132	0
8133	0
8134	0
8135	0
8136	0
8137	0
8138	0
8139	0
8140	0
8141	0
8142	0
8143	0
8144	0
8145	0
8146	0
8147	0
8148	0
8149	0
8150	0
8151	0
8152	0
8153	0
8154	0
8155	0
8156	0
8157	0
8158	0
8159	0
8160	0
8161	0
8162	0
8163	0
8164	0
8165	0
8166	0
8167	0
8168	0
8169	0
8170	0
8171	0
8172	0
8173	0
8174	0
8175	0
8176	0
8177	0
8178	0
8179	0
8180	0
8181	0
8182	0
8183	0
8184	0
8185	0
8186	0
8187	0
8188	0
8189	0
8190	0
8191	0
