0	0
1	0
2	0
3	0
4	0
5	0
6	0
7	0
8	0
9	0
10	0
11	0
12	0
13	0
14	0
15	0
16	0
17	0
18	0
19	0
20	0
21	0
22	0
23	0
24	0
25	0
26	0
27	0
28	0
29	0
30	0
31	0
32	0
33	0
34	0
35	0
36	0
37	0
38	0
39	0
40	0
41	0
42	0
43	0
44	0
45	0
46	0
47	0
48	0
49	0
50	0
51	0
52	0
53	0
54	0
55	0
56	0
57	0
58	0
59	0
60	0
61	0
62	0
63	0
64	0
65	0
66	0
67	0
68	0
69	0
70	0
71	0
72	0
73	0
74	0
75	0
76	0
77	0
78	0
79	0
80	0
81	0
82	0
83	0
84	0
85	0
86	0
87	0
88	0
89	0
90	0
91	0
92	0
93	0
94	0
95	0
96	0
97	0
98	0
99	0
100	0
101	0
102	0
103	0
104	0
105	0
106	0
107	0
108	0
109	0
110	0
111	0
112	0
113	0
114	0
115	0
116	0
117	0
118	0
119	0
120	0
121	0
122	0
123	0
124	0
125	1
126	4
127	11
128	15
129	41
130	124
131	183
132	159
133	166
134	164
135	170
136	172
137	169
138	158
139	175
140	152
141	165
142	155
143	175
144	173
145	174
146	151
147	147
148	160
149	143
150	144
151	153
152	138
153	165
154	170
155	148
156	169
157	160
158	147
159	140
160	130
161	148
162	145
163	137
164	140
165	159
166	125
167	144
168	131
169	149
170	141
171	150
172	151
173	127
174	141
175	124
176	138
177	133
178	141
179	126
180	129
181	120
182	114
183	132
184	121
185	142
186	127
187	124
188	134
189	122
190	135
191	130
192	148
193	122
194	105
195	109
196	137
197	129
198	123
199	149
200	127
201	117
202	121
203	129
204	117
205	122
206	136
207	140
208	118
209	117
210	111
211	123
212	124
213	127
214	114
215	145
216	134
217	109
218	131
219	140
220	117
221	127
222	121
223	123
224	130
225	124
226	124
227	112
228	127
229	130
230	121
231	117
232	122
233	120
234	123
235	106
236	139
237	125
238	112
239	107
240	125
241	131
242	109
243	103
244	117
245	124
246	133
247	114
248	129
249	133
250	134
251	105
252	121
253	145
254	128
255	113
256	116
257	131
258	117
259	126
260	127
261	120
262	117
263	124
264	129
265	112
266	119
267	143
268	128
269	123
270	127
271	120
272	114
273	114
274	119
275	123
276	126
277	123
278	113
279	133
280	114
281	128
282	117
283	110
284	115
285	112
286	125
287	124
288	140
289	109
290	135
291	124
292	112
293	141
294	113
295	117
296	126
297	125
298	106
299	134
300	128
301	130
302	139
303	133
304	122
305	133
306	138
307	125
308	133
309	135
310	112
311	133
312	142
313	124
314	119
315	121
316	121
317	137
318	135
319	131
320	132
321	132
322	124
323	136
324	121
325	129
326	130
327	129
328	130
329	113
330	128
331	119
332	122
333	133
334	125
335	107
336	156
337	133
338	142
339	128
340	119
341	139
342	125
343	161
344	124
345	133
346	128
347	150
348	159
349	139
350	137
351	143
352	123
353	124
354	124
355	141
356	123
357	131
358	131
359	127
360	127
361	146
362	109
363	152
364	126
365	138
366	144
367	127
368	128
369	138
370	144
371	145
372	137
373	144
374	144
375	148
376	130
377	140
378	127
379	139
380	132
381	148
382	124
383	137
384	133
385	128
386	130
387	125
388	155
389	147
390	137
391	127
392	129
393	139
394	143
395	127
396	142
397	130
398	119
399	138
400	135
401	125
402	139
403	140
404	145
405	135
406	113
407	162
408	132
409	126
410	156
411	153
412	143
413	134
414	146
415	136
416	143
417	155
418	121
419	169
420	145
421	129
422	132
423	129
424	145
425	138
426	143
427	137
428	137
429	137
430	153
431	139
432	125
433	157
434	143
435	147
436	146
437	134
438	136
439	142
440	147
441	151
442	134
443	142
444	129
445	160
446	139
447	149
448	154
449	127
450	153
451	138
452	135
453	153
454	161
455	143
456	138
457	121
458	147
459	166
460	147
461	150
462	138
463	157
464	137
465	126
466	155
467	137
468	126
469	130
470	154
471	134
472	124
473	157
474	134
475	161
476	152
477	138
478	142
479	150
480	157
481	144
482	134
483	171
484	139
485	157
486	170
487	169
488	164
489	166
490	158
491	136
492	148
493	156
494	145
495	143
496	134
497	147
498	142
499	126
500	139
501	142
502	145
503	130
504	165
505	138
506	147
507	145
508	160
509	134
510	171
511	160
512	152
513	142
514	159
515	139
516	129
517	141
518	148
519	153
520	153
521	131
522	143
523	149
524	147
525	154
526	145
527	137
528	135
529	136
530	138
531	156
532	144
533	154
534	134
535	170
536	146
537	143
538	129
539	133
540	132
541	149
542	146
543	144
544	130
545	134
546	149
547	158
548	131
549	143
550	157
551	143
552	161
553	136
554	126
555	162
556	153
557	151
558	152
559	143
560	133
561	145
562	141
563	164
564	140
565	140
566	109
567	147
568	115
569	136
570	129
571	128
572	155
573	134
574	142
575	144
576	134
577	140
578	141
579	128
580	127
581	133
582	156
583	131
584	141
585	130
586	130
587	145
588	141
589	165
590	155
591	155
592	144
593	149
594	145
595	144
596	126
597	141
598	158
599	164
600	146
601	147
602	141
603	138
604	142
605	115
606	123
607	142
608	126
609	146
610	177
611	137
612	151
613	136
614	137
615	136
616	146
617	140
618	118
619	138
620	130
621	132
622	134
623	138
624	154
625	141
626	170
627	141
628	143
629	114
630	133
631	128
632	122
633	131
634	138
635	163
636	144
637	143
638	156
639	148
640	146
641	137
642	133
643	123
644	136
645	133
646	130
647	141
648	142
649	122
650	127
651	135
652	139
653	154
654	144
655	128
656	132
657	144
658	130
659	130
660	134
661	123
662	158
663	123
664	135
665	139
666	129
667	138
668	156
669	150
670	142
671	150
672	153
673	132
674	139
675	152
676	132
677	132
678	133
679	124
680	139
681	145
682	151
683	160
684	131
685	131
686	165
687	165
688	147
689	117
690	138
691	122
692	138
693	148
694	164
695	149
696	136
697	108
698	131
699	134
700	132
701	124
702	152
703	146
704	136
705	130
706	137
707	148
708	127
709	175
710	141
711	149
712	129
713	124
714	126
715	136
716	165
717	136
718	143
719	149
720	133
721	145
722	140
723	159
724	156
725	130
726	147
727	138
728	152
729	148
730	145
731	111
732	121
733	147
734	132
735	154
736	134
737	136
738	142
739	160
740	149
741	146
742	151
743	147
744	129
745	147
746	141
747	130
748	156
749	131
750	122
751	163
752	150
753	152
754	132
755	124
756	131
757	142
758	152
759	160
760	151
761	134
762	147
763	118
764	167
765	147
766	146
767	144
768	127
769	141
770	137
771	148
772	152
773	154
774	127
775	140
776	134
777	146
778	142
779	153
780	123
781	132
782	148
783	145
784	135
785	137
786	135
787	150
788	136
789	139
790	142
791	148
792	143
793	137
794	143
795	137
796	156
797	135
798	123
799	135
800	124
801	142
802	135
803	146
804	130
805	150
806	119
807	147
808	136
809	146
810	123
811	144
812	125
813	135
814	109
815	148
816	145
817	150
818	141
819	140
820	161
821	152
822	139
823	149
824	150
825	128
826	131
827	140
828	152
829	131
830	123
831	139
832	131
833	133
834	135
835	141
836	141
837	144
838	135
839	156
840	169
841	130
842	121
843	151
844	141
845	158
846	132
847	130
848	143
849	135
850	149
851	122
852	141
853	150
854	144
855	120
856	145
857	137
858	132
859	155
860	149
861	141
862	137
863	105
864	150
865	145
866	127
867	132
868	135
869	132
870	145
871	137
872	122
873	139
874	151
875	134
876	139
877	132
878	150
879	144
880	129
881	145
882	141
883	151
884	148
885	160
886	151
887	140
888	144
889	148
890	158
891	170
892	124
893	142
894	124
895	125
896	132
897	128
898	148
899	126
900	145
901	110
902	133
903	124
904	109
905	166
906	108
907	127
908	136
909	136
910	132
911	137
912	144
913	143
914	149
915	118
916	127
917	128
918	141
919	136
920	132
921	144
922	129
923	129
924	138
925	136
926	141
927	135
928	141
929	129
930	134
931	149
932	143
933	150
934	135
935	146
936	143
937	161
938	129
939	140
940	142
941	134
942	138
943	144
944	147
945	148
946	134
947	132
948	126
949	142
950	149
951	122
952	145
953	146
954	150
955	142
956	128
957	110
958	140
959	134
960	138
961	138
962	132
963	166
964	169
965	128
966	138
967	144
968	129
969	117
970	141
971	132
972	140
973	153
974	110
975	155
976	141
977	138
978	150
979	147
980	132
981	152
982	149
983	153
984	162
985	142
986	141
987	142
988	127
989	144
990	135
991	154
992	152
993	133
994	128
995	125
996	151
997	147
998	140
999	159
1000	125
1001	152
1002	153
1003	172
1004	132
1005	137
1006	152
1007	151
1008	126
1009	155
1010	149
1011	133
1012	150
1013	159
1014	129
1015	144
1016	152
1017	132
1018	137
1019	161
1020	151
1021	159
1022	157
1023	140
1024	136
1025	156
1026	143
1027	150
1028	160
1029	157
1030	170
1031	169
1032	156
1033	178
1034	142
1035	174
1036	170
1037	172
1038	152
1039	169
1040	152
1041	179
1042	168
1043	155
1044	141
1045	160
1046	150
1047	158
1048	188
1049	150
1050	157
1051	162
1052	151
1053	151
1054	182
1055	169
1056	169
1057	141
1058	161
1059	161
1060	167
1061	169
1062	171
1063	163
1064	186
1065	159
1066	171
1067	190
1068	150
1069	179
1070	181
1071	190
1072	185
1073	177
1074	172
1075	198
1076	167
1077	155
1078	178
1079	190
1080	170
1081	188
1082	181
1083	172
1084	202
1085	186
1086	193
1087	187
1088	179
1089	175
1090	191
1091	173
1092	181
1093	188
1094	208
1095	168
1096	201
1097	183
1098	191
1099	174
1100	216
1101	188
1102	196
1103	180
1104	197
1105	182
1106	168
1107	201
1108	184
1109	174
1110	181
1111	171
1112	202
1113	185
1114	199
1115	181
1116	199
1117	190
1118	200
1119	181
1120	189
1121	184
1122	185
1123	179
1124	190
1125	165
1126	203
1127	211
1128	184
1129	198
1130	192
1131	182
1132	197
1133	162
1134	193
1135	220
1136	181
1137	194
1138	157
1139	187
1140	205
1141	188
1142	186
1143	150
1144	179
1145	190
1146	174
1147	159
1148	177
1149	211
1150	187
1151	207
1152	202
1153	194
1154	160
1155	196
1156	180
1157	186
1158	167
1159	172
1160	175
1161	201
1162	169
1163	188
1164	193
1165	187
1166	186
1167	173
1168	177
1169	173
1170	178
1171	158
1172	180
1173	164
1174	176
1175	177
1176	192
1177	171
1178	154
1179	174
1180	177
1181	176
1182	167
1183	165
1184	197
1185	151
1186	182
1187	177
1188	171
1189	168
1190	174
1191	162
1192	156
1193	177
1194	177
1195	180
1196	142
1197	147
1198	170
1199	180
1200	171
1201	185
1202	150
1203	142
1204	171
1205	165
1206	183
1207	176
1208	156
1209	180
1210	186
1211	163
1212	163
1213	154
1214	149
1215	154
1216	192
1217	154
1218	171
1219	153
1220	161
1221	182
1222	175
1223	144
1224	148
1225	168
1226	174
1227	169
1228	175
1229	180
1230	174
1231	154
1232	159
1233	177
1234	197
1235	173
1236	160
1237	156
1238	149
1239	170
1240	150
1241	172
1242	193
1243	181
1244	163
1245	164
1246	181
1247	184
1248	134
1249	137
1250	157
1251	149
1252	157
1253	148
1254	179
1255	161
1256	159
1257	170
1258	152
1259	139
1260	145
1261	154
1262	158
1263	183
1264	160
1265	155
1266	192
1267	128
1268	129
1269	166
1270	164
1271	159
1272	160
1273	154
1274	147
1275	163
1276	134
1277	159
1278	145
1279	150
1280	150
1281	147
1282	187
1283	164
1284	167
1285	165
1286	154
1287	139
1288	161
1289	164
1290	136
1291	158
1292	161
1293	146
1294	169
1295	167
1296	153
1297	146
1298	171
1299	151
1300	160
1301	151
1302	164
1303	152
1304	171
1305	149
1306	137
1307	146
1308	167
1309	130
1310	170
1311	160
1312	158
1313	167
1314	163
1315	146
1316	161
1317	135
1318	138
1319	165
1320	170
1321	155
1322	133
1323	157
1324	147
1325	128
1326	146
1327	170
1328	152
1329	146
1330	152
1331	134
1332	160
1333	134
1334	159
1335	151
1336	139
1337	146
1338	156
1339	154
1340	167
1341	155
1342	142
1343	148
1344	138
1345	141
1346	164
1347	176
1348	148
1349	149
1350	149
1351	139
1352	137
1353	161
1354	156
1355	142
1356	135
1357	137
1358	159
1359	128
1360	142
1361	139
1362	164
1363	149
1364	164
1365	161
1366	126
1367	140
1368	151
1369	141
1370	139
1371	166
1372	151
1373	161
1374	150
1375	130
1376	138
1377	165
1378	138
1379	151
1380	133
1381	147
1382	152
1383	132
1384	136
1385	145
1386	161
1387	136
1388	163
1389	148
1390	145
1391	137
1392	128
1393	152
1394	151
1395	163
1396	131
1397	136
1398	157
1399	137
1400	164
1401	157
1402	144
1403	166
1404	143
1405	125
1406	141
1407	137
1408	129
1409	118
1410	126
1411	122
1412	131
1413	148
1414	143
1415	168
1416	138
1417	128
1418	137
1419	122
1420	168
1421	142
1422	137
1423	160
1424	146
1425	140
1426	139
1427	122
1428	156
1429	162
1430	159
1431	130
1432	129
1433	141
1434	134
1435	150
1436	126
1437	139
1438	135
1439	146
1440	137
1441	147
1442	162
1443	136
1444	156
1445	153
1446	134
1447	126
1448	141
1449	159
1450	118
1451	155
1452	132
1453	130
1454	117
1455	150
1456	150
1457	151
1458	144
1459	138
1460	128
1461	157
1462	143
1463	147
1464	130
1465	147
1466	154
1467	150
1468	119
1469	155
1470	132
1471	169
1472	133
1473	135
1474	132
1475	138
1476	129
1477	136
1478	135
1479	130
1480	142
1481	133
1482	148
1483	145
1484	126
1485	123
1486	122
1487	135
1488	129
1489	144
1490	139
1491	152
1492	107
1493	141
1494	117
1495	139
1496	127
1497	126
1498	124
1499	152
1500	134
1501	109
1502	141
1503	122
1504	129
1505	139
1506	135
1507	133
1508	129
1509	138
1510	132
1511	133
1512	124
1513	135
1514	134
1515	150
1516	140
1517	140
1518	140
1519	120
1520	134
1521	107
1522	129
1523	123
1524	137
1525	151
1526	115
1527	153
1528	142
1529	131
1530	120
1531	121
1532	128
1533	131
1534	125
1535	136
1536	130
1537	123
1538	150
1539	129
1540	132
1541	127
1542	122
1543	110
1544	130
1545	118
1546	119
1547	133
1548	125
1549	125
1550	103
1551	127
1552	132
1553	117
1554	130
1555	113
1556	131
1557	135
1558	128
1559	120
1560	126
1561	113
1562	125
1563	117
1564	117
1565	127
1566	134
1567	116
1568	109
1569	113
1570	123
1571	104
1572	120
1573	113
1574	128
1575	127
1576	125
1577	147
1578	117
1579	122
1580	126
1581	123
1582	133
1583	129
1584	114
1585	115
1586	127
1587	115
1588	102
1589	127
1590	126
1591	126
1592	105
1593	115
1594	135
1595	134
1596	113
1597	120
1598	110
1599	112
1600	123
1601	118
1602	120
1603	103
1604	131
1605	120
1606	106
1607	117
1608	118
1609	119
1610	110
1611	139
1612	121
1613	117
1614	120
1615	129
1616	108
1617	129
1618	108
1619	109
1620	124
1621	118
1622	136
1623	117
1624	95
1625	101
1626	103
1627	114
1628	121
1629	119
1630	122
1631	119
1632	131
1633	120
1634	111
1635	104
1636	116
1637	116
1638	122
1639	127
1640	116
1641	131
1642	108
1643	103
1644	122
1645	113
1646	105
1647	101
1648	104
1649	115
1650	131
1651	123
1652	123
1653	135
1654	151
1655	108
1656	113
1657	115
1658	106
1659	118
1660	133
1661	140
1662	104
1663	105
1664	105
1665	111
1666	112
1667	112
1668	118
1669	110
1670	115
1671	120
1672	114
1673	107
1674	114
1675	125
1676	122
1677	129
1678	127
1679	114
1680	100
1681	106
1682	132
1683	104
1684	113
1685	113
1686	107
1687	112
1688	118
1689	134
1690	125
1691	116
1692	126
1693	118
1694	122
1695	107
1696	131
1697	114
1698	142
1699	113
1700	108
1701	121
1702	128
1703	124
1704	104
1705	97
1706	118
1707	104
1708	125
1709	116
1710	126
1711	112
1712	111
1713	125
1714	110
1715	120
1716	99
1717	117
1718	121
1719	123
1720	107
1721	97
1722	116
1723	106
1724	116
1725	123
1726	111
1727	123
1728	110
1729	110
1730	112
1731	107
1732	111
1733	125
1734	108
1735	122
1736	118
1737	110
1738	111
1739	103
1740	124
1741	102
1742	111
1743	132
1744	127
1745	107
1746	108
1747	100
1748	118
1749	117
1750	102
1751	122
1752	115
1753	130
1754	86
1755	114
1756	94
1757	106
1758	115
1759	115
1760	116
1761	104
1762	111
1763	106
1764	111
1765	104
1766	130
1767	108
1768	136
1769	109
1770	102
1771	132
1772	120
1773	102
1774	113
1775	105
1776	126
1777	92
1778	125
1779	115
1780	115
1781	103
1782	126
1783	104
1784	111
1785	114
1786	115
1787	113
1788	101
1789	129
1790	113
1791	118
1792	116
1793	132
1794	113
1795	119
1796	91
1797	113
1798	105
1799	122
1800	106
1801	117
1802	115
1803	86
1804	94
1805	122
1806	97
1807	110
1808	110
1809	120
1810	105
1811	123
1812	104
1813	108
1814	96
1815	110
1816	114
1817	122
1818	119
1819	119
1820	118
1821	107
1822	111
1823	107
1824	125
1825	93
1826	99
1827	99
1828	110
1829	102
1830	99
1831	103
1832	119
1833	117
1834	104
1835	114
1836	99
1837	120
1838	131
1839	112
1840	108
1841	138
1842	129
1843	110
1844	88
1845	92
1846	119
1847	122
1848	127
1849	105
1850	109
1851	114
1852	119
1853	112
1854	114
1855	109
1856	119
1857	131
1858	109
1859	91
1860	117
1861	108
1862	114
1863	108
1864	119
1865	96
1866	127
1867	111
1868	109
1869	114
1870	104
1871	109
1872	104
1873	115
1874	108
1875	130
1876	121
1877	105
1878	113
1879	116
1880	117
1881	108
1882	125
1883	112
1884	120
1885	104
1886	100
1887	108
1888	109
1889	114
1890	116
1891	113
1892	115
1893	105
1894	116
1895	129
1896	106
1897	107
1898	108
1899	97
1900	118
1901	116
1902	96
1903	104
1904	129
1905	92
1906	110
1907	127
1908	120
1909	116
1910	97
1911	103
1912	96
1913	117
1914	113
1915	139
1916	105
1917	110
1918	113
1919	111
1920	109
1921	114
1922	113
1923	138
1924	106
1925	115
1926	104
1927	84
1928	113
1929	95
1930	94
1931	111
1932	117
1933	121
1934	105
1935	118
1936	114
1937	106
1938	112
1939	99
1940	101
1941	114
1942	118
1943	122
1944	104
1945	102
1946	122
1947	109
1948	109
1949	126
1950	131
1951	98
1952	98
1953	102
1954	133
1955	127
1956	123
1957	114
1958	99
1959	99
1960	121
1961	110
1962	113
1963	116
1964	123
1965	103
1966	95
1967	109
1968	98
1969	111
1970	113
1971	114
1972	105
1973	112
1974	128
1975	112
1976	101
1977	112
1978	108
1979	99
1980	106
1981	103
1982	104
1983	94
1984	102
1985	100
1986	100
1987	110
1988	105
1989	104
1990	111
1991	110
1992	110
1993	82
1994	100
1995	109
1996	95
1997	97
1998	125
1999	99
2000	92
2001	97
2002	83
2003	86
2004	112
2005	115
2006	115
2007	82
2008	94
2009	102
2010	99
2011	110
2012	88
2013	92
2014	103
2015	90
2016	91
2017	98
2018	117
2019	83
2020	89
2021	90
2022	100
2023	101
2024	89
2025	96
2026	104
2027	90
2028	80
2029	89
2030	101
2031	101
2032	91
2033	92
2034	88
2035	108
2036	92
2037	79
2038	88
2039	94
2040	99
2041	97
2042	81
2043	94
2044	83
2045	108
2046	86
2047	90
2048	91
2049	105
2050	85
2051	91
2052	85
2053	70
2054	92
2055	93
2056	80
2057	93
2058	85
2059	75
2060	81
2061	97
2062	86
2063	89
2064	93
2065	89
2066	85
2067	81
2068	85
2069	78
2070	82
2071	76
2072	100
2073	69
2074	72
2075	72
2076	80
2077	74
2078	89
2079	83
2080	73
2081	71
2082	87
2083	69
2084	76
2085	78
2086	76
2087	73
2088	71
2089	76
2090	83
2091	71
2092	86
2093	82
2094	84
2095	60
2096	81
2097	94
2098	73
2099	77
2100	74
2101	70
2102	66
2103	66
2104	69
2105	65
2106	68
2107	71
2108	75
2109	60
2110	60
2111	62
2112	76
2113	60
2114	61
2115	73
2116	57
2117	66
2118	74
2119	69
2120	63
2121	79
2122	69
2123	60
2124	77
2125	55
2126	65
2127	55
2128	59
2129	65
2130	54
2131	72
2132	47
2133	60
2134	81
2135	57
2136	75
2137	59
2138	70
2139	63
2140	63
2141	74
2142	57
2143	60
2144	57
2145	63
2146	62
2147	79
2148	45
2149	46
2150	69
2151	71
2152	41
2153	63
2154	52
2155	67
2156	56
2157	60
2158	69
2159	45
2160	60
2161	61
2162	67
2163	51
2164	54
2165	50
2166	58
2167	65
2168	44
2169	63
2170	52
2171	72
2172	64
2173	60
2174	63
2175	60
2176	57
2177	74
2178	62
2179	53
2180	65
2181	61
2182	63
2183	55
2184	50
2185	57
2186	58
2187	71
2188	53
2189	56
2190	33
2191	57
2192	53
2193	69
2194	50
2195	47
2196	55
2197	61
2198	37
2199	61
2200	65
2201	51
2202	55
2203	38
2204	54
2205	57
2206	46
2207	51
2208	55
2209	51
2210	49
2211	48
2212	48
2213	56
2214	51
2215	43
2216	55
2217	48
2218	50
2219	43
2220	52
2221	41
2222	46
2223	53
2224	61
2225	47
2226	51
2227	60
2228	54
2229	59
2230	47
2231	44
2232	46
2233	42
2234	50
2235	52
2236	50
2237	53
2238	56
2239	47
2240	51
2241	45
2242	47
2243	66
2244	41
2245	53
2246	57
2247	45
2248	41
2249	43
2250	45
2251	47
2252	69
2253	42
2254	48
2255	49
2256	48
2257	54
2258	49
2259	42
2260	40
2261	45
2262	31
2263	50
2264	52
2265	48
2266	44
2267	57
2268	54
2269	47
2270	45
2271	36
2272	36
2273	50
2274	46
2275	46
2276	43
2277	31
2278	46
2279	37
2280	53
2281	40
2282	37
2283	44
2284	50
2285	50
2286	46
2287	49
2288	49
2289	40
2290	48
2291	42
2292	52
2293	55
2294	47
2295	38
2296	47
2297	45
2298	30
2299	54
2300	47
2301	55
2302	47
2303	37
2304	47
2305	49
2306	38
2307	45
2308	43
2309	33
2310	43
2311	47
2312	51
2313	35
2314	49
2315	52
2316	54
2317	42
2318	37
2319	43
2320	48
2321	40
2322	39
2323	45
2324	37
2325	57
2326	47
2327	52
2328	37
2329	41
2330	53
2331	48
2332	39
2333	42
2334	48
2335	51
2336	45
2337	48
2338	44
2339	38
2340	51
2341	30
2342	38
2343	51
2344	42
2345	45
2346	50
2347	42
2348	43
2349	38
2350	48
2351	48
2352	48
2353	40
2354	53
2355	43
2356	53
2357	42
2358	45
2359	45
2360	45
2361	26
2362	44
2363	36
2364	40
2365	48
2366	36
2367	45
2368	49
2369	40
2370	49
2371	53
2372	36
2373	41
2374	53
2375	37
2376	37
2377	42
2378	44
2379	46
2380	45
2381	43
2382	38
2383	40
2384	34
2385	46
2386	38
2387	61
2388	36
2389	38
2390	33
2391	49
2392	41
2393	40
2394	33
2395	31
2396	48
2397	45
2398	43
2399	27
2400	51
2401	35
2402	32
2403	42
2404	41
2405	39
2406	51
2407	36
2408	44
2409	46
2410	42
2411	34
2412	48
2413	42
2414	42
2415	36
2416	47
2417	39
2418	44
2419	37
2420	40
2421	31
2422	42
2423	43
2424	46
2425	45
2426	37
2427	43
2428	38
2429	34
2430	35
2431	48
2432	58
2433	38
2434	44
2435	47
2436	40
2437	32
2438	44
2439	36
2440	30
2441	45
2442	42
2443	24
2444	44
2445	42
2446	41
2447	44
2448	33
2449	39
2450	40
2451	44
2452	36
2453	47
2454	44
2455	40
2456	34
2457	41
2458	42
2459	38
2460	36
2461	49
2462	30
2463	29
2464	37
2465	44
2466	32
2467	44
2468	41
2469	46
2470	37
2471	48
2472	50
2473	33
2474	38
2475	40
2476	30
2477	38
2478	32
2479	42
2480	39
2481	47
2482	41
2483	26
2484	27
2485	33
2486	39
2487	33
2488	34
2489	38
2490	22
2491	40
2492	33
2493	41
2494	32
2495	44
2496	28
2497	34
2498	38
2499	36
2500	35
2501	40
2502	34
2503	47
2504	34
2505	37
2506	47
2507	34
2508	49
2509	33
2510	50
2511	42
2512	33
2513	48
2514	19
2515	42
2516	34
2517	34
2518	43
2519	23
2520	42
2521	31
2522	33
2523	42
2524	38
2525	31
2526	39
2527	46
2528	39
2529	32
2530	36
2531	41
2532	28
2533	56
2534	36
2535	35
2536	37
2537	50
2538	42
2539	40
2540	37
2541	24
2542	38
2543	41
2544	43
2545	42
2546	42
2547	39
2548	41
2549	47
2550	37
2551	38
2552	36
2553	43
2554	37
2555	39
2556	38
2557	38
2558	36
2559	34
2560	36
2561	39
2562	27
2563	27
2564	34
2565	39
2566	32
2567	44
2568	44
2569	40
2570	45
2571	40
2572	33
2573	31
2574	33
2575	27
2576	59
2577	41
2578	37
2579	36
2580	38
2581	56
2582	32
2583	38
2584	31
2585	41
2586	35
2587	37
2588	30
2589	32
2590	28
2591	32
2592	44
2593	41
2594	42
2595	30
2596	26
2597	31
2598	29
2599	31
2600	50
2601	34
2602	35
2603	34
2604	31
2605	36
2606	36
2607	37
2608	38
2609	39
2610	42
2611	43
2612	34
2613	49
2614	50
2615	43
2616	38
2617	37
2618	34
2619	37
2620	35
2621	50
2622	25
2623	39
2624	42
2625	38
2626	29
2627	35
2628	32
2629	46
2630	43
2631	32
2632	37
2633	34
2634	25
2635	32
2636	28
2637	46
2638	28
2639	40
2640	26
2641	38
2642	32
2643	25
2644	33
2645	34
2646	32
2647	32
2648	27
2649	41
2650	33
2651	42
2652	37
2653	28
2654	30
2655	42
2656	34
2657	33
2658	40
2659	31
2660	42
2661	28
2662	30
2663	35
2664	34
2665	37
2666	33
2667	49
2668	29
2669	41
2670	37
2671	25
2672	36
2673	34
2674	39
2675	42
2676	39
2677	36
2678	46
2679	30
2680	35
2681	44
2682	33
2683	40
2684	53
2685	37
2686	40
2687	31
2688	33
2689	45
2690	43
2691	32
2692	27
2693	45
2694	30
2695	31
2696	32
2697	35
2698	28
2699	40
2700	42
2701	41
2702	39
2703	46
2704	42
2705	31
2706	34
2707	35
2708	35
2709	38
2710	32
2711	35
2712	38
2713	36
2714	40
2715	38
2716	41
2717	28
2718	46
2719	43
2720	33
2721	35
2722	46
2723	41
2724	32
2725	36
2726	40
2727	23
2728	34
2729	25
2730	45
2731	27
2732	35
2733	26
2734	34
2735	38
2736	43
2737	49
2738	42
2739	50
2740	35
2741	32
2742	31
2743	32
2744	55
2745	43
2746	35
2747	29
2748	31
2749	34
2750	41
2751	37
2752	34
2753	44
2754	25
2755	32
2756	45
2757	41
2758	38
2759	28
2760	34
2761	25
2762	31
2763	49
2764	30
2765	34
2766	30
2767	37
2768	43
2769	32
2770	42
2771	31
2772	39
2773	33
2774	26
2775	37
2776	25
2777	34
2778	34
2779	32
2780	31
2781	32
2782	45
2783	37
2784	42
2785	43
2786	31
2787	29
2788	33
2789	39
2790	40
2791	45
2792	34
2793	28
2794	36
2795	40
2796	29
2797	34
2798	36
2799	30
2800	30
2801	45
2802	36
2803	36
2804	35
2805	40
2806	40
2807	39
2808	43
2809	34
2810	32
2811	40
2812	38
2813	34
2814	36
2815	42
2816	46
2817	44
2818	41
2819	37
2820	27
2821	30
2822	39
2823	41
2824	37
2825	47
2826	44
2827	50
2828	50
2829	48
2830	33
2831	42
2832	33
2833	44
2834	37
2835	43
2836	42
2837	39
2838	42
2839	30
2840	38
2841	39
2842	40
2843	37
2844	46
2845	41
2846	31
2847	40
2848	32
2849	46
2850	43
2851	43
2852	29
2853	42
2854	39
2855	50
2856	29
2857	47
2858	49
2859	41
2860	51
2861	33
2862	41
2863	44
2864	46
2865	41
2866	41
2867	38
2868	41
2869	43
2870	46
2871	47
2872	55
2873	60
2874	49
2875	37
2876	49
2877	46
2878	47
2879	52
2880	50
2881	63
2882	54
2883	46
2884	43
2885	51
2886	53
2887	41
2888	54
2889	63
2890	55
2891	47
2892	41
2893	59
2894	52
2895	57
2896	55
2897	59
2898	62
2899	74
2900	67
2901	63
2902	68
2903	68
2904	60
2905	56
2906	60
2907	77
2908	70
2909	75
2910	63
2911	71
2912	76
2913	75
2914	65
2915	77
2916	67
2917	61
2918	57
2919	79
2920	82
2921	87
2922	55
2923	81
2924	88
2925	78
2926	83
2927	81
2928	78
2929	100
2930	108
2931	85
2932	103
2933	86
2934	91
2935	93
2936	95
2937	92
2938	94
2939	117
2940	106
2941	108
2942	109
2943	108
2944	125
2945	107
2946	100
2947	117
2948	118
2949	125
2950	123
2951	109
2952	114
2953	127
2954	127
2955	125
2956	118
2957	128
2958	129
2959	139
2960	135
2961	143
2962	131
2963	143
2964	162
2965	146
2966	149
2967	152
2968	140
2969	143
2970	147
2971	164
2972	165
2973	176
2974	173
2975	173
2976	178
2977	193
2978	166
2979	183
2980	186
2981	176
2982	223
2983	205
2984	201
2985	216
2986	207
2987	197
2988	205
2989	203
2990	207
2991	203
2992	201
2993	223
2994	213
2995	226
2996	255
2997	218
2998	206
2999	234
3000	215
3001	241
3002	241
3003	256
3004	257
3005	234
3006	267
3007	273
3008	269
3009	256
3010	262
3011	280
3012	241
3013	267
3014	289
3015	279
3016	297
3017	289
3018	311
3019	297
3020	267
3021	311
3022	328
3023	329
3024	336
3025	340
3026	328
3027	329
3028	339
3029	343
3030	355
3031	322
3032	378
3033	328
3034	363
3035	374
3036	411
3037	360
3038	371
3039	385
3040	403
3041	404
3042	412
3043	405
3044	398
3045	410
3046	447
3047	395
3048	414
3049	436
3050	450
3051	450
3052	429
3053	471
3054	468
3055	457
3056	429
3057	488
3058	433
3059	444
3060	477
3061	504
3062	461
3063	515
3064	512
3065	491
3066	494
3067	509
3068	509
3069	578
3070	507
3071	525
3072	472
3073	573
3074	542
3075	569
3076	542
3077	537
3078	541
3079	533
3080	555
3081	554
3082	554
3083	549
3084	570
3085	573
3086	589
3087	588
3088	592
3089	533
3090	562
3091	594
3092	635
3093	627
3094	609
3095	636
3096	612
3097	664
3098	616
3099	662
3100	639
3101	665
3102	615
3103	649
3104	655
3105	638
3106	648
3107	664
3108	665
3109	704
3110	660
3111	676
3112	634
3113	725
3114	663
3115	719
3116	651
3117	681
3118	696
3119	687
3120	647
3121	697
3122	716
3123	682
3124	708
3125	717
3126	669
3127	740
3128	717
3129	736
3130	755
3131	705
3132	753
3133	766
3134	746
3135	757
3136	797
3137	714
3138	780
3139	740
3140	733
3141	770
3142	790
3143	767
3144	770
3145	703
3146	746
3147	734
3148	713
3149	804
3150	742
3151	809
3152	721
3153	771
3154	785
3155	797
3156	811
3157	749
3158	747
3159	803
3160	720
3161	744
3162	787
3163	728
3164	750
3165	712
3166	744
3167	801
3168	818
3169	739
3170	724
3171	769
3172	795
3173	705
3174	759
3175	741
3176	736
3177	774
3178	775
3179	768
3180	755
3181	757
3182	731
3183	720
3184	725
3185	767
3186	754
3187	702
3188	730
3189	796
3190	781
3191	779
3192	728
3193	777
3194	738
3195	729
3196	705
3197	676
3198	689
3199	693
3200	753
3201	696
3202	708
3203	723
3204	659
3205	714
3206	703
3207	745
3208	682
3209	724
3210	677
3211	692
3212	700
3213	674
3214	712
3215	706
3216	666
3217	696
3218	666
3219	646
3220	694
3221	661
3222	656
3223	664
3224	713
3225	651
3226	657
3227	584
3228	611
3229	614
3230	625
3231	620
3232	603
3233	630
3234	598
3235	628
3236	606
3237	602
3238	588
3239	551
3240	574
3241	590
3242	571
3243	565
3244	527
3245	561
3246	568
3247	587
3248	534
3249	519
3250	524
3251	536
3252	520
3253	528
3254	522
3255	485
3256	451
3257	495
3258	514
3259	491
3260	472
3261	483
3262	456
3263	495
3264	485
3265	445
3266	448
3267	475
3268	402
3269	462
3270	453
3271	425
3272	411
3273	449
3274	392
3275	422
3276	393
3277	416
3278	420
3279	413
3280	418
3281	393
3282	420
3283	358
3284	365
3285	394
3286	379
3287	354
3288	350
3289	372
3290	324
3291	327
3292	361
3293	313
3294	331
3295	333
3296	362
3297	348
3298	289
3299	310
3300	329
3301	300
3302	312
3303	297
3304	297
3305	287
3306	286
3307	288
3308	276
3309	245
3310	261
3311	248
3312	240
3313	271
3314	261
3315	224
3316	215
3317	230
3318	233
3319	252
3320	218
3321	225
3322	219
3323	203
3324	201
3325	179
3326	213
3327	197
3328	197
3329	202
3330	202
3331	188
3332	178
3333	206
3334	167
3335	214
3336	207
3337	157
3338	170
3339	169
3340	158
3341	162
3342	149
3343	157
3344	153
3345	146
3346	135
3347	139
3348	142
3349	130
3350	128
3351	132
3352	153
3353	133
3354	139
3355	143
3356	114
3357	137
3358	120
3359	124
3360	108
3361	127
3362	112
3363	121
3364	107
3365	113
3366	108
3367	103
3368	107
3369	94
3370	113
3371	93
3372	98
3373	89
3374	101
3375	85
3376	94
3377	114
3378	86
3379	85
3380	86
3381	72
3382	79
3383	79
3384	75
3385	74
3386	95
3387	68
3388	92
3389	92
3390	77
3391	73
3392	54
3393	69
3394	67
3395	54
3396	65
3397	59
3398	58
3399	63
3400	55
3401	56
3402	66
3403	51
3404	54
3405	53
3406	46
3407	68
3408	46
3409	52
3410	47
3411	58
3412	44
3413	40
3414	44
3415	41
3416	51
3417	51
3418	43
3419	46
3420	42
3421	48
3422	45
3423	39
3424	34
3425	44
3426	39
3427	38
3428	36
3429	47
3430	34
3431	30
3432	52
3433	33
3434	34
3435	36
3436	29
3437	39
3438	35
3439	34
3440	29
3441	42
3442	25
3443	38
3444	23
3445	32
3446	30
3447	26
3448	26
3449	25
3450	18
3451	30
3452	42
3453	26
3454	23
3455	26
3456	18
3457	18
3458	38
3459	29
3460	31
3461	27
3462	37
3463	33
3464	29
3465	31
3466	29
3467	25
3468	29
3469	31
3470	30
3471	27
3472	23
3473	26
3474	29
3475	32
3476	24
3477	24
3478	25
3479	30
3480	32
3481	23
3482	19
3483	26
3484	17
3485	21
3486	28
3487	31
3488	32
3489	24
3490	22
3491	27
3492	17
3493	28
3494	23
3495	24
3496	22
3497	27
3498	23
3499	18
3500	30
3501	34
3502	30
3503	27
3504	28
3505	21
3506	27
3507	26
3508	25
3509	20
3510	29
3511	18
3512	19
3513	28
3514	17
3515	30
3516	27
3517	27
3518	30
3519	24
3520	20
3521	21
3522	28
3523	25
3524	31
3525	31
3526	21
3527	28
3528	31
3529	32
3530	23
3531	24
3532	26
3533	16
3534	20
3535	41
3536	31
3537	25
3538	25
3539	18
3540	28
3541	19
3542	33
3543	19
3544	23
3545	28
3546	28
3547	25
3548	21
3549	25
3550	29
3551	21
3552	26
3553	31
3554	17
3555	15
3556	20
3557	26
3558	23
3559	22
3560	21
3561	26
3562	27
3563	27
3564	17
3565	27
3566	23
3567	25
3568	26
3569	24
3570	36
3571	25
3572	21
3573	30
3574	19
3575	17
3576	21
3577	28
3578	24
3579	31
3580	24
3581	21
3582	24
3583	24
3584	28
3585	32
3586	25
3587	18
3588	22
3589	24
3590	29
3591	23
3592	26
3593	26
3594	29
3595	20
3596	22
3597	29
3598	30
3599	25
3600	27
3601	21
3602	23
3603	26
3604	35
3605	23
3606	33
3607	29
3608	18
3609	23
3610	20
3611	26
3612	22
3613	37
3614	30
3615	25
3616	26
3617	25
3618	26
3619	24
3620	36
3621	19
3622	10
3623	26
3624	25
3625	28
3626	28
3627	31
3628	22
3629	20
3630	20
3631	31
3632	23
3633	21
3634	22
3635	12
3636	22
3637	28
3638	27
3639	28
3640	20
3641	22
3642	26
3643	22
3644	18
3645	25
3646	29
3647	23
3648	19
3649	19
3650	32
3651	19
3652	23
3653	18
3654	20
3655	16
3656	23
3657	21
3658	22
3659	22
3660	22
3661	24
3662	29
3663	22
3664	21
3665	19
3666	25
3667	25
3668	31
3669	22
3670	30
3671	19
3672	21
3673	31
3674	16
3675	19
3676	21
3677	33
3678	28
3679	25
3680	19
3681	28
3682	25
3683	33
3684	25
3685	19
3686	36
3687	25
3688	26
3689	18
3690	21
3691	22
3692	17
3693	21
3694	28
3695	25
3696	31
3697	18
3698	25
3699	19
3700	25
3701	21
3702	18
3703	23
3704	18
3705	26
3706	24
3707	23
3708	25
3709	24
3710	19
3711	26
3712	22
3713	18
3714	33
3715	24
3716	19
3717	21
3718	27
3719	29
3720	19
3721	19
3722	31
3723	22
3724	23
3725	24
3726	17
3727	22
3728	21
3729	22
3730	21
3731	23
3732	21
3733	31
3734	27
3735	22
3736	18
3737	19
3738	22
3739	28
3740	24
3741	23
3742	35
3743	30
3744	19
3745	19
3746	26
3747	23
3748	22
3749	34
3750	23
3751	25
3752	29
3753	19
3754	31
3755	20
3756	11
3757	23
3758	20
3759	18
3760	14
3761	29
3762	30
3763	18
3764	33
3765	25
3766	22
3767	29
3768	18
3769	23
3770	20
3771	20
3772	19
3773	29
3774	13
3775	29
3776	24
3777	28
3778	25
3779	28
3780	33
3781	21
3782	31
3783	30
3784	20
3785	29
3786	27
3787	29
3788	24
3789	19
3790	26
3791	17
3792	23
3793	31
3794	19
3795	21
3796	33
3797	17
3798	24
3799	25
3800	30
3801	25
3802	25
3803	20
3804	25
3805	22
3806	22
3807	29
3808	21
3809	32
3810	23
3811	24
3812	22
3813	32
3814	30
3815	30
3816	34
3817	21
3818	30
3819	26
3820	29
3821	20
3822	37
3823	27
3824	28
3825	23
3826	10
3827	28
3828	27
3829	23
3830	26
3831	18
3832	22
3833	18
3834	22
3835	20
3836	17
3837	24
3838	18
3839	21
3840	24
3841	28
3842	19
3843	12
3844	26
3845	18
3846	18
3847	22
3848	36
3849	9
3850	25
3851	24
3852	20
3853	18
3854	32
3855	23
3856	30
3857	21
3858	15
3859	24
3860	27
3861	29
3862	26
3863	14
3864	17
3865	14
3866	22
3867	21
3868	14
3869	19
3870	27
3871	24
3872	13
3873	22
3874	27
3875	26
3876	23
3877	18
3878	26
3879	21
3880	22
3881	20
3882	27
3883	21
3884	17
3885	23
3886	25
3887	18
3888	15
3889	26
3890	19
3891	24
3892	23
3893	19
3894	18
3895	15
3896	22
3897	17
3898	23
3899	23
3900	21
3901	27
3902	13
3903	22
3904	17
3905	27
3906	23
3907	26
3908	21
3909	22
3910	23
3911	21
3912	19
3913	16
3914	25
3915	23
3916	30
3917	18
3918	31
3919	19
3920	26
3921	32
3922	19
3923	25
3924	18
3925	19
3926	27
3927	27
3928	24
3929	21
3930	22
3931	21
3932	20
3933	27
3934	30
3935	17
3936	21
3937	17
3938	17
3939	25
3940	23
3941	30
3942	26
3943	22
3944	14
3945	32
3946	26
3947	19
3948	21
3949	29
3950	13
3951	21
3952	25
3953	22
3954	15
3955	22
3956	32
3957	24
3958	32
3959	17
3960	12
3961	31
3962	29
3963	22
3964	23
3965	21
3966	25
3967	21
3968	23
3969	20
3970	30
3971	24
3972	24
3973	23
3974	26
3975	29
3976	31
3977	22
3978	17
3979	27
3980	19
3981	26
3982	18
3983	24
3984	29
3985	14
3986	23
3987	28
3988	22
3989	34
3990	20
3991	36
3992	19
3993	25
3994	17
3995	24
3996	21
3997	32
3998	24
3999	30
4000	18
4001	23
4002	23
4003	25
4004	22
4005	21
4006	23
4007	26
4008	23
4009	25
4010	26
4011	14
4012	22
4013	29
4014	23
4015	20
4016	27
4017	32
4018	31
4019	21
4020	19
4021	23
4022	19
4023	33
4024	18
4025	33
4026	25
4027	19
4028	18
4029	28
4030	30
4031	23
4032	19
4033	24
4034	24
4035	24
4036	22
4037	28
4038	24
4039	28
4040	25
4041	28
4042	20
4043	16
4044	26
4045	17
4046	27
4047	24
4048	29
4049	23
4050	29
4051	30
4052	31
4053	19
4054	19
4055	31
4056	27
4057	18
4058	25
4059	19
4060	14
4061	20
4062	32
4063	16
4064	24
4065	28
4066	27
4067	29
4068	25
4069	32
4070	27
4071	22
4072	29
4073	19
4074	20
4075	24
4076	25
4077	19
4078	23
4079	20
4080	22
4081	22
4082	15
4083	14
4084	17
4085	18
4086	30
4087	30
4088	22
4089	31
4090	35
4091	28
4092	19
4093	25
4094	26
4095	19
4096	21
4097	19
4098	32
4099	21
4100	21
4101	23
4102	27
4103	22
4104	28
4105	28
4106	24
4107	16
4108	27
4109	22
4110	24
4111	40
4112	28
4113	25
4114	21
4115	37
4116	25
4117	34
4118	27
4119	32
4120	28
4121	35
4122	26
4123	26
4124	26
4125	26
4126	24
4127	27
4128	24
4129	30
4130	31
4131	28
4132	21
4133	37
4134	22
4135	30
4136	35
4137	31
4138	31
4139	23
4140	31
4141	32
4142	26
4143	29
4144	30
4145	14
4146	17
4147	27
4148	25
4149	25
4150	27
4151	16
4152	28
4153	22
4154	27
4155	29
4156	27
4157	25
4158	31
4159	28
4160	31
4161	34
4162	29
4163	32
4164	17
4165	24
4166	25
4167	33
4168	26
4169	19
4170	24
4171	37
4172	22
4173	23
4174	31
4175	33
4176	25
4177	31
4178	25
4179	27
4180	24
4181	22
4182	20
4183	20
4184	25
4185	24
4186	29
4187	33
4188	14
4189	21
4190	26
4191	24
4192	16
4193	25
4194	31
4195	23
4196	25
4197	19
4198	31
4199	29
4200	22
4201	32
4202	26
4203	38
4204	32
4205	35
4206	33
4207	23
4208	30
4209	40
4210	20
4211	24
4212	30
4213	21
4214	32
4215	32
4216	34
4217	34
4218	30
4219	35
4220	30
4221	25
4222	23
4223	24
4224	25
4225	29
4226	15
4227	33
4228	27
4229	22
4230	37
4231	30
4232	20
4233	27
4234	35
4235	33
4236	35
4237	36
4238	22
4239	30
4240	30
4241	31
4242	29
4243	29
4244	26
4245	34
4246	31
4247	31
4248	42
4249	28
4250	24
4251	34
4252	30
4253	23
4254	32
4255	30
4256	28
4257	29
4258	30
4259	24
4260	36
4261	28
4262	38
4263	35
4264	29
4265	44
4266	31
4267	33
4268	23
4269	31
4270	32
4271	31
4272	27
4273	28
4274	31
4275	28
4276	38
4277	35
4278	33
4279	27
4280	36
4281	30
4282	35
4283	29
4284	26
4285	30
4286	41
4287	34
4288	27
4289	26
4290	22
4291	36
4292	26
4293	31
4294	34
4295	29
4296	38
4297	33
4298	30
4299	21
4300	42
4301	32
4302	37
4303	35
4304	30
4305	26
4306	37
4307	30
4308	25
4309	33
4310	33
4311	45
4312	42
4313	30
4314	29
4315	34
4316	37
4317	27
4318	33
4319	29
4320	29
4321	27
4322	44
4323	40
4324	37
4325	26
4326	28
4327	31
4328	32
4329	29
4330	31
4331	31
4332	30
4333	28
4334	37
4335	24
4336	33
4337	40
4338	30
4339	33
4340	28
4341	36
4342	33
4343	30
4344	35
4345	26
4346	34
4347	29
4348	30
4349	30
4350	33
4351	46
4352	25
4353	32
4354	43
4355	27
4356	29
4357	31
4358	24
4359	28
4360	23
4361	35
4362	29
4363	36
4364	32
4365	39
4366	40
4367	39
4368	35
4369	31
4370	39
4371	35
4372	32
4373	29
4374	24
4375	29
4376	38
4377	28
4378	30
4379	36
4380	30
4381	37
4382	46
4383	42
4384	34
4385	36
4386	24
4387	35
4388	24
4389	33
4390	33
4391	31
4392	30
4393	26
4394	28
4395	33
4396	38
4397	25
4398	42
4399	26
4400	32
4401	42
4402	40
4403	31
4404	33
4405	39
4406	28
4407	32
4408	33
4409	21
4410	25
4411	32
4412	27
4413	24
4414	27
4415	35
4416	36
4417	32
4418	26
4419	24
4420	23
4421	34
4422	38
4423	29
4424	36
4425	39
4426	31
4427	38
4428	25
4429	35
4430	20
4431	33
4432	42
4433	25
4434	43
4435	25
4436	26
4437	33
4438	35
4439	34
4440	45
4441	13
4442	26
4443	33
4444	30
4445	36
4446	28
4447	35
4448	20
4449	29
4450	35
4451	28
4452	30
4453	29
4454	35
4455	32
4456	35
4457	24
4458	39
4459	32
4460	24
4461	31
4462	32
4463	40
4464	36
4465	25
4466	34
4467	15
4468	27
4469	27
4470	20
4471	41
4472	22
4473	33
4474	30
4475	29
4476	34
4477	30
4478	26
4479	28
4480	33
4481	24
4482	28
4483	37
4484	31
4485	28
4486	38
4487	28
4488	25
4489	21
4490	23
4491	21
4492	27
4493	32
4494	24
4495	24
4496	27
4497	26
4498	21
4499	22
4500	34
4501	27
4502	27
4503	32
4504	33
4505	36
4506	25
4507	26
4508	32
4509	31
4510	19
4511	37
4512	38
4513	30
4514	24
4515	38
4516	22
4517	31
4518	29
4519	29
4520	34
4521	27
4522	28
4523	27
4524	30
4525	29
4526	35
4527	32
4528	32
4529	35
4530	36
4531	32
4532	35
4533	38
4534	28
4535	24
4536	29
4537	29
4538	31
4539	38
4540	30
4541	29
4542	38
4543	22
4544	15
4545	26
4546	28
4547	26
4548	23
4549	29
4550	25
4551	37
4552	29
4553	24
4554	31
4555	38
4556	31
4557	35
4558	22
4559	31
4560	18
4561	19
4562	26
4563	36
4564	31
4565	30
4566	22
4567	30
4568	32
4569	41
4570	26
4571	25
4572	18
4573	30
4574	36
4575	25
4576	31
4577	34
4578	27
4579	32
4580	24
4581	33
4582	33
4583	20
4584	28
4585	23
4586	34
4587	32
4588	29
4589	23
4590	29
4591	24
4592	31
4593	35
4594	20
4595	33
4596	26
4597	20
4598	26
4599	35
4600	27
4601	23
4602	20
4603	24
4604	24
4605	32
4606	21
4607	23
4608	24
4609	30
4610	22
4611	25
4612	35
4613	27
4614	34
4615	36
4616	26
4617	30
4618	15
4619	36
4620	22
4621	23
4622	33
4623	28
4624	23
4625	29
4626	28
4627	31
4628	35
4629	28
4630	22
4631	25
4632	28
4633	22
4634	19
4635	24
4636	24
4637	25
4638	23
4639	34
4640	31
4641	29
4642	27
4643	26
4644	31
4645	25
4646	30
4647	17
4648	20
4649	26
4650	27
4651	25
4652	22
4653	22
4654	29
4655	25
4656	32
4657	29
4658	23
4659	29
4660	21
4661	22
4662	32
4663	28
4664	30
4665	23
4666	31
4667	29
4668	24
4669	21
4670	29
4671	30
4672	20
4673	21
4674	31
4675	17
4676	19
4677	23
4678	16
4679	27
4680	30
4681	33
4682	33
4683	30
4684	20
4685	37
4686	33
4687	16
4688	25
4689	16
4690	25
4691	22
4692	29
4693	28
4694	26
4695	28
4696	28
4697	24
4698	23
4699	27
4700	30
4701	26
4702	21
4703	20
4704	25
4705	22
4706	27
4707	22
4708	22
4709	30
4710	29
4711	30
4712	31
4713	33
4714	21
4715	23
4716	26
4717	23
4718	23
4719	32
4720	27
4721	34
4722	30
4723	26
4724	27
4725	20
4726	32
4727	23
4728	22
4729	18
4730	29
4731	31
4732	26
4733	28
4734	20
4735	23
4736	22
4737	25
4738	20
4739	35
4740	29
4741	16
4742	20
4743	20
4744	24
4745	17
4746	32
4747	22
4748	23
4749	16
4750	22
4751	25
4752	31
4753	29
4754	20
4755	30
4756	24
4757	21
4758	21
4759	23
4760	25
4761	21
4762	28
4763	25
4764	29
4765	26
4766	31
4767	29
4768	20
4769	26
4770	22
4771	26
4772	21
4773	25
4774	27
4775	26
4776	24
4777	27
4778	25
4779	26
4780	15
4781	22
4782	12
4783	21
4784	31
4785	25
4786	40
4787	29
4788	23
4789	36
4790	26
4791	20
4792	16
4793	26
4794	27
4795	20
4796	28
4797	30
4798	31
4799	26
4800	20
4801	36
4802	22
4803	26
4804	22
4805	21
4806	29
4807	20
4808	20
4809	23
4810	30
4811	33
4812	22
4813	19
4814	18
4815	32
4816	29
4817	25
4818	11
4819	13
4820	22
4821	29
4822	24
4823	19
4824	25
4825	20
4826	30
4827	27
4828	23
4829	20
4830	23
4831	31
4832	20
4833	15
4834	16
4835	24
4836	26
4837	27
4838	23
4839	28
4840	28
4841	28
4842	23
4843	29
4844	24
4845	17
4846	18
4847	23
4848	25
4849	22
4850	21
4851	29
4852	20
4853	25
4854	30
4855	31
4856	16
4857	21
4858	26
4859	24
4860	12
4861	29
4862	25
4863	18
4864	25
4865	19
4866	21
4867	26
4868	19
4869	18
4870	14
4871	25
4872	33
4873	24
4874	26
4875	22
4876	23
4877	22
4878	22
4879	28
4880	24
4881	20
4882	25
4883	23
4884	18
4885	23
4886	22
4887	25
4888	18
4889	21
4890	25
4891	20
4892	21
4893	26
4894	18
4895	19
4896	20
4897	11
4898	19
4899	29
4900	25
4901	28
4902	27
4903	21
4904	27
4905	16
4906	27
4907	33
4908	17
4909	23
4910	22
4911	25
4912	18
4913	22
4914	33
4915	23
4916	19
4917	26
4918	21
4919	24
4920	17
4921	19
4922	21
4923	23
4924	12
4925	29
4926	30
4927	24
4928	22
4929	21
4930	23
4931	20
4932	26
4933	18
4934	28
4935	24
4936	22
4937	23
4938	25
4939	24
4940	25
4941	23
4942	20
4943	22
4944	18
4945	18
4946	12
4947	25
4948	26
4949	24
4950	23
4951	23
4952	19
4953	29
4954	25
4955	24
4956	24
4957	13
4958	22
4959	20
4960	26
4961	18
4962	25
4963	22
4964	25
4965	19
4966	17
4967	24
4968	18
4969	27
4970	27
4971	16
4972	14
4973	22
4974	27
4975	19
4976	19
4977	25
4978	18
4979	20
4980	21
4981	22
4982	23
4983	29
4984	18
4985	26
4986	19
4987	31
4988	26
4989	25
4990	26
4991	23
4992	19
4993	27
4994	16
4995	21
4996	21
4997	24
4998	17
4999	19
5000	22
5001	26
5002	24
5003	25
5004	16
5005	28
5006	14
5007	18
5008	22
5009	25
5010	17
5011	25
5012	19
5013	17
5014	29
5015	25
5016	18
5017	17
5018	19
5019	26
5020	20
5021	24
5022	24
5023	22
5024	21
5025	14
5026	16
5027	17
5028	18
5029	19
5030	19
5031	23
5032	21
5033	18
5034	21
5035	20
5036	16
5037	20
5038	21
5039	24
5040	16
5041	19
5042	27
5043	13
5044	19
5045	28
5046	22
5047	21
5048	19
5049	13
5050	20
5051	22
5052	23
5053	17
5054	28
5055	25
5056	27
5057	21
5058	17
5059	15
5060	19
5061	20
5062	15
5063	25
5064	21
5065	20
5066	22
5067	20
5068	21
5069	18
5070	21
5071	19
5072	26
5073	22
5074	23
5075	22
5076	25
5077	19
5078	17
5079	19
5080	20
5081	21
5082	25
5083	24
5084	32
5085	21
5086	11
5087	20
5088	21
5089	18
5090	20
5091	16
5092	22
5093	24
5094	30
5095	18
5096	18
5097	20
5098	21
5099	20
5100	17
5101	16
5102	16
5103	30
5104	21
5105	20
5106	27
5107	18
5108	14
5109	22
5110	27
5111	19
5112	29
5113	28
5114	16
5115	18
5116	20
5117	22
5118	19
5119	36
5120	25
5121	18
5122	24
5123	30
5124	29
5125	17
5126	21
5127	23
5128	20
5129	22
5130	19
5131	22
5132	19
5133	18
5134	24
5135	24
5136	14
5137	27
5138	17
5139	29
5140	26
5141	16
5142	21
5143	18
5144	17
5145	23
5146	16
5147	24
5148	13
5149	25
5150	22
5151	20
5152	31
5153	29
5154	20
5155	34
5156	16
5157	17
5158	28
5159	18
5160	17
5161	23
5162	20
5163	36
5164	17
5165	25
5166	29
5167	26
5168	21
5169	19
5170	18
5171	18
5172	11
5173	19
5174	22
5175	29
5176	20
5177	25
5178	17
5179	19
5180	31
5181	26
5182	22
5183	29
5184	20
5185	25
5186	23
5187	20
5188	26
5189	22
5190	21
5191	27
5192	24
5193	24
5194	22
5195	27
5196	30
5197	23
5198	22
5199	20
5200	24
5201	20
5202	31
5203	11
5204	19
5205	19
5206	26
5207	21
5208	25
5209	18
5210	20
5211	25
5212	24
5213	20
5214	22
5215	22
5216	15
5217	20
5218	12
5219	17
5220	20
5221	19
5222	22
5223	18
5224	26
5225	18
5226	13
5227	20
5228	21
5229	23
5230	27
5231	23
5232	30
5233	27
5234	21
5235	19
5236	22
5237	21
5238	22
5239	21
5240	21
5241	28
5242	17
5243	25
5244	19
5245	22
5246	29
5247	22
5248	21
5249	22
5250	24
5251	21
5252	18
5253	25
5254	14
5255	20
5256	23
5257	24
5258	32
5259	31
5260	15
5261	24
5262	26
5263	21
5264	23
5265	22
5266	21
5267	20
5268	27
5269	25
5270	21
5271	26
5272	23
5273	28
5274	20
5275	26
5276	26
5277	15
5278	31
5279	25
5280	22
5281	26
5282	26
5283	22
5284	21
5285	17
5286	21
5287	15
5288	28
5289	16
5290	24
5291	15
5292	25
5293	26
5294	23
5295	22
5296	22
5297	22
5298	22
5299	13
5300	21
5301	27
5302	22
5303	16
5304	22
5305	25
5306	15
5307	23
5308	12
5309	32
5310	35
5311	17
5312	28
5313	15
5314	22
5315	23
5316	14
5317	24
5318	16
5319	25
5320	18
5321	28
5322	26
5323	23
5324	20
5325	25
5326	27
5327	18
5328	21
5329	28
5330	21
5331	30
5332	29
5333	33
5334	26
5335	26
5336	26
5337	34
5338	25
5339	15
5340	18
5341	29
5342	28
5343	25
5344	16
5345	16
5346	27
5347	24
5348	24
5349	26
5350	20
5351	16
5352	21
5353	20
5354	25
5355	30
5356	22
5357	24
5358	25
5359	33
5360	31
5361	27
5362	13
5363	27
5364	18
5365	18
5366	21
5367	18
5368	25
5369	24
5370	20
5371	30
5372	22
5373	26
5374	23
5375	18
5376	23
5377	22
5378	13
5379	19
5380	27
5381	13
5382	30
5383	24
5384	22
5385	13
5386	20
5387	24
5388	23
5389	21
5390	13
5391	19
5392	22
5393	26
5394	25
5395	28
5396	20
5397	19
5398	18
5399	31
5400	23
5401	22
5402	27
5403	15
5404	30
5405	21
5406	20
5407	33
5408	17
5409	26
5410	32
5411	16
5412	31
5413	21
5414	17
5415	24
5416	21
5417	21
5418	26
5419	20
5420	24
5421	20
5422	19
5423	16
5424	31
5425	22
5426	20
5427	27
5428	19
5429	27
5430	23
5431	24
5432	26
5433	15
5434	18
5435	22
5436	19
5437	23
5438	28
5439	22
5440	22
5441	18
5442	22
5443	27
5444	20
5445	21
5446	23
5447	22
5448	22
5449	25
5450	29
5451	14
5452	18
5453	26
5454	18
5455	18
5456	14
5457	17
5458	14
5459	24
5460	15
5461	24
5462	26
5463	26
5464	17
5465	25
5466	26
5467	17
5468	23
5469	33
5470	25
5471	19
5472	32
5473	28
5474	15
5475	24
5476	16
5477	22
5478	22
5479	26
5480	21
5481	22
5482	26
5483	24
5484	17
5485	19
5486	30
5487	21
5488	25
5489	25
5490	17
5491	20
5492	25
5493	32
5494	20
5495	25
5496	22
5497	17
5498	23
5499	20
5500	25
5501	18
5502	36
5503	20
5504	20
5505	30
5506	27
5507	15
5508	22
5509	20
5510	28
5511	16
5512	23
5513	21
5514	28
5515	14
5516	29
5517	24
5518	22
5519	21
5520	25
5521	25
5522	27
5523	32
5524	25
5525	27
5526	22
5527	23
5528	22
5529	23
5530	24
5531	23
5532	19
5533	20
5534	26
5535	19
5536	23
5537	21
5538	26
5539	17
5540	40
5541	19
5542	26
5543	24
5544	26
5545	22
5546	23
5547	21
5548	22
5549	25
5550	12
5551	30
5552	28
5553	21
5554	11
5555	20
5556	22
5557	23
5558	25
5559	25
5560	24
5561	15
5562	15
5563	19
5564	13
5565	23
5566	27
5567	20
5568	21
5569	19
5570	20
5571	23
5572	26
5573	21
5574	21
5575	22
5576	17
5577	27
5578	27
5579	26
5580	21
5581	13
5582	22
5583	28
5584	19
5585	24
5586	24
5587	32
5588	18
5589	23
5590	18
5591	26
5592	24
5593	17
5594	27
5595	31
5596	31
5597	18
5598	25
5599	28
5600	19
5601	16
5602	17
5603	26
5604	26
5605	23
5606	20
5607	32
5608	28
5609	22
5610	20
5611	22
5612	19
5613	29
5614	28
5615	17
5616	21
5617	20
5618	20
5619	21
5620	25
5621	22
5622	31
5623	20
5624	26
5625	23
5626	16
5627	23
5628	18
5629	25
5630	23
5631	26
5632	36
5633	13
5634	16
5635	26
5636	25
5637	27
5638	21
5639	20
5640	28
5641	30
5642	17
5643	24
5644	19
5645	26
5646	22
5647	26
5648	17
5649	23
5650	20
5651	21
5652	27
5653	25
5654	17
5655	29
5656	20
5657	29
5658	13
5659	18
5660	21
5661	21
5662	22
5663	23
5664	19
5665	22
5666	25
5667	36
5668	32
5669	21
5670	22
5671	22
5672	28
5673	20
5674	25
5675	23
5676	16
5677	28
5678	18
5679	23
5680	27
5681	20
5682	20
5683	18
5684	22
5685	26
5686	19
5687	24
5688	20
5689	24
5690	24
5691	21
5692	25
5693	31
5694	23
5695	30
5696	17
5697	25
5698	25
5699	25
5700	29
5701	23
5702	25
5703	16
5704	22
5705	25
5706	21
5707	19
5708	24
5709	25
5710	19
5711	21
5712	23
5713	23
5714	27
5715	24
5716	19
5717	19
5718	23
5719	20
5720	18
5721	23
5722	27
5723	23
5724	24
5725	23
5726	24
5727	17
5728	23
5729	31
5730	29
5731	28
5732	24
5733	30
5734	22
5735	18
5736	17
5737	21
5738	21
5739	27
5740	29
5741	14
5742	19
5743	28
5744	36
5745	15
5746	25
5747	17
5748	26
5749	25
5750	26
5751	22
5752	18
5753	24
5754	27
5755	26
5756	19
5757	19
5758	22
5759	19
5760	28
5761	23
5762	15
5763	16
5764	18
5765	27
5766	21
5767	24
5768	24
5769	15
5770	26
5771	26
5772	26
5773	19
5774	31
5775	14
5776	25
5777	30
5778	17
5779	21
5780	20
5781	30
5782	25
5783	16
5784	20
5785	20
5786	22
5787	24
5788	27
5789	26
5790	26
5791	12
5792	22
5793	28
5794	23
5795	16
5796	22
5797	30
5798	29
5799	26
5800	24
5801	18
5802	23
5803	33
5804	16
5805	25
5806	26
5807	21
5808	19
5809	21
5810	24
5811	24
5812	25
5813	20
5814	25
5815	22
5816	20
5817	29
5818	27
5819	25
5820	15
5821	28
5822	24
5823	33
5824	22
5825	19
5826	28
5827	17
5828	23
5829	26
5830	27
5831	31
5832	19
5833	25
5834	20
5835	25
5836	21
5837	18
5838	20
5839	24
5840	25
5841	31
5842	19
5843	25
5844	25
5845	23
5846	23
5847	23
5848	22
5849	23
5850	26
5851	26
5852	18
5853	28
5854	25
5855	30
5856	38
5857	23
5858	22
5859	23
5860	18
5861	26
5862	21
5863	33
5864	29
5865	19
5866	21
5867	32
5868	24
5869	20
5870	26
5871	22
5872	29
5873	25
5874	22
5875	28
5876	27
5877	17
5878	30
5879	23
5880	16
5881	37
5882	26
5883	33
5884	27
5885	21
5886	18
5887	17
5888	19
5889	29
5890	29
5891	19
5892	29
5893	22
5894	32
5895	27
5896	17
5897	25
5898	29
5899	25
5900	17
5901	26
5902	22
5903	24
5904	22
5905	20
5906	24
5907	32
5908	28
5909	19
5910	31
5911	26
5912	20
5913	23
5914	24
5915	19
5916	37
5917	26
5918	27
5919	17
5920	26
5921	21
5922	21
5923	29
5924	24
5925	21
5926	23
5927	21
5928	31
5929	26
5930	21
5931	18
5932	22
5933	16
5934	24
5935	22
5936	22
5937	31
5938	24
5939	26
5940	25
5941	30
5942	26
5943	27
5944	29
5945	27
5946	23
5947	21
5948	25
5949	29
5950	35
5951	23
5952	29
5953	22
5954	19
5955	18
5956	16
5957	33
5958	32
5959	19
5960	24
5961	25
5962	22
5963	26
5964	27
5965	20
5966	26
5967	34
5968	26
5969	24
5970	26
5971	29
5972	20
5973	25
5974	21
5975	20
5976	34
5977	27
5978	26
5979	27
5980	33
5981	20
5982	25
5983	28
5984	22
5985	21
5986	16
5987	19
5988	28
5989	33
5990	22
5991	29
5992	23
5993	22
5994	27
5995	21
5996	31
5997	23
5998	28
5999	24
6000	26
6001	23
6002	19
6003	28
6004	33
6005	23
6006	17
6007	20
6008	23
6009	29
6010	27
6011	21
6012	22
6013	19
6014	28
6015	24
6016	21
6017	26
6018	30
6019	27
6020	17
6021	23
6022	19
6023	25
6024	26
6025	27
6026	17
6027	29
6028	24
6029	29
6030	33
6031	30
6032	23
6033	26
6034	24
6035	17
6036	35
6037	18
6038	26
6039	25
6040	31
6041	31
6042	18
6043	26
6044	24
6045	27
6046	22
6047	28
6048	29
6049	21
6050	32
6051	24
6052	20
6053	37
6054	21
6055	23
6056	20
6057	32
6058	21
6059	20
6060	33
6061	20
6062	18
6063	23
6064	30
6065	27
6066	17
6067	17
6068	31
6069	30
6070	26
6071	23
6072	30
6073	20
6074	25
6075	15
6076	20
6077	23
6078	32
6079	25
6080	25
6081	19
6082	18
6083	23
6084	33
6085	14
6086	26
6087	26
6088	22
6089	21
6090	19
6091	17
6092	24
6093	22
6094	23
6095	21
6096	27
6097	25
6098	31
6099	24
6100	31
6101	31
6102	21
6103	27
6104	25
6105	27
6106	29
6107	34
6108	22
6109	21
6110	23
6111	23
6112	15
6113	18
6114	28
6115	25
6116	21
6117	22
6118	30
6119	25
6120	20
6121	24
6122	20
6123	24
6124	16
6125	24
6126	28
6127	18
6128	29
6129	23
6130	28
6131	22
6132	31
6133	19
6134	27
6135	26
6136	17
6137	22
6138	19
6139	29
6140	26
6141	17
6142	26
6143	25
6144	23
6145	28
6146	28
6147	26
6148	27
6149	26
6150	18
6151	25
6152	18
6153	22
6154	15
6155	23
6156	21
6157	21
6158	28
6159	26
6160	24
6161	24
6162	20
6163	27
6164	47
6165	14
6166	17
6167	33
6168	43
6169	11
6170	20
6171	28
6172	12
6173	23
6174	19
6175	21
6176	22
6177	19
6178	28
6179	30
6180	25
6181	25
6182	25
6183	25
6184	18
6185	25
6186	33
6187	32
6188	25
6189	25
6190	30
6191	24
6192	11
6193	27
6194	16
6195	20
6196	22
6197	19
6198	22
6199	23
6200	27
6201	26
6202	21
6203	18
6204	16
6205	18
6206	20
6207	17
6208	25
6209	21
6210	18
6211	24
6212	24
6213	25
6214	24
6215	20
6216	23
6217	17
6218	14
6219	34
6220	25
6221	20
6222	18
6223	22
6224	21
6225	23
6226	20
6227	15
6228	27
6229	16
6230	31
6231	21
6232	27
6233	22
6234	17
6235	23
6236	21
6237	17
6238	23
6239	21
6240	14
6241	23
6242	26
6243	17
6244	22
6245	23
6246	23
6247	13
6248	17
6249	21
6250	16
6251	26
6252	20
6253	17
6254	20
6255	24
6256	18
6257	22
6258	27
6259	25
6260	19
6261	16
6262	18
6263	27
6264	21
6265	15
6266	14
6267	17
6268	18
6269	15
6270	18
6271	15
6272	17
6273	20
6274	37
6275	22
6276	17
6277	14
6278	12
6279	18
6280	26
6281	17
6282	20
6283	20
6284	27
6285	32
6286	28
6287	20
6288	13
6289	20
6290	22
6291	18
6292	16
6293	14
6294	19
6295	28
6296	24
6297	21
6298	15
6299	14
6300	15
6301	25
6302	23
6303	19
6304	23
6305	19
6306	22
6307	14
6308	14
6309	16
6310	19
6311	28
6312	10
6313	20
6314	17
6315	20
6316	14
6317	14
6318	14
6319	19
6320	22
6321	20
6322	16
6323	15
6324	21
6325	16
6326	19
6327	20
6328	23
6329	17
6330	14
6331	15
6332	15
6333	14
6334	17
6335	20
6336	21
6337	25
6338	24
6339	28
6340	16
6341	14
6342	19
6343	15
6344	20
6345	20
6346	18
6347	16
6348	17
6349	17
6350	22
6351	20
6352	18
6353	7
6354	21
6355	17
6356	18
6357	16
6358	17
6359	21
6360	16
6361	26
6362	20
6363	14
6364	11
6365	18
6366	20
6367	25
6368	11
6369	16
6370	16
6371	15
6372	14
6373	12
6374	30
6375	25
6376	17
6377	18
6378	16
6379	16
6380	7
6381	22
6382	20
6383	21
6384	14
6385	20
6386	11
6387	15
6388	17
6389	20
6390	15
6391	25
6392	12
6393	15
6394	25
6395	15
6396	16
6397	25
6398	21
6399	14
6400	19
6401	18
6402	13
6403	18
6404	18
6405	11
6406	19
6407	19
6408	17
6409	15
6410	15
6411	16
6412	17
6413	21
6414	15
6415	18
6416	19
6417	15
6418	16
6419	16
6420	13
6421	16
6422	12
6423	22
6424	26
6425	10
6426	14
6427	19
6428	10
6429	17
6430	19
6431	11
6432	12
6433	15
6434	10
6435	23
6436	13
6437	19
6438	15
6439	10
6440	16
6441	19
6442	9
6443	17
6444	15
6445	13
6446	15
6447	17
6448	10
6449	16
6450	15
6451	16
6452	10
6453	13
6454	12
6455	12
6456	13
6457	19
6458	17
6459	13
6460	11
6461	20
6462	17
6463	11
6464	13
6465	9
6466	13
6467	13
6468	16
6469	14
6470	16
6471	17
6472	14
6473	13
6474	10
6475	19
6476	13
6477	12
6478	13
6479	9
6480	17
6481	7
6482	15
6483	12
6484	13
6485	17
6486	19
6487	11
6488	10
6489	16
6490	15
6491	13
6492	14
6493	17
6494	18
6495	16
6496	9
6497	10
6498	17
6499	23
6500	15
6501	23
6502	16
6503	13
6504	11
6505	6
6506	13
6507	15
6508	14
6509	15
6510	12
6511	12
6512	16
6513	15
6514	10
6515	10
6516	16
6517	21
6518	14
6519	14
6520	13
6521	7
6522	12
6523	12
6524	16
6525	9
6526	12
6527	18
6528	21
6529	16
6530	14
6531	7
6532	18
6533	7
6534	7
6535	15
6536	10
6537	16
6538	7
6539	14
6540	10
6541	8
6542	10
6543	6
6544	11
6545	10
6546	17
6547	12
6548	11
6549	10
6550	20
6551	17
6552	18
6553	6
6554	12
6555	14
6556	15
6557	15
6558	6
6559	11
6560	10
6561	13
6562	12
6563	10
6564	8
6565	5
6566	14
6567	17
6568	14
6569	11
6570	11
6571	20
6572	12
6573	12
6574	13
6575	13
6576	18
6577	16
6578	13
6579	13
6580	18
6581	17
6582	9
6583	12
6584	14
6585	15
6586	9
6587	7
6588	19
6589	12
6590	14
6591	13
6592	5
6593	9
6594	13
6595	10
6596	14
6597	10
6598	15
6599	12
6600	10
6601	14
6602	11
6603	14
6604	15
6605	11
6606	12
6607	4
6608	8
6609	11
6610	16
6611	18
6612	13
6613	9
6614	6
6615	14
6616	8
6617	13
6618	13
6619	20
6620	13
6621	13
6622	14
6623	12
6624	11
6625	15
6626	13
6627	15
6628	8
6629	20
6630	10
6631	8
6632	14
6633	9
6634	7
6635	8
6636	13
6637	14
6638	20
6639	7
6640	16
6641	15
6642	17
6643	2
6644	4
6645	11
6646	16
6647	7
6648	14
6649	16
6650	11
6651	9
6652	16
6653	14
6654	15
6655	11
6656	14
6657	9
6658	7
6659	12
6660	10
6661	13
6662	13
6663	18
6664	6
6665	11
6666	6
6667	8
6668	9
6669	10
6670	10
6671	11
6672	16
6673	9
6674	10
6675	12
6676	13
6677	15
6678	12
6679	12
6680	9
6681	12
6682	7
6683	14
6684	10
6685	10
6686	17
6687	9
6688	10
6689	10
6690	13
6691	6
6692	11
6693	12
6694	9
6695	7
6696	13
6697	5
6698	10
6699	7
6700	7
6701	14
6702	10
6703	10
6704	11
6705	9
6706	8
6707	10
6708	10
6709	10
6710	13
6711	6
6712	7
6713	13
6714	9
6715	8
6716	12
6717	6
6718	15
6719	11
6720	14
6721	13
6722	11
6723	12
6724	16
6725	12
6726	10
6727	19
6728	4
6729	10
6730	13
6731	5
6732	10
6733	8
6734	12
6735	9
6736	12
6737	8
6738	8
6739	16
6740	9
6741	12
6742	9
6743	7
6744	13
6745	17
6746	10
6747	10
6748	10
6749	14
6750	8
6751	9
6752	6
6753	14
6754	9
6755	11
6756	13
6757	10
6758	8
6759	13
6760	9
6761	14
6762	11
6763	10
6764	9
6765	10
6766	10
6767	9
6768	10
6769	8
6770	13
6771	5
6772	11
6773	8
6774	14
6775	10
6776	8
6777	7
6778	10
6779	6
6780	12
6781	8
6782	8
6783	7
6784	13
6785	12
6786	6
6787	9
6788	18
6789	10
6790	6
6791	14
6792	14
6793	9
6794	17
6795	10
6796	8
6797	5
6798	12
6799	8
6800	10
6801	8
6802	9
6803	15
6804	5
6805	8
6806	8
6807	5
6808	6
6809	11
6810	8
6811	4
6812	9
6813	9
6814	6
6815	6
6816	10
6817	7
6818	16
6819	11
6820	9
6821	6
6822	5
6823	15
6824	11
6825	14
6826	7
6827	8
6828	8
6829	9
6830	6
6831	13
6832	8
6833	7
6834	6
6835	9
6836	6
6837	5
6838	16
6839	8
6840	9
6841	9
6842	8
6843	10
6844	7
6845	6
6846	11
6847	13
6848	8
6849	12
6850	11
6851	10
6852	8
6853	11
6854	8
6855	7
6856	8
6857	10
6858	7
6859	11
6860	13
6861	9
6862	9
6863	3
6864	11
6865	5
6866	4
6867	9
6868	9
6869	12
6870	8
6871	6
6872	10
6873	7
6874	6
6875	7
6876	8
6877	6
6878	11
6879	7
6880	7
6881	12
6882	6
6883	7
6884	8
6885	6
6886	9
6887	5
6888	11
6889	6
6890	4
6891	7
6892	8
6893	9
6894	11
6895	11
6896	13
6897	4
6898	13
6899	9
6900	7
6901	6
6902	12
6903	6
6904	8
6905	10
6906	12
6907	11
6908	12
6909	12
6910	10
6911	5
6912	10
6913	8
6914	9
6915	10
6916	8
6917	9
6918	8
6919	11
6920	3
6921	5
6922	5
6923	8
6924	11
6925	12
6926	9
6927	12
6928	7
6929	9
6930	5
6931	8
6932	7
6933	6
6934	12
6935	8
6936	5
6937	10
6938	4
6939	14
6940	10
6941	12
6942	13
6943	4
6944	7
6945	8
6946	10
6947	3
6948	8
6949	5
6950	5
6951	6
6952	10
6953	11
6954	4
6955	8
6956	8
6957	7
6958	14
6959	4
6960	11
6961	7
6962	16
6963	10
6964	12
6965	7
6966	13
6967	11
6968	5
6969	1
6970	3
6971	0
6972	0
6973	0
6974	0
6975	0
6976	0
6977	0
6978	0
6979	0
6980	0
6981	0
6982	0
6983	0
6984	0
6985	0
6986	1
6987	0
6988	0
6989	1
6990	0
6991	0
6992	0
6993	1
6994	0
6995	0
6996	0
6997	0
6998	0
6999	0
7000	0
7001	0
7002	0
7003	0
7004	0
7005	0
7006	0
7007	0
7008	0
7009	0
7010	0
7011	0
7012	1
7013	0
7014	0
7015	0
7016	0
7017	0
7018	0
7019	0
7020	0
7021	0
7022	0
7023	0
7024	0
7025	0
7026	0
7027	0
7028	0
7029	0
7030	0
7031	0
7032	0
7033	0
7034	0
7035	0
7036	0
7037	0
7038	0
7039	0
7040	0
7041	0
7042	0
7043	0
7044	0
7045	0
7046	0
7047	0
7048	0
7049	0
7050	0
7051	0
7052	0
7053	0
7054	0
7055	0
7056	0
7057	0
7058	0
7059	0
7060	0
7061	0
7062	0
7063	0
7064	0
7065	0
7066	0
7067	0
7068	0
7069	0
7070	0
7071	0
7072	0
7073	0
7074	0
7075	0
7076	0
7077	0
7078	0
7079	0
7080	0
7081	0
7082	0
7083	0
7084	0
7085	0
7086	0
7087	0
7088	0
7089	0
7090	0
7091	0
7092	0
7093	0
7094	0
7095	0
7096	0
7097	0
7098	0
7099	0
7100	1
7101	0
7102	0
7103	0
7104	0
7105	0
7106	0
7107	0
7108	0
7109	0
7110	0
7111	0
7112	0
7113	0
7114	0
7115	0
7116	0
7117	0
7118	0
7119	0
7120	0
7121	0
7122	0
7123	0
7124	0
7125	0
7126	0
7127	0
7128	0
7129	0
7130	0
7131	0
7132	0
7133	0
7134	0
7135	0
7136	0
7137	0
7138	0
7139	0
7140	0
7141	0
7142	0
7143	0
7144	0
7145	0
7146	0
7147	0
7148	0
7149	0
7150	0
7151	0
7152	0
7153	0
7154	0
7155	0
7156	0
7157	0
7158	0
7159	0
7160	0
7161	0
7162	0
7163	0
7164	0
7165	0
7166	0
7167	0
7168	0
7169	0
7170	0
7171	0
7172	0
7173	0
7174	0
7175	0
7176	0
7177	0
7178	0
7179	0
7180	0
7181	0
7182	0
7183	0
7184	0
7185	0
7186	0
7187	0
7188	0
7189	0
7190	0
7191	0
7192	0
7193	0
7194	0
7195	0
7196	0
7197	0
7198	0
7199	0
7200	0
7201	0
7202	0
7203	0
7204	0
7205	0
7206	0
7207	0
7208	0
7209	0
7210	0
7211	0
7212	0
7213	0
7214	0
7215	0
7216	0
7217	0
7218	0
7219	0
7220	0
7221	0
7222	0
7223	0
7224	0
7225	0
7226	0
7227	0
7228	0
7229	0
7230	0
7231	0
7232	0
7233	0
7234	0
7235	0
7236	0
7237	0
7238	0
7239	0
7240	0
7241	0
7242	0
7243	0
7244	0
7245	0
7246	0
7247	0
7248	0
7249	0
7250	0
7251	0
7252	0
7253	0
7254	0
7255	0
7256	0
7257	0
7258	0
7259	0
7260	0
7261	0
7262	0
7263	0
7264	0
7265	0
7266	0
7267	0
7268	0
7269	0
7270	0
7271	0
7272	0
7273	0
7274	0
7275	0
7276	0
7277	0
7278	0
7279	0
7280	0
7281	0
7282	0
7283	0
7284	0
7285	0
7286	0
7287	0
7288	0
7289	0
7290	0
7291	0
7292	0
7293	0
7294	0
7295	0
7296	0
7297	0
7298	0
7299	0
7300	0
7301	0
7302	0
7303	0
7304	0
7305	0
7306	0
7307	0
7308	0
7309	0
7310	0
7311	0
7312	0
7313	0
7314	0
7315	0
7316	0
7317	0
7318	0
7319	0
7320	0
7321	0
7322	0
7323	0
7324	0
7325	0
7326	0
7327	0
7328	0
7329	0
7330	0
7331	0
7332	0
7333	0
7334	0
7335	0
7336	0
7337	0
7338	0
7339	0
7340	0
7341	0
7342	0
7343	0
7344	0
7345	0
7346	0
7347	0
7348	0
7349	0
7350	0
7351	0
7352	0
7353	0
7354	0
7355	0
7356	0
7357	0
7358	0
7359	0
7360	0
7361	0
7362	0
7363	0
7364	0
7365	0
7366	0
7367	0
7368	0
7369	0
7370	0
7371	0
7372	0
7373	0
7374	0
7375	0
7376	0
7377	0
7378	0
7379	0
7380	0
7381	0
7382	0
7383	0
7384	0
7385	0
7386	0
7387	0
7388	0
7389	0
7390	0
7391	0
7392	0
7393	0
7394	0
7395	0
7396	0
7397	0
7398	0
7399	0
7400	0
7401	0
7402	0
7403	0
7404	0
7405	0
7406	0
7407	0
7408	0
7409	0
7410	0
7411	0
7412	0
7413	0
7414	0
7415	0
7416	0
7417	0
7418	0
7419	0
7420	0
7421	0
7422	0
7423	0
7424	0
7425	0
7426	0
7427	0
7428	0
7429	0
7430	0
7431	0
7432	0
7433	0
7434	0
7435	0
7436	0
7437	0
7438	0
7439	0
7440	0
7441	0
7442	0
7443	0
7444	0
7445	0
7446	0
7447	0
7448	0
7449	0
7450	0
7451	0
7452	0
7453	0
7454	0
7455	0
7456	0
7457	0
7458	0
7459	0
7460	0
7461	0
7462	0
7463	0
7464	0
7465	0
7466	0
7467	0
7468	0
7469	0
7470	0
7471	0
7472	0
7473	0
7474	0
7475	0
7476	0
7477	0
7478	0
7479	0
7480	0
7481	0
7482	0
7483	0
7484	0
7485	0
7486	0
7487	0
7488	0
7489	0
7490	0
7491	0
7492	0
7493	0
7494	0
7495	0
7496	0
7497	0
7498	0
7499	0
7500	0
7501	0
7502	0
7503	0
7504	0
7505	0
7506	0
7507	0
7508	0
7509	0
7510	0
7511	0
7512	0
7513	0
7514	0
7515	0
7516	0
7517	0
7518	0
7519	0
7520	0
7521	0
7522	0
7523	0
7524	0
7525	0
7526	0
7527	0
7528	0
7529	0
7530	0
7531	0
7532	0
7533	0
7534	0
7535	0
7536	0
7537	0
7538	0
7539	0
7540	0
7541	0
7542	0
7543	0
7544	0
7545	0
7546	0
7547	0
7548	0
7549	0
7550	0
7551	0
7552	0
7553	0
7554	0
7555	0
7556	0
7557	0
7558	0
7559	0
7560	0
7561	0
7562	0
7563	0
7564	0
7565	0
7566	0
7567	0
7568	0
7569	0
7570	0
7571	0
7572	0
7573	0
7574	0
7575	0
7576	0
7577	0
7578	0
7579	0
7580	0
7581	0
7582	0
7583	0
7584	0
7585	0
7586	0
7587	0
7588	0
7589	0
7590	0
7591	0
7592	0
7593	0
7594	0
7595	0
7596	0
7597	0
7598	0
7599	0
7600	0
7601	0
7602	0
7603	0
7604	0
7605	0
7606	0
7607	0
7608	0
7609	0
7610	0
7611	0
7612	0
7613	0
7614	0
7615	0
7616	0
7617	0
7618	0
7619	0
7620	0
7621	0
7622	0
7623	0
7624	0
7625	0
7626	0
7627	0
7628	0
7629	0
7630	0
7631	0
7632	0
7633	0
7634	0
7635	0
7636	0
7637	0
7638	0
7639	0
7640	0
7641	0
7642	0
7643	0
7644	0
7645	0
7646	0
7647	0
7648	0
7649	0
7650	0
7651	0
7652	0
7653	0
7654	0
7655	0
7656	0
7657	0
7658	0
7659	0
7660	0
7661	0
7662	0
7663	0
7664	0
7665	0
7666	0
7667	0
7668	0
7669	0
7670	0
7671	0
7672	0
7673	0
7674	0
7675	0
7676	0
7677	0
7678	0
7679	0
7680	0
7681	0
7682	0
7683	0
7684	0
7685	0
7686	0
7687	0
7688	0
7689	0
7690	0
7691	0
7692	0
7693	0
7694	0
7695	0
7696	0
7697	0
7698	0
7699	0
7700	0
7701	0
7702	0
7703	0
7704	0
7705	0
7706	0
7707	0
7708	0
7709	0
7710	0
7711	0
7712	0
7713	0
7714	0
7715	0
7716	0
7717	0
7718	0
7719	0
7720	0
7721	0
7722	0
7723	0
7724	0
7725	0
7726	0
7727	0
7728	0
7729	0
7730	0
7731	0
7732	0
7733	0
7734	0
7735	0
7736	0
7737	0
7738	0
7739	0
7740	0
7741	0
7742	0
7743	0
7744	0
7745	0
7746	0
7747	0
7748	0
7749	0
7750	0
7751	0
7752	0
7753	0
7754	0
7755	0
7756	0
7757	0
7758	0
7759	0
7760	0
7761	0
7762	0
7763	0
7764	0
7765	0
7766	0
7767	0
7768	0
7769	0
7770	0
7771	0
7772	0
7773	0
7774	0
7775	0
7776	0
7777	0
7778	0
7779	0
7780	0
7781	0
7782	0
7783	0
7784	0
7785	0
7786	0
7787	0
7788	0
7789	0
7790	0
7791	0
7792	0
7793	0
7794	0
7795	0
7796	0
7797	0
7798	0
7799	0
7800	0
7801	0
7802	0
7803	0
7804	0
7805	0
7806	0
7807	0
7808	0
7809	0
7810	0
7811	0
7812	0
7813	0
7814	0
7815	0
7816	0
7817	0
7818	0
7819	0
7820	0
7821	0
7822	0
7823	0
7824	0
7825	0
7826	0
7827	0
7828	0
7829	0
7830	0
7831	0
7832	0
7833	0
7834	0
7835	0
7836	0
7837	0
7838	0
7839	0
7840	0
7841	0
7842	0
7843	0
7844	0
7845	0
7846	0
7847	0
7848	0
7849	0
7850	0
7851	0
7852	0
7853	0
7854	0
7855	0
7856	0
7857	0
7858	0
7859	0
7860	0
7861	0
7862	0
7863	0
7864	0
7865	0
7866	0
7867	0
7868	0
7869	0
7870	0
7871	0
7872	0
7873	0
7874	0
7875	0
7876	0
7877	0
7878	0
7879	0
7880	0
7881	0
7882	0
7883	0
7884	0
7885	0
7886	0
7887	0
7888	0
7889	0
7890	0
7891	0
7892	0
7893	0
7894	0
7895	0
7896	0
7897	0
7898	0
7899	0
7900	0
7901	0
7902	0
7903	0
7904	0
7905	0
7906	0
7907	0
7908	0
7909	0
7910	0
7911	0
7912	0
7913	0
7914	0
7915	0
7916	0
7917	0
7918	0
7919	0
7920	0
7921	0
7922	0
7923	0
7924	0
7925	0
7926	0
7927	0
7928	0
7929	0
7930	0
7931	0
7932	0
7933	0
7934	0
7935	0
7936	0
7937	0
7938	0
7939	0
7940	0
7941	0
7942	0
7943	0
7944	0
7945	0
7946	0
7947	0
7948	0
7949	0
7950	0
7951	0
7952	0
7953	0
7954	0
7955	0
7956	0
7957	0
7958	0
7959	0
7960	0
7961	0
7962	0
7963	0
7964	0
7965	0
7966	0
7967	0
7968	0
7969	0
7970	0
7971	0
7972	0
7973	0
7974	0
7975	0
7976	0
7977	0
7978	0
7979	0
7980	0
7981	0
7982	0
7983	0
7984	0
7985	0
7986	0
7987	0
7988	0
7989	0
7990	0
7991	0
7992	0
7993	0
7994	0
7995	0
7996	0
7997	0
7998	0
7999	0
8000	0
8001	0
8002	0
8003	0
8004	0
8005	0
8006	0
8007	0
8008	0
8009	0
8010	0
8011	0
8012	0
8013	0
8014	0
8015	0
8016	0
8017	0
8018	0
8019	0
8020	0
8021	0
8022	0
8023	0
8024	0
8025	0
8026	0
8027	0
8028	0
8029	0
8030	0
8031	0
8032	0
8033	0
8034	0
8035	0
8036	0
8037	0
8038	0
8039	0
8040	0
8041	0
8042	0
8043	0
8044	0
8045	0
8046	0
8047	0
8048	0
8049	0
8050	0
8051	0
8052	0
8053	0
8054	0
8055	0
8056	0
8057	0
8058	0
8059	0
8060	0
8061	0
8062	0
8063	0
8064	0
8065	0
8066	0
8067	0
8068	0
8069	0
8070	0
8071	0
8072	0
8073	0
8074	0
8075	0
8076	0
8077	0
8078	0
8079	0
8080	0
8081	0
8082	0
8083	0
8084	0
8085	0
8086	0
8087	0
8088	0
8089	0
8090	0
8091	0
8092	0
8093	0
8094	0
8095	0
8096	0
8097	0
8098	0
8099	0
8100	0
8101	0
8102	0
8103	0
8104	0
8105	0
8106	0
8107	0
8108	0
8109	0
8110	0
8111	0
8112	0
8113	0
8114	0
8115	0
8116	0
8117	0
8118	0
8119	0
8120	0
8121	0
8122	0
8123	0
8124	0
8125	0
8126	0
8127	0
8128	0
8129	0
8130	0
8131	0
8132	0
8133	0
8134	0
8135	0
8136	0
8137	0
8138	0
8139	0
8140	0
8141	0
8142	0
8143	0
8144	0
8145	0
8146	0
8147	0
8148	0
8149	0
8150	0
8151	0
8152	0
8153	0
8154	0
8155	0
8156	0
8157	0
8158	0
8159	0
8160	0
8161	0
8162	0
8163	0
8164	0
8165	0
8166	0
8167	0
8168	0
8169	0
8170	0
8171	0
8172	0
8173	0
8174	0
8175	0
8176	0
8177	0
8178	0
8179	0
8180	0
8181	0
8182	0
8183	0
8184	0
8185	0
8186	0
8187	0
8188	0
8189	0
8190	0
8191	0
