0	0
1	0
2	0
3	0
4	0
5	0
6	0
7	0
8	0
9	0
10	0
11	0
12	0
13	0
14	0
15	0
16	0
17	0
18	0
19	0
20	0
21	0
22	0
23	0
24	0
25	0
26	0
27	0
28	0
29	0
30	0
31	0
32	0
33	0
34	0
35	0
36	0
37	0
38	0
39	0
40	0
41	0
42	0
43	0
44	0
45	0
46	0
47	0
48	0
49	0
50	0
51	0
52	0
53	0
54	0
55	0
56	0
57	0
58	0
59	0
60	0
61	0
62	0
63	0
64	0
65	0
66	0
67	0
68	0
69	0
70	0
71	0
72	0
73	0
74	0
75	0
76	0
77	0
78	0
79	0
80	0
81	0
82	0
83	0
84	0
85	0
86	0
87	0
88	0
89	0
90	0
91	0
92	0
93	0
94	0
95	0
96	0
97	0
98	0
99	0
100	0
101	0
102	0
103	0
104	0
105	0
106	0
107	0
108	0
109	0
110	0
111	0
112	0
113	0
114	0
115	0
116	0
117	0
118	0
119	0
120	0
121	0
122	0
123	0
124	0
125	0
126	0
127	0
128	0
129	0
130	0
131	0
132	0
133	0
134	1
135	0
136	0
137	0
138	0
139	0
140	0
141	0
142	0
143	0
144	1
145	0
146	1
147	0
148	1
149	0
150	0
151	0
152	0
153	0
154	0
155	0
156	0
157	0
158	0
159	0
160	0
161	0
162	0
163	0
164	0
165	0
166	0
167	0
168	0
169	0
170	0
171	0
172	0
173	0
174	0
175	0
176	0
177	0
178	0
179	0
180	0
181	0
182	0
183	0
184	0
185	0
186	0
187	0
188	0
189	0
190	1
191	0
192	0
193	0
194	0
195	0
196	0
197	0
198	0
199	0
200	0
201	0
202	0
203	1
204	0
205	0
206	0
207	0
208	3
209	19
210	44
211	43
212	48
213	47
214	43
215	50
216	68
217	52
218	57
219	45
220	49
221	41
222	61
223	51
224	45
225	50
226	44
227	55
228	53
229	46
230	49
231	38
232	50
233	43
234	42
235	60
236	60
237	51
238	52
239	61
240	58
241	52
242	51
243	52
244	64
245	60
246	58
247	52
248	38
249	45
250	60
251	44
252	49
253	44
254	62
255	49
256	46
257	50
258	70
259	52
260	60
261	38
262	55
263	67
264	50
265	52
266	58
267	47
268	66
269	63
270	48
271	45
272	63
273	63
274	41
275	52
276	54
277	54
278	63
279	45
280	40
281	58
282	49
283	41
284	51
285	50
286	54
287	61
288	53
289	64
290	45
291	52
292	59
293	49
294	46
295	41
296	46
297	51
298	63
299	47
300	43
301	50
302	43
303	60
304	54
305	51
306	34
307	49
308	49
309	42
310	53
311	49
312	59
313	54
314	52
315	57
316	44
317	59
318	49
319	54
320	64
321	50
322	41
323	47
324	44
325	56
326	65
327	53
328	59
329	58
330	53
331	64
332	67
333	47
334	53
335	44
336	58
337	45
338	49
339	65
340	51
341	50
342	55
343	53
344	49
345	50
346	63
347	53
348	60
349	58
350	46
351	43
352	59
353	44
354	54
355	56
356	65
357	41
358	51
359	53
360	66
361	55
362	39
363	60
364	34
365	41
366	56
367	50
368	68
369	49
370	55
371	57
372	65
373	55
374	59
375	50
376	49
377	62
378	54
379	53
380	29
381	56
382	61
383	46
384	60
385	52
386	46
387	54
388	48
389	74
390	55
391	52
392	62
393	58
394	60
395	47
396	47
397	49
398	49
399	57
400	54
401	50
402	61
403	60
404	63
405	41
406	71
407	50
408	58
409	73
410	46
411	52
412	45
413	50
414	53
415	46
416	55
417	39
418	47
419	55
420	63
421	52
422	66
423	56
424	58
425	66
426	51
427	52
428	47
429	64
430	64
431	55
432	46
433	52
434	58
435	48
436	45
437	49
438	61
439	69
440	43
441	43
442	56
443	55
444	54
445	62
446	40
447	45
448	63
449	51
450	59
451	54
452	50
453	57
454	50
455	49
456	60
457	57
458	48
459	57
460	41
461	61
462	40
463	53
464	46
465	57
466	46
467	54
468	53
469	47
470	56
471	58
472	47
473	58
474	64
475	59
476	58
477	67
478	58
479	56
480	50
481	62
482	59
483	64
484	54
485	50
486	53
487	68
488	67
489	58
490	59
491	61
492	52
493	58
494	53
495	60
496	50
497	50
498	63
499	54
500	42
501	47
502	56
503	70
504	55
505	38
506	51
507	62
508	48
509	49
510	50
511	47
512	53
513	54
514	48
515	53
516	59
517	51
518	60
519	40
520	61
521	49
522	52
523	42
524	57
525	49
526	52
527	47
528	59
529	52
530	54
531	51
532	52
533	56
534	53
535	52
536	49
537	48
538	50
539	53
540	46
541	69
542	60
543	47
544	57
545	52
546	57
547	70
548	48
549	55
550	53
551	56
552	47
553	57
554	59
555	57
556	56
557	60
558	59
559	46
560	50
561	59
562	40
563	53
564	53
565	66
566	50
567	50
568	45
569	49
570	63
571	47
572	56
573	48
574	64
575	48
576	53
577	63
578	60
579	53
580	36
581	62
582	48
583	54
584	55
585	52
586	57
587	56
588	59
589	59
590	54
591	44
592	63
593	61
594	55
595	70
596	41
597	68
598	55
599	61
600	42
601	49
602	55
603	67
604	45
605	42
606	62
607	44
608	58
609	54
610	51
611	63
612	61
613	54
614	57
615	50
616	48
617	51
618	58
619	67
620	45
621	52
622	45
623	56
624	64
625	64
626	55
627	51
628	51
629	50
630	48
631	56
632	56
633	56
634	43
635	65
636	57
637	64
638	54
639	64
640	52
641	54
642	59
643	71
644	55
645	52
646	66
647	73
648	51
649	57
650	45
651	52
652	66
653	58
654	61
655	57
656	54
657	62
658	55
659	64
660	62
661	58
662	63
663	61
664	49
665	55
666	70
667	46
668	48
669	44
670	50
671	63
672	51
673	51
674	69
675	60
676	52
677	69
678	55
679	55
680	76
681	61
682	43
683	53
684	62
685	66
686	60
687	54
688	47
689	59
690	59
691	59
692	47
693	60
694	57
695	47
696	46
697	67
698	62
699	60
700	53
701	41
702	58
703	58
704	57
705	48
706	45
707	54
708	52
709	59
710	49
711	60
712	43
713	59
714	65
715	51
716	52
717	53
718	53
719	66
720	60
721	49
722	50
723	58
724	56
725	67
726	57
727	63
728	58
729	42
730	57
731	54
732	42
733	55
734	63
735	57
736	54
737	51
738	62
739	60
740	57
741	58
742	49
743	52
744	74
745	55
746	44
747	52
748	56
749	63
750	59
751	61
752	61
753	60
754	55
755	69
756	53
757	59
758	44
759	55
760	42
761	57
762	56
763	53
764	65
765	55
766	63
767	68
768	57
769	65
770	49
771	66
772	60
773	48
774	59
775	60
776	56
777	60
778	70
779	56
780	66
781	55
782	54
783	69
784	58
785	71
786	58
787	57
788	59
789	63
790	65
791	50
792	53
793	48
794	46
795	62
796	60
797	67
798	48
799	38
800	70
801	66
802	56
803	57
804	62
805	66
806	66
807	51
808	65
809	61
810	52
811	58
812	75
813	48
814	54
815	58
816	61
817	59
818	53
819	56
820	68
821	61
822	62
823	54
824	60
825	56
826	70
827	63
828	69
829	74
830	66
831	64
832	59
833	64
834	62
835	63
836	51
837	53
838	71
839	59
840	67
841	66
842	59
843	56
844	66
845	48
846	64
847	61
848	64
849	55
850	56
851	50
852	60
853	57
854	58
855	61
856	65
857	61
858	56
859	53
860	60
861	42
862	66
863	65
864	63
865	67
866	63
867	42
868	66
869	58
870	58
871	72
872	58
873	58
874	65
875	64
876	57
877	46
878	61
879	58
880	66
881	69
882	73
883	62
884	48
885	74
886	64
887	62
888	49
889	54
890	67
891	64
892	79
893	70
894	73
895	48
896	60
897	58
898	61
899	63
900	61
901	62
902	55
903	56
904	61
905	55
906	73
907	80
908	71
909	67
910	66
911	66
912	70
913	71
914	61
915	73
916	64
917	63
918	66
919	54
920	49
921	78
922	65
923	67
924	65
925	68
926	61
927	78
928	62
929	55
930	64
931	65
932	68
933	70
934	54
935	63
936	62
937	62
938	60
939	64
940	70
941	59
942	47
943	72
944	62
945	56
946	72
947	73
948	58
949	79
950	72
951	87
952	55
953	68
954	62
955	65
956	76
957	79
958	54
959	59
960	57
961	84
962	76
963	55
964	63
965	74
966	64
967	49
968	55
969	61
970	50
971	60
972	70
973	60
974	65
975	70
976	70
977	56
978	66
979	74
980	74
981	67
982	63
983	61
984	76
985	49
986	61
987	62
988	59
989	75
990	63
991	61
992	67
993	64
994	67
995	53
996	71
997	59
998	59
999	65
1000	52
1001	67
1002	59
1003	53
1004	63
1005	63
1006	74
1007	64
1008	75
1009	62
1010	75
1011	60
1012	69
1013	72
1014	79
1015	56
1016	77
1017	74
1018	72
1019	64
1020	69
1021	71
1022	69
1023	60
1024	67
1025	67
1026	66
1027	67
1028	79
1029	79
1030	64
1031	65
1032	68
1033	69
1034	57
1035	56
1036	61
1037	71
1038	73
1039	70
1040	85
1041	65
1042	66
1043	65
1044	63
1045	61
1046	59
1047	56
1048	77
1049	81
1050	50
1051	75
1052	78
1053	58
1054	68
1055	67
1056	67
1057	79
1058	63
1059	70
1060	62
1061	58
1062	57
1063	70
1064	77
1065	69
1066	56
1067	68
1068	54
1069	83
1070	47
1071	66
1072	67
1073	71
1074	70
1075	60
1076	65
1077	61
1078	63
1079	74
1080	57
1081	63
1082	63
1083	57
1084	82
1085	61
1086	71
1087	51
1088	58
1089	79
1090	66
1091	66
1092	77
1093	78
1094	85
1095	70
1096	62
1097	73
1098	60
1099	64
1100	73
1101	77
1102	61
1103	75
1104	90
1105	58
1106	62
1107	67
1108	58
1109	63
1110	69
1111	61
1112	62
1113	72
1114	71
1115	76
1116	67
1117	63
1118	63
1119	48
1120	58
1121	58
1122	72
1123	62
1124	67
1125	66
1126	74
1127	61
1128	74
1129	66
1130	71
1131	68
1132	63
1133	62
1134	57
1135	56
1136	76
1137	59
1138	71
1139	73
1140	75
1141	71
1142	69
1143	65
1144	66
1145	78
1146	58
1147	63
1148	53
1149	63
1150	60
1151	54
1152	74
1153	71
1154	73
1155	67
1156	72
1157	65
1158	75
1159	63
1160	56
1161	75
1162	67
1163	70
1164	58
1165	76
1166	66
1167	62
1168	55
1169	79
1170	80
1171	64
1172	74
1173	69
1174	64
1175	55
1176	74
1177	67
1178	58
1179	77
1180	61
1181	79
1182	75
1183	76
1184	73
1185	66
1186	60
1187	71
1188	70
1189	62
1190	62
1191	56
1192	60
1193	66
1194	65
1195	56
1196	56
1197	68
1198	70
1199	69
1200	67
1201	67
1202	64
1203	64
1204	56
1205	63
1206	66
1207	62
1208	70
1209	59
1210	64
1211	74
1212	63
1213	65
1214	61
1215	63
1216	68
1217	72
1218	80
1219	57
1220	58
1221	50
1222	63
1223	65
1224	59
1225	57
1226	52
1227	50
1228	58
1229	49
1230	72
1231	57
1232	55
1233	61
1234	75
1235	70
1236	59
1237	58
1238	68
1239	53
1240	69
1241	65
1242	68
1243	63
1244	58
1245	73
1246	65
1247	53
1248	74
1249	69
1250	77
1251	68
1252	57
1253	65
1254	51
1255	53
1256	61
1257	69
1258	61
1259	77
1260	52
1261	56
1262	52
1263	60
1264	68
1265	73
1266	53
1267	73
1268	62
1269	63
1270	49
1271	78
1272	67
1273	58
1274	47
1275	68
1276	74
1277	72
1278	64
1279	59
1280	56
1281	66
1282	57
1283	76
1284	66
1285	57
1286	70
1287	58
1288	68
1289	68
1290	65
1291	78
1292	82
1293	71
1294	57
1295	43
1296	56
1297	61
1298	56
1299	57
1300	71
1301	71
1302	67
1303	70
1304	66
1305	60
1306	55
1307	67
1308	56
1309	66
1310	61
1311	70
1312	61
1313	51
1314	57
1315	68
1316	63
1317	63
1318	57
1319	71
1320	78
1321	63
1322	62
1323	82
1324	86
1325	74
1326	65
1327	58
1328	58
1329	57
1330	62
1331	75
1332	63
1333	64
1334	65
1335	77
1336	73
1337	73
1338	60
1339	72
1340	59
1341	56
1342	66
1343	69
1344	55
1345	65
1346	63
1347	60
1348	60
1349	63
1350	65
1351	67
1352	54
1353	54
1354	69
1355	73
1356	56
1357	69
1358	60
1359	63
1360	72
1361	62
1362	66
1363	57
1364	64
1365	69
1366	66
1367	79
1368	54
1369	72
1370	55
1371	63
1372	57
1373	68
1374	71
1375	49
1376	75
1377	48
1378	60
1379	56
1380	47
1381	72
1382	67
1383	70
1384	63
1385	61
1386	65
1387	73
1388	57
1389	65
1390	65
1391	58
1392	61
1393	52
1394	65
1395	62
1396	59
1397	68
1398	66
1399	62
1400	63
1401	54
1402	60
1403	61
1404	48
1405	71
1406	63
1407	71
1408	65
1409	50
1410	70
1411	71
1412	77
1413	63
1414	67
1415	54
1416	76
1417	62
1418	70
1419	82
1420	80
1421	54
1422	71
1423	60
1424	70
1425	65
1426	67
1427	61
1428	63
1429	59
1430	57
1431	60
1432	48
1433	58
1434	66
1435	72
1436	52
1437	61
1438	71
1439	59
1440	66
1441	61
1442	58
1443	66
1444	61
1445	72
1446	55
1447	62
1448	69
1449	58
1450	59
1451	59
1452	62
1453	60
1454	62
1455	72
1456	60
1457	59
1458	80
1459	73
1460	76
1461	56
1462	59
1463	64
1464	61
1465	68
1466	66
1467	62
1468	53
1469	71
1470	67
1471	72
1472	60
1473	64
1474	52
1475	60
1476	68
1477	49
1478	67
1479	55
1480	57
1481	62
1482	73
1483	55
1484	57
1485	84
1486	66
1487	58
1488	65
1489	86
1490	66
1491	57
1492	69
1493	81
1494	60
1495	77
1496	81
1497	61
1498	47
1499	62
1500	61
1501	63
1502	63
1503	63
1504	58
1505	70
1506	58
1507	65
1508	66
1509	64
1510	69
1511	66
1512	62
1513	74
1514	53
1515	65
1516	63
1517	67
1518	70
1519	75
1520	75
1521	76
1522	66
1523	42
1524	58
1525	69
1526	60
1527	66
1528	75
1529	68
1530	64
1531	62
1532	61
1533	63
1534	58
1535	75
1536	55
1537	73
1538	72
1539	72
1540	79
1541	67
1542	62
1543	61
1544	60
1545	71
1546	58
1547	52
1548	67
1549	60
1550	59
1551	51
1552	65
1553	53
1554	58
1555	58
1556	61
1557	61
1558	64
1559	59
1560	64
1561	56
1562	48
1563	71
1564	63
1565	49
1566	64
1567	72
1568	78
1569	72
1570	62
1571	68
1572	63
1573	81
1574	65
1575	59
1576	72
1577	61
1578	73
1579	78
1580	62
1581	56
1582	60
1583	79
1584	57
1585	67
1586	67
1587	63
1588	65
1589	58
1590	43
1591	70
1592	74
1593	71
1594	79
1595	78
1596	66
1597	64
1598	64
1599	60
1600	53
1601	58
1602	51
1603	59
1604	56
1605	76
1606	58
1607	69
1608	73
1609	80
1610	72
1611	73
1612	63
1613	70
1614	60
1615	76
1616	90
1617	58
1618	83
1619	55
1620	68
1621	53
1622	58
1623	64
1624	64
1625	65
1626	63
1627	68
1628	61
1629	71
1630	65
1631	67
1632	78
1633	55
1634	56
1635	72
1636	47
1637	59
1638	60
1639	71
1640	66
1641	60
1642	79
1643	49
1644	60
1645	71
1646	66
1647	49
1648	75
1649	70
1650	66
1651	47
1652	53
1653	61
1654	61
1655	61
1656	67
1657	74
1658	65
1659	55
1660	67
1661	66
1662	58
1663	61
1664	57
1665	73
1666	59
1667	66
1668	75
1669	76
1670	65
1671	74
1672	68
1673	67
1674	65
1675	55
1676	64
1677	71
1678	71
1679	47
1680	78
1681	64
1682	59
1683	58
1684	60
1685	71
1686	52
1687	81
1688	50
1689	58
1690	56
1691	51
1692	71
1693	79
1694	59
1695	71
1696	67
1697	67
1698	65
1699	72
1700	58
1701	59
1702	59
1703	75
1704	65
1705	62
1706	70
1707	68
1708	68
1709	68
1710	70
1711	60
1712	66
1713	61
1714	60
1715	77
1716	75
1717	83
1718	66
1719	64
1720	58
1721	63
1722	57
1723	67
1724	65
1725	51
1726	64
1727	56
1728	65
1729	75
1730	64
1731	61
1732	51
1733	76
1734	56
1735	66
1736	69
1737	62
1738	64
1739	68
1740	66
1741	51
1742	68
1743	63
1744	62
1745	65
1746	55
1747	60
1748	51
1749	56
1750	66
1751	60
1752	64
1753	78
1754	60
1755	58
1756	49
1757	66
1758	66
1759	63
1760	55
1761	77
1762	44
1763	75
1764	61
1765	64
1766	67
1767	60
1768	62
1769	62
1770	62
1771	59
1772	68
1773	68
1774	64
1775	59
1776	78
1777	70
1778	45
1779	54
1780	70
1781	71
1782	56
1783	63
1784	68
1785	62
1786	42
1787	71
1788	51
1789	64
1790	62
1791	78
1792	51
1793	69
1794	60
1795	60
1796	76
1797	55
1798	62
1799	71
1800	64
1801	69
1802	67
1803	67
1804	54
1805	59
1806	57
1807	65
1808	60
1809	54
1810	75
1811	49
1812	57
1813	78
1814	59
1815	60
1816	60
1817	56
1818	61
1819	70
1820	67
1821	57
1822	76
1823	61
1824	73
1825	62
1826	51
1827	57
1828	60
1829	59
1830	61
1831	58
1832	65
1833	58
1834	66
1835	76
1836	51
1837	62
1838	72
1839	61
1840	60
1841	68
1842	62
1843	64
1844	74
1845	49
1846	71
1847	60
1848	66
1849	60
1850	71
1851	68
1852	65
1853	63
1854	75
1855	78
1856	68
1857	68
1858	65
1859	73
1860	70
1861	52
1862	49
1863	60
1864	63
1865	62
1866	53
1867	62
1868	53
1869	48
1870	57
1871	65
1872	66
1873	67
1874	50
1875	62
1876	56
1877	59
1878	57
1879	65
1880	52
1881	68
1882	60
1883	63
1884	55
1885	62
1886	74
1887	58
1888	72
1889	74
1890	68
1891	70
1892	62
1893	71
1894	69
1895	53
1896	65
1897	64
1898	60
1899	58
1900	65
1901	49
1902	60
1903	58
1904	62
1905	53
1906	66
1907	63
1908	56
1909	67
1910	60
1911	48
1912	59
1913	64
1914	67
1915	60
1916	65
1917	64
1918	47
1919	60
1920	56
1921	82
1922	53
1923	71
1924	53
1925	67
1926	52
1927	68
1928	40
1929	59
1930	58
1931	63
1932	62
1933	73
1934	78
1935	60
1936	66
1937	67
1938	63
1939	68
1940	60
1941	87
1942	62
1943	72
1944	55
1945	69
1946	49
1947	64
1948	64
1949	62
1950	64
1951	74
1952	61
1953	51
1954	55
1955	61
1956	62
1957	71
1958	63
1959	71
1960	68
1961	63
1962	60
1963	63
1964	55
1965	60
1966	47
1967	68
1968	55
1969	40
1970	73
1971	52
1972	57
1973	59
1974	46
1975	52
1976	59
1977	75
1978	60
1979	55
1980	60
1981	90
1982	43
1983	64
1984	67
1985	67
1986	74
1987	77
1988	58
1989	58
1990	60
1991	63
1992	69
1993	66
1994	64
1995	60
1996	64
1997	67
1998	65
1999	68
2000	64
2001	74
2002	66
2003	47
2004	73
2005	55
2006	63
2007	53
2008	69
2009	56
2010	71
2011	71
2012	75
2013	46
2014	56
2015	46
2016	64
2017	59
2018	71
2019	57
2020	62
2021	59
2022	67
2023	70
2024	62
2025	64
2026	67
2027	82
2028	77
2029	54
2030	53
2031	68
2032	59
2033	62
2034	57
2035	49
2036	63
2037	65
2038	67
2039	74
2040	63
2041	60
2042	77
2043	72
2044	55
2045	57
2046	67
2047	64
2048	63
2049	50
2050	70
2051	69
2052	65
2053	66
2054	70
2055	63
2056	63
2057	60
2058	68
2059	68
2060	67
2061	50
2062	79
2063	61
2064	61
2065	69
2066	59
2067	61
2068	59
2069	85
2070	56
2071	57
2072	67
2073	61
2074	76
2075	73
2076	62
2077	59
2078	65
2079	65
2080	60
2081	73
2082	58
2083	66
2084	58
2085	57
2086	73
2087	63
2088	78
2089	73
2090	55
2091	76
2092	77
2093	61
2094	58
2095	64
2096	73
2097	68
2098	64
2099	64
2100	65
2101	69
2102	64
2103	60
2104	67
2105	68
2106	74
2107	79
2108	66
2109	71
2110	59
2111	60
2112	55
2113	66
2114	76
2115	51
2116	56
2117	59
2118	62
2119	72
2120	76
2121	72
2122	69
2123	77
2124	85
2125	61
2126	58
2127	88
2128	64
2129	78
2130	65
2131	71
2132	69
2133	70
2134	85
2135	69
2136	69
2137	59
2138	63
2139	75
2140	64
2141	60
2142	68
2143	61
2144	72
2145	70
2146	74
2147	72
2148	73
2149	67
2150	54
2151	76
2152	53
2153	50
2154	68
2155	60
2156	72
2157	82
2158	59
2159	75
2160	48
2161	62
2162	62
2163	53
2164	75
2165	64
2166	78
2167	83
2168	71
2169	74
2170	74
2171	70
2172	56
2173	75
2174	74
2175	66
2176	66
2177	73
2178	78
2179	66
2180	74
2181	80
2182	80
2183	66
2184	76
2185	67
2186	83
2187	83
2188	62
2189	81
2190	76
2191	78
2192	77
2193	62
2194	73
2195	80
2196	75
2197	64
2198	81
2199	71
2200	71
2201	65
2202	72
2203	80
2204	77
2205	70
2206	84
2207	83
2208	74
2209	80
2210	72
2211	79
2212	81
2213	90
2214	84
2215	82
2216	79
2217	77
2218	60
2219	81
2220	69
2221	76
2222	77
2223	74
2224	67
2225	85
2226	79
2227	77
2228	77
2229	76
2230	73
2231	75
2232	73
2233	99
2234	76
2235	82
2236	69
2237	88
2238	61
2239	70
2240	75
2241	79
2242	90
2243	75
2244	87
2245	79
2246	86
2247	84
2248	86
2249	83
2250	85
2251	57
2252	82
2253	88
2254	80
2255	77
2256	73
2257	75
2258	90
2259	93
2260	98
2261	71
2262	86
2263	75
2264	83
2265	95
2266	89
2267	85
2268	76
2269	85
2270	94
2271	67
2272	83
2273	94
2274	109
2275	77
2276	72
2277	78
2278	84
2279	87
2280	98
2281	84
2282	92
2283	73
2284	99
2285	82
2286	79
2287	90
2288	93
2289	79
2290	104
2291	90
2292	80
2293	61
2294	88
2295	80
2296	93
2297	87
2298	86
2299	88
2300	93
2301	89
2302	81
2303	83
2304	74
2305	92
2306	93
2307	76
2308	96
2309	69
2310	78
2311	93
2312	92
2313	82
2314	104
2315	92
2316	77
2317	87
2318	85
2319	92
2320	68
2321	79
2322	79
2323	76
2324	73
2325	86
2326	68
2327	76
2328	83
2329	64
2330	76
2331	83
2332	85
2333	75
2334	74
2335	83
2336	77
2337	89
2338	109
2339	77
2340	92
2341	82
2342	80
2343	86
2344	88
2345	68
2346	83
2347	90
2348	81
2349	78
2350	91
2351	70
2352	86
2353	90
2354	92
2355	90
2356	81
2357	88
2358	74
2359	90
2360	84
2361	91
2362	102
2363	88
2364	83
2365	89
2366	91
2367	98
2368	95
2369	89
2370	89
2371	85
2372	59
2373	82
2374	82
2375	94
2376	88
2377	89
2378	90
2379	80
2380	106
2381	95
2382	99
2383	87
2384	93
2385	91
2386	91
2387	69
2388	90
2389	88
2390	93
2391	75
2392	66
2393	69
2394	102
2395	103
2396	81
2397	84
2398	80
2399	81
2400	87
2401	73
2402	72
2403	77
2404	79
2405	74
2406	81
2407	84
2408	101
2409	90
2410	73
2411	85
2412	83
2413	92
2414	72
2415	77
2416	82
2417	92
2418	85
2419	79
2420	88
2421	77
2422	83
2423	88
2424	72
2425	104
2426	78
2427	75
2428	84
2429	97
2430	78
2431	83
2432	65
2433	72
2434	79
2435	84
2436	85
2437	68
2438	76
2439	78
2440	68
2441	84
2442	84
2443	82
2444	83
2445	87
2446	74
2447	77
2448	91
2449	73
2450	88
2451	95
2452	80
2453	80
2454	92
2455	89
2456	74
2457	74
2458	90
2459	86
2460	74
2461	82
2462	82
2463	81
2464	96
2465	87
2466	78
2467	83
2468	86
2469	94
2470	77
2471	89
2472	82
2473	80
2474	91
2475	82
2476	83
2477	85
2478	84
2479	71
2480	61
2481	83
2482	82
2483	77
2484	59
2485	64
2486	79
2487	80
2488	81
2489	62
2490	95
2491	67
2492	85
2493	84
2494	84
2495	79
2496	82
2497	82
2498	74
2499	71
2500	77
2501	83
2502	99
2503	83
2504	84
2505	92
2506	79
2507	80
2508	79
2509	71
2510	63
2511	79
2512	62
2513	79
2514	79
2515	72
2516	76
2517	68
2518	76
2519	68
2520	80
2521	66
2522	73
2523	90
2524	75
2525	81
2526	85
2527	68
2528	75
2529	83
2530	86
2531	73
2532	86
2533	66
2534	69
2535	73
2536	73
2537	94
2538	60
2539	83
2540	66
2541	86
2542	74
2543	76
2544	77
2545	63
2546	76
2547	75
2548	70
2549	93
2550	77
2551	66
2552	72
2553	89
2554	79
2555	71
2556	89
2557	76
2558	82
2559	78
2560	56
2561	66
2562	60
2563	75
2564	85
2565	76
2566	71
2567	77
2568	82
2569	65
2570	82
2571	83
2572	89
2573	76
2574	75
2575	72
2576	60
2577	75
2578	84
2579	80
2580	92
2581	80
2582	62
2583	59
2584	65
2585	60
2586	79
2587	66
2588	86
2589	90
2590	69
2591	93
2592	65
2593	75
2594	92
2595	61
2596	69
2597	80
2598	70
2599	76
2600	82
2601	83
2602	72
2603	94
2604	59
2605	71
2606	63
2607	66
2608	54
2609	72
2610	92
2611	72
2612	54
2613	85
2614	72
2615	86
2616	64
2617	79
2618	65
2619	84
2620	68
2621	62
2622	85
2623	80
2624	64
2625	72
2626	68
2627	72
2628	58
2629	66
2630	70
2631	66
2632	75
2633	75
2634	80
2635	64
2636	85
2637	69
2638	59
2639	68
2640	65
2641	70
2642	64
2643	64
2644	67
2645	77
2646	88
2647	72
2648	70
2649	70
2650	86
2651	57
2652	68
2653	72
2654	72
2655	91
2656	66
2657	69
2658	68
2659	96
2660	74
2661	78
2662	73
2663	78
2664	72
2665	67
2666	75
2667	82
2668	71
2669	55
2670	77
2671	58
2672	63
2673	78
2674	64
2675	75
2676	85
2677	65
2678	71
2679	77
2680	66
2681	56
2682	61
2683	80
2684	67
2685	54
2686	82
2687	85
2688	61
2689	67
2690	78
2691	71
2692	67
2693	71
2694	80
2695	71
2696	73
2697	74
2698	68
2699	79
2700	77
2701	78
2702	58
2703	63
2704	77
2705	64
2706	63
2707	80
2708	82
2709	62
2710	90
2711	73
2712	53
2713	61
2714	79
2715	81
2716	75
2717	76
2718	90
2719	56
2720	69
2721	64
2722	86
2723	67
2724	82
2725	56
2726	60
2727	69
2728	73
2729	88
2730	70
2731	74
2732	63
2733	64
2734	76
2735	74
2736	75
2737	64
2738	64
2739	81
2740	75
2741	58
2742	68
2743	67
2744	74
2745	77
2746	65
2747	74
2748	62
2749	72
2750	66
2751	85
2752	74
2753	65
2754	72
2755	83
2756	72
2757	87
2758	79
2759	56
2760	79
2761	60
2762	93
2763	66
2764	70
2765	77
2766	78
2767	55
2768	72
2769	64
2770	62
2771	83
2772	64
2773	71
2774	60
2775	68
2776	60
2777	76
2778	72
2779	56
2780	78
2781	80
2782	47
2783	68
2784	73
2785	59
2786	66
2787	69
2788	79
2789	67
2790	88
2791	96
2792	64
2793	80
2794	68
2795	92
2796	66
2797	69
2798	81
2799	88
2800	74
2801	84
2802	74
2803	64
2804	58
2805	68
2806	86
2807	88
2808	76
2809	60
2810	70
2811	72
2812	67
2813	72
2814	70
2815	62
2816	75
2817	57
2818	59
2819	64
2820	69
2821	65
2822	76
2823	65
2824	73
2825	57
2826	64
2827	57
2828	54
2829	83
2830	68
2831	72
2832	64
2833	59
2834	68
2835	76
2836	69
2837	72
2838	80
2839	59
2840	54
2841	79
2842	63
2843	53
2844	74
2845	70
2846	68
2847	70
2848	62
2849	62
2850	73
2851	78
2852	69
2853	64
2854	68
2855	66
2856	63
2857	72
2858	69
2859	80
2860	62
2861	54
2862	64
2863	81
2864	77
2865	68
2866	72
2867	67
2868	69
2869	67
2870	56
2871	81
2872	72
2873	79
2874	75
2875	83
2876	54
2877	57
2878	62
2879	63
2880	75
2881	71
2882	81
2883	67
2884	90
2885	75
2886	65
2887	73
2888	63
2889	73
2890	69
2891	55
2892	76
2893	64
2894	67
2895	56
2896	71
2897	68
2898	79
2899	49
2900	69
2901	73
2902	69
2903	67
2904	81
2905	76
2906	68
2907	57
2908	63
2909	80
2910	65
2911	54
2912	66
2913	81
2914	75
2915	71
2916	60
2917	69
2918	67
2919	69
2920	61
2921	66
2922	65
2923	80
2924	57
2925	66
2926	63
2927	64
2928	68
2929	61
2930	68
2931	72
2932	70
2933	73
2934	74
2935	59
2936	63
2937	66
2938	71
2939	65
2940	71
2941	68
2942	82
2943	67
2944	56
2945	80
2946	69
2947	83
2948	56
2949	70
2950	65
2951	54
2952	76
2953	74
2954	70
2955	69
2956	77
2957	65
2958	64
2959	66
2960	58
2961	68
2962	49
2963	67
2964	69
2965	63
2966	65
2967	58
2968	78
2969	56
2970	75
2971	56
2972	66
2973	76
2974	61
2975	58
2976	58
2977	56
2978	66
2979	62
2980	64
2981	69
2982	53
2983	73
2984	63
2985	55
2986	65
2987	83
2988	59
2989	73
2990	61
2991	67
2992	67
2993	49
2994	72
2995	58
2996	69
2997	60
2998	60
2999	59
3000	59
3001	53
3002	70
3003	59
3004	65
3005	46
3006	72
3007	65
3008	68
3009	62
3010	57
3011	65
3012	68
3013	64
3014	59
3015	72
3016	74
3017	72
3018	59
3019	56
3020	69
3021	61
3022	55
3023	72
3024	81
3025	59
3026	59
3027	61
3028	67
3029	63
3030	68
3031	64
3032	58
3033	72
3034	59
3035	58
3036	78
3037	55
3038	59
3039	62
3040	62
3041	58
3042	65
3043	76
3044	74
3045	75
3046	60
3047	65
3048	79
3049	61
3050	68
3051	66
3052	68
3053	59
3054	50
3055	60
3056	72
3057	69
3058	67
3059	80
3060	50
3061	61
3062	61
3063	69
3064	51
3065	58
3066	52
3067	53
3068	71
3069	63
3070	64
3071	65
3072	70
3073	65
3074	60
3075	59
3076	63
3077	56
3078	60
3079	58
3080	76
3081	56
3082	53
3083	62
3084	61
3085	73
3086	69
3087	62
3088	70
3089	65
3090	73
3091	65
3092	47
3093	60
3094	55
3095	63
3096	53
3097	61
3098	70
3099	73
3100	60
3101	62
3102	60
3103	70
3104	56
3105	68
3106	56
3107	55
3108	54
3109	68
3110	72
3111	60
3112	68
3113	45
3114	55
3115	63
3116	71
3117	73
3118	55
3119	61
3120	54
3121	63
3122	66
3123	50
3124	56
3125	65
3126	59
3127	46
3128	52
3129	60
3130	73
3131	66
3132	52
3133	69
3134	69
3135	63
3136	66
3137	57
3138	69
3139	56
3140	61
3141	56
3142	58
3143	49
3144	56
3145	64
3146	50
3147	55
3148	45
3149	62
3150	75
3151	59
3152	67
3153	47
3154	56
3155	56
3156	53
3157	70
3158	60
3159	72
3160	63
3161	68
3162	69
3163	68
3164	67
3165	61
3166	72
3167	55
3168	68
3169	48
3170	67
3171	42
3172	61
3173	67
3174	46
3175	67
3176	56
3177	67
3178	66
3179	53
3180	73
3181	64
3182	59
3183	58
3184	65
3185	54
3186	61
3187	42
3188	52
3189	65
3190	60
3191	58
3192	69
3193	47
3194	64
3195	55
3196	43
3197	61
3198	57
3199	55
3200	60
3201	73
3202	60
3203	53
3204	64
3205	57
3206	37
3207	51
3208	71
3209	55
3210	61
3211	71
3212	51
3213	56
3214	61
3215	58
3216	59
3217	74
3218	63
3219	55
3220	46
3221	60
3222	56
3223	63
3224	71
3225	50
3226	50
3227	63
3228	67
3229	55
3230	62
3231	55
3232	50
3233	47
3234	70
3235	51
3236	46
3237	48
3238	49
3239	56
3240	51
3241	52
3242	57
3243	56
3244	51
3245	45
3246	58
3247	56
3248	55
3249	50
3250	50
3251	54
3252	59
3253	64
3254	59
3255	62
3256	59
3257	60
3258	59
3259	63
3260	63
3261	53
3262	64
3263	62
3264	56
3265	60
3266	73
3267	53
3268	61
3269	56
3270	53
3271	50
3272	49
3273	56
3274	40
3275	48
3276	56
3277	55
3278	55
3279	48
3280	55
3281	50
3282	65
3283	50
3284	48
3285	49
3286	59
3287	59
3288	54
3289	57
3290	56
3291	60
3292	55
3293	61
3294	66
3295	50
3296	56
3297	55
3298	61
3299	51
3300	71
3301	58
3302	53
3303	51
3304	52
3305	59
3306	68
3307	51
3308	67
3309	60
3310	54
3311	51
3312	60
3313	58
3314	55
3315	57
3316	57
3317	60
3318	69
3319	70
3320	66
3321	53
3322	63
3323	66
3324	61
3325	48
3326	41
3327	50
3328	56
3329	50
3330	52
3331	66
3332	59
3333	44
3334	58
3335	47
3336	39
3337	52
3338	67
3339	47
3340	50
3341	70
3342	47
3343	57
3344	54
3345	63
3346	44
3347	52
3348	50
3349	60
3350	55
3351	58
3352	58
3353	49
3354	49
3355	60
3356	69
3357	49
3358	41
3359	47
3360	49
3361	53
3362	51
3363	45
3364	63
3365	57
3366	58
3367	61
3368	42
3369	52
3370	53
3371	59
3372	49
3373	55
3374	58
3375	49
3376	43
3377	55
3378	50
3379	53
3380	53
3381	58
3382	57
3383	48
3384	44
3385	60
3386	53
3387	57
3388	62
3389	50
3390	52
3391	61
3392	53
3393	60
3394	63
3395	56
3396	66
3397	49
3398	48
3399	49
3400	63
3401	60
3402	50
3403	55
3404	52
3405	70
3406	60
3407	45
3408	48
3409	60
3410	41
3411	61
3412	45
3413	48
3414	44
3415	66
3416	47
3417	58
3418	59
3419	49
3420	56
3421	54
3422	58
3423	58
3424	46
3425	42
3426	51
3427	44
3428	64
3429	61
3430	49
3431	50
3432	60
3433	44
3434	47
3435	60
3436	49
3437	51
3438	56
3439	64
3440	56
3441	64
3442	54
3443	48
3444	49
3445	43
3446	64
3447	54
3448	41
3449	54
3450	52
3451	46
3452	52
3453	50
3454	59
3455	47
3456	55
3457	49
3458	61
3459	40
3460	54
3461	55
3462	59
3463	44
3464	49
3465	43
3466	59
3467	55
3468	48
3469	54
3470	53
3471	52
3472	51
3473	45
3474	62
3475	48
3476	45
3477	56
3478	52
3479	55
3480	54
3481	57
3482	57
3483	48
3484	65
3485	61
3486	63
3487	51
3488	53
3489	50
3490	65
3491	53
3492	59
3493	40
3494	49
3495	55
3496	62
3497	57
3498	56
3499	56
3500	46
3501	58
3502	51
3503	51
3504	61
3505	42
3506	36
3507	47
3508	53
3509	59
3510	60
3511	49
3512	55
3513	54
3514	45
3515	53
3516	52
3517	62
3518	46
3519	60
3520	46
3521	54
3522	54
3523	63
3524	58
3525	54
3526	44
3527	59
3528	45
3529	44
3530	47
3531	52
3532	62
3533	54
3534	47
3535	49
3536	66
3537	60
3538	44
3539	49
3540	42
3541	46
3542	56
3543	60
3544	55
3545	48
3546	41
3547	60
3548	54
3549	48
3550	51
3551	53
3552	61
3553	46
3554	64
3555	43
3556	62
3557	41
3558	55
3559	49
3560	50
3561	56
3562	58
3563	47
3564	42
3565	53
3566	53
3567	63
3568	55
3569	53
3570	46
3571	46
3572	43
3573	50
3574	56
3575	59
3576	49
3577	57
3578	51
3579	48
3580	54
3581	58
3582	63
3583	49
3584	43
3585	54
3586	45
3587	45
3588	54
3589	56
3590	53
3591	47
3592	62
3593	51
3594	53
3595	72
3596	48
3597	50
3598	50
3599	52
3600	57
3601	40
3602	52
3603	53
3604	67
3605	46
3606	46
3607	50
3608	58
3609	57
3610	47
3611	54
3612	58
3613	69
3614	59
3615	61
3616	53
3617	55
3618	53
3619	47
3620	54
3621	29
3622	49
3623	60
3624	50
3625	50
3626	48
3627	61
3628	52
3629	66
3630	43
3631	52
3632	45
3633	42
3634	40
3635	37
3636	53
3637	48
3638	58
3639	74
3640	54
3641	47
3642	61
3643	48
3644	51
3645	44
3646	53
3647	56
3648	48
3649	54
3650	53
3651	55
3652	53
3653	48
3654	66
3655	55
3656	67
3657	44
3658	52
3659	50
3660	53
3661	57
3662	50
3663	68
3664	47
3665	52
3666	48
3667	51
3668	55
3669	53
3670	53
3671	47
3672	43
3673	41
3674	54
3675	46
3676	41
3677	56
3678	58
3679	45
3680	43
3681	47
3682	57
3683	57
3684	60
3685	56
3686	55
3687	47
3688	60
3689	50
3690	46
3691	49
3692	52
3693	49
3694	50
3695	37
3696	56
3697	36
3698	43
3699	44
3700	44
3701	45
3702	41
3703	53
3704	53
3705	59
3706	49
3707	48
3708	56
3709	59
3710	43
3711	39
3712	44
3713	65
3714	54
3715	48
3716	45
3717	63
3718	53
3719	44
3720	54
3721	56
3722	59
3723	46
3724	53
3725	58
3726	45
3727	47
3728	47
3729	53
3730	34
3731	64
3732	60
3733	45
3734	52
3735	51
3736	43
3737	60
3738	50
3739	49
3740	55
3741	48
3742	54
3743	70
3744	57
3745	43
3746	52
3747	59
3748	46
3749	51
3750	60
3751	47
3752	46
3753	49
3754	37
3755	61
3756	53
3757	60
3758	56
3759	57
3760	39
3761	44
3762	51
3763	55
3764	39
3765	53
3766	58
3767	44
3768	37
3769	62
3770	47
3771	43
3772	42
3773	55
3774	38
3775	52
3776	50
3777	49
3778	47
3779	44
3780	57
3781	47
3782	47
3783	68
3784	48
3785	70
3786	47
3787	38
3788	52
3789	52
3790	59
3791	47
3792	42
3793	46
3794	56
3795	44
3796	47
3797	48
3798	51
3799	45
3800	38
3801	61
3802	38
3803	48
3804	57
3805	44
3806	46
3807	55
3808	53
3809	40
3810	51
3811	57
3812	46
3813	68
3814	52
3815	49
3816	53
3817	53
3818	49
3819	48
3820	41
3821	52
3822	57
3823	61
3824	54
3825	44
3826	54
3827	55
3828	55
3829	52
3830	51
3831	40
3832	60
3833	55
3834	50
3835	44
3836	44
3837	41
3838	49
3839	52
3840	40
3841	62
3842	58
3843	39
3844	52
3845	54
3846	52
3847	52
3848	54
3849	69
3850	54
3851	54
3852	53
3853	60
3854	43
3855	41
3856	66
3857	41
3858	73
3859	59
3860	52
3861	46
3862	69
3863	47
3864	44
3865	43
3866	52
3867	51
3868	47
3869	54
3870	49
3871	49
3872	56
3873	49
3874	44
3875	57
3876	54
3877	52
3878	44
3879	51
3880	54
3881	53
3882	55
3883	51
3884	38
3885	43
3886	59
3887	48
3888	55
3889	55
3890	58
3891	52
3892	47
3893	44
3894	55
3895	60
3896	50
3897	42
3898	52
3899	59
3900	53
3901	61
3902	47
3903	53
3904	44
3905	41
3906	49
3907	56
3908	42
3909	49
3910	36
3911	57
3912	43
3913	45
3914	53
3915	40
3916	66
3917	54
3918	50
3919	45
3920	70
3921	47
3922	61
3923	55
3924	61
3925	57
3926	51
3927	44
3928	44
3929	64
3930	47
3931	45
3932	54
3933	57
3934	53
3935	61
3936	57
3937	59
3938	50
3939	32
3940	64
3941	46
3942	49
3943	58
3944	56
3945	62
3946	53
3947	47
3948	48
3949	60
3950	50
3951	59
3952	51
3953	57
3954	59
3955	50
3956	45
3957	60
3958	50
3959	55
3960	50
3961	52
3962	66
3963	61
3964	52
3965	54
3966	51
3967	46
3968	51
3969	52
3970	55
3971	48
3972	60
3973	54
3974	51
3975	46
3976	46
3977	63
3978	51
3979	50
3980	53
3981	37
3982	55
3983	46
3984	43
3985	45
3986	47
3987	51
3988	43
3989	55
3990	50
3991	65
3992	42
3993	43
3994	69
3995	47
3996	52
3997	53
3998	50
3999	58
4000	51
4001	46
4002	52
4003	55
4004	52
4005	38
4006	46
4007	44
4008	59
4009	40
4010	44
4011	56
4012	54
4013	55
4014	45
4015	39
4016	51
4017	76
4018	47
4019	42
4020	64
4021	50
4022	45
4023	43
4024	48
4025	70
4026	40
4027	40
4028	59
4029	59
4030	45
4031	63
4032	50
4033	43
4034	52
4035	50
4036	45
4037	57
4038	45
4039	55
4040	58
4041	56
4042	40
4043	52
4044	45
4045	54
4046	57
4047	45
4048	54
4049	52
4050	42
4051	50
4052	53
4053	46
4054	55
4055	35
4056	52
4057	46
4058	56
4059	59
4060	51
4061	51
4062	51
4063	53
4064	45
4065	43
4066	48
4067	47
4068	54
4069	38
4070	57
4071	46
4072	39
4073	48
4074	60
4075	38
4076	58
4077	35
4078	46
4079	53
4080	54
4081	54
4082	41
4083	39
4084	50
4085	47
4086	51
4087	64
4088	47
4089	59
4090	60
4091	54
4092	57
4093	54
4094	44
4095	57
4096	61
4097	37
4098	49
4099	43
4100	43
4101	59
4102	43
4103	47
4104	50
4105	43
4106	48
4107	58
4108	43
4109	51
4110	59
4111	43
4112	62
4113	43
4114	48
4115	45
4116	56
4117	61
4118	56
4119	58
4120	34
4121	42
4122	42
4123	44
4124	46
4125	55
4126	50
4127	37
4128	58
4129	45
4130	51
4131	48
4132	41
4133	50
4134	45
4135	43
4136	60
4137	47
4138	49
4139	54
4140	51
4141	64
4142	54
4143	51
4144	41
4145	43
4146	60
4147	55
4148	47
4149	44
4150	51
4151	49
4152	51
4153	42
4154	47
4155	42
4156	38
4157	47
4158	54
4159	53
4160	34
4161	47
4162	46
4163	68
4164	44
4165	46
4166	55
4167	47
4168	51
4169	41
4170	45
4171	37
4172	49
4173	45
4174	47
4175	40
4176	37
4177	41
4178	49
4179	46
4180	54
4181	46
4182	37
4183	59
4184	52
4185	43
4186	42
4187	39
4188	35
4189	35
4190	39
4191	51
4192	55
4193	35
4194	44
4195	50
4196	39
4197	52
4198	46
4199	47
4200	51
4201	42
4202	53
4203	36
4204	50
4205	47
4206	54
4207	42
4208	40
4209	42
4210	40
4211	48
4212	49
4213	37
4214	30
4215	46
4216	41
4217	40
4218	40
4219	33
4220	35
4221	40
4222	44
4223	36
4224	34
4225	44
4226	37
4227	46
4228	48
4229	44
4230	50
4231	43
4232	55
4233	37
4234	48
4235	37
4236	37
4237	52
4238	45
4239	36
4240	38
4241	39
4242	30
4243	36
4244	40
4245	38
4246	40
4247	48
4248	40
4249	33
4250	37
4251	46
4252	31
4253	35
4254	38
4255	44
4256	40
4257	43
4258	47
4259	39
4260	39
4261	40
4262	38
4263	39
4264	42
4265	31
4266	33
4267	24
4268	30
4269	47
4270	38
4271	34
4272	35
4273	39
4274	28
4275	38
4276	41
4277	36
4278	54
4279	38
4280	42
4281	52
4282	46
4283	44
4284	30
4285	40
4286	39
4287	35
4288	38
4289	44
4290	40
4291	42
4292	39
4293	40
4294	39
4295	27
4296	29
4297	39
4298	33
4299	42
4300	37
4301	37
4302	31
4303	28
4304	35
4305	39
4306	32
4307	41
4308	32
4309	36
4310	34
4311	36
4312	34
4313	31
4314	26
4315	27
4316	39
4317	37
4318	32
4319	25
4320	30
4321	25
4322	31
4323	34
4324	33
4325	29
4326	29
4327	27
4328	36
4329	35
4330	46
4331	35
4332	34
4333	43
4334	37
4335	24
4336	36
4337	29
4338	48
4339	29
4340	29
4341	38
4342	28
4343	33
4344	39
4345	32
4346	41
4347	43
4348	32
4349	29
4350	35
4351	41
4352	33
4353	31
4354	34
4355	33
4356	24
4357	28
4358	29
4359	28
4360	33
4361	44
4362	36
4363	27
4364	27
4365	27
4366	27
4367	25
4368	37
4369	29
4370	23
4371	27
4372	33
4373	31
4374	23
4375	28
4376	35
4377	39
4378	35
4379	25
4380	29
4381	34
4382	26
4383	32
4384	37
4385	31
4386	33
4387	25
4388	34
4389	28
4390	28
4391	35
4392	38
4393	32
4394	22
4395	26
4396	30
4397	33
4398	26
4399	26
4400	36
4401	33
4402	24
4403	30
4404	32
4405	27
4406	39
4407	40
4408	34
4409	40
4410	36
4411	32
4412	28
4413	33
4414	46
4415	25
4416	27
4417	34
4418	22
4419	30
4420	34
4421	17
4422	25
4423	38
4424	35
4425	27
4426	39
4427	25
4428	19
4429	26
4430	24
4431	19
4432	35
4433	38
4434	38
4435	29
4436	35
4437	33
4438	25
4439	29
4440	28
4441	28
4442	20
4443	25
4444	21
4445	31
4446	42
4447	25
4448	26
4449	30
4450	28
4451	24
4452	28
4453	25
4454	34
4455	32
4456	35
4457	23
4458	32
4459	28
4460	23
4461	29
4462	31
4463	20
4464	27
4465	24
4466	20
4467	26
4468	18
4469	28
4470	33
4471	45
4472	29
4473	21
4474	15
4475	25
4476	27
4477	21
4478	36
4479	24
4480	41
4481	27
4482	30
4483	23
4484	42
4485	31
4486	20
4487	27
4488	32
4489	27
4490	22
4491	22
4492	22
4493	27
4494	35
4495	24
4496	28
4497	27
4498	32
4499	18
4500	30
4501	22
4502	21
4503	17
4504	19
4505	27
4506	27
4507	31
4508	34
4509	25
4510	33
4511	16
4512	25
4513	30
4514	33
4515	27
4516	29
4517	21
4518	27
4519	17
4520	30
4521	35
4522	23
4523	30
4524	22
4525	20
4526	22
4527	31
4528	18
4529	18
4530	22
4531	25
4532	17
4533	26
4534	31
4535	18
4536	24
4537	20
4538	22
4539	14
4540	26
4541	17
4542	18
4543	22
4544	24
4545	20
4546	26
4547	23
4548	23
4549	23
4550	34
4551	19
4552	31
4553	23
4554	30
4555	24
4556	16
4557	35
4558	21
4559	23
4560	24
4561	27
4562	20
4563	29
4564	37
4565	27
4566	33
4567	24
4568	17
4569	17
4570	24
4571	28
4572	21
4573	31
4574	21
4575	31
4576	22
4577	26
4578	17
4579	21
4580	21
4581	29
4582	27
4583	24
4584	19
4585	21
4586	26
4587	17
4588	26
4589	26
4590	22
4591	22
4592	23
4593	21
4594	18
4595	18
4596	21
4597	20
4598	27
4599	24
4600	23
4601	24
4602	21
4603	20
4604	24
4605	26
4606	28
4607	30
4608	24
4609	23
4610	32
4611	22
4612	22
4613	30
4614	26
4615	23
4616	19
4617	31
4618	23
4619	27
4620	24
4621	20
4622	26
4623	20
4624	15
4625	23
4626	15
4627	20
4628	18
4629	26
4630	18
4631	22
4632	24
4633	16
4634	27
4635	25
4636	10
4637	19
4638	22
4639	19
4640	30
4641	20
4642	20
4643	14
4644	18
4645	30
4646	28
4647	25
4648	20
4649	15
4650	22
4651	21
4652	24
4653	19
4654	14
4655	20
4656	22
4657	19
4658	30
4659	27
4660	28
4661	24
4662	21
4663	19
4664	28
4665	28
4666	14
4667	22
4668	23
4669	24
4670	30
4671	22
4672	27
4673	16
4674	21
4675	25
4676	21
4677	17
4678	24
4679	20
4680	20
4681	16
4682	14
4683	21
4684	20
4685	31
4686	17
4687	31
4688	28
4689	21
4690	21
4691	16
4692	28
4693	26
4694	23
4695	19
4696	25
4697	17
4698	17
4699	24
4700	28
4701	17
4702	16
4703	27
4704	25
4705	22
4706	21
4707	22
4708	23
4709	15
4710	17
4711	19
4712	36
4713	24
4714	19
4715	18
4716	19
4717	17
4718	28
4719	21
4720	19
4721	25
4722	17
4723	21
4724	25
4725	20
4726	24
4727	23
4728	12
4729	24
4730	18
4731	22
4732	23
4733	26
4734	20
4735	19
4736	23
4737	24
4738	23
4739	14
4740	25
4741	27
4742	23
4743	16
4744	30
4745	24
4746	17
4747	31
4748	25
4749	18
4750	15
4751	27
4752	18
4753	24
4754	21
4755	24
4756	22
4757	21
4758	31
4759	23
4760	26
4761	22
4762	20
4763	27
4764	19
4765	28
4766	21
4767	27
4768	14
4769	28
4770	23
4771	22
4772	18
4773	21
4774	13
4775	24
4776	19
4777	17
4778	26
4779	26
4780	22
4781	18
4782	22
4783	15
4784	21
4785	24
4786	18
4787	14
4788	23
4789	13
4790	24
4791	14
4792	22
4793	21
4794	22
4795	27
4796	23
4797	20
4798	16
4799	25
4800	22
4801	32
4802	21
4803	19
4804	19
4805	27
4806	27
4807	26
4808	22
4809	24
4810	26
4811	22
4812	29
4813	17
4814	17
4815	23
4816	25
4817	19
4818	24
4819	24
4820	18
4821	25
4822	13
4823	25
4824	22
4825	14
4826	22
4827	17
4828	21
4829	21
4830	14
4831	24
4832	21
4833	16
4834	22
4835	23
4836	24
4837	17
4838	24
4839	24
4840	15
4841	14
4842	27
4843	19
4844	14
4845	21
4846	15
4847	27
4848	21
4849	29
4850	15
4851	26
4852	13
4853	26
4854	23
4855	19
4856	17
4857	28
4858	16
4859	20
4860	24
4861	21
4862	20
4863	21
4864	22
4865	19
4866	28
4867	13
4868	16
4869	27
4870	21
4871	13
4872	17
4873	19
4874	17
4875	15
4876	30
4877	19
4878	21
4879	18
4880	19
4881	14
4882	12
4883	24
4884	17
4885	23
4886	11
4887	12
4888	22
4889	17
4890	16
4891	17
4892	22
4893	14
4894	15
4895	29
4896	16
4897	25
4898	11
4899	23
4900	19
4901	14
4902	19
4903	20
4904	22
4905	21
4906	17
4907	14
4908	13
4909	17
4910	24
4911	26
4912	23
4913	16
4914	19
4915	30
4916	28
4917	21
4918	19
4919	25
4920	26
4921	15
4922	18
4923	19
4924	19
4925	18
4926	20
4927	23
4928	22
4929	23
4930	20
4931	19
4932	16
4933	14
4934	20
4935	18
4936	18
4937	20
4938	21
4939	19
4940	23
4941	18
4942	17
4943	20
4944	22
4945	22
4946	23
4947	17
4948	21
4949	18
4950	19
4951	16
4952	26
4953	22
4954	22
4955	18
4956	16
4957	19
4958	20
4959	17
4960	24
4961	29
4962	16
4963	14
4964	25
4965	14
4966	14
4967	14
4968	18
4969	8
4970	10
4971	21
4972	11
4973	21
4974	14
4975	18
4976	15
4977	22
4978	13
4979	14
4980	17
4981	14
4982	24
4983	13
4984	15
4985	21
4986	10
4987	18
4988	14
4989	17
4990	22
4991	22
4992	17
4993	23
4994	24
4995	15
4996	19
4997	13
4998	25
4999	27
5000	14
5001	18
5002	16
5003	18
5004	17
5005	17
5006	19
5007	13
5008	23
5009	14
5010	14
5011	14
5012	30
5013	11
5014	25
5015	17
5016	18
5017	16
5018	24
5019	22
5020	17
5021	21
5022	15
5023	13
5024	19
5025	11
5026	22
5027	18
5028	18
5029	15
5030	17
5031	16
5032	20
5033	18
5034	15
5035	17
5036	17
5037	18
5038	17
5039	26
5040	23
5041	18
5042	19
5043	25
5044	16
5045	23
5046	16
5047	20
5048	13
5049	11
5050	17
5051	17
5052	15
5053	15
5054	22
5055	15
5056	13
5057	15
5058	22
5059	13
5060	14
5061	22
5062	13
5063	16
5064	25
5065	19
5066	24
5067	12
5068	18
5069	16
5070	18
5071	23
5072	19
5073	15
5074	22
5075	25
5076	20
5077	25
5078	20
5079	19
5080	18
5081	14
5082	15
5083	16
5084	21
5085	25
5086	21
5087	20
5088	15
5089	18
5090	19
5091	13
5092	16
5093	16
5094	20
5095	16
5096	20
5097	10
5098	17
5099	19
5100	19
5101	20
5102	25
5103	16
5104	14
5105	18
5106	21
5107	13
5108	13
5109	20
5110	13
5111	20
5112	21
5113	16
5114	17
5115	19
5116	18
5117	9
5118	15
5119	18
5120	25
5121	25
5122	22
5123	23
5124	21
5125	15
5126	25
5127	19
5128	20
5129	15
5130	16
5131	15
5132	12
5133	19
5134	16
5135	25
5136	14
5137	21
5138	19
5139	18
5140	14
5141	19
5142	16
5143	24
5144	22
5145	15
5146	19
5147	21
5148	13
5149	14
5150	18
5151	20
5152	14
5153	23
5154	21
5155	19
5156	20
5157	15
5158	18
5159	12
5160	15
5161	17
5162	15
5163	18
5164	22
5165	13
5166	21
5167	20
5168	17
5169	17
5170	21
5171	19
5172	22
5173	24
5174	19
5175	21
5176	20
5177	13
5178	17
5179	20
5180	16
5181	9
5182	18
5183	28
5184	19
5185	21
5186	16
5187	25
5188	12
5189	21
5190	26
5191	15
5192	16
5193	21
5194	8
5195	16
5196	14
5197	16
5198	15
5199	15
5200	21
5201	13
5202	17
5203	13
5204	22
5205	11
5206	24
5207	25
5208	18
5209	17
5210	21
5211	24
5212	23
5213	10
5214	16
5215	13
5216	17
5217	15
5218	22
5219	15
5220	24
5221	14
5222	18
5223	24
5224	17
5225	19
5226	24
5227	21
5228	10
5229	21
5230	14
5231	24
5232	18
5233	22
5234	21
5235	24
5236	16
5237	19
5238	19
5239	11
5240	23
5241	18
5242	15
5243	17
5244	23
5245	11
5246	26
5247	22
5248	14
5249	25
5250	21
5251	22
5252	19
5253	11
5254	17
5255	11
5256	9
5257	19
5258	19
5259	15
5260	17
5261	18
5262	16
5263	14
5264	14
5265	16
5266	20
5267	23
5268	18
5269	12
5270	16
5271	21
5272	14
5273	23
5274	13
5275	22
5276	24
5277	17
5278	17
5279	16
5280	20
5281	21
5282	13
5283	21
5284	20
5285	11
5286	16
5287	20
5288	13
5289	25
5290	18
5291	11
5292	16
5293	17
5294	13
5295	16
5296	30
5297	19
5298	16
5299	9
5300	18
5301	14
5302	18
5303	18
5304	16
5305	14
5306	18
5307	19
5308	17
5309	22
5310	14
5311	11
5312	18
5313	16
5314	16
5315	13
5316	18
5317	19
5318	17
5319	11
5320	19
5321	11
5322	14
5323	17
5324	18
5325	16
5326	8
5327	19
5328	15
5329	17
5330	16
5331	14
5332	22
5333	19
5334	20
5335	17
5336	14
5337	11
5338	20
5339	24
5340	16
5341	12
5342	14
5343	15
5344	16
5345	17
5346	21
5347	15
5348	11
5349	11
5350	15
5351	14
5352	19
5353	23
5354	12
5355	13
5356	20
5357	14
5358	10
5359	23
5360	13
5361	14
5362	20
5363	21
5364	20
5365	20
5366	20
5367	19
5368	17
5369	22
5370	9
5371	16
5372	18
5373	21
5374	19
5375	23
5376	21
5377	18
5378	17
5379	17
5380	16
5381	17
5382	29
5383	11
5384	19
5385	18
5386	19
5387	18
5388	23
5389	17
5390	20
5391	25
5392	12
5393	19
5394	18
5395	12
5396	13
5397	15
5398	13
5399	13
5400	11
5401	16
5402	14
5403	7
5404	22
5405	15
5406	9
5407	15
5408	16
5409	19
5410	20
5411	24
5412	14
5413	21
5414	13
5415	16
5416	17
5417	17
5418	19
5419	17
5420	19
5421	17
5422	19
5423	16
5424	20
5425	23
5426	21
5427	15
5428	11
5429	13
5430	16
5431	25
5432	13
5433	14
5434	15
5435	17
5436	18
5437	22
5438	24
5439	15
5440	14
5441	19
5442	22
5443	15
5444	12
5445	19
5446	15
5447	15
5448	18
5449	20
5450	16
5451	13
5452	19
5453	15
5454	14
5455	23
5456	18
5457	16
5458	16
5459	14
5460	23
5461	10
5462	23
5463	13
5464	17
5465	16
5466	17
5467	18
5468	21
5469	11
5470	16
5471	11
5472	16
5473	19
5474	22
5475	16
5476	22
5477	15
5478	25
5479	23
5480	15
5481	14
5482	18
5483	17
5484	20
5485	15
5486	31
5487	11
5488	20
5489	14
5490	14
5491	23
5492	15
5493	21
5494	19
5495	15
5496	17
5497	10
5498	20
5499	17
5500	9
5501	17
5502	12
5503	26
5504	26
5505	15
5506	13
5507	10
5508	17
5509	8
5510	17
5511	16
5512	16
5513	15
5514	18
5515	26
5516	19
5517	12
5518	18
5519	15
5520	17
5521	12
5522	14
5523	14
5524	9
5525	17
5526	16
5527	24
5528	19
5529	18
5530	23
5531	18
5532	16
5533	12
5534	17
5535	13
5536	14
5537	18
5538	12
5539	19
5540	19
5541	15
5542	16
5543	15
5544	13
5545	26
5546	23
5547	9
5548	24
5549	18
5550	19
5551	18
5552	18
5553	10
5554	14
5555	20
5556	14
5557	12
5558	11
5559	15
5560	16
5561	18
5562	19
5563	7
5564	14
5565	18
5566	14
5567	24
5568	21
5569	16
5570	19
5571	21
5572	17
5573	26
5574	15
5575	11
5576	14
5577	15
5578	14
5579	19
5580	18
5581	17
5582	12
5583	11
5584	22
5585	19
5586	18
5587	13
5588	21
5589	14
5590	17
5591	15
5592	15
5593	12
5594	25
5595	24
5596	14
5597	13
5598	16
5599	18
5600	17
5601	17
5602	24
5603	21
5604	14
5605	17
5606	17
5607	12
5608	21
5609	15
5610	16
5611	18
5612	15
5613	15
5614	14
5615	16
5616	20
5617	8
5618	14
5619	18
5620	15
5621	21
5622	18
5623	17
5624	21
5625	13
5626	22
5627	12
5628	18
5629	18
5630	16
5631	16
5632	25
5633	18
5634	16
5635	18
5636	14
5637	17
5638	14
5639	11
5640	15
5641	15
5642	16
5643	13
5644	24
5645	18
5646	17
5647	22
5648	19
5649	19
5650	24
5651	14
5652	12
5653	22
5654	14
5655	16
5656	18
5657	10
5658	18
5659	15
5660	26
5661	17
5662	19
5663	14
5664	15
5665	14
5666	18
5667	16
5668	19
5669	22
5670	20
5671	13
5672	11
5673	15
5674	17
5675	14
5676	18
5677	11
5678	11
5679	15
5680	19
5681	12
5682	13
5683	20
5684	21
5685	16
5686	11
5687	27
5688	19
5689	16
5690	22
5691	20
5692	20
5693	15
5694	11
5695	15
5696	16
5697	10
5698	18
5699	16
5700	19
5701	24
5702	16
5703	16
5704	9
5705	22
5706	16
5707	15
5708	15
5709	18
5710	23
5711	13
5712	19
5713	24
5714	14
5715	23
5716	19
5717	19
5718	16
5719	23
5720	12
5721	16
5722	14
5723	17
5724	17
5725	19
5726	19
5727	17
5728	19
5729	16
5730	20
5731	13
5732	14
5733	15
5734	17
5735	14
5736	22
5737	16
5738	19
5739	21
5740	19
5741	19
5742	13
5743	18
5744	19
5745	13
5746	18
5747	17
5748	22
5749	14
5750	19
5751	18
5752	14
5753	19
5754	18
5755	14
5756	20
5757	22
5758	17
5759	14
5760	19
5761	23
5762	18
5763	17
5764	23
5765	17
5766	14
5767	21
5768	18
5769	15
5770	14
5771	16
5772	15
5773	19
5774	10
5775	22
5776	12
5777	13
5778	11
5779	15
5780	14
5781	24
5782	22
5783	16
5784	23
5785	20
5786	26
5787	18
5788	17
5789	13
5790	22
5791	24
5792	16
5793	6
5794	13
5795	23
5796	14
5797	22
5798	18
5799	23
5800	15
5801	17
5802	15
5803	21
5804	18
5805	13
5806	18
5807	14
5808	18
5809	18
5810	23
5811	20
5812	10
5813	15
5814	25
5815	16
5816	22
5817	13
5818	24
5819	28
5820	15
5821	25
5822	23
5823	11
5824	19
5825	13
5826	17
5827	22
5828	30
5829	27
5830	20
5831	20
5832	25
5833	15
5834	24
5835	20
5836	15
5837	18
5838	17
5839	16
5840	13
5841	13
5842	18
5843	23
5844	22
5845	20
5846	20
5847	18
5848	18
5849	16
5850	12
5851	24
5852	20
5853	16
5854	21
5855	29
5856	15
5857	18
5858	18
5859	22
5860	13
5861	15
5862	24
5863	25
5864	16
5865	30
5866	28
5867	15
5868	17
5869	27
5870	21
5871	23
5872	16
5873	22
5874	15
5875	19
5876	24
5877	22
5878	17
5879	22
5880	18
5881	13
5882	16
5883	15
5884	12
5885	19
5886	15
5887	22
5888	18
5889	15
5890	33
5891	21
5892	16
5893	21
5894	20
5895	23
5896	18
5897	14
5898	18
5899	25
5900	19
5901	18
5902	15
5903	18
5904	18
5905	21
5906	29
5907	24
5908	19
5909	19
5910	20
5911	22
5912	19
5913	14
5914	16
5915	13
5916	25
5917	12
5918	30
5919	24
5920	24
5921	26
5922	21
5923	14
5924	18
5925	20
5926	16
5927	21
5928	26
5929	28
5930	18
5931	23
5932	20
5933	17
5934	26
5935	18
5936	27
5937	23
5938	23
5939	24
5940	28
5941	18
5942	30
5943	17
5944	29
5945	26
5946	28
5947	30
5948	18
5949	23
5950	19
5951	23
5952	25
5953	27
5954	18
5955	15
5956	24
5957	28
5958	27
5959	23
5960	31
5961	21
5962	25
5963	23
5964	28
5965	24
5966	25
5967	24
5968	27
5969	17
5970	20
5971	20
5972	22
5973	26
5974	19
5975	28
5976	25
5977	29
5978	27
5979	25
5980	25
5981	25
5982	33
5983	32
5984	21
5985	28
5986	24
5987	23
5988	28
5989	28
5990	37
5991	27
5992	36
5993	33
5994	28
5995	23
5996	20
5997	27
5998	38
5999	26
6000	33
6001	25
6002	28
6003	27
6004	29
6005	33
6006	20
6007	23
6008	19
6009	36
6010	33
6011	27
6012	29
6013	20
6014	37
6015	31
6016	31
6017	25
6018	34
6019	39
6020	27
6021	28
6022	28
6023	43
6024	36
6025	38
6026	42
6027	31
6028	38
6029	35
6030	35
6031	39
6032	41
6033	27
6034	42
6035	38
6036	36
6037	41
6038	29
6039	26
6040	41
6041	33
6042	48
6043	42
6044	41
6045	45
6046	33
6047	45
6048	34
6049	35
6050	37
6051	38
6052	45
6053	33
6054	43
6055	48
6056	35
6057	39
6058	48
6059	47
6060	44
6061	43
6062	41
6063	33
6064	44
6065	46
6066	41
6067	48
6068	49
6069	60
6070	38
6071	48
6072	60
6073	47
6074	41
6075	56
6076	44
6077	50
6078	51
6079	47
6080	47
6081	59
6082	45
6083	46
6084	58
6085	55
6086	53
6087	49
6088	39
6089	55
6090	65
6091	49
6092	38
6093	61
6094	45
6095	58
6096	43
6097	57
6098	57
6099	58
6100	48
6101	54
6102	54
6103	52
6104	58
6105	57
6106	66
6107	66
6108	65
6109	57
6110	63
6111	71
6112	59
6113	61
6114	70
6115	61
6116	82
6117	55
6118	58
6119	73
6120	61
6121	75
6122	82
6123	66
6124	75
6125	80
6126	76
6127	71
6128	74
6129	90
6130	63
6131	71
6132	82
6133	68
6134	82
6135	70
6136	77
6137	79
6138	89
6139	65
6140	80
6141	80
6142	69
6143	90
6144	91
6145	73
6146	87
6147	83
6148	75
6149	70
6150	93
6151	82
6152	80
6153	97
6154	91
6155	87
6156	84
6157	93
6158	94
6159	84
6160	105
6161	88
6162	68
6163	89
6164	85
6165	101
6166	92
6167	116
6168	94
6169	102
6170	72
6171	105
6172	92
6173	89
6174	93
6175	97
6176	94
6177	114
6178	97
6179	92
6180	106
6181	85
6182	111
6183	95
6184	106
6185	104
6186	112
6187	111
6188	98
6189	118
6190	99
6191	100
6192	93
6193	104
6194	110
6195	114
6196	101
6197	122
6198	107
6199	107
6200	133
6201	107
6202	93
6203	108
6204	113
6205	118
6206	119
6207	126
6208	103
6209	100
6210	130
6211	116
6212	124
6213	114
6214	124
6215	139
6216	122
6217	120
6218	120
6219	116
6220	126
6221	163
6222	119
6223	128
6224	139
6225	129
6226	130
6227	129
6228	127
6229	140
6230	130
6231	133
6232	126
6233	118
6234	131
6235	126
6236	141
6237	149
6238	142
6239	160
6240	132
6241	133
6242	145
6243	156
6244	157
6245	146
6246	165
6247	173
6248	174
6249	140
6250	177
6251	157
6252	155
6253	153
6254	147
6255	174
6256	152
6257	151
6258	167
6259	164
6260	160
6261	160
6262	152
6263	177
6264	189
6265	164
6266	170
6267	152
6268	162
6269	154
6270	173
6271	187
6272	160
6273	189
6274	175
6275	169
6276	178
6277	166
6278	158
6279	181
6280	173
6281	199
6282	193
6283	206
6284	172
6285	189
6286	172
6287	193
6288	207
6289	173
6290	185
6291	203
6292	189
6293	176
6294	197
6295	203
6296	215
6297	186
6298	202
6299	207
6300	195
6301	201
6302	199
6303	200
6304	207
6305	196
6306	222
6307	218
6308	222
6309	201
6310	194
6311	214
6312	215
6313	181
6314	195
6315	210
6316	216
6317	199
6318	214
6319	202
6320	240
6321	209
6322	251
6323	226
6324	248
6325	247
6326	236
6327	209
6328	218
6329	218
6330	210
6331	226
6332	249
6333	226
6334	186
6335	210
6336	235
6337	219
6338	216
6339	236
6340	229
6341	216
6342	248
6343	255
6344	231
6345	223
6346	225
6347	250
6348	243
6349	257
6350	254
6351	256
6352	242
6353	268
6354	239
6355	254
6356	244
6357	261
6358	256
6359	255
6360	252
6361	278
6362	246
6363	227
6364	279
6365	258
6366	252
6367	255
6368	255
6369	258
6370	239
6371	246
6372	278
6373	275
6374	266
6375	262
6376	282
6377	272
6378	274
6379	262
6380	282
6381	259
6382	277
6383	262
6384	264
6385	273
6386	271
6387	254
6388	280
6389	278
6390	281
6391	278
6392	282
6393	263
6394	263
6395	288
6396	271
6397	275
6398	262
6399	281
6400	302
6401	319
6402	267
6403	289
6404	289
6405	310
6406	315
6407	305
6408	271
6409	287
6410	327
6411	306
6412	287
6413	306
6414	278
6415	320
6416	304
6417	272
6418	326
6419	286
6420	291
6421	294
6422	287
6423	288
6424	330
6425	310
6426	300
6427	310
6428	299
6429	317
6430	297
6431	292
6432	308
6433	292
6434	308
6435	320
6436	336
6437	344
6438	333
6439	323
6440	321
6441	290
6442	314
6443	299
6444	355
6445	333
6446	313
6447	310
6448	331
6449	344
6450	343
6451	329
6452	317
6453	321
6454	339
6455	304
6456	341
6457	334
6458	320
6459	320
6460	322
6461	325
6462	305
6463	337
6464	344
6465	339
6466	360
6467	287
6468	319
6469	328
6470	334
6471	325
6472	376
6473	373
6474	349
6475	307
6476	313
6477	344
6478	355
6479	343
6480	324
6481	349
6482	344
6483	324
6484	375
6485	366
6486	392
6487	310
6488	311
6489	356
6490	360
6491	349
6492	332
6493	349
6494	347
6495	375
6496	333
6497	343
6498	364
6499	364
6500	326
6501	331
6502	356
6503	366
6504	322
6505	331
6506	352
6507	343
6508	333
6509	357
6510	356
6511	358
6512	367
6513	333
6514	321
6515	365
6516	319
6517	323
6518	341
6519	334
6520	339
6521	348
6522	342
6523	315
6524	371
6525	359
6526	358
6527	348
6528	364
6529	338
6530	343
6531	346
6532	340
6533	335
6534	321
6535	348
6536	351
6537	360
6538	345
6539	366
6540	343
6541	360
6542	397
6543	379
6544	309
6545	327
6546	372
6547	326
6548	331
6549	380
6550	336
6551	367
6552	366
6553	374
6554	366
6555	360
6556	376
6557	393
6558	369
6559	359
6560	382
6561	310
6562	342
6563	330
6564	354
6565	348
6566	344
6567	339
6568	315
6569	338
6570	362
6571	341
6572	345
6573	315
6574	340
6575	350
6576	366
6577	347
6578	375
6579	365
6580	309
6581	307
6582	344
6583	315
6584	356
6585	377
6586	315
6587	324
6588	351
6589	302
6590	357
6591	344
6592	348
6593	362
6594	313
6595	357
6596	332
6597	303
6598	357
6599	321
6600	338
6601	321
6602	318
6603	322
6604	334
6605	329
6606	302
6607	320
6608	318
6609	351
6610	304
6611	347
6612	332
6613	322
6614	327
6615	340
6616	296
6617	310
6618	323
6619	282
6620	324
6621	317
6622	322
6623	331
6624	326
6625	336
6626	296
6627	325
6628	344
6629	321
6630	315
6631	294
6632	318
6633	324
6634	330
6635	319
6636	341
6637	290
6638	310
6639	317
6640	282
6641	324
6642	317
6643	316
6644	320
6645	300
6646	280
6647	300
6648	308
6649	280
6650	305
6651	288
6652	308
6653	287
6654	302
6655	315
6656	297
6657	297
6658	323
6659	290
6660	291
6661	275
6662	285
6663	291
6664	291
6665	294
6666	310
6667	286
6668	286
6669	281
6670	294
6671	283
6672	305
6673	270
6674	280
6675	291
6676	301
6677	241
6678	287
6679	287
6680	284
6681	290
6682	252
6683	250
6684	293
6685	281
6686	272
6687	265
6688	237
6689	280
6690	241
6691	251
6692	245
6693	252
6694	241
6695	238
6696	247
6697	244
6698	264
6699	258
6700	268
6701	265
6702	243
6703	244
6704	262
6705	271
6706	250
6707	261
6708	281
6709	212
6710	221
6711	238
6712	219
6713	271
6714	233
6715	231
6716	242
6717	238
6718	256
6719	268
6720	237
6721	217
6722	233
6723	219
6724	254
6725	235
6726	234
6727	209
6728	217
6729	224
6730	223
6731	220
6732	234
6733	228
6734	224
6735	223
6736	210
6737	199
6738	194
6739	204
6740	197
6741	242
6742	200
6743	209
6744	206
6745	204
6746	207
6747	216
6748	215
6749	210
6750	220
6751	185
6752	185
6753	213
6754	190
6755	202
6756	213
6757	201
6758	199
6759	195
6760	194
6761	196
6762	183
6763	200
6764	210
6765	195
6766	178
6767	193
6768	168
6769	181
6770	186
6771	187
6772	173
6773	163
6774	158
6775	188
6776	155
6777	184
6778	152
6779	195
6780	172
6781	172
6782	179
6783	186
6784	165
6785	175
6786	146
6787	171
6788	172
6789	176
6790	151
6791	151
6792	141
6793	155
6794	158
6795	134
6796	151
6797	139
6798	157
6799	149
6800	142
6801	135
6802	155
6803	158
6804	142
6805	150
6806	142
6807	152
6808	129
6809	137
6810	155
6811	135
6812	141
6813	122
6814	140
6815	128
6816	121
6817	139
6818	143
6819	148
6820	132
6821	116
6822	125
6823	125
6824	112
6825	102
6826	115
6827	142
6828	118
6829	112
6830	111
6831	130
6832	116
6833	134
6834	109
6835	110
6836	109
6837	128
6838	121
6839	110
6840	133
6841	101
6842	96
6843	116
6844	103
6845	111
6846	99
6847	125
6848	116
6849	121
6850	91
6851	117
6852	123
6853	101
6854	77
6855	94
6856	84
6857	110
6858	118
6859	109
6860	106
6861	82
6862	96
6863	90
6864	81
6865	90
6866	84
6867	103
6868	102
6869	88
6870	84
6871	83
6872	82
6873	110
6874	93
6875	101
6876	74
6877	99
6878	92
6879	83
6880	103
6881	81
6882	95
6883	80
6884	98
6885	86
6886	80
6887	70
6888	62
6889	107
6890	87
6891	74
6892	68
6893	77
6894	82
6895	75
6896	79
6897	75
6898	70
6899	88
6900	63
6901	73
6902	54
6903	82
6904	80
6905	76
6906	71
6907	76
6908	58
6909	65
6910	61
6911	59
6912	71
6913	76
6914	63
6915	65
6916	73
6917	49
6918	50
6919	54
6920	52
6921	66
6922	63
6923	54
6924	62
6925	55
6926	57
6927	56
6928	55
6929	55
6930	80
6931	51
6932	49
6933	62
6934	58
6935	58
6936	48
6937	56
6938	61
6939	52
6940	37
6941	63
6942	45
6943	52
6944	56
6945	51
6946	49
6947	47
6948	47
6949	50
6950	43
6951	47
6952	50
6953	40
6954	45
6955	58
6956	54
6957	51
6958	56
6959	47
6960	45
6961	48
6962	37
6963	37
6964	42
6965	30
6966	41
6967	12
6968	5
6969	2
6970	0
6971	0
6972	0
6973	0
6974	0
6975	2
6976	0
6977	1
6978	3
6979	0
6980	1
6981	1
6982	0
6983	0
6984	0
6985	0
6986	0
6987	1
6988	0
6989	0
6990	0
6991	1
6992	0
6993	0
6994	0
6995	0
6996	0
6997	0
6998	0
6999	0
7000	1
7001	0
7002	0
7003	0
7004	0
7005	1
7006	0
7007	0
7008	0
7009	0
7010	1
7011	0
7012	0
7013	1
7014	0
7015	0
7016	0
7017	0
7018	0
7019	0
7020	0
7021	1
7022	1
7023	0
7024	0
7025	0
7026	0
7027	0
7028	0
7029	0
7030	0
7031	0
7032	1
7033	1
7034	0
7035	0
7036	0
7037	0
7038	0
7039	0
7040	0
7041	0
7042	0
7043	0
7044	0
7045	0
7046	0
7047	0
7048	0
7049	0
7050	0
7051	0
7052	0
7053	0
7054	0
7055	0
7056	0
7057	0
7058	0
7059	0
7060	0
7061	0
7062	0
7063	0
7064	0
7065	0
7066	0
7067	0
7068	0
7069	0
7070	0
7071	0
7072	0
7073	0
7074	0
7075	0
7076	1
7077	0
7078	0
7079	0
7080	0
7081	0
7082	0
7083	0
7084	0
7085	0
7086	0
7087	0
7088	0
7089	0
7090	0
7091	1
7092	0
7093	0
7094	0
7095	0
7096	0
7097	0
7098	0
7099	0
7100	0
7101	0
7102	0
7103	0
7104	0
7105	0
7106	0
7107	0
7108	0
7109	0
7110	0
7111	0
7112	0
7113	0
7114	0
7115	0
7116	0
7117	0
7118	0
7119	0
7120	0
7121	0
7122	0
7123	0
7124	0
7125	0
7126	0
7127	0
7128	0
7129	0
7130	0
7131	0
7132	0
7133	0
7134	0
7135	0
7136	0
7137	0
7138	0
7139	0
7140	0
7141	0
7142	0
7143	0
7144	0
7145	0
7146	0
7147	0
7148	0
7149	0
7150	0
7151	0
7152	0
7153	0
7154	0
7155	0
7156	0
7157	0
7158	0
7159	0
7160	0
7161	0
7162	0
7163	0
7164	0
7165	0
7166	0
7167	0
7168	0
7169	0
7170	0
7171	0
7172	0
7173	0
7174	0
7175	0
7176	0
7177	0
7178	0
7179	0
7180	0
7181	0
7182	0
7183	0
7184	0
7185	0
7186	0
7187	0
7188	0
7189	0
7190	0
7191	0
7192	0
7193	0
7194	0
7195	0
7196	0
7197	0
7198	0
7199	0
7200	0
7201	0
7202	0
7203	0
7204	0
7205	0
7206	0
7207	0
7208	0
7209	0
7210	0
7211	0
7212	0
7213	0
7214	0
7215	0
7216	0
7217	0
7218	0
7219	0
7220	0
7221	0
7222	0
7223	0
7224	0
7225	0
7226	0
7227	0
7228	0
7229	0
7230	0
7231	0
7232	0
7233	0
7234	0
7235	0
7236	0
7237	0
7238	0
7239	0
7240	0
7241	0
7242	0
7243	0
7244	0
7245	0
7246	0
7247	0
7248	0
7249	0
7250	0
7251	0
7252	0
7253	0
7254	0
7255	0
7256	0
7257	0
7258	0
7259	0
7260	0
7261	0
7262	0
7263	0
7264	0
7265	0
7266	0
7267	0
7268	0
7269	0
7270	0
7271	0
7272	0
7273	0
7274	0
7275	0
7276	0
7277	0
7278	0
7279	0
7280	0
7281	0
7282	0
7283	0
7284	0
7285	0
7286	0
7287	0
7288	0
7289	0
7290	0
7291	0
7292	0
7293	0
7294	0
7295	0
7296	0
7297	0
7298	0
7299	0
7300	0
7301	0
7302	0
7303	0
7304	0
7305	0
7306	0
7307	0
7308	0
7309	0
7310	0
7311	0
7312	0
7313	0
7314	0
7315	0
7316	0
7317	0
7318	0
7319	0
7320	0
7321	0
7322	0
7323	0
7324	0
7325	0
7326	0
7327	0
7328	0
7329	0
7330	0
7331	0
7332	0
7333	0
7334	0
7335	0
7336	0
7337	0
7338	0
7339	0
7340	0
7341	0
7342	0
7343	0
7344	0
7345	0
7346	0
7347	0
7348	0
7349	0
7350	0
7351	0
7352	0
7353	0
7354	0
7355	0
7356	0
7357	0
7358	0
7359	0
7360	0
7361	0
7362	0
7363	0
7364	0
7365	0
7366	0
7367	0
7368	0
7369	0
7370	0
7371	0
7372	0
7373	0
7374	0
7375	0
7376	0
7377	0
7378	0
7379	0
7380	0
7381	0
7382	0
7383	0
7384	0
7385	0
7386	0
7387	0
7388	0
7389	0
7390	0
7391	0
7392	0
7393	0
7394	0
7395	0
7396	0
7397	0
7398	0
7399	0
7400	0
7401	0
7402	0
7403	0
7404	0
7405	0
7406	0
7407	0
7408	0
7409	0
7410	0
7411	0
7412	0
7413	0
7414	0
7415	0
7416	0
7417	0
7418	0
7419	0
7420	0
7421	0
7422	0
7423	0
7424	0
7425	0
7426	0
7427	0
7428	0
7429	0
7430	0
7431	0
7432	0
7433	0
7434	0
7435	0
7436	0
7437	0
7438	0
7439	0
7440	0
7441	0
7442	0
7443	0
7444	0
7445	0
7446	0
7447	0
7448	0
7449	0
7450	0
7451	0
7452	0
7453	0
7454	0
7455	0
7456	0
7457	0
7458	0
7459	0
7460	0
7461	0
7462	0
7463	0
7464	0
7465	0
7466	0
7467	0
7468	0
7469	0
7470	0
7471	0
7472	0
7473	0
7474	0
7475	0
7476	0
7477	0
7478	0
7479	0
7480	0
7481	0
7482	0
7483	0
7484	0
7485	0
7486	0
7487	0
7488	0
7489	0
7490	0
7491	0
7492	0
7493	0
7494	0
7495	0
7496	0
7497	0
7498	0
7499	0
7500	0
7501	0
7502	0
7503	0
7504	0
7505	0
7506	0
7507	0
7508	0
7509	0
7510	0
7511	0
7512	0
7513	0
7514	0
7515	0
7516	0
7517	0
7518	0
7519	0
7520	0
7521	0
7522	0
7523	0
7524	0
7525	0
7526	0
7527	0
7528	0
7529	0
7530	0
7531	0
7532	0
7533	0
7534	0
7535	0
7536	0
7537	0
7538	0
7539	0
7540	0
7541	0
7542	0
7543	0
7544	0
7545	0
7546	0
7547	0
7548	0
7549	0
7550	0
7551	0
7552	0
7553	0
7554	0
7555	0
7556	0
7557	0
7558	0
7559	0
7560	0
7561	0
7562	0
7563	0
7564	0
7565	0
7566	0
7567	0
7568	0
7569	0
7570	0
7571	0
7572	0
7573	0
7574	0
7575	0
7576	0
7577	0
7578	0
7579	0
7580	0
7581	0
7582	0
7583	0
7584	0
7585	0
7586	0
7587	0
7588	0
7589	0
7590	0
7591	0
7592	0
7593	0
7594	0
7595	0
7596	0
7597	0
7598	0
7599	0
7600	0
7601	0
7602	0
7603	0
7604	0
7605	0
7606	0
7607	0
7608	0
7609	0
7610	0
7611	0
7612	0
7613	0
7614	0
7615	0
7616	0
7617	0
7618	0
7619	0
7620	0
7621	0
7622	0
7623	0
7624	0
7625	0
7626	0
7627	0
7628	0
7629	0
7630	0
7631	0
7632	0
7633	0
7634	0
7635	0
7636	0
7637	0
7638	0
7639	0
7640	0
7641	0
7642	0
7643	0
7644	0
7645	0
7646	0
7647	0
7648	0
7649	0
7650	0
7651	0
7652	0
7653	0
7654	0
7655	0
7656	0
7657	0
7658	0
7659	0
7660	0
7661	0
7662	0
7663	0
7664	0
7665	0
7666	0
7667	0
7668	0
7669	0
7670	0
7671	0
7672	0
7673	0
7674	0
7675	0
7676	0
7677	0
7678	0
7679	0
7680	0
7681	0
7682	0
7683	0
7684	0
7685	0
7686	0
7687	0
7688	0
7689	0
7690	0
7691	0
7692	0
7693	0
7694	0
7695	0
7696	0
7697	0
7698	0
7699	0
7700	0
7701	0
7702	0
7703	0
7704	0
7705	0
7706	0
7707	0
7708	0
7709	0
7710	0
7711	0
7712	0
7713	0
7714	0
7715	0
7716	0
7717	0
7718	0
7719	0
7720	0
7721	0
7722	0
7723	0
7724	0
7725	0
7726	0
7727	0
7728	0
7729	0
7730	0
7731	0
7732	0
7733	0
7734	0
7735	0
7736	0
7737	0
7738	0
7739	0
7740	0
7741	0
7742	0
7743	0
7744	0
7745	0
7746	0
7747	0
7748	0
7749	0
7750	0
7751	0
7752	0
7753	0
7754	0
7755	0
7756	0
7757	0
7758	0
7759	0
7760	0
7761	0
7762	0
7763	0
7764	0
7765	0
7766	0
7767	0
7768	0
7769	0
7770	0
7771	0
7772	0
7773	0
7774	0
7775	0
7776	0
7777	0
7778	0
7779	0
7780	0
7781	0
7782	0
7783	0
7784	0
7785	0
7786	0
7787	0
7788	0
7789	0
7790	0
7791	0
7792	0
7793	0
7794	0
7795	0
7796	0
7797	0
7798	0
7799	0
7800	0
7801	0
7802	0
7803	0
7804	0
7805	0
7806	0
7807	0
7808	0
7809	0
7810	0
7811	0
7812	0
7813	0
7814	0
7815	0
7816	0
7817	0
7818	0
7819	0
7820	0
7821	0
7822	0
7823	0
7824	0
7825	0
7826	0
7827	0
7828	0
7829	0
7830	0
7831	0
7832	0
7833	0
7834	0
7835	0
7836	0
7837	0
7838	0
7839	0
7840	0
7841	0
7842	0
7843	0
7844	0
7845	0
7846	0
7847	0
7848	0
7849	0
7850	0
7851	0
7852	0
7853	0
7854	0
7855	0
7856	0
7857	0
7858	0
7859	0
7860	0
7861	0
7862	0
7863	0
7864	0
7865	0
7866	0
7867	0
7868	0
7869	0
7870	0
7871	0
7872	0
7873	0
7874	0
7875	0
7876	0
7877	0
7878	0
7879	0
7880	0
7881	0
7882	0
7883	0
7884	0
7885	0
7886	0
7887	0
7888	0
7889	0
7890	0
7891	0
7892	0
7893	0
7894	0
7895	0
7896	0
7897	0
7898	0
7899	0
7900	0
7901	0
7902	0
7903	0
7904	0
7905	0
7906	0
7907	0
7908	0
7909	0
7910	0
7911	0
7912	0
7913	0
7914	0
7915	0
7916	0
7917	0
7918	0
7919	0
7920	0
7921	0
7922	0
7923	0
7924	0
7925	0
7926	0
7927	0
7928	0
7929	0
7930	0
7931	0
7932	0
7933	0
7934	0
7935	0
7936	0
7937	0
7938	0
7939	0
7940	0
7941	0
7942	0
7943	0
7944	0
7945	0
7946	0
7947	0
7948	0
7949	0
7950	0
7951	0
7952	0
7953	0
7954	0
7955	0
7956	0
7957	0
7958	0
7959	0
7960	0
7961	0
7962	0
7963	0
7964	0
7965	0
7966	0
7967	0
7968	0
7969	0
7970	0
7971	0
7972	0
7973	0
7974	0
7975	0
7976	0
7977	0
7978	0
7979	0
7980	0
7981	0
7982	0
7983	0
7984	0
7985	0
7986	0
7987	0
7988	0
7989	0
7990	0
7991	0
7992	0
7993	0
7994	0
7995	0
7996	0
7997	0
7998	0
7999	0
8000	0
8001	0
8002	0
8003	0
8004	0
8005	0
8006	0
8007	0
8008	0
8009	0
8010	0
8011	0
8012	0
8013	0
8014	0
8015	0
8016	0
8017	0
8018	0
8019	0
8020	0
8021	0
8022	0
8023	0
8024	0
8025	0
8026	0
8027	0
8028	0
8029	0
8030	0
8031	0
8032	0
8033	0
8034	0
8035	0
8036	0
8037	0
8038	0
8039	0
8040	0
8041	0
8042	0
8043	0
8044	0
8045	0
8046	0
8047	0
8048	0
8049	0
8050	0
8051	0
8052	0
8053	0
8054	0
8055	0
8056	0
8057	0
8058	0
8059	0
8060	0
8061	0
8062	0
8063	0
8064	0
8065	0
8066	0
8067	0
8068	0
8069	0
8070	0
8071	0
8072	0
8073	0
8074	0
8075	0
8076	0
8077	0
8078	0
8079	0
8080	0
8081	0
8082	0
8083	0
8084	0
8085	0
8086	0
8087	0
8088	0
8089	0
8090	0
8091	0
8092	0
8093	0
8094	0
8095	0
8096	0
8097	0
8098	0
8099	0
8100	0
8101	0
8102	0
8103	0
8104	0
8105	0
8106	0
8107	0
8108	0
8109	0
8110	0
8111	0
8112	0
8113	0
8114	0
8115	0
8116	0
8117	0
8118	0
8119	0
8120	0
8121	0
8122	0
8123	0
8124	0
8125	0
8126	0
8127	0
8128	0
8129	0
8130	0
8131	0
8132	0
8133	0
8134	0
8135	0
8136	0
8137	0
8138	0
8139	0
8140	0
8141	0
8142	0
8143	0
8144	0
8145	0
8146	0
8147	0
8148	0
8149	0
8150	0
8151	0
8152	0
8153	0
8154	0
8155	0
8156	0
8157	0
8158	0
8159	0
8160	0
8161	0
8162	0
8163	0
8164	0
8165	0
8166	0
8167	0
8168	0
8169	0
8170	0
8171	0
8172	0
8173	0
8174	0
8175	0
8176	0
8177	0
8178	0
8179	0
8180	0
8181	0
8182	0
8183	0
8184	0
8185	0
8186	0
8187	0
8188	0
8189	0
8190	0
8191	0
