0	0
1	0
2	0
3	0
4	0
5	0
6	0
7	0
8	0
9	0
10	0
11	0
12	0
13	0
14	0
15	0
16	0
17	0
18	0
19	0
20	0
21	0
22	0
23	0
24	0
25	0
26	0
27	0
28	0
29	0
30	0
31	0
32	0
33	0
34	0
35	0
36	0
37	0
38	0
39	0
40	0
41	0
42	0
43	0
44	0
45	0
46	0
47	3
48	0
49	2
50	2
51	1
52	0
53	0
54	1
55	2
56	1
57	2
58	3
59	0
60	2
61	0
62	0
63	0
64	2
65	2
66	1
67	1
68	0
69	0
70	0
71	2
72	1
73	1
74	1
75	2
76	2
77	4
78	1
79	2
80	1
81	4
82	1
83	2
84	1
85	1
86	0
87	1
88	0
89	3
90	2
91	4
92	4
93	2
94	1
95	2
96	4
97	2
98	2
99	3
100	2
101	1
102	0
103	4
104	5
105	2
106	2
107	3
108	2
109	0
110	0
111	1
112	1
113	1
114	4
115	1
116	1
117	2
118	1
119	0
120	3
121	0
122	3
123	0
124	0
125	2
126	2
127	1
128	2
129	1
130	2
131	2
132	0
133	1
134	4
135	1
136	1
137	3
138	1
139	0
140	3
141	0
142	4
143	1
144	1
145	3
146	4
147	0
148	1
149	1
150	1
151	2
152	3
153	4
154	1
155	3
156	2
157	6
158	0
159	0
160	1
161	0
162	2
163	2
164	5
165	3
166	4
167	3
168	1
169	3
170	2
171	3
172	4
173	3
174	2
175	1
176	2
177	1
178	0
179	1
180	2
181	1
182	1
183	2
184	3
185	3
186	1
187	0
188	0
189	1
190	1
191	1
192	3
193	3
194	0
195	1
196	3
197	6
198	7
199	2
200	3
201	2
202	3
203	3
204	5
205	4
206	3
207	3
208	0
209	0
210	2
211	3
212	1
213	1
214	1
215	3
216	0
217	0
218	0
219	5
220	1
221	2
222	0
223	2
224	6
225	5
226	2
227	0
228	0
229	6
230	2
231	0
232	1
233	5
234	3
235	0
236	2
237	1
238	3
239	3
240	1
241	2
242	3
243	3
244	1
245	2
246	3
247	0
248	3
249	2
250	4
251	4
252	3
253	2
254	4
255	4
256	1
257	2
258	3
259	2
260	2
261	3
262	2
263	2
264	2
265	1
266	4
267	2
268	0
269	2
270	2
271	1
272	4
273	2
274	1
275	1
276	1
277	3
278	2
279	3
280	0
281	2
282	2
283	1
284	2
285	2
286	1
287	3
288	0
289	1
290	4
291	1
292	1
293	2
294	4
295	3
296	1
297	3
298	1
299	3
300	1
301	2
302	1
303	1
304	4
305	4
306	0
307	0
308	0
309	3
310	4
311	0
312	3
313	0
314	6
315	3
316	0
317	1
318	0
319	1
320	0
321	1
322	3
323	1
324	3
325	2
326	4
327	2
328	0
329	1
330	1
331	3
332	4
333	0
334	4
335	2
336	1
337	2
338	4
339	0
340	4
341	3
342	2
343	1
344	0
345	2
346	2
347	2
348	0
349	1
350	2
351	3
352	2
353	0
354	2
355	2
356	5
357	3
358	6
359	2
360	3
361	2
362	1
363	0
364	1
365	5
366	0
367	1
368	4
369	1
370	2
371	3
372	4
373	3
374	1
375	1
376	3
377	3
378	2
379	1
380	0
381	0
382	6
383	3
384	1
385	0
386	5
387	3
388	2
389	3
390	0
391	3
392	3
393	2
394	1
395	1
396	3
397	3
398	1
399	3
400	3
401	1
402	5
403	2
404	2
405	2
406	6
407	3
408	4
409	3
410	2
411	1
412	2
413	0
414	7
415	1
416	2
417	6
418	0
419	4
420	2
421	0
422	3
423	0
424	0
425	2
426	0
427	4
428	4
429	0
430	1
431	4
432	1
433	3
434	2
435	2
436	1
437	0
438	1
439	6
440	7
441	1
442	5
443	4
444	2
445	4
446	2
447	0
448	1
449	4
450	1
451	0
452	3
453	3
454	5
455	2
456	1
457	2
458	1
459	5
460	6
461	1
462	2
463	4
464	3
465	0
466	4
467	2
468	4
469	5
470	4
471	0
472	3
473	7
474	4
475	3
476	3
477	4
478	2
479	3
480	2
481	5
482	5
483	5
484	3
485	1
486	4
487	4
488	4
489	2
490	3
491	3
492	3
493	1
494	5
495	3
496	1
497	3
498	3
499	1
500	5
501	6
502	0
503	4
504	4
505	2
506	4
507	4
508	7
509	2
510	3
511	6
512	4
513	2
514	3
515	4
516	1
517	2
518	0
519	3
520	1
521	4
522	1
523	3
524	6
525	6
526	8
527	2
528	6
529	5
530	2
531	4
532	3
533	7
534	6
535	5
536	3
537	1
538	1
539	2
540	4
541	5
542	5
543	3
544	5
545	4
546	1
547	8
548	7
549	4
550	7
551	1
552	3
553	5
554	3
555	4
556	6
557	5
558	4
559	2
560	1
561	4
562	4
563	4
564	7
565	8
566	2
567	6
568	6
569	3
570	5
571	6
572	3
573	6
574	4
575	5
576	1
577	6
578	4
579	4
580	4
581	3
582	2
583	2
584	6
585	4
586	3
587	5
588	7
589	3
590	6
591	6
592	3
593	9
594	3
595	2
596	8
597	2
598	8
599	6
600	3
601	5
602	1
603	2
604	9
605	2
606	5
607	5
608	6
609	5
610	6
611	6
612	1
613	12
614	6
615	8
616	6
617	7
618	2
619	5
620	1
621	6
622	8
623	6
624	4
625	10
626	2
627	6
628	6
629	7
630	5
631	7
632	11
633	7
634	5
635	5
636	4
637	1
638	6
639	1
640	6
641	5
642	7
643	12
644	7
645	6
646	9
647	7
648	9
649	9
650	3
651	14
652	8
653	11
654	7
655	10
656	7
657	11
658	13
659	8
660	5
661	6
662	11
663	12
664	13
665	7
666	7
667	9
668	10
669	4
670	10
671	11
672	7
673	15
674	13
675	12
676	7
677	7
678	11
679	10
680	15
681	10
682	9
683	13
684	10
685	13
686	10
687	14
688	8
689	9
690	10
691	7
692	16
693	6
694	12
695	11
696	13
697	9
698	9
699	11
700	6
701	11
702	9
703	8
704	7
705	12
706	9
707	11
708	15
709	10
710	5
711	12
712	14
713	15
714	14
715	10
716	14
717	13
718	16
719	13
720	10
721	10
722	8
723	16
724	16
725	19
726	6
727	21
728	16
729	14
730	10
731	18
732	15
733	10
734	12
735	18
736	14
737	17
738	17
739	15
740	16
741	13
742	8
743	18
744	15
745	11
746	17
747	18
748	18
749	15
750	7
751	13
752	13
753	18
754	14
755	14
756	15
757	16
758	14
759	13
760	10
761	19
762	18
763	15
764	16
765	17
766	11
767	20
768	13
769	14
770	28
771	22
772	28
773	13
774	15
775	12
776	26
777	15
778	21
779	27
780	14
781	20
782	20
783	17
784	20
785	25
786	27
787	23
788	21
789	26
790	20
791	24
792	27
793	26
794	28
795	26
796	21
797	29
798	31
799	29
800	26
801	42
802	26
803	26
804	30
805	41
806	24
807	37
808	30
809	33
810	27
811	30
812	38
813	36
814	43
815	46
816	32
817	47
818	49
819	41
820	53
821	60
822	40
823	41
824	61
825	55
826	36
827	52
828	48
829	44
830	62
831	50
832	52
833	66
834	69
835	45
836	59
837	80
838	69
839	83
840	69
841	70
842	84
843	77
844	88
845	78
846	95
847	60
848	87
849	85
850	85
851	88
852	100
853	110
854	109
855	97
856	107
857	109
858	112
859	118
860	123
861	127
862	139
863	127
864	137
865	125
866	138
867	158
868	147
869	132
870	156
871	136
872	135
873	160
874	141
875	166
876	165
877	162
878	181
879	147
880	139
881	180
882	154
883	166
884	186
885	175
886	160
887	208
888	167
889	168
890	167
891	193
892	171
893	188
894	167
895	171
896	180
897	181
898	179
899	171
900	177
901	178
902	180
903	163
904	155
905	191
906	190
907	175
908	159
909	162
910	155
911	184
912	180
913	157
914	163
915	168
916	151
917	163
918	168
919	172
920	157
921	147
922	158
923	142
924	141
925	135
926	172
927	150
928	137
929	129
930	139
931	135
932	129
933	136
934	143
935	124
936	117
937	118
938	113
939	90
940	110
941	104
942	124
943	97
944	98
945	98
946	92
947	97
948	82
949	81
950	110
951	81
952	88
953	81
954	77
955	88
956	62
957	71
958	76
959	74
960	50
961	68
962	68
963	65
964	56
965	49
966	65
967	53
968	55
969	40
970	61
971	51
972	63
973	46
974	51
975	41
976	45
977	38
978	39
979	39
980	43
981	40
982	41
983	36
984	29
985	38
986	40
987	33
988	33
989	27
990	19
991	24
992	34
993	34
994	23
995	24
996	20
997	22
998	31
999	33
1000	27
1001	36
1002	24
1003	15
1004	19
1005	20
1006	31
1007	28
1008	20
1009	19
1010	18
1011	18
1012	17
1013	27
1014	20
1015	24
1016	14
1017	17
1018	17
1019	23
1020	20
1021	24
1022	20
1023	21
1024	20
1025	28
1026	12
1027	18
1028	13
1029	9
1030	17
1031	14
1032	13
1033	19
1034	22
1035	19
1036	24
1037	16
1038	23
1039	11
1040	20
1041	10
1042	12
1043	16
1044	13
1045	11
1046	13
1047	20
1048	9
1049	23
1050	17
1051	15
1052	15
1053	15
1054	17
1055	9
1056	15
1057	12
1058	13
1059	7
1060	16
1061	9
1062	16
1063	21
1064	11
1065	22
1066	17
1067	11
1068	15
1069	11
1070	13
1071	11
1072	10
1073	11
1074	12
1075	7
1076	13
1077	14
1078	10
1079	13
1080	12
1081	11
1082	14
1083	12
1084	4
1085	14
1086	10
1087	11
1088	14
1089	9
1090	15
1091	9
1092	17
1093	9
1094	14
1095	15
1096	10
1097	6
1098	9
1099	14
1100	14
1101	3
1102	10
1103	9
1104	10
1105	15
1106	10
1107	10
1108	17
1109	10
1110	11
1111	13
1112	15
1113	13
1114	10
1115	11
1116	9
1117	4
1118	7
1119	11
1120	7
1121	11
1122	9
1123	5
1124	10
1125	17
1126	13
1127	8
1128	6
1129	17
1130	5
1131	11
1132	11
1133	13
1134	12
1135	7
1136	12
1137	12
1138	6
1139	10
1140	7
1141	7
1142	14
1143	12
1144	11
1145	8
1146	3
1147	8
1148	9
1149	11
1150	10
1151	9
1152	11
1153	17
1154	7
1155	11
1156	9
1157	9
1158	9
1159	5
1160	11
1161	4
1162	14
1163	7
1164	11
1165	4
1166	11
1167	5
1168	8
1169	6
1170	7
1171	7
1172	7
1173	5
1174	15
1175	15
1176	7
1177	10
1178	18
1179	7
1180	8
1181	12
1182	6
1183	10
1184	9
1185	8
1186	12
1187	13
1188	7
1189	13
1190	8
1191	12
1192	13
1193	12
1194	9
1195	9
1196	8
1197	9
1198	9
1199	7
1200	10
1201	10
1202	6
1203	10
1204	13
1205	8
1206	9
1207	6
1208	12
1209	8
1210	5
1211	14
1212	9
1213	17
1214	10
1215	8
1216	8
1217	8
1218	10
1219	8
1220	16
1221	10
1222	5
1223	13
1224	7
1225	7
1226	8
1227	6
1228	19
1229	11
1230	8
1231	9
1232	15
1233	12
1234	9
1235	9
1236	5
1237	6
1238	15
1239	13
1240	9
1241	15
1242	7
1243	10
1244	13
1245	12
1246	12
1247	10
1248	4
1249	8
1250	12
1251	9
1252	7
1253	7
1254	13
1255	14
1256	11
1257	13
1258	15
1259	10
1260	13
1261	10
1262	9
1263	8
1264	13
1265	6
1266	9
1267	12
1268	12
1269	12
1270	13
1271	13
1272	14
1273	11
1274	17
1275	11
1276	9
1277	11
1278	17
1279	5
1280	17
1281	7
1282	11
1283	20
1284	10
1285	9
1286	13
1287	21
1288	17
1289	19
1290	9
1291	11
1292	17
1293	9
1294	9
1295	18
1296	8
1297	12
1298	14
1299	16
1300	12
1301	8
1302	19
1303	9
1304	17
1305	13
1306	19
1307	23
1308	7
1309	16
1310	23
1311	8
1312	9
1313	20
1314	22
1315	25
1316	16
1317	18
1318	19
1319	17
1320	19
1321	18
1322	15
1323	15
1324	11
1325	16
1326	22
1327	12
1328	22
1329	18
1330	16
1331	10
1332	12
1333	15
1334	17
1335	23
1336	18
1337	15
1338	14
1339	20
1340	9
1341	20
1342	14
1343	22
1344	18
1345	18
1346	12
1347	9
1348	16
1349	12
1350	22
1351	15
1352	22
1353	15
1354	24
1355	18
1356	24
1357	25
1358	20
1359	21
1360	18
1361	17
1362	27
1363	23
1364	21
1365	18
1366	25
1367	19
1368	25
1369	17
1370	15
1371	23
1372	17
1373	19
1374	33
1375	19
1376	23
1377	21
1378	17
1379	30
1380	28
1381	31
1382	39
1383	34
1384	25
1385	35
1386	25
1387	26
1388	30
1389	40
1390	36
1391	32
1392	30
1393	46
1394	35
1395	32
1396	38
1397	38
1398	47
1399	33
1400	29
1401	32
1402	31
1403	45
1404	39
1405	44
1406	49
1407	52
1408	39
1409	40
1410	55
1411	48
1412	43
1413	40
1414	53
1415	61
1416	64
1417	56
1418	53
1419	62
1420	68
1421	66
1422	51
1423	82
1424	83
1425	73
1426	73
1427	72
1428	81
1429	92
1430	76
1431	72
1432	79
1433	107
1434	92
1435	85
1436	85
1437	100
1438	97
1439	108
1440	109
1441	95
1442	117
1443	121
1444	122
1445	123
1446	119
1447	129
1448	130
1449	125
1450	138
1451	117
1452	128
1453	147
1454	151
1455	148
1456	175
1457	127
1458	121
1459	163
1460	146
1461	150
1462	170
1463	143
1464	177
1465	151
1466	167
1467	152
1468	160
1469	180
1470	153
1471	155
1472	176
1473	188
1474	174
1475	171
1476	164
1477	168
1478	165
1479	174
1480	149
1481	203
1482	181
1483	188
1484	202
1485	187
1486	173
1487	168
1488	167
1489	191
1490	189
1491	192
1492	177
1493	191
1494	180
1495	182
1496	186
1497	155
1498	199
1499	167
1500	173
1501	173
1502	166
1503	146
1504	148
1505	162
1506	165
1507	151
1508	158
1509	149
1510	119
1511	143
1512	131
1513	155
1514	136
1515	153
1516	143
1517	126
1518	130
1519	126
1520	139
1521	131
1522	146
1523	120
1524	126
1525	108
1526	108
1527	96
1528	102
1529	85
1530	101
1531	105
1532	91
1533	97
1534	88
1535	103
1536	86
1537	83
1538	71
1539	69
1540	90
1541	70
1542	75
1543	58
1544	70
1545	60
1546	68
1547	77
1548	70
1549	69
1550	77
1551	52
1552	57
1553	50
1554	62
1555	55
1556	53
1557	58
1558	52
1559	50
1560	49
1561	56
1562	52
1563	37
1564	51
1565	46
1566	46
1567	32
1568	47
1569	34
1570	46
1571	29
1572	38
1573	32
1574	39
1575	29
1576	40
1577	28
1578	46
1579	27
1580	38
1581	33
1582	25
1583	34
1584	37
1585	25
1586	34
1587	23
1588	23
1589	32
1590	30
1591	32
1592	26
1593	35
1594	25
1595	28
1596	25
1597	22
1598	22
1599	23
1600	33
1601	17
1602	13
1603	19
1604	15
1605	20
1606	26
1607	20
1608	16
1609	21
1610	14
1611	17
1612	26
1613	29
1614	20
1615	20
1616	12
1617	21
1618	16
1619	19
1620	18
1621	28
1622	18
1623	21
1624	23
1625	19
1626	20
1627	23
1628	11
1629	10
1630	22
1631	14
1632	17
1633	17
1634	14
1635	21
1636	14
1637	15
1638	19
1639	15
1640	18
1641	19
1642	14
1643	22
1644	15
1645	14
1646	21
1647	8
1648	16
1649	15
1650	20
1651	15
1652	8
1653	11
1654	6
1655	15
1656	13
1657	10
1658	8
1659	9
1660	14
1661	19
1662	12
1663	17
1664	9
1665	12
1666	10
1667	12
1668	13
1669	14
1670	9
1671	12
1672	18
1673	22
1674	16
1675	11
1676	15
1677	13
1678	12
1679	15
1680	13
1681	14
1682	17
1683	20
1684	9
1685	12
1686	12
1687	13
1688	10
1689	20
1690	10
1691	23
1692	8
1693	15
1694	9
1695	9
1696	8
1697	6
1698	10
1699	10
1700	13
1701	14
1702	7
1703	13
1704	12
1705	16
1706	9
1707	9
1708	6
1709	12
1710	12
1711	8
1712	14
1713	9
1714	13
1715	15
1716	9
1717	15
1718	9
1719	14
1720	9
1721	10
1722	4
1723	14
1724	14
1725	10
1726	12
1727	14
1728	8
1729	10
1730	11
1731	13
1732	7
1733	6
1734	9
1735	9
1736	8
1737	17
1738	16
1739	16
1740	8
1741	12
1742	9
1743	13
1744	11
1745	11
1746	8
1747	13
1748	7
1749	10
1750	9
1751	11
1752	10
1753	7
1754	8
1755	10
1756	9
1757	16
1758	11
1759	10
1760	8
1761	8
1762	11
1763	11
1764	8
1765	9
1766	14
1767	17
1768	12
1769	12
1770	6
1771	11
1772	11
1773	8
1774	9
1775	5
1776	4
1777	11
1778	11
1779	8
1780	4
1781	10
1782	11
1783	10
1784	11
1785	9
1786	10
1787	7
1788	16
1789	8
1790	9
1791	13
1792	8
1793	9
1794	11
1795	6
1796	10
1797	8
1798	10
1799	10
1800	15
1801	13
1802	8
1803	10
1804	13
1805	8
1806	8
1807	11
1808	7
1809	12
1810	7
1811	16
1812	12
1813	10
1814	13
1815	8
1816	15
1817	11
1818	21
1819	13
1820	11
1821	14
1822	8
1823	11
1824	14
1825	10
1826	8
1827	13
1828	12
1829	9
1830	12
1831	8
1832	15
1833	12
1834	5
1835	8
1836	13
1837	15
1838	15
1839	9
1840	12
1841	12
1842	10
1843	15
1844	6
1845	15
1846	5
1847	15
1848	10
1849	15
1850	10
1851	15
1852	16
1853	11
1854	15
1855	6
1856	3
1857	12
1858	6
1859	12
1860	20
1861	10
1862	15
1863	17
1864	11
1865	7
1866	11
1867	10
1868	19
1869	12
1870	14
1871	9
1872	10
1873	9
1874	18
1875	10
1876	23
1877	20
1878	11
1879	14
1880	7
1881	26
1882	11
1883	12
1884	12
1885	11
1886	10
1887	13
1888	14
1889	9
1890	17
1891	18
1892	14
1893	14
1894	7
1895	18
1896	14
1897	18
1898	11
1899	14
1900	24
1901	18
1902	15
1903	20
1904	19
1905	10
1906	15
1907	8
1908	20
1909	17
1910	13
1911	18
1912	18
1913	11
1914	12
1915	18
1916	12
1917	9
1918	17
1919	13
1920	15
1921	17
1922	21
1923	14
1924	21
1925	13
1926	18
1927	12
1928	15
1929	14
1930	20
1931	19
1932	17
1933	17
1934	12
1935	24
1936	15
1937	15
1938	13
1939	14
1940	22
1941	24
1942	25
1943	18
1944	19
1945	26
1946	20
1947	11
1948	19
1949	21
1950	20
1951	18
1952	25
1953	19
1954	17
1955	25
1956	19
1957	19
1958	23
1959	17
1960	26
1961	26
1962	29
1963	27
1964	27
1965	19
1966	24
1967	22
1968	23
1969	28
1970	23
1971	30
1972	30
1973	33
1974	22
1975	28
1976	23
1977	19
1978	27
1979	18
1980	17
1981	41
1982	30
1983	24
1984	29
1985	28
1986	21
1987	25
1988	25
1989	31
1990	33
1991	35
1992	28
1993	26
1994	27
1995	28
1996	39
1997	29
1998	40
1999	42
2000	51
2001	33
2002	47
2003	42
2004	55
2005	45
2006	39
2007	51
2008	39
2009	41
2010	44
2011	49
2012	51
2013	51
2014	50
2015	55
2016	56
2017	56
2018	49
2019	63
2020	65
2021	57
2022	74
2023	75
2024	65
2025	50
2026	66
2027	90
2028	82
2029	94
2030	89
2031	90
2032	92
2033	97
2034	76
2035	98
2036	103
2037	100
2038	104
2039	97
2040	102
2041	104
2042	98
2043	124
2044	102
2045	126
2046	127
2047	108
2048	143
2049	139
2050	131
2051	142
2052	148
2053	128
2054	133
2055	143
2056	157
2057	144
2058	165
2059	145
2060	157
2061	147
2062	152
2063	150
2064	162
2065	159
2066	182
2067	175
2068	156
2069	159
2070	175
2071	169
2072	153
2073	163
2074	201
2075	174
2076	181
2077	188
2078	202
2079	181
2080	184
2081	188
2082	201
2083	192
2084	172
2085	190
2086	192
2087	187
2088	195
2089	181
2090	192
2091	169
2092	186
2093	180
2094	162
2095	188
2096	180
2097	180
2098	189
2099	166
2100	179
2101	200
2102	178
2103	160
2104	174
2105	179
2106	194
2107	161
2108	161
2109	166
2110	161
2111	181
2112	149
2113	164
2114	151
2115	126
2116	193
2117	165
2118	161
2119	141
2120	143
2121	142
2122	125
2123	145
2124	121
2125	135
2126	136
2127	120
2128	121
2129	125
2130	129
2131	113
2132	90
2133	95
2134	104
2135	110
2136	96
2137	102
2138	93
2139	97
2140	78
2141	73
2142	91
2143	87
2144	74
2145	94
2146	74
2147	81
2148	70
2149	69
2150	68
2151	73
2152	58
2153	75
2154	62
2155	53
2156	71
2157	62
2158	64
2159	58
2160	48
2161	56
2162	45
2163	59
2164	55
2165	45
2166	33
2167	54
2168	46
2169	46
2170	28
2171	33
2172	49
2173	37
2174	50
2175	37
2176	40
2177	41
2178	35
2179	35
2180	35
2181	42
2182	38
2183	38
2184	28
2185	28
2186	35
2187	32
2188	29
2189	32
2190	30
2191	35
2192	27
2193	32
2194	28
2195	22
2196	23
2197	21
2198	19
2199	32
2200	29
2201	23
2202	24
2203	26
2204	19
2205	24
2206	20
2207	17
2208	31
2209	19
2210	18
2211	23
2212	19
2213	18
2214	21
2215	28
2216	16
2217	16
2218	21
2219	25
2220	23
2221	17
2222	21
2223	17
2224	24
2225	19
2226	19
2227	20
2228	19
2229	18
2230	26
2231	16
2232	21
2233	20
2234	12
2235	27
2236	15
2237	21
2238	28
2239	16
2240	16
2241	18
2242	10
2243	21
2244	14
2245	14
2246	19
2247	14
2248	15
2249	14
2250	19
2251	13
2252	10
2253	20
2254	20
2255	12
2256	21
2257	21
2258	20
2259	12
2260	13
2261	15
2262	22
2263	12
2264	12
2265	14
2266	11
2267	9
2268	10
2269	15
2270	17
2271	19
2272	15
2273	20
2274	16
2275	9
2276	17
2277	13
2278	11
2279	17
2280	13
2281	15
2282	17
2283	19
2284	14
2285	9
2286	13
2287	19
2288	14
2289	20
2290	14
2291	11
2292	14
2293	15
2294	11
2295	15
2296	13
2297	9
2298	9
2299	13
2300	14
2301	8
2302	17
2303	10
2304	12
2305	10
2306	16
2307	14
2308	12
2309	13
2310	20
2311	12
2312	21
2313	7
2314	18
2315	5
2316	13
2317	10
2318	7
2319	13
2320	11
2321	8
2322	12
2323	14
2324	18
2325	15
2326	12
2327	13
2328	9
2329	13
2330	9
2331	14
2332	10
2333	11
2334	12
2335	6
2336	13
2337	13
2338	9
2339	11
2340	4
2341	10
2342	12
2343	12
2344	13
2345	19
2346	10
2347	12
2348	5
2349	4
2350	17
2351	11
2352	9
2353	15
2354	4
2355	13
2356	9
2357	12
2358	14
2359	9
2360	16
2361	10
2362	7
2363	10
2364	14
2365	9
2366	7
2367	11
2368	11
2369	13
2370	13
2371	11
2372	11
2373	15
2374	10
2375	9
2376	13
2377	9
2378	11
2379	10
2380	5
2381	9
2382	15
2383	10
2384	10
2385	8
2386	10
2387	14
2388	11
2389	7
2390	8
2391	7
2392	11
2393	8
2394	9
2395	4
2396	9
2397	9
2398	12
2399	8
2400	8
2401	12
2402	11
2403	8
2404	7
2405	10
2406	15
2407	8
2408	9
2409	9
2410	9
2411	13
2412	9
2413	9
2414	13
2415	7
2416	11
2417	9
2418	14
2419	12
2420	4
2421	16
2422	10
2423	6
2424	5
2425	5
2426	7
2427	10
2428	16
2429	10
2430	8
2431	10
2432	14
2433	14
2434	9
2435	6
2436	12
2437	14
2438	13
2439	9
2440	12
2441	8
2442	11
2443	12
2444	11
2445	12
2446	12
2447	11
2448	15
2449	16
2450	6
2451	14
2452	8
2453	11
2454	13
2455	12
2456	8
2457	15
2458	6
2459	17
2460	17
2461	19
2462	7
2463	16
2464	16
2465	9
2466	10
2467	16
2468	18
2469	7
2470	14
2471	12
2472	12
2473	12
2474	11
2475	13
2476	10
2477	18
2478	20
2479	15
2480	7
2481	13
2482	9
2483	12
2484	13
2485	6
2486	18
2487	15
2488	15
2489	15
2490	24
2491	16
2492	21
2493	20
2494	17
2495	14
2496	12
2497	16
2498	10
2499	14
2500	17
2501	18
2502	12
2503	18
2504	17
2505	15
2506	11
2507	15
2508	16
2509	16
2510	9
2511	12
2512	21
2513	23
2514	12
2515	16
2516	17
2517	14
2518	15
2519	18
2520	23
2521	20
2522	14
2523	23
2524	19
2525	26
2526	17
2527	17
2528	15
2529	16
2530	9
2531	22
2532	26
2533	21
2534	8
2535	16
2536	20
2537	15
2538	17
2539	20
2540	17
2541	16
2542	27
2543	20
2544	23
2545	10
2546	20
2547	25
2548	24
2549	20
2550	17
2551	18
2552	25
2553	20
2554	18
2555	16
2556	15
2557	25
2558	18
2559	13
2560	19
2561	23
2562	18
2563	22
2564	17
2565	32
2566	21
2567	18
2568	24
2569	23
2570	27
2571	25
2572	19
2573	21
2574	30
2575	29
2576	24
2577	37
2578	24
2579	23
2580	38
2581	24
2582	36
2583	34
2584	30
2585	33
2586	31
2587	21
2588	29
2589	34
2590	33
2591	48
2592	30
2593	32
2594	26
2595	48
2596	48
2597	35
2598	33
2599	32
2600	42
2601	43
2602	58
2603	41
2604	47
2605	42
2606	51
2607	55
2608	36
2609	50
2610	57
2611	63
2612	62
2613	49
2614	61
2615	68
2616	70
2617	67
2618	73
2619	76
2620	72
2621	71
2622	83
2623	76
2624	76
2625	75
2626	79
2627	97
2628	88
2629	82
2630	89
2631	81
2632	82
2633	97
2634	100
2635	112
2636	130
2637	120
2638	100
2639	127
2640	111
2641	109
2642	121
2643	137
2644	118
2645	119
2646	133
2647	112
2648	154
2649	144
2650	130
2651	142
2652	142
2653	145
2654	156
2655	150
2656	143
2657	146
2658	162
2659	162
2660	160
2661	151
2662	163
2663	168
2664	180
2665	170
2666	188
2667	183
2668	160
2669	189
2670	192
2671	153
2672	191
2673	193
2674	173
2675	177
2676	185
2677	192
2678	184
2679	196
2680	200
2681	192
2682	189
2683	188
2684	186
2685	191
2686	196
2687	176
2688	204
2689	157
2690	181
2691	158
2692	187
2693	203
2694	178
2695	178
2696	158
2697	186
2698	193
2699	169
2700	206
2701	164
2702	166
2703	161
2704	168
2705	164
2706	140
2707	176
2708	161
2709	158
2710	156
2711	136
2712	142
2713	148
2714	138
2715	137
2716	126
2717	128
2718	132
2719	123
2720	119
2721	130
2722	124
2723	118
2724	112
2725	116
2726	111
2727	122
2728	123
2729	121
2730	97
2731	89
2732	113
2733	101
2734	102
2735	88
2736	80
2737	100
2738	97
2739	80
2740	87
2741	75
2742	79
2743	77
2744	78
2745	71
2746	81
2747	71
2748	70
2749	68
2750	61
2751	63
2752	84
2753	66
2754	64
2755	54
2756	56
2757	77
2758	50
2759	53
2760	42
2761	67
2762	47
2763	53
2764	36
2765	39
2766	47
2767	44
2768	35
2769	39
2770	52
2771	40
2772	26
2773	33
2774	38
2775	31
2776	26
2777	42
2778	41
2779	35
2780	36
2781	26
2782	24
2783	36
2784	26
2785	38
2786	34
2787	35
2788	30
2789	31
2790	30
2791	30
2792	31
2793	27
2794	26
2795	28
2796	24
2797	26
2798	16
2799	24
2800	19
2801	25
2802	22
2803	29
2804	25
2805	27
2806	24
2807	21
2808	21
2809	30
2810	29
2811	19
2812	25
2813	20
2814	26
2815	15
2816	19
2817	25
2818	17
2819	21
2820	14
2821	17
2822	31
2823	7
2824	12
2825	13
2826	19
2827	15
2828	23
2829	16
2830	18
2831	20
2832	17
2833	20
2834	15
2835	17
2836	15
2837	17
2838	15
2839	14
2840	14
2841	20
2842	24
2843	19
2844	15
2845	19
2846	10
2847	24
2848	15
2849	15
2850	13
2851	20
2852	20
2853	10
2854	17
2855	16
2856	17
2857	16
2858	14
2859	15
2860	16
2861	14
2862	19
2863	18
2864	13
2865	20
2866	13
2867	13
2868	16
2869	13
2870	20
2871	13
2872	20
2873	10
2874	15
2875	13
2876	16
2877	16
2878	12
2879	17
2880	13
2881	14
2882	14
2883	14
2884	8
2885	10
2886	12
2887	21
2888	12
2889	19
2890	11
2891	10
2892	10
2893	10
2894	21
2895	11
2896	10
2897	10
2898	17
2899	8
2900	15
2901	15
2902	12
2903	13
2904	10
2905	17
2906	16
2907	13
2908	18
2909	10
2910	6
2911	14
2912	16
2913	12
2914	7
2915	9
2916	10
2917	12
2918	11
2919	11
2920	13
2921	11
2922	9
2923	12
2924	11
2925	11
2926	12
2927	21
2928	10
2929	12
2930	5
2931	6
2932	12
2933	6
2934	16
2935	11
2936	10
2937	4
2938	14
2939	11
2940	12
2941	12
2942	11
2943	8
2944	16
2945	9
2946	10
2947	11
2948	11
2949	7
2950	9
2951	8
2952	7
2953	19
2954	16
2955	11
2956	12
2957	12
2958	8
2959	10
2960	7
2961	10
2962	7
2963	8
2964	8
2965	7
2966	10
2967	7
2968	10
2969	11
2970	6
2971	8
2972	10
2973	11
2974	13
2975	16
2976	9
2977	11
2978	11
2979	16
2980	5
2981	10
2982	7
2983	15
2984	6
2985	14
2986	10
2987	10
2988	10
2989	13
2990	19
2991	9
2992	15
2993	24
2994	8
2995	10
2996	9
2997	11
2998	9
2999	8
3000	9
3001	21
3002	14
3003	12
3004	8
3005	7
3006	10
3007	12
3008	17
3009	13
3010	11
3011	11
3012	9
3013	14
3014	4
3015	3
3016	17
3017	5
3018	10
3019	15
3020	6
3021	8
3022	17
3023	17
3024	9
3025	10
3026	6
3027	11
3028	10
3029	9
3030	11
3031	12
3032	6
3033	13
3034	12
3035	13
3036	15
3037	9
3038	10
3039	5
3040	13
3041	15
3042	7
3043	12
3044	16
3045	21
3046	11
3047	14
3048	13
3049	19
3050	12
3051	9
3052	17
3053	15
3054	19
3055	13
3056	18
3057	15
3058	16
3059	18
3060	17
3061	12
3062	17
3063	12
3064	11
3065	16
3066	11
3067	17
3068	11
3069	13
3070	17
3071	14
3072	10
3073	16
3074	19
3075	19
3076	14
3077	17
3078	7
3079	11
3080	19
3081	12
3082	21
3083	14
3084	14
3085	21
3086	10
3087	22
3088	17
3089	20
3090	13
3091	15
3092	12
3093	20
3094	20
3095	10
3096	11
3097	10
3098	20
3099	17
3100	14
3101	17
3102	19
3103	15
3104	15
3105	16
3106	11
3107	23
3108	21
3109	18
3110	28
3111	11
3112	18
3113	15
3114	18
3115	16
3116	22
3117	14
3118	13
3119	28
3120	10
3121	23
3122	13
3123	19
3124	18
3125	16
3126	22
3127	21
3128	18
3129	17
3130	18
3131	22
3132	22
3133	22
3134	19
3135	23
3136	14
3137	15
3138	20
3139	19
3140	22
3141	20
3142	16
3143	19
3144	27
3145	14
3146	25
3147	9
3148	19
3149	24
3150	16
3151	18
3152	17
3153	21
3154	14
3155	25
3156	26
3157	17
3158	26
3159	20
3160	33
3161	22
3162	28
3163	29
3164	21
3165	23
3166	28
3167	29
3168	26
3169	20
3170	26
3171	31
3172	20
3173	30
3174	38
3175	26
3176	31
3177	28
3178	32
3179	35
3180	33
3181	35
3182	38
3183	33
3184	28
3185	49
3186	30
3187	26
3188	34
3189	39
3190	34
3191	44
3192	61
3193	37
3194	43
3195	54
3196	41
3197	38
3198	38
3199	49
3200	44
3201	39
3202	45
3203	57
3204	56
3205	54
3206	50
3207	64
3208	61
3209	61
3210	59
3211	53
3212	67
3213	65
3214	60
3215	71
3216	79
3217	93
3218	67
3219	66
3220	75
3221	63
3222	65
3223	96
3224	69
3225	96
3226	78
3227	94
3228	87
3229	101
3230	89
3231	92
3232	129
3233	100
3234	112
3235	109
3236	114
3237	114
3238	121
3239	111
3240	131
3241	115
3242	130
3243	145
3244	110
3245	140
3246	125
3247	158
3248	138
3249	147
3250	150
3251	133
3252	177
3253	133
3254	154
3255	150
3256	161
3257	152
3258	148
3259	172
3260	195
3261	170
3262	162
3263	167
3264	185
3265	167
3266	175
3267	171
3268	162
3269	170
3270	153
3271	169
3272	196
3273	196
3274	147
3275	174
3276	212
3277	179
3278	143
3279	175
3280	188
3281	189
3282	166
3283	182
3284	196
3285	160
3286	179
3287	162
3288	186
3289	181
3290	162
3291	172
3292	157
3293	189
3294	178
3295	167
3296	163
3297	183
3298	159
3299	169
3300	163
3301	188
3302	176
3303	163
3304	149
3305	171
3306	126
3307	177
3308	170
3309	168
3310	146
3311	137
3312	124
3313	145
3314	140
3315	132
3316	142
3317	117
3318	132
3319	121
3320	108
3321	102
3322	111
3323	119
3324	117
3325	109
3326	89
3327	98
3328	93
3329	121
3330	85
3331	105
3332	96
3333	103
3334	94
3335	74
3336	93
3337	83
3338	71
3339	73
3340	75
3341	68
3342	70
3343	69
3344	69
3345	64
3346	80
3347	57
3348	72
3349	53
3350	61
3351	62
3352	59
3353	58
3354	49
3355	50
3356	45
3357	50
3358	54
3359	59
3360	49
3361	56
3362	36
3363	45
3364	31
3365	37
3366	41
3367	41
3368	28
3369	47
3370	29
3371	37
3372	35
3373	49
3374	33
3375	30
3376	49
3377	31
3378	27
3379	26
3380	27
3381	32
3382	26
3383	40
3384	27
3385	16
3386	19
3387	20
3388	31
3389	26
3390	28
3391	26
3392	24
3393	16
3394	23
3395	13
3396	27
3397	17
3398	23
3399	18
3400	35
3401	19
3402	16
3403	19
3404	20
3405	19
3406	23
3407	20
3408	20
3409	25
3410	12
3411	22
3412	24
3413	17
3414	19
3415	21
3416	22
3417	26
3418	19
3419	19
3420	17
3421	20
3422	20
3423	16
3424	14
3425	19
3426	18
3427	20
3428	16
3429	18
3430	17
3431	15
3432	17
3433	7
3434	15
3435	21
3436	14
3437	17
3438	14
3439	10
3440	20
3441	17
3442	16
3443	10
3444	13
3445	14
3446	21
3447	16
3448	17
3449	14
3450	16
3451	26
3452	12
3453	20
3454	12
3455	14
3456	17
3457	11
3458	15
3459	10
3460	10
3461	7
3462	10
3463	18
3464	16
3465	18
3466	12
3467	16
3468	14
3469	9
3470	14
3471	14
3472	14
3473	20
3474	12
3475	17
3476	12
3477	16
3478	9
3479	12
3480	13
3481	8
3482	16
3483	17
3484	14
3485	10
3486	16
3487	10
3488	13
3489	15
3490	9
3491	14
3492	19
3493	14
3494	10
3495	7
3496	14
3497	11
3498	14
3499	10
3500	15
3501	8
3502	6
3503	17
3504	15
3505	18
3506	9
3507	10
3508	14
3509	4
3510	10
3511	12
3512	15
3513	12
3514	6
3515	8
3516	15
3517	11
3518	10
3519	13
3520	13
3521	9
3522	10
3523	10
3524	16
3525	5
3526	11
3527	7
3528	10
3529	15
3530	9
3531	14
3532	8
3533	11
3534	10
3535	11
3536	7
3537	9
3538	12
3539	14
3540	6
3541	10
3542	9
3543	15
3544	11
3545	9
3546	9
3547	15
3548	21
3549	7
3550	6
3551	13
3552	10
3553	9
3554	7
3555	18
3556	5
3557	10
3558	5
3559	10
3560	7
3561	10
3562	12
3563	8
3564	17
3565	14
3566	6
3567	14
3568	10
3569	10
3570	11
3571	12
3572	9
3573	9
3574	7
3575	8
3576	9
3577	13
3578	14
3579	16
3580	11
3581	4
3582	10
3583	10
3584	8
3585	9
3586	12
3587	9
3588	15
3589	11
3590	7
3591	10
3592	10
3593	15
3594	15
3595	8
3596	12
3597	10
3598	13
3599	8
3600	11
3601	11
3602	6
3603	9
3604	16
3605	13
3606	9
3607	7
3608	9
3609	12
3610	16
3611	12
3612	3
3613	15
3614	10
3615	9
3616	8
3617	11
3618	9
3619	11
3620	15
3621	11
3622	14
3623	14
3624	15
3625	11
3626	14
3627	22
3628	8
3629	13
3630	8
3631	13
3632	9
3633	9
3634	7
3635	11
3636	13
3637	12
3638	13
3639	10
3640	15
3641	17
3642	19
3643	16
3644	7
3645	4
3646	12
3647	17
3648	12
3649	15
3650	15
3651	20
3652	13
3653	17
3654	17
3655	11
3656	9
3657	14
3658	20
3659	10
3660	13
3661	10
3662	11
3663	21
3664	13
3665	17
3666	11
3667	16
3668	9
3669	11
3670	17
3671	14
3672	16
3673	15
3674	13
3675	16
3676	16
3677	17
3678	14
3679	9
3680	15
3681	17
3682	21
3683	15
3684	9
3685	13
3686	20
3687	13
3688	9
3689	16
3690	16
3691	18
3692	18
3693	12
3694	14
3695	11
3696	15
3697	14
3698	11
3699	27
3700	16
3701	17
3702	13
3703	18
3704	14
3705	16
3706	19
3707	18
3708	22
3709	20
3710	15
3711	20
3712	22
3713	11
3714	13
3715	26
3716	15
3717	15
3718	16
3719	19
3720	27
3721	16
3722	13
3723	17
3724	17
3725	15
3726	17
3727	28
3728	19
3729	20
3730	19
3731	20
3732	20
3733	15
3734	23
3735	21
3736	19
3737	12
3738	18
3739	24
3740	18
3741	31
3742	22
3743	14
3744	26
3745	19
3746	25
3747	27
3748	20
3749	15
3750	17
3751	35
3752	19
3753	20
3754	24
3755	17
3756	21
3757	19
3758	35
3759	24
3760	29
3761	25
3762	31
3763	23
3764	36
3765	25
3766	16
3767	26
3768	23
3769	26
3770	22
3771	24
3772	32
3773	29
3774	32
3775	25
3776	16
3777	36
3778	27
3779	42
3780	27
3781	33
3782	31
3783	31
3784	35
3785	39
3786	39
3787	31
3788	51
3789	35
3790	41
3791	42
3792	36
3793	40
3794	48
3795	38
3796	46
3797	43
3798	50
3799	55
3800	51
3801	38
3802	49
3803	47
3804	37
3805	64
3806	66
3807	59
3808	52
3809	66
3810	59
3811	57
3812	65
3813	70
3814	75
3815	70
3816	90
3817	80
3818	95
3819	83
3820	110
3821	86
3822	89
3823	104
3824	99
3825	93
3826	99
3827	100
3828	98
3829	92
3830	114
3831	141
3832	101
3833	107
3834	119
3835	124
3836	117
3837	133
3838	138
3839	130
3840	124
3841	124
3842	137
3843	139
3844	135
3845	141
3846	143
3847	174
3848	127
3849	145
3850	163
3851	178
3852	161
3853	176
3854	166
3855	151
3856	160
3857	169
3858	186
3859	169
3860	152
3861	168
3862	202
3863	179
3864	188
3865	204
3866	169
3867	171
3868	181
3869	157
3870	192
3871	171
3872	176
3873	196
3874	211
3875	200
3876	206
3877	193
3878	215
3879	181
3880	185
3881	202
3882	191
3883	205
3884	208
3885	187
3886	203
3887	183
3888	183
3889	187
3890	195
3891	174
3892	184
3893	190
3894	194
3895	172
3896	189
3897	159
3898	171
3899	162
3900	173
3901	172
3902	168
3903	155
3904	158
3905	171
3906	152
3907	138
3908	163
3909	157
3910	146
3911	132
3912	150
3913	133
3914	141
3915	124
3916	127
3917	140
3918	136
3919	124
3920	131
3921	120
3922	113
3923	117
3924	115
3925	99
3926	90
3927	117
3928	97
3929	106
3930	94
3931	93
3932	93
3933	89
3934	95
3935	86
3936	85
3937	65
3938	99
3939	64
3940	68
3941	64
3942	68
3943	71
3944	72
3945	70
3946	71
3947	63
3948	58
3949	64
3950	52
3951	60
3952	53
3953	43
3954	74
3955	53
3956	51
3957	50
3958	47
3959	58
3960	44
3961	65
3962	48
3963	46
3964	52
3965	47
3966	34
3967	49
3968	34
3969	48
3970	39
3971	49
3972	33
3973	34
3974	37
3975	37
3976	38
3977	30
3978	33
3979	23
3980	28
3981	28
3982	23
3983	33
3984	35
3985	30
3986	36
3987	32
3988	25
3989	26
3990	28
3991	29
3992	20
3993	29
3994	24
3995	34
3996	19
3997	22
3998	28
3999	18
4000	25
4001	16
4002	14
4003	24
4004	17
4005	28
4006	23
4007	18
4008	20
4009	20
4010	17
4011	19
4012	23
4013	21
4014	24
4015	31
4016	14
4017	17
4018	14
4019	20
4020	25
4021	24
4022	16
4023	23
4024	25
4025	21
4026	32
4027	20
4028	22
4029	17
4030	18
4031	19
4032	15
4033	23
4034	19
4035	13
4036	23
4037	23
4038	10
4039	16
4040	20
4041	17
4042	16
4043	16
4044	12
4045	19
4046	18
4047	14
4048	14
4049	13
4050	12
4051	16
4052	16
4053	12
4054	18
4055	11
4056	15
4057	13
4058	17
4059	12
4060	13
4061	13
4062	13
4063	20
4064	16
4065	9
4066	10
4067	18
4068	13
4069	10
4070	13
4071	14
4072	12
4073	16
4074	12
4075	13
4076	13
4077	15
4078	8
4079	9
4080	15
4081	8
4082	11
4083	7
4084	14
4085	19
4086	14
4087	12
4088	23
4089	16
4090	13
4091	18
4092	12
4093	19
4094	12
4095	15
4096	13
4097	16
4098	11
4099	10
4100	10
4101	12
4102	16
4103	11
4104	11
4105	7
4106	15
4107	13
4108	13
4109	12
4110	9
4111	8
4112	6
4113	15
4114	11
4115	10
4116	21
4117	9
4118	9
4119	9
4120	4
4121	22
4122	10
4123	9
4124	11
4125	6
4126	9
4127	7
4128	11
4129	13
4130	15
4131	10
4132	6
4133	14
4134	12
4135	12
4136	13
4137	11
4138	12
4139	8
4140	13
4141	6
4142	11
4143	16
4144	10
4145	14
4146	6
4147	11
4148	16
4149	10
4150	8
4151	8
4152	8
4153	9
4154	13
4155	6
4156	12
4157	9
4158	11
4159	11
4160	10
4161	15
4162	9
4163	6
4164	6
4165	13
4166	15
4167	10
4168	4
4169	8
4170	6
4171	11
4172	13
4173	8
4174	5
4175	9
4176	8
4177	12
4178	7
4179	5
4180	8
4181	7
4182	11
4183	9
4184	8
4185	11
4186	4
4187	5
4188	11
4189	7
4190	8
4191	9
4192	9
4193	13
4194	7
4195	9
4196	14
4197	11
4198	5
4199	12
4200	13
4201	8
4202	12
4203	4
4204	6
4205	14
4206	9
4207	14
4208	9
4209	9
4210	7
4211	15
4212	14
4213	8
4214	8
4215	8
4216	5
4217	8
4218	16
4219	12
4220	13
4221	17
4222	7
4223	5
4224	15
4225	9
4226	10
4227	13
4228	6
4229	8
4230	11
4231	13
4232	4
4233	9
4234	13
4235	9
4236	10
4237	10
4238	3
4239	20
4240	10
4241	15
4242	15
4243	11
4244	5
4245	21
4246	8
4247	11
4248	14
4249	6
4250	8
4251	15
4252	5
4253	10
4254	7
4255	16
4256	13
4257	12
4258	14
4259	14
4260	16
4261	12
4262	14
4263	11
4264	12
4265	12
4266	21
4267	11
4268	16
4269	8
4270	10
4271	14
4272	11
4273	9
4274	21
4275	7
4276	7
4277	9
4278	20
4279	15
4280	17
4281	14
4282	15
4283	10
4284	14
4285	19
4286	8
4287	15
4288	14
4289	16
4290	14
4291	14
4292	17
4293	15
4294	12
4295	19
4296	22
4297	18
4298	14
4299	11
4300	18
4301	16
4302	22
4303	21
4304	20
4305	17
4306	13
4307	10
4308	14
4309	20
4310	22
4311	11
4312	19
4313	15
4314	16
4315	19
4316	25
4317	17
4318	14
4319	15
4320	16
4321	20
4322	29
4323	10
4324	20
4325	22
4326	18
4327	18
4328	13
4329	14
4330	16
4331	10
4332	25
4333	16
4334	19
4335	22
4336	19
4337	23
4338	12
4339	22
4340	18
4341	22
4342	10
4343	20
4344	12
4345	27
4346	14
4347	23
4348	19
4349	22
4350	20
4351	22
4352	21
4353	27
4354	15
4355	29
4356	14
4357	20
4358	32
4359	25
4360	20
4361	19
4362	26
4363	22
4364	23
4365	20
4366	21
4367	22
4368	26
4369	21
4370	14
4371	31
4372	18
4373	21
4374	21
4375	26
4376	28
4377	22
4378	29
4379	29
4380	27
4381	29
4382	25
4383	26
4384	25
4385	38
4386	22
4387	34
4388	20
4389	31
4390	34
4391	28
4392	30
4393	22
4394	32
4395	36
4396	45
4397	36
4398	39
4399	31
4400	30
4401	41
4402	35
4403	39
4404	57
4405	49
4406	45
4407	55
4408	45
4409	45
4410	48
4411	48
4412	47
4413	49
4414	59
4415	59
4416	52
4417	40
4418	52
4419	55
4420	53
4421	52
4422	62
4423	68
4424	72
4425	52
4426	66
4427	76
4428	77
4429	69
4430	81
4431	90
4432	76
4433	81
4434	73
4435	83
4436	86
4437	90
4438	88
4439	96
4440	89
4441	87
4442	110
4443	120
4444	128
4445	107
4446	119
4447	122
4448	122
4449	125
4450	125
4451	137
4452	121
4453	131
4454	116
4455	151
4456	162
4457	136
4458	143
4459	118
4460	157
4461	125
4462	147
4463	147
4464	156
4465	154
4466	164
4467	147
4468	175
4469	185
4470	190
4471	151
4472	184
4473	154
4474	162
4475	169
4476	203
4477	167
4478	168
4479	195
4480	195
4481	177
4482	192
4483	193
4484	173
4485	180
4486	172
4487	174
4488	199
4489	209
4490	192
4491	199
4492	200
4493	216
4494	163
4495	182
4496	169
4497	197
4498	187
4499	187
4500	185
4501	183
4502	177
4503	196
4504	188
4505	174
4506	181
4507	183
4508	175
4509	182
4510	180
4511	195
4512	177
4513	175
4514	177
4515	166
4516	159
4517	158
4518	129
4519	159
4520	159
4521	134
4522	140
4523	128
4524	139
4525	133
4526	133
4527	128
4528	135
4529	146
4530	125
4531	132
4532	131
4533	124
4534	123
4535	106
4536	106
4537	103
4538	89
4539	121
4540	92
4541	86
4542	99
4543	90
4544	91
4545	114
4546	87
4547	80
4548	100
4549	79
4550	82
4551	69
4552	82
4553	82
4554	60
4555	76
4556	63
4557	86
4558	52
4559	72
4560	55
4561	75
4562	55
4563	55
4564	54
4565	63
4566	60
4567	45
4568	44
4569	62
4570	44
4571	46
4572	47
4573	45
4574	46
4575	35
4576	55
4577	31
4578	45
4579	38
4580	36
4581	36
4582	39
4583	46
4584	39
4585	34
4586	42
4587	35
4588	28
4589	35
4590	23
4591	22
4592	31
4593	23
4594	33
4595	33
4596	32
4597	29
4598	25
4599	27
4600	29
4601	27
4602	34
4603	24
4604	26
4605	27
4606	27
4607	30
4608	26
4609	23
4610	19
4611	22
4612	31
4613	21
4614	21
4615	21
4616	17
4617	22
4618	19
4619	23
4620	23
4621	18
4622	18
4623	22
4624	22
4625	15
4626	17
4627	19
4628	15
4629	13
4630	14
4631	25
4632	25
4633	13
4634	15
4635	19
4636	17
4637	22
4638	14
4639	21
4640	20
4641	15
4642	15
4643	18
4644	21
4645	24
4646	18
4647	16
4648	23
4649	13
4650	20
4651	14
4652	12
4653	18
4654	15
4655	19
4656	15
4657	16
4658	12
4659	14
4660	15
4661	12
4662	15
4663	12
4664	19
4665	12
4666	14
4667	20
4668	21
4669	10
4670	11
4671	8
4672	21
4673	18
4674	12
4675	10
4676	15
4677	13
4678	15
4679	17
4680	12
4681	20
4682	13
4683	17
4684	18
4685	15
4686	14
4687	15
4688	9
4689	4
4690	12
4691	6
4692	9
4693	13
4694	15
4695	15
4696	20
4697	11
4698	7
4699	17
4700	13
4701	14
4702	22
4703	10
4704	8
4705	18
4706	17
4707	11
4708	14
4709	16
4710	17
4711	10
4712	15
4713	12
4714	8
4715	10
4716	6
4717	11
4718	17
4719	14
4720	6
4721	16
4722	9
4723	9
4724	9
4725	9
4726	9
4727	7
4728	12
4729	14
4730	11
4731	10
4732	8
4733	18
4734	11
4735	8
4736	12
4737	11
4738	14
4739	13
4740	14
4741	11
4742	7
4743	13
4744	8
4745	10
4746	11
4747	8
4748	10
4749	19
4750	16
4751	15
4752	8
4753	13
4754	12
4755	10
4756	16
4757	17
4758	14
4759	14
4760	12
4761	14
4762	14
4763	8
4764	17
4765	14
4766	11
4767	7
4768	15
4769	11
4770	17
4771	12
4772	9
4773	13
4774	11
4775	10
4776	11
4777	12
4778	8
4779	14
4780	8
4781	10
4782	9
4783	9
4784	6
4785	8
4786	19
4787	11
4788	16
4789	12
4790	8
4791	13
4792	9
4793	12
4794	19
4795	14
4796	13
4797	13
4798	5
4799	9
4800	10
4801	9
4802	14
4803	6
4804	18
4805	11
4806	10
4807	14
4808	9
4809	21
4810	14
4811	12
4812	11
4813	6
4814	4
4815	11
4816	7
4817	6
4818	12
4819	14
4820	11
4821	9
4822	13
4823	15
4824	7
4825	16
4826	10
4827	18
4828	4
4829	6
4830	23
4831	11
4832	12
4833	11
4834	13
4835	9
4836	16
4837	12
4838	11
4839	8
4840	13
4841	17
4842	10
4843	6
4844	11
4845	15
4846	15
4847	11
4848	15
4849	6
4850	11
4851	16
4852	6
4853	8
4854	10
4855	13
4856	14
4857	19
4858	10
4859	17
4860	16
4861	14
4862	13
4863	15
4864	11
4865	9
4866	15
4867	16
4868	9
4869	7
4870	12
4871	11
4872	11
4873	15
4874	14
4875	9
4876	12
4877	19
4878	18
4879	15
4880	12
4881	12
4882	17
4883	22
4884	10
4885	17
4886	16
4887	16
4888	19
4889	15
4890	18
4891	14
4892	15
4893	19
4894	21
4895	16
4896	13
4897	18
4898	12
4899	14
4900	19
4901	16
4902	18
4903	20
4904	19
4905	16
4906	15
4907	13
4908	15
4909	19
4910	16
4911	22
4912	14
4913	17
4914	11
4915	15
4916	17
4917	14
4918	30
4919	18
4920	24
4921	17
4922	20
4923	25
4924	9
4925	19
4926	16
4927	16
4928	19
4929	24
4930	11
4931	22
4932	13
4933	16
4934	16
4935	18
4936	20
4937	27
4938	26
4939	11
4940	20
4941	17
4942	15
4943	16
4944	16
4945	21
4946	18
4947	15
4948	26
4949	23
4950	29
4951	20
4952	26
4953	23
4954	21
4955	21
4956	16
4957	17
4958	21
4959	11
4960	28
4961	21
4962	19
4963	19
4964	25
4965	35
4966	30
4967	22
4968	18
4969	25
4970	26
4971	24
4972	26
4973	29
4974	31
4975	25
4976	24
4977	23
4978	26
4979	24
4980	26
4981	30
4982	29
4983	28
4984	21
4985	28
4986	29
4987	38
4988	38
4989	28
4990	37
4991	39
4992	37
4993	35
4994	32
4995	31
4996	33
4997	31
4998	44
4999	41
5000	33
5001	36
5002	48
5003	41
5004	33
5005	48
5006	46
5007	49
5008	38
5009	50
5010	49
5011	45
5012	48
5013	60
5014	42
5015	49
5016	61
5017	63
5018	63
5019	56
5020	69
5021	51
5022	70
5023	45
5024	73
5025	69
5026	71
5027	69
5028	84
5029	86
5030	77
5031	82
5032	96
5033	102
5034	98
5035	79
5036	104
5037	94
5038	105
5039	118
5040	119
5041	109
5042	119
5043	99
5044	110
5045	118
5046	128
5047	141
5048	133
5049	129
5050	123
5051	140
5052	139
5053	151
5054	142
5055	153
5056	155
5057	162
5058	174
5059	163
5060	183
5061	187
5062	167
5063	133
5064	136
5065	177
5066	171
5067	180
5068	159
5069	175
5070	162
5071	204
5072	189
5073	180
5074	187
5075	209
5076	188
5077	205
5078	203
5079	172
5080	174
5081	175
5082	214
5083	201
5084	214
5085	219
5086	184
5087	200
5088	210
5089	214
5090	226
5091	197
5092	205
5093	205
5094	206
5095	205
5096	204
5097	168
5098	190
5099	204
5100	204
5101	190
5102	212
5103	190
5104	214
5105	184
5106	214
5107	204
5108	195
5109	172
5110	166
5111	187
5112	204
5113	170
5114	190
5115	168
5116	175
5117	169
5118	165
5119	154
5120	143
5121	147
5122	152
5123	149
5124	132
5125	148
5126	144
5127	141
5128	141
5129	121
5130	146
5131	149
5132	125
5133	128
5134	107
5135	96
5136	119
5137	115
5138	100
5139	128
5140	122
5141	101
5142	86
5143	102
5144	104
5145	97
5146	91
5147	102
5148	84
5149	70
5150	85
5151	82
5152	86
5153	58
5154	71
5155	68
5156	78
5157	54
5158	52
5159	67
5160	53
5161	75
5162	65
5163	51
5164	53
5165	75
5166	49
5167	49
5168	56
5169	50
5170	51
5171	45
5172	45
5173	47
5174	48
5175	53
5176	48
5177	44
5178	34
5179	47
5180	42
5181	47
5182	39
5183	39
5184	36
5185	28
5186	51
5187	36
5188	39
5189	39
5190	29
5191	33
5192	33
5193	37
5194	24
5195	42
5196	26
5197	28
5198	26
5199	26
5200	37
5201	30
5202	24
5203	20
5204	23
5205	31
5206	35
5207	31
5208	31
5209	27
5210	23
5211	16
5212	19
5213	38
5214	12
5215	24
5216	34
5217	18
5218	23
5219	27
5220	16
5221	16
5222	16
5223	22
5224	25
5225	25
5226	23
5227	25
5228	20
5229	17
5230	23
5231	23
5232	29
5233	21
5234	25
5235	25
5236	11
5237	24
5238	15
5239	21
5240	23
5241	14
5242	17
5243	24
5244	23
5245	21
5246	15
5247	25
5248	13
5249	22
5250	22
5251	18
5252	18
5253	19
5254	13
5255	22
5256	13
5257	10
5258	15
5259	17
5260	18
5261	24
5262	10
5263	13
5264	22
5265	26
5266	18
5267	17
5268	14
5269	15
5270	15
5271	22
5272	13
5273	21
5274	15
5275	9
5276	18
5277	12
5278	19
5279	8
5280	11
5281	14
5282	14
5283	14
5284	14
5285	11
5286	16
5287	15
5288	17
5289	19
5290	11
5291	20
5292	21
5293	10
5294	11
5295	9
5296	19
5297	16
5298	6
5299	19
5300	16
5301	15
5302	13
5303	14
5304	12
5305	12
5306	20
5307	23
5308	13
5309	8
5310	10
5311	14
5312	8
5313	15
5314	10
5315	10
5316	10
5317	11
5318	6
5319	11
5320	13
5321	11
5322	12
5323	19
5324	16
5325	11
5326	12
5327	18
5328	13
5329	6
5330	15
5331	12
5332	10
5333	11
5334	17
5335	7
5336	12
5337	13
5338	15
5339	12
5340	15
5341	18
5342	11
5343	10
5344	10
5345	8
5346	8
5347	6
5348	7
5349	6
5350	15
5351	13
5352	11
5353	14
5354	13
5355	14
5356	17
5357	10
5358	11
5359	18
5360	13
5361	10
5362	14
5363	11
5364	10
5365	15
5366	13
5367	12
5368	11
5369	8
5370	13
5371	13
5372	9
5373	2
5374	15
5375	14
5376	9
5377	17
5378	10
5379	9
5380	10
5381	12
5382	9
5383	9
5384	11
5385	9
5386	6
5387	9
5388	8
5389	7
5390	10
5391	17
5392	5
5393	8
5394	13
5395	6
5396	10
5397	8
5398	9
5399	13
5400	13
5401	9
5402	10
5403	12
5404	12
5405	10
5406	8
5407	7
5408	8
5409	20
5410	14
5411	8
5412	12
5413	10
5414	9
5415	16
5416	13
5417	10
5418	4
5419	16
5420	10
5421	6
5422	19
5423	8
5424	13
5425	11
5426	10
5427	11
5428	10
5429	9
5430	11
5431	12
5432	7
5433	10
5434	8
5435	17
5436	7
5437	10
5438	16
5439	17
5440	10
5441	11
5442	6
5443	22
5444	4
5445	13
5446	9
5447	17
5448	11
5449	11
5450	11
5451	12
5452	16
5453	17
5454	18
5455	19
5456	17
5457	15
5458	13
5459	12
5460	17
5461	11
5462	10
5463	9
5464	9
5465	6
5466	12
5467	8
5468	10
5469	9
5470	17
5471	12
5472	19
5473	8
5474	18
5475	9
5476	9
5477	16
5478	18
5479	15
5480	7
5481	15
5482	15
5483	13
5484	13
5485	10
5486	13
5487	15
5488	9
5489	21
5490	12
5491	10
5492	15
5493	14
5494	12
5495	19
5496	14
5497	15
5498	12
5499	15
5500	10
5501	19
5502	14
5503	22
5504	21
5505	13
5506	14
5507	20
5508	15
5509	25
5510	14
5511	16
5512	16
5513	20
5514	19
5515	23
5516	15
5517	21
5518	21
5519	16
5520	19
5521	14
5522	19
5523	14
5524	22
5525	18
5526	24
5527	14
5528	14
5529	24
5530	22
5531	16
5532	16
5533	17
5534	10
5535	19
5536	20
5537	23
5538	19
5539	16
5540	24
5541	25
5542	15
5543	20
5544	18
5545	13
5546	15
5547	28
5548	18
5549	11
5550	18
5551	19
5552	14
5553	36
5554	19
5555	17
5556	18
5557	20
5558	21
5559	20
5560	27
5561	16
5562	26
5563	23
5564	24
5565	31
5566	26
5567	16
5568	26
5569	31
5570	23
5571	24
5572	21
5573	20
5574	23
5575	21
5576	29
5577	29
5578	26
5579	36
5580	28
5581	21
5582	22
5583	26
5584	31
5585	27
5586	28
5587	28
5588	34
5589	28
5590	33
5591	25
5592	39
5593	41
5594	39
5595	32
5596	32
5597	42
5598	45
5599	40
5600	49
5601	49
5602	37
5603	53
5604	56
5605	46
5606	49
5607	32
5608	41
5609	53
5610	48
5611	64
5612	54
5613	52
5614	63
5615	63
5616	62
5617	56
5618	50
5619	52
5620	55
5621	70
5622	68
5623	80
5624	76
5625	81
5626	75
5627	81
5628	89
5629	91
5630	80
5631	103
5632	95
5633	99
5634	84
5635	100
5636	127
5637	122
5638	110
5639	94
5640	113
5641	111
5642	108
5643	120
5644	108
5645	131
5646	124
5647	130
5648	131
5649	125
5650	129
5651	131
5652	146
5653	138
5654	154
5655	157
5656	147
5657	153
5658	152
5659	162
5660	164
5661	172
5662	159
5663	144
5664	177
5665	190
5666	164
5667	206
5668	188
5669	181
5670	181
5671	202
5672	202
5673	183
5674	189
5675	201
5676	161
5677	174
5678	198
5679	197
5680	172
5681	178
5682	205
5683	199
5684	186
5685	187
5686	196
5687	206
5688	207
5689	187
5690	202
5691	202
5692	223
5693	174
5694	199
5695	178
5696	159
5697	189
5698	211
5699	184
5700	182
5701	191
5702	174
5703	214
5704	165
5705	171
5706	194
5707	172
5708	170
5709	166
5710	158
5711	159
5712	159
5713	156
5714	137
5715	144
5716	144
5717	142
5718	156
5719	148
5720	129
5721	138
5722	121
5723	146
5724	131
5725	112
5726	125
5727	130
5728	123
5729	117
5730	114
5731	118
5732	109
5733	101
5734	109
5735	111
5736	110
5737	85
5738	90
5739	108
5740	69
5741	79
5742	84
5743	75
5744	105
5745	75
5746	72
5747	67
5748	84
5749	64
5750	59
5751	67
5752	65
5753	78
5754	56
5755	76
5756	58
5757	61
5758	77
5759	80
5760	67
5761	52
5762	55
5763	60
5764	66
5765	50
5766	43
5767	58
5768	53
5769	56
5770	50
5771	39
5772	29
5773	55
5774	26
5775	41
5776	46
5777	34
5778	33
5779	29
5780	36
5781	28
5782	46
5783	37
5784	37
5785	39
5786	31
5787	36
5788	25
5789	36
5790	36
5791	27
5792	21
5793	26
5794	32
5795	22
5796	33
5797	24
5798	25
5799	27
5800	24
5801	21
5802	27
5803	23
5804	17
5805	26
5806	23
5807	26
5808	26
5809	16
5810	21
5811	19
5812	23
5813	24
5814	28
5815	31
5816	16
5817	26
5818	20
5819	25
5820	27
5821	23
5822	16
5823	26
5824	21
5825	21
5826	32
5827	15
5828	18
5829	27
5830	18
5831	18
5832	24
5833	24
5834	14
5835	19
5836	19
5837	22
5838	16
5839	13
5840	19
5841	13
5842	16
5843	19
5844	19
5845	22
5846	15
5847	15
5848	16
5849	16
5850	18
5851	17
5852	17
5853	24
5854	23
5855	13
5856	20
5857	20
5858	12
5859	15
5860	20
5861	16
5862	9
5863	14
5864	21
5865	31
5866	16
5867	19
5868	18
5869	16
5870	18
5871	15
5872	15
5873	15
5874	14
5875	9
5876	16
5877	17
5878	13
5879	11
5880	14
5881	19
5882	14
5883	22
5884	20
5885	17
5886	9
5887	12
5888	11
5889	14
5890	13
5891	17
5892	16
5893	18
5894	10
5895	11
5896	14
5897	12
5898	10
5899	4
5900	10
5901	18
5902	12
5903	14
5904	13
5905	17
5906	13
5907	11
5908	10
5909	12
5910	10
5911	14
5912	17
5913	7
5914	14
5915	13
5916	22
5917	11
5918	11
5919	10
5920	14
5921	14
5922	12
5923	12
5924	18
5925	17
5926	12
5927	19
5928	14
5929	5
5930	16
5931	11
5932	11
5933	16
5934	9
5935	12
5936	10
5937	17
5938	20
5939	10
5940	8
5941	9
5942	14
5943	18
5944	7
5945	14
5946	9
5947	13
5948	4
5949	10
5950	9
5951	19
5952	12
5953	13
5954	10
5955	11
5956	9
5957	13
5958	14
5959	11
5960	8
5961	10
5962	4
5963	9
5964	11
5965	9
5966	6
5967	11
5968	9
5969	11
5970	9
5971	12
5972	10
5973	8
5974	8
5975	17
5976	6
5977	6
5978	11
5979	14
5980	16
5981	7
5982	12
5983	11
5984	13
5985	10
5986	16
5987	13
5988	13
5989	13
5990	13
5991	10
5992	8
5993	12
5994	10
5995	15
5996	14
5997	15
5998	8
5999	12
6000	8
6001	8
6002	11
6003	10
6004	5
6005	13
6006	10
6007	12
6008	8
6009	4
6010	12
6011	17
6012	14
6013	9
6014	10
6015	7
6016	13
6017	13
6018	17
6019	9
6020	9
6021	18
6022	14
6023	15
6024	7
6025	17
6026	18
6027	14
6028	18
6029	9
6030	12
6031	15
6032	10
6033	12
6034	16
6035	11
6036	13
6037	14
6038	9
6039	14
6040	18
6041	12
6042	17
6043	7
6044	18
6045	13
6046	14
6047	9
6048	14
6049	13
6050	16
6051	19
6052	11
6053	8
6054	18
6055	17
6056	12
6057	11
6058	15
6059	9
6060	16
6061	10
6062	12
6063	11
6064	7
6065	17
6066	16
6067	9
6068	14
6069	15
6070	13
6071	22
6072	18
6073	16
6074	13
6075	11
6076	19
6077	22
6078	18
6079	14
6080	15
6081	17
6082	19
6083	6
6084	17
6085	13
6086	17
6087	16
6088	16
6089	9
6090	18
6091	12
6092	9
6093	13
6094	20
6095	21
6096	11
6097	10
6098	21
6099	12
6100	23
6101	16
6102	13
6103	24
6104	18
6105	16
6106	25
6107	20
6108	13
6109	23
6110	18
6111	17
6112	15
6113	20
6114	10
6115	19
6116	18
6117	25
6118	11
6119	13
6120	16
6121	26
6122	16
6123	20
6124	13
6125	22
6126	22
6127	22
6128	26
6129	22
6130	20
6131	25
6132	33
6133	21
6134	19
6135	18
6136	20
6137	19
6138	26
6139	21
6140	31
6141	24
6142	16
6143	24
6144	19
6145	19
6146	24
6147	18
6148	21
6149	32
6150	34
6151	19
6152	27
6153	17
6154	21
6155	20
6156	17
6157	22
6158	28
6159	21
6160	33
6161	18
6162	27
6163	18
6164	22
6165	15
6166	26
6167	30
6168	24
6169	35
6170	30
6171	30
6172	26
6173	25
6174	26
6175	23
6176	27
6177	14
6178	44
6179	31
6180	34
6181	35
6182	28
6183	31
6184	25
6185	33
6186	22
6187	26
6188	40
6189	31
6190	26
6191	35
6192	31
6193	34
6194	27
6195	43
6196	35
6197	29
6198	42
6199	44
6200	43
6201	42
6202	38
6203	45
6204	48
6205	55
6206	56
6207	62
6208	57
6209	57
6210	55
6211	55
6212	56
6213	66
6214	58
6215	49
6216	59
6217	82
6218	70
6219	68
6220	61
6221	78
6222	73
6223	95
6224	72
6225	78
6226	94
6227	82
6228	89
6229	88
6230	96
6231	81
6232	108
6233	111
6234	111
6235	107
6236	108
6237	115
6238	132
6239	111
6240	122
6241	118
6242	122
6243	146
6244	137
6245	142
6246	119
6247	152
6248	135
6249	131
6250	151
6251	165
6252	148
6253	141
6254	162
6255	175
6256	167
6257	174
6258	162
6259	152
6260	156
6261	185
6262	176
6263	165
6264	188
6265	186
6266	181
6267	176
6268	200
6269	195
6270	202
6271	205
6272	201
6273	200
6274	177
6275	189
6276	188
6277	192
6278	205
6279	181
6280	196
6281	208
6282	183
6283	228
6284	204
6285	207
6286	219
6287	197
6288	183
6289	189
6290	203
6291	217
6292	226
6293	197
6294	207
6295	199
6296	202
6297	202
6298	208
6299	209
6300	225
6301	217
6302	186
6303	223
6304	195
6305	215
6306	199
6307	214
6308	211
6309	192
6310	201
6311	185
6312	169
6313	154
6314	168
6315	159
6316	174
6317	169
6318	170
6319	167
6320	148
6321	184
6322	156
6323	151
6324	130
6325	154
6326	129
6327	117
6328	137
6329	121
6330	126
6331	134
6332	123
6333	100
6334	128
6335	124
6336	132
6337	124
6338	133
6339	96
6340	106
6341	107
6342	108
6343	80
6344	111
6345	107
6346	96
6347	69
6348	91
6349	92
6350	65
6351	76
6352	70
6353	73
6354	73
6355	77
6356	70
6357	63
6358	60
6359	84
6360	67
6361	62
6362	56
6363	58
6364	68
6365	56
6366	62
6367	53
6368	54
6369	48
6370	44
6371	46
6372	40
6373	50
6374	40
6375	51
6376	42
6377	35
6378	40
6379	44
6380	29
6381	41
6382	37
6383	39
6384	43
6385	35
6386	44
6387	31
6388	37
6389	35
6390	37
6391	46
6392	29
6393	28
6394	35
6395	29
6396	24
6397	31
6398	31
6399	33
6400	27
6401	27
6402	29
6403	35
6404	21
6405	28
6406	26
6407	31
6408	23
6409	23
6410	25
6411	33
6412	29
6413	23
6414	22
6415	27
6416	20
6417	29
6418	23
6419	19
6420	26
6421	22
6422	22
6423	31
6424	28
6425	26
6426	25
6427	19
6428	23
6429	21
6430	19
6431	30
6432	26
6433	18
6434	24
6435	12
6436	20
6437	20
6438	18
6439	16
6440	16
6441	17
6442	13
6443	20
6444	13
6445	26
6446	13
6447	20
6448	17
6449	11
6450	10
6451	11
6452	11
6453	21
6454	24
6455	19
6456	22
6457	25
6458	19
6459	13
6460	22
6461	6
6462	14
6463	15
6464	27
6465	15
6466	21
6467	20
6468	16
6469	16
6470	15
6471	16
6472	24
6473	18
6474	12
6475	13
6476	18
6477	23
6478	10
6479	15
6480	16
6481	13
6482	14
6483	19
6484	10
6485	11
6486	8
6487	18
6488	11
6489	14
6490	13
6491	17
6492	14
6493	9
6494	17
6495	10
6496	12
6497	12
6498	13
6499	13
6500	16
6501	14
6502	10
6503	16
6504	9
6505	18
6506	18
6507	12
6508	13
6509	11
6510	13
6511	17
6512	13
6513	6
6514	10
6515	8
6516	10
6517	13
6518	14
6519	11
6520	11
6521	4
6522	10
6523	11
6524	12
6525	16
6526	8
6527	14
6528	14
6529	13
6530	13
6531	5
6532	8
6533	14
6534	9
6535	6
6536	13
6537	7
6538	4
6539	6
6540	16
6541	13
6542	14
6543	16
6544	10
6545	14
6546	11
6547	14
6548	8
6549	6
6550	14
6551	17
6552	14
6553	16
6554	14
6555	11
6556	9
6557	11
6558	6
6559	13
6560	8
6561	19
6562	11
6563	17
6564	10
6565	13
6566	9
6567	11
6568	8
6569	13
6570	10
6571	10
6572	13
6573	10
6574	11
6575	7
6576	10
6577	18
6578	10
6579	16
6580	12
6581	13
6582	9
6583	11
6584	13
6585	9
6586	8
6587	12
6588	10
6589	12
6590	13
6591	11
6592	11
6593	11
6594	14
6595	19
6596	5
6597	6
6598	14
6599	9
6600	6
6601	9
6602	8
6603	8
6604	9
6605	10
6606	10
6607	10
6608	6
6609	9
6610	9
6611	10
6612	11
6613	17
6614	11
6615	9
6616	12
6617	11
6618	8
6619	12
6620	10
6621	9
6622	8
6623	13
6624	8
6625	12
6626	10
6627	11
6628	10
6629	9
6630	13
6631	10
6632	11
6633	14
6634	12
6635	9
6636	15
6637	9
6638	14
6639	10
6640	14
6641	12
6642	9
6643	12
6644	11
6645	15
6646	12
6647	14
6648	13
6649	15
6650	9
6651	13
6652	15
6653	11
6654	12
6655	13
6656	16
6657	15
6658	11
6659	9
6660	10
6661	12
6662	13
6663	13
6664	14
6665	14
6666	8
6667	9
6668	8
6669	13
6670	19
6671	12
6672	18
6673	16
6674	15
6675	15
6676	14
6677	17
6678	16
6679	11
6680	17
6681	12
6682	17
6683	12
6684	17
6685	17
6686	16
6687	13
6688	20
6689	15
6690	18
6691	17
6692	13
6693	16
6694	9
6695	12
6696	13
6697	10
6698	15
6699	15
6700	13
6701	13
6702	16
6703	12
6704	18
6705	14
6706	19
6707	13
6708	13
6709	22
6710	25
6711	16
6712	23
6713	14
6714	12
6715	15
6716	30
6717	18
6718	18
6719	17
6720	22
6721	14
6722	13
6723	24
6724	17
6725	16
6726	18
6727	20
6728	16
6729	18
6730	23
6731	11
6732	18
6733	16
6734	21
6735	23
6736	26
6737	17
6738	12
6739	22
6740	15
6741	15
6742	19
6743	19
6744	18
6745	21
6746	19
6747	12
6748	22
6749	11
6750	19
6751	29
6752	15
6753	21
6754	16
6755	18
6756	17
6757	21
6758	21
6759	19
6760	25
6761	26
6762	16
6763	22
6764	24
6765	15
6766	27
6767	20
6768	27
6769	19
6770	23
6771	27
6772	20
6773	19
6774	25
6775	17
6776	23
6777	21
6778	21
6779	22
6780	24
6781	20
6782	21
6783	31
6784	36
6785	18
6786	31
6787	33
6788	27
6789	26
6790	28
6791	26
6792	25
6793	35
6794	26
6795	26
6796	28
6797	37
6798	39
6799	27
6800	34
6801	29
6802	29
6803	23
6804	30
6805	24
6806	39
6807	26
6808	43
6809	53
6810	40
6811	33
6812	46
6813	41
6814	38
6815	37
6816	45
6817	40
6818	42
6819	55
6820	40
6821	41
6822	47
6823	53
6824	66
6825	54
6826	52
6827	64
6828	69
6829	52
6830	72
6831	71
6832	63
6833	78
6834	59
6835	83
6836	74
6837	69
6838	59
6839	74
6840	92
6841	93
6842	99
6843	92
6844	78
6845	81
6846	97
6847	103
6848	107
6849	114
6850	88
6851	113
6852	107
6853	126
6854	113
6855	102
6856	113
6857	100
6858	120
6859	138
6860	141
6861	139
6862	128
6863	138
6864	136
6865	128
6866	155
6867	128
6868	136
6869	145
6870	153
6871	163
6872	177
6873	170
6874	151
6875	187
6876	174
6877	200
6878	172
6879	184
6880	195
6881	196
6882	205
6883	193
6884	188
6885	206
6886	205
6887	202
6888	201
6889	193
6890	194
6891	201
6892	223
6893	192
6894	210
6895	195
6896	207
6897	214
6898	187
6899	188
6900	209
6901	186
6902	219
6903	212
6904	210
6905	208
6906	189
6907	190
6908	215
6909	193
6910	212
6911	194
6912	194
6913	192
6914	193
6915	221
6916	206
6917	201
6918	204
6919	176
6920	173
6921	180
6922	189
6923	193
6924	208
6925	197
6926	170
6927	176
6928	174
6929	159
6930	174
6931	169
6932	165
6933	166
6934	145
6935	140
6936	160
6937	152
6938	140
6939	125
6940	138
6941	130
6942	138
6943	119
6944	125
6945	145
6946	126
6947	120
6948	128
6949	138
6950	126
6951	116
6952	79
6953	114
6954	90
6955	93
6956	87
6957	92
6958	100
6959	87
6960	112
6961	88
6962	94
6963	78
6964	84
6965	61
6966	61
6967	68
6968	71
6969	72
6970	78
6971	60
6972	74
6973	68
6974	65
6975	71
6976	57
6977	51
6978	50
6979	49
6980	57
6981	63
6982	53
6983	48
6984	55
6985	42
6986	56
6987	40
6988	33
6989	54
6990	58
6991	52
6992	39
6993	36
6994	48
6995	31
6996	29
6997	29
6998	32
6999	36
7000	41
7001	30
7002	22
7003	38
7004	33
7005	29
7006	37
7007	35
7008	44
7009	32
7010	23
7011	27
7012	33
7013	27
7014	25
7015	37
7016	39
7017	25
7018	20
7019	25
7020	31
7021	28
7022	31
7023	27
7024	26
7025	25
7026	20
7027	27
7028	26
7029	34
7030	35
7031	17
7032	15
7033	21
7034	20
7035	21
7036	19
7037	17
7038	19
7039	25
7040	23
7041	23
7042	27
7043	20
7044	21
7045	17
7046	30
7047	14
7048	24
7049	17
7050	21
7051	14
7052	16
7053	17
7054	18
7055	30
7056	26
7057	13
7058	16
7059	14
7060	15
7061	14
7062	14
7063	22
7064	15
7065	22
7066	20
7067	19
7068	12
7069	16
7070	14
7071	18
7072	19
7073	15
7074	19
7075	13
7076	17
7077	12
7078	21
7079	16
7080	14
7081	21
7082	13
7083	10
7084	16
7085	13
7086	11
7087	21
7088	21
7089	17
7090	16
7091	18
7092	18
7093	14
7094	17
7095	9
7096	14
7097	16
7098	15
7099	14
7100	18
7101	12
7102	19
7103	18
7104	13
7105	17
7106	21
7107	8
7108	12
7109	13
7110	19
7111	9
7112	14
7113	9
7114	13
7115	14
7116	12
7117	9
7118	22
7119	17
7120	13
7121	12
7122	8
7123	17
7124	7
7125	15
7126	15
7127	14
7128	17
7129	8
7130	22
7131	19
7132	9
7133	9
7134	10
7135	17
7136	9
7137	14
7138	18
7139	17
7140	9
7141	11
7142	15
7143	6
7144	13
7145	7
7146	14
7147	15
7148	14
7149	9
7150	14
7151	11
7152	18
7153	8
7154	15
7155	10
7156	10
7157	16
7158	17
7159	16
7160	12
7161	14
7162	12
7163	11
7164	7
7165	17
7166	10
7167	11
7168	10
7169	10
7170	12
7171	6
7172	9
7173	8
7174	11
7175	9
7176	6
7177	10
7178	12
7179	9
7180	12
7181	15
7182	12
7183	19
7184	8
7185	7
7186	15
7187	12
7188	19
7189	8
7190	11
7191	15
7192	9
7193	11
7194	16
7195	6
7196	9
7197	14
7198	5
7199	8
7200	9
7201	19
7202	10
7203	8
7204	9
7205	12
7206	11
7207	8
7208	10
7209	11
7210	10
7211	15
7212	6
7213	17
7214	14
7215	5
7216	8
7217	18
7218	8
7219	11
7220	10
7221	9
7222	11
7223	8
7224	14
7225	13
7226	8
7227	10
7228	11
7229	15
7230	7
7231	12
7232	12
7233	13
7234	16
7235	12
7236	17
7237	12
7238	16
7239	11
7240	13
7241	12
7242	13
7243	11
7244	11
7245	7
7246	16
7247	13
7248	9
7249	12
7250	10
7251	16
7252	18
7253	15
7254	10
7255	17
7256	14
7257	9
7258	16
7259	8
7260	10
7261	12
7262	9
7263	15
7264	12
7265	11
7266	8
7267	11
7268	11
7269	11
7270	14
7271	19
7272	13
7273	16
7274	11
7275	10
7276	15
7277	16
7278	13
7279	14
7280	17
7281	16
7282	16
7283	12
7284	17
7285	14
7286	14
7287	16
7288	13
7289	11
7290	12
7291	20
7292	17
7293	12
7294	14
7295	12
7296	6
7297	16
7298	11
7299	11
7300	11
7301	17
7302	15
7303	21
7304	13
7305	13
7306	13
7307	12
7308	18
7309	10
7310	17
7311	12
7312	19
7313	15
7314	16
7315	13
7316	11
7317	21
7318	15
7319	21
7320	17
7321	21
7322	17
7323	17
7324	18
7325	17
7326	16
7327	14
7328	16
7329	28
7330	23
7331	20
7332	13
7333	17
7334	16
7335	19
7336	16
7337	10
7338	13
7339	20
7340	27
7341	19
7342	22
7343	17
7344	17
7345	14
7346	13
7347	24
7348	19
7349	21
7350	13
7351	20
7352	23
7353	23
7354	17
7355	21
7356	20
7357	27
7358	18
7359	30
7360	19
7361	22
7362	16
7363	28
7364	23
7365	26
7366	27
7367	25
7368	21
7369	26
7370	27
7371	16
7372	25
7373	20
7374	18
7375	25
7376	30
7377	27
7378	27
7379	22
7380	31
7381	31
7382	23
7383	27
7384	25
7385	19
7386	24
7387	27
7388	27
7389	27
7390	25
7391	27
7392	18
7393	30
7394	25
7395	30
7396	28
7397	26
7398	37
7399	28
7400	29
7401	38
7402	31
7403	29
7404	34
7405	29
7406	29
7407	40
7408	46
7409	32
7410	37
7411	39
7412	52
7413	34
7414	50
7415	46
7416	51
7417	38
7418	49
7419	46
7420	52
7421	51
7422	50
7423	51
7424	38
7425	54
7426	62
7427	70
7428	54
7429	49
7430	78
7431	77
7432	46
7433	68
7434	61
7435	71
7436	71
7437	67
7438	63
7439	71
7440	72
7441	90
7442	104
7443	96
7444	90
7445	84
7446	100
7447	96
7448	94
7449	90
7450	108
7451	104
7452	117
7453	111
7454	132
7455	118
7456	119
7457	116
7458	141
7459	141
7460	141
7461	148
7462	136
7463	131
7464	153
7465	131
7466	126
7467	155
7468	166
7469	154
7470	172
7471	173
7472	196
7473	188
7474	161
7475	201
7476	178
7477	168
7478	182
7479	179
7480	175
7481	191
7482	193
7483	232
7484	207
7485	187
7486	194
7487	218
7488	218
7489	226
7490	215
7491	204
7492	198
7493	220
7494	215
7495	197
7496	203
7497	228
7498	201
7499	207
7500	212
7501	192
7502	197
7503	188
7504	208
7505	223
7506	223
7507	226
7508	205
7509	200
7510	202
7511	163
7512	184
7513	184
7514	187
7515	160
7516	133
7517	85
7518	65
7519	36
7520	32
7521	30
7522	21
7523	18
7524	6
7525	11
7526	6
7527	5
7528	7
7529	3
7530	6
7531	4
7532	1
7533	1
7534	0
7535	1
7536	0
7537	1
7538	0
7539	0
7540	0
7541	0
7542	0
7543	0
7544	1
7545	0
7546	0
7547	0
7548	0
7549	0
7550	0
7551	0
7552	0
7553	0
7554	0
7555	0
7556	0
7557	0
7558	0
7559	0
7560	0
7561	0
7562	0
7563	0
7564	0
7565	0
7566	0
7567	0
7568	0
7569	0
7570	0
7571	0
7572	0
7573	0
7574	0
7575	0
7576	0
7577	0
7578	0
7579	0
7580	0
7581	0
7582	0
7583	0
7584	0
7585	0
7586	0
7587	0
7588	0
7589	0
7590	0
7591	0
7592	0
7593	0
7594	0
7595	0
7596	0
7597	0
7598	0
7599	0
7600	0
7601	0
7602	0
7603	0
7604	0
7605	0
7606	0
7607	0
7608	0
7609	0
7610	0
7611	0
7612	0
7613	0
7614	0
7615	0
7616	0
7617	0
7618	0
7619	0
7620	0
7621	0
7622	0
7623	0
7624	0
7625	0
7626	0
7627	0
7628	0
7629	0
7630	0
7631	0
7632	0
7633	0
7634	0
7635	0
7636	0
7637	0
7638	0
7639	0
7640	0
7641	0
7642	0
7643	0
7644	0
7645	0
7646	0
7647	0
7648	0
7649	0
7650	0
7651	0
7652	0
7653	0
7654	0
7655	0
7656	0
7657	0
7658	0
7659	0
7660	0
7661	0
7662	0
7663	0
7664	0
7665	0
7666	0
7667	0
7668	0
7669	0
7670	0
7671	0
7672	0
7673	0
7674	0
7675	0
7676	0
7677	0
7678	0
7679	0
7680	0
7681	0
7682	0
7683	0
7684	0
7685	0
7686	0
7687	0
7688	0
7689	0
7690	0
7691	0
7692	0
7693	0
7694	0
7695	0
7696	0
7697	0
7698	0
7699	0
7700	0
7701	0
7702	0
7703	0
7704	0
7705	0
7706	0
7707	0
7708	0
7709	0
7710	0
7711	0
7712	0
7713	0
7714	0
7715	0
7716	0
7717	0
7718	0
7719	0
7720	0
7721	0
7722	0
7723	0
7724	0
7725	0
7726	0
7727	0
7728	0
7729	0
7730	0
7731	0
7732	0
7733	0
7734	0
7735	0
7736	0
7737	0
7738	0
7739	0
7740	0
7741	0
7742	0
7743	0
7744	0
7745	0
7746	0
7747	0
7748	0
7749	0
7750	0
7751	0
7752	0
7753	0
7754	0
7755	0
7756	0
7757	0
7758	0
7759	0
7760	0
7761	0
7762	0
7763	0
7764	0
7765	0
7766	0
7767	0
7768	0
7769	0
7770	0
7771	0
7772	0
7773	0
7774	0
7775	0
7776	0
7777	0
7778	0
7779	0
7780	0
7781	0
7782	0
7783	0
7784	0
7785	0
7786	0
7787	0
7788	0
7789	0
7790	0
7791	0
7792	0
7793	0
7794	0
7795	0
7796	0
7797	0
7798	0
7799	0
7800	0
7801	0
7802	0
7803	0
7804	0
7805	0
7806	0
7807	0
7808	0
7809	0
7810	0
7811	0
7812	0
7813	0
7814	0
7815	0
7816	0
7817	0
7818	0
7819	0
7820	0
7821	0
7822	0
7823	0
7824	0
7825	0
7826	0
7827	0
7828	0
7829	0
7830	0
7831	0
7832	0
7833	0
7834	0
7835	0
7836	0
7837	0
7838	0
7839	0
7840	0
7841	0
7842	0
7843	0
7844	0
7845	0
7846	0
7847	0
7848	0
7849	0
7850	0
7851	0
7852	0
7853	0
7854	0
7855	0
7856	0
7857	0
7858	0
7859	0
7860	0
7861	0
7862	0
7863	0
7864	0
7865	0
7866	0
7867	0
7868	0
7869	0
7870	0
7871	0
7872	0
7873	0
7874	0
7875	0
7876	0
7877	0
7878	0
7879	0
7880	0
7881	0
7882	0
7883	0
7884	0
7885	0
7886	0
7887	0
7888	0
7889	0
7890	0
7891	0
7892	0
7893	0
7894	0
7895	0
7896	0
7897	0
7898	0
7899	0
7900	0
7901	0
7902	0
7903	0
7904	0
7905	0
7906	0
7907	0
7908	0
7909	0
7910	0
7911	0
7912	0
7913	0
7914	0
7915	0
7916	0
7917	0
7918	0
7919	0
7920	0
7921	0
7922	0
7923	0
7924	0
7925	0
7926	0
7927	0
7928	0
7929	0
7930	0
7931	0
7932	0
7933	0
7934	0
7935	0
7936	0
7937	0
7938	0
7939	0
7940	0
7941	0
7942	0
7943	0
7944	0
7945	0
7946	0
7947	0
7948	0
7949	0
7950	0
7951	0
7952	0
7953	0
7954	0
7955	0
7956	0
7957	0
7958	0
7959	0
7960	0
7961	0
7962	0
7963	0
7964	0
7965	0
7966	0
7967	0
7968	0
7969	0
7970	0
7971	0
7972	0
7973	0
7974	0
7975	0
7976	0
7977	0
7978	0
7979	0
7980	0
7981	0
7982	0
7983	0
7984	0
7985	0
7986	0
7987	0
7988	0
7989	0
7990	0
7991	0
7992	0
7993	0
7994	0
7995	0
7996	0
7997	0
7998	0
7999	0
8000	0
8001	0
8002	0
8003	0
8004	0
8005	0
8006	0
8007	0
8008	0
8009	0
8010	0
8011	0
8012	0
8013	0
8014	0
8015	0
8016	0
8017	0
8018	0
8019	0
8020	0
8021	0
8022	0
8023	0
8024	0
8025	0
8026	0
8027	0
8028	0
8029	0
8030	0
8031	0
8032	0
8033	0
8034	0
8035	0
8036	0
8037	0
8038	0
8039	0
8040	0
8041	0
8042	0
8043	0
8044	0
8045	0
8046	0
8047	0
8048	0
8049	0
8050	0
8051	0
8052	0
8053	0
8054	0
8055	0
8056	0
8057	0
8058	0
8059	0
8060	0
8061	0
8062	0
8063	0
8064	0
8065	0
8066	0
8067	0
8068	0
8069	0
8070	0
8071	0
8072	0
8073	0
8074	0
8075	0
8076	0
8077	0
8078	0
8079	0
8080	0
8081	0
8082	0
8083	0
8084	0
8085	0
8086	0
8087	0
8088	0
8089	0
8090	0
8091	0
8092	0
8093	0
8094	0
8095	0
8096	0
8097	0
8098	0
8099	0
8100	0
8101	0
8102	0
8103	0
8104	0
8105	0
8106	0
8107	0
8108	0
8109	0
8110	0
8111	0
8112	0
8113	0
8114	0
8115	0
8116	0
8117	0
8118	0
8119	0
8120	0
8121	0
8122	0
8123	0
8124	0
8125	0
8126	0
8127	0
8128	0
8129	0
8130	0
8131	0
8132	0
8133	0
8134	0
8135	0
8136	0
8137	0
8138	0
8139	0
8140	0
8141	0
8142	0
8143	0
8144	0
8145	0
8146	0
8147	0
8148	0
8149	0
8150	0
8151	0
8152	0
8153	0
8154	0
8155	0
8156	0
8157	0
8158	0
8159	0
8160	0
8161	0
8162	0
8163	0
8164	0
8165	0
8166	0
8167	0
8168	0
8169	0
8170	0
8171	0
8172	0
8173	0
8174	0
8175	0
8176	0
8177	0
8178	0
8179	0
8180	0
8181	0
8182	0
8183	0
8184	0
8185	0
8186	0
8187	0
8188	0
8189	0
8190	0
8191	0
