n	m	dm	h	dh	x	dx	y	dy	1/dy^2	mx	my	mxy	mx^2
1	75	0	39.98	0.06	75	0	39.98	0.06	277.7777778	20833.33333	11105.55556	832916.6667	1562500
2	78	0	41.63	0.07	78	0	41.63	0.07	204.0816327	15918.36735	8495.918367	662681.6327	1241632.653
3	79	0	42.1	0.06	79	0	42.1	0.06	277.7777778	21944.44444	11694.44444	923861.1111	1733611.111
4	80	0	42.73	0.06	80	0	42.73	0.06	277.7777778	22222.22222	11869.44444	949555.5556	1777777.778
5	81	0	43.29	0.07	81	0	43.29	0.07	204.0816327	16530.61224	8834.693878	715610.2041	1338979.592
6	82	0	43.67	0.05	82	0	43.67	0.05	400	32800	17468	1432376	2689600
7	85	0	45.33	0.05	85	0	45.33	0.05	400	34000	18132	1541220	2890000
													
													
													
													
													
													
													
													
													
													
													
													
													
