0	0
1	0
2	0
3	0
4	0
5	0
6	0
7	0
8	0
9	0
10	0
11	0
12	0
13	0
14	0
15	0
16	0
17	0
18	0
19	0
20	0
21	0
22	0
23	0
24	0
25	0
26	0
27	0
28	0
29	0
30	0
31	0
32	1
33	1
34	0
35	0
36	0
37	1
38	1
39	2
40	2
41	2
42	3
43	0
44	3
45	4
46	1
47	0
48	1
49	4
50	0
51	0
52	3
53	3
54	2
55	1
56	2
57	4
58	4
59	4
60	3
61	6
62	8
63	11
64	8
65	29
66	33
67	32
68	71
69	86
70	117
71	176
72	224
73	281
74	377
75	459
76	517
77	609
78	624
79	621
80	671
81	673
82	670
83	682
84	693
85	719
86	685
87	688
88	670
89	701
90	721
91	683
92	676
93	681
94	727
95	702
96	713
97	752
98	696
99	760
100	753
101	733
102	733
103	664
104	690
105	784
106	718
107	718
108	663
109	689
110	678
111	680
112	699
113	762
114	705
115	721
116	634
117	737
118	732
119	690
120	735
121	696
122	714
123	680
124	735
125	755
126	689
127	737
128	713
129	680
130	745
131	716
132	704
133	714
134	705
135	682
136	710
137	693
138	708
139	748
140	727
141	726
142	718
143	691
144	683
145	714
146	725
147	693
148	713
149	711
150	715
151	684
152	744
153	690
154	727
155	695
156	653
157	722
158	702
159	691
160	718
161	723
162	731
163	730
164	697
165	764
166	727
167	684
168	672
169	657
170	698
171	743
172	697
173	703
174	726
175	715
176	759
177	741
178	744
179	747
180	753
181	695
182	716
183	657
184	760
185	736
186	751
187	691
188	682
189	711
190	706
191	707
192	743
193	727
194	710
195	684
196	690
197	657
198	701
199	688
200	632
201	690
202	701
203	681
204	691
205	641
206	762
207	670
208	665
209	668
210	658
211	676
212	662
213	709
214	671
215	692
216	669
217	701
218	674
219	733
220	654
221	641
222	684
223	767
224	738
225	710
226	696
227	692
228	696
229	710
230	701
231	723
232	720
233	724
234	727
235	665
236	700
237	662
238	693
239	676
240	712
241	677
242	680
243	717
244	745
245	747
246	690
247	672
248	703
249	707
250	672
251	737
252	686
253	735
254	675
255	709
256	748
257	719
258	777
259	684
260	745
261	665
262	775
263	672
264	718
265	729
266	721
267	690
268	719
269	730
270	757
271	743
272	707
273	740
274	784
275	657
276	750
277	728
278	731
279	798
280	707
281	691
282	744
283	707
284	706
285	766
286	757
287	749
288	736
289	719
290	764
291	744
292	733
293	770
294	816
295	725
296	744
297	748
298	729
299	706
300	725
301	707
302	731
303	697
304	734
305	701
306	736
307	757
308	771
309	760
310	744
311	764
312	771
313	717
314	746
315	774
316	737
317	764
318	753
319	766
320	722
321	779
322	744
323	764
324	743
325	761
326	729
327	748
328	780
329	754
330	714
331	758
332	770
333	734
334	738
335	808
336	762
337	759
338	798
339	816
340	777
341	838
342	769
343	811
344	730
345	743
346	862
347	799
348	816
349	819
350	769
351	806
352	743
353	815
354	798
355	795
356	720
357	773
358	837
359	787
360	785
361	801
362	799
363	807
364	788
365	732
366	760
367	800
368	760
369	792
370	751
371	834
372	820
373	800
374	757
375	822
376	782
377	762
378	809
379	782
380	823
381	769
382	828
383	743
384	850
385	815
386	821
387	823
388	802
389	802
390	787
391	814
392	812
393	820
394	876
395	828
396	864
397	775
398	754
399	803
400	834
401	808
402	774
403	808
404	872
405	807
406	805
407	795
408	816
409	794
410	782
411	805
412	870
413	867
414	819
415	849
416	881
417	819
418	850
419	807
420	810
421	856
422	825
423	794
424	764
425	790
426	831
427	789
428	806
429	785
430	861
431	821
432	826
433	820
434	808
435	825
436	858
437	830
438	853
439	797
440	828
441	835
442	833
443	806
444	877
445	849
446	845
447	880
448	814
449	802
450	864
451	816
452	804
453	776
454	895
455	879
456	884
457	858
458	826
459	820
460	804
461	852
462	850
463	902
464	902
465	851
466	855
467	838
468	913
469	876
470	923
471	903
472	930
473	865
474	856
475	864
476	831
477	867
478	919
479	880
480	846
481	855
482	917
483	902
484	925
485	925
486	905
487	938
488	919
489	882
490	885
491	990
492	921
493	955
494	911
495	948
496	973
497	925
498	917
499	929
500	949
501	928
502	975
503	939
504	989
505	910
506	1041
507	992
508	993
509	898
510	944
511	981
512	1004
513	1029
514	947
515	956
516	940
517	947
518	1030
519	1020
520	973
521	1013
522	996
523	1039
524	991
525	1037
526	1058
527	992
528	1020
529	1029
530	1061
531	998
532	964
533	1012
534	1018
535	1006
536	1037
537	1018
538	1009
539	1056
540	989
541	1038
542	1020
543	1046
544	1038
545	994
546	1049
547	1015
548	1075
549	1061
550	1087
551	1104
552	1068
553	1065
554	1004
555	1023
556	1060
557	1071
558	1068
559	1079
560	1058
561	1095
562	1077
563	1108
564	1128
565	1058
566	1109
567	1083
568	1131
569	1095
570	1145
571	1070
572	1074
573	1100
574	1190
575	1114
576	1103
577	1098
578	1163
579	1147
580	1143
581	1084
582	1086
583	1121
584	1152
585	1184
586	1132
587	1154
588	1150
589	1121
590	1157
591	1233
592	1182
593	1180
594	1151
595	1095
596	1146
597	1212
598	1163
599	1189
600	1163
601	1083
602	1226
603	1152
604	1212
605	1209
606	1184
607	1132
608	1226
609	1173
610	1135
611	1186
612	1232
613	1165
614	1164
615	1226
616	1231
617	1195
618	1223
619	1202
620	1242
621	1139
622	1184
623	1245
624	1217
625	1139
626	1184
627	1119
628	1211
629	1210
630	1206
631	1191
632	1192
633	1188
634	1204
635	1206
636	1200
637	1209
638	1175
639	1172
640	1213
641	1246
642	1189
643	1181
644	1155
645	1216
646	1241
647	1148
648	1190
649	1233
650	1230
651	1174
652	1179
653	1228
654	1175
655	1196
656	1206
657	1256
658	1175
659	1187
660	1203
661	1238
662	1148
663	1184
664	1144
665	1171
666	1264
667	1178
668	1159
669	1148
670	1175
671	1197
672	1148
673	1286
674	1230
675	1212
676	1209
677	1169
678	1183
679	1142
680	1239
681	1198
682	1214
683	1203
684	1162
685	1142
686	1170
687	1178
688	1184
689	1172
690	1147
691	1209
692	1205
693	1148
694	1209
695	1230
696	1158
697	1185
698	1171
699	1192
700	1208
701	1138
702	1125
703	1210
704	1171
705	1222
706	1134
707	1140
708	1237
709	1113
710	1119
711	1186
712	1138
713	1186
714	1187
715	1153
716	1148
717	1109
718	1116
719	1140
720	1124
721	1152
722	1174
723	1138
724	1206
725	1195
726	1172
727	1221
728	1147
729	1146
730	1110
731	1220
732	1107
733	1124
734	1080
735	1129
736	1176
737	1170
738	1066
739	1152
740	1132
741	1147
742	1140
743	1127
744	1122
745	1176
746	1116
747	1040
748	1076
749	1163
750	1105
751	1149
752	1139
753	1113
754	1123
755	1112
756	1150
757	1079
758	1179
759	1132
760	1080
761	1163
762	1083
763	1095
764	1205
765	1101
766	1066
767	1100
768	1093
769	1052
770	1058
771	1103
772	1073
773	1117
774	1061
775	1058
776	1073
777	1112
778	1047
779	1065
780	994
781	1075
782	1027
783	1094
784	1108
785	1104
786	1026
787	1111
788	1082
789	1133
790	1045
791	1039
792	1010
793	1024
794	961
795	1132
796	1064
797	1097
798	1041
799	1060
800	1035
801	1090
802	1069
803	1079
804	1070
805	1064
806	1071
807	1070
808	1068
809	1139
810	1004
811	1017
812	1028
813	996
814	1051
815	1069
816	1101
817	1023
818	1085
819	1084
820	1046
821	1037
822	1086
823	1103
824	1065
825	1027
826	1019
827	1064
828	1066
829	1007
830	1021
831	1051
832	1071
833	993
834	1062
835	1078
836	1118
837	992
838	1047
839	1070
840	1058
841	1055
842	1013
843	1068
844	1037
845	1069
846	974
847	1013
848	1062
849	1006
850	1065
851	1034
852	1033
853	958
854	1015
855	1014
856	1084
857	1016
858	1028
859	1020
860	982
861	1031
862	1028
863	963
864	1020
865	1039
866	1035
867	1006
868	1018
869	1068
870	1071
871	1025
872	1049
873	1008
874	1075
875	982
876	1055
877	1019
878	1006
879	1101
880	1033
881	1031
882	1045
883	1041
884	1025
885	1053
886	1043
887	1036
888	1074
889	1030
890	1066
891	1036
892	1070
893	1048
894	1003
895	1049
896	1006
897	1045
898	1046
899	1049
900	1067
901	1015
902	1066
903	1026
904	1052
905	1022
906	1014
907	1065
908	1057
909	1086
910	1042
911	1069
912	1056
913	1003
914	1007
915	1020
916	1042
917	1099
918	1052
919	1033
920	983
921	1083
922	1040
923	1119
924	1047
925	1064
926	1055
927	1049
928	1055
929	1063
930	1004
931	1068
932	1072
933	1024
934	1034
935	1125
936	1015
937	1096
938	1107
939	1072
940	1091
941	1055
942	1118
943	1061
944	1172
945	1038
946	1057
947	1036
948	1070
949	1096
950	1051
951	1026
952	1112
953	1179
954	1097
955	1056
956	1059
957	1121
958	1162
959	1073
960	1096
961	1112
962	1083
963	1165
964	1085
965	1116
966	1155
967	1107
968	1118
969	1168
970	1132
971	1057
972	1114
973	1145
974	1076
975	1125
976	1123
977	1157
978	1075
979	1090
980	1145
981	1129
982	1133
983	1172
984	1167
985	1164
986	1149
987	1123
988	1068
989	1119
990	1120
991	1082
992	1141
993	1144
994	1100
995	1132
996	1120
997	1148
998	1090
999	1138
1000	1123
1001	1159
1002	1125
1003	1164
1004	1119
1005	1147
1006	1121
1007	1080
1008	1179
1009	1110
1010	1144
1011	1158
1012	1094
1013	1157
1014	1180
1015	1132
1016	1182
1017	1135
1018	1202
1019	1081
1020	1243
1021	1192
1022	1109
1023	1182
1024	1144
1025	1202
1026	1165
1027	1127
1028	1155
1029	1202
1030	1213
1031	1178
1032	1158
1033	1114
1034	1232
1035	1162
1036	1266
1037	1162
1038	1210
1039	1105
1040	1161
1041	1159
1042	1200
1043	1156
1044	1168
1045	1168
1046	1172
1047	1150
1048	1176
1049	1151
1050	1127
1051	1169
1052	1155
1053	1173
1054	1170
1055	1141
1056	1187
1057	1163
1058	1175
1059	1191
1060	1187
1061	1212
1062	1245
1063	1151
1064	1165
1065	1162
1066	1164
1067	1193
1068	1165
1069	1192
1070	1217
1071	1270
1072	1205
1073	1202
1074	1205
1075	1171
1076	1226
1077	1155
1078	1212
1079	1126
1080	1180
1081	1146
1082	1171
1083	1161
1084	1242
1085	1173
1086	1196
1087	1235
1088	1231
1089	1202
1090	1140
1091	1253
1092	1147
1093	1183
1094	1171
1095	1243
1096	1200
1097	1235
1098	1160
1099	1132
1100	1219
1101	1128
1102	1105
1103	1195
1104	1189
1105	1127
1106	1216
1107	1131
1108	1143
1109	1224
1110	1153
1111	1179
1112	1142
1113	1170
1114	1213
1115	1134
1116	1169
1117	1199
1118	1137
1119	1117
1120	1104
1121	1176
1122	1163
1123	1157
1124	1270
1125	1229
1126	1104
1127	1180
1128	1152
1129	1162
1130	1196
1131	1152
1132	1171
1133	1172
1134	1134
1135	1147
1136	1166
1137	1143
1138	1166
1139	1167
1140	1199
1141	1206
1142	1148
1143	1151
1144	1112
1145	1152
1146	1151
1147	1090
1148	1148
1149	1041
1150	1181
1151	1119
1152	1125
1153	1209
1154	1156
1155	1101
1156	1134
1157	1115
1158	1159
1159	1149
1160	1169
1161	1154
1162	1107
1163	1176
1164	1133
1165	1074
1166	1120
1167	1095
1168	1099
1169	1087
1170	1122
1171	1106
1172	1099
1173	1157
1174	1076
1175	1066
1176	1187
1177	1109
1178	1101
1179	1076
1180	1069
1181	1088
1182	1160
1183	1087
1184	1151
1185	1081
1186	1095
1187	1052
1188	1108
1189	1160
1190	1110
1191	1117
1192	1050
1193	1117
1194	1098
1195	1096
1196	1101
1197	1069
1198	1025
1199	1117
1200	1109
1201	1094
1202	1035
1203	1111
1204	1074
1205	1014
1206	1065
1207	1016
1208	1062
1209	1040
1210	1045
1211	1062
1212	1078
1213	1045
1214	1054
1215	1028
1216	1085
1217	1061
1218	1055
1219	1065
1220	1108
1221	1043
1222	1059
1223	1064
1224	1074
1225	1064
1226	1063
1227	1060
1228	1000
1229	1072
1230	1098
1231	1086
1232	1119
1233	1064
1234	1052
1235	1028
1236	1012
1237	1015
1238	992
1239	1011
1240	1018
1241	1052
1242	1017
1243	1033
1244	996
1245	1071
1246	1062
1247	1039
1248	1040
1249	1023
1250	991
1251	1020
1252	1094
1253	1035
1254	1054
1255	1036
1256	1079
1257	1018
1258	1044
1259	1032
1260	993
1261	981
1262	1050
1263	1091
1264	1039
1265	1048
1266	1057
1267	1047
1268	1032
1269	987
1270	1002
1271	981
1272	1032
1273	974
1274	996
1275	1008
1276	1026
1277	999
1278	1014
1279	1032
1280	1004
1281	968
1282	988
1283	1057
1284	1027
1285	1066
1286	1052
1287	968
1288	971
1289	1042
1290	981
1291	970
1292	996
1293	1008
1294	963
1295	1000
1296	943
1297	967
1298	996
1299	1029
1300	978
1301	1032
1302	945
1303	994
1304	1022
1305	1035
1306	1034
1307	984
1308	984
1309	985
1310	968
1311	952
1312	947
1313	975
1314	960
1315	987
1316	996
1317	991
1318	1003
1319	973
1320	966
1321	963
1322	972
1323	929
1324	1001
1325	987
1326	977
1327	955
1328	967
1329	992
1330	944
1331	954
1332	970
1333	985
1334	1003
1335	939
1336	895
1337	960
1338	895
1339	1019
1340	957
1341	958
1342	965
1343	941
1344	946
1345	983
1346	970
1347	925
1348	901
1349	973
1350	912
1351	968
1352	967
1353	955
1354	906
1355	958
1356	958
1357	937
1358	908
1359	970
1360	886
1361	961
1362	981
1363	926
1364	927
1365	855
1366	877
1367	957
1368	915
1369	986
1370	906
1371	932
1372	905
1373	963
1374	924
1375	908
1376	931
1377	872
1378	928
1379	923
1380	910
1381	943
1382	969
1383	886
1384	896
1385	882
1386	894
1387	961
1388	935
1389	937
1390	883
1391	896
1392	887
1393	908
1394	866
1395	897
1396	906
1397	884
1398	951
1399	931
1400	885
1401	913
1402	880
1403	928
1404	902
1405	921
1406	867
1407	884
1408	855
1409	931
1410	897
1411	945
1412	910
1413	915
1414	901
1415	860
1416	921
1417	893
1418	905
1419	903
1420	873
1421	887
1422	899
1423	905
1424	954
1425	853
1426	867
1427	916
1428	884
1429	860
1430	830
1431	894
1432	897
1433	885
1434	898
1435	913
1436	908
1437	903
1438	955
1439	880
1440	864
1441	918
1442	875
1443	905
1444	845
1445	874
1446	824
1447	878
1448	852
1449	845
1450	855
1451	932
1452	906
1453	820
1454	908
1455	867
1456	888
1457	884
1458	839
1459	850
1460	897
1461	930
1462	897
1463	897
1464	889
1465	850
1466	940
1467	880
1468	841
1469	887
1470	841
1471	857
1472	825
1473	854
1474	828
1475	900
1476	871
1477	844
1478	878
1479	818
1480	859
1481	912
1482	829
1483	874
1484	835
1485	858
1486	881
1487	877
1488	875
1489	875
1490	884
1491	902
1492	854
1493	868
1494	837
1495	820
1496	883
1497	833
1498	867
1499	932
1500	849
1501	879
1502	845
1503	881
1504	844
1505	880
1506	844
1507	898
1508	848
1509	857
1510	803
1511	840
1512	828
1513	823
1514	831
1515	886
1516	805
1517	891
1518	818
1519	824
1520	882
1521	887
1522	884
1523	842
1524	900
1525	929
1526	851
1527	837
1528	841
1529	909
1530	825
1531	893
1532	918
1533	814
1534	880
1535	847
1536	847
1537	934
1538	879
1539	923
1540	919
1541	879
1542	862
1543	847
1544	882
1545	895
1546	899
1547	848
1548	845
1549	852
1550	941
1551	932
1552	785
1553	893
1554	880
1555	898
1556	881
1557	842
1558	889
1559	885
1560	912
1561	893
1562	826
1563	857
1564	873
1565	880
1566	864
1567	913
1568	889
1569	878
1570	859
1571	850
1572	850
1573	887
1574	874
1575	890
1576	909
1577	853
1578	837
1579	859
1580	908
1581	877
1582	895
1583	904
1584	873
1585	895
1586	890
1587	894
1588	845
1589	867
1590	881
1591	907
1592	866
1593	915
1594	887
1595	937
1596	945
1597	899
1598	949
1599	937
1600	862
1601	879
1602	893
1603	860
1604	925
1605	909
1606	870
1607	921
1608	915
1609	924
1610	925
1611	918
1612	936
1613	924
1614	973
1615	912
1616	914
1617	875
1618	921
1619	938
1620	949
1621	847
1622	946
1623	977
1624	957
1625	932
1626	922
1627	937
1628	961
1629	996
1630	963
1631	951
1632	948
1633	984
1634	879
1635	976
1636	1005
1637	896
1638	991
1639	1015
1640	1047
1641	1005
1642	1001
1643	960
1644	1038
1645	1022
1646	961
1647	980
1648	988
1649	1037
1650	1023
1651	971
1652	1030
1653	1016
1654	1033
1655	989
1656	1019
1657	1038
1658	1038
1659	1008
1660	991
1661	1048
1662	1034
1663	1092
1664	1047
1665	1077
1666	1109
1667	1099
1668	1134
1669	1156
1670	1125
1671	1104
1672	1126
1673	1188
1674	1099
1675	1085
1676	1169
1677	1186
1678	1124
1679	1153
1680	1183
1681	1295
1682	1201
1683	1181
1684	1132
1685	1177
1686	1289
1687	1235
1688	1262
1689	1244
1690	1214
1691	1236
1692	1301
1693	1288
1694	1287
1695	1288
1696	1260
1697	1297
1698	1332
1699	1319
1700	1316
1701	1370
1702	1396
1703	1327
1704	1329
1705	1345
1706	1420
1707	1417
1708	1385
1709	1368
1710	1447
1711	1492
1712	1479
1713	1416
1714	1451
1715	1474
1716	1461
1717	1539
1718	1547
1719	1565
1720	1538
1721	1544
1722	1591
1723	1602
1724	1573
1725	1650
1726	1589
1727	1626
1728	1635
1729	1675
1730	1728
1731	1712
1732	1762
1733	1633
1734	1750
1735	1766
1736	1748
1737	1784
1738	1761
1739	1810
1740	1825
1741	1839
1742	1799
1743	1846
1744	1894
1745	1843
1746	1919
1747	1898
1748	1958
1749	1998
1750	1940
1751	2011
1752	2010
1753	1948
1754	1952
1755	2068
1756	2055
1757	2114
1758	2067
1759	2069
1760	2189
1761	2226
1762	2205
1763	2174
1764	2257
1765	2306
1766	2370
1767	2306
1768	2316
1769	2350
1770	2371
1771	2342
1772	2355
1773	2491
1774	2491
1775	2530
1776	2563
1777	2481
1778	2491
1779	2613
1780	2587
1781	2587
1782	2611
1783	2561
1784	2590
1785	2675
1786	2751
1787	2853
1788	2779
1789	2789
1790	2770
1791	2849
1792	2894
1793	2878
1794	2837
1795	2921
1796	3030
1797	3053
1798	2965
1799	3075
1800	3021
1801	3082
1802	3066
1803	3074
1804	2904
1805	3102
1806	3219
1807	3263
1808	3360
1809	3269
1810	3349
1811	3359
1812	3457
1813	3488
1814	3357
1815	3356
1816	3471
1817	3570
1818	3513
1819	3521
1820	3611
1821	3558
1822	3567
1823	3648
1824	3542
1825	3722
1826	3625
1827	3802
1828	3703
1829	3778
1830	3981
1831	3858
1832	3837
1833	3830
1834	3880
1835	3907
1836	4021
1837	4034
1838	4001
1839	4006
1840	4157
1841	4132
1842	4114
1843	4091
1844	4219
1845	4206
1846	4214
1847	4291
1848	4382
1849	4421
1850	4274
1851	4374
1852	4369
1853	4444
1854	4564
1855	4470
1856	4529
1857	4539
1858	4602
1859	4566
1860	4483
1861	4577
1862	4631
1863	4630
1864	4793
1865	4732
1866	4729
1867	4865
1868	4711
1869	4733
1870	4844
1871	4811
1872	4897
1873	4918
1874	4829
1875	5071
1876	5038
1877	4967
1878	4969
1879	5016
1880	5097
1881	5143
1882	5091
1883	5121
1884	5214
1885	5103
1886	5153
1887	5213
1888	5171
1889	5134
1890	5326
1891	5185
1892	5261
1893	5240
1894	5298
1895	5324
1896	5298
1897	5236
1898	5375
1899	5466
1900	5390
1901	5432
1902	5411
1903	5473
1904	5521
1905	5643
1906	5368
1907	5467
1908	5591
1909	5522
1910	5515
1911	5565
1912	5519
1913	5422
1914	5567
1915	5561
1916	5471
1917	5503
1918	5675
1919	5652
1920	5698
1921	5762
1922	5568
1923	5674
1924	5589
1925	5668
1926	5666
1927	5634
1928	5593
1929	5791
1930	5769
1931	5624
1932	5667
1933	5766
1934	5845
1935	5685
1936	5616
1937	5647
1938	5744
1939	5723
1940	5844
1941	5705
1942	5765
1943	5839
1944	5752
1945	5656
1946	5752
1947	5711
1948	5606
1949	5711
1950	5525
1951	5635
1952	5770
1953	5796
1954	5736
1955	5727
1956	5764
1957	5749
1958	5794
1959	5645
1960	5656
1961	5615
1962	5698
1963	5730
1964	5655
1965	5697
1966	5540
1967	5583
1968	5693
1969	5778
1970	5445
1971	5553
1972	5611
1973	5362
1974	5535
1975	5595
1976	5508
1977	5541
1978	5615
1979	5341
1980	5565
1981	5520
1982	5506
1983	5428
1984	5441
1985	5470
1986	5418
1987	5360
1988	5371
1989	5340
1990	5236
1991	5333
1992	5175
1993	5490
1994	5240
1995	5193
1996	5266
1997	5156
1998	5015
1999	5042
2000	5112
2001	5076
2002	5035
2003	5063
2004	5204
2005	5048
2006	5014
2007	4985
2008	4977
2009	4883
2010	4913
2011	4889
2012	4881
2013	4914
2014	4879
2015	4871
2016	4822
2017	4846
2018	4854
2019	4602
2020	4707
2021	4640
2022	4840
2023	4717
2024	4540
2025	4598
2026	4734
2027	4657
2028	4461
2029	4528
2030	4463
2031	4378
2032	4434
2033	4491
2034	4347
2035	4429
2036	4300
2037	4317
2038	4340
2039	4337
2040	4261
2041	4254
2042	4276
2043	4122
2044	4011
2045	4087
2046	4206
2047	4038
2048	4015
2049	4027
2050	4023
2051	3926
2052	3938
2053	4059
2054	4028
2055	3881
2056	3857
2057	3786
2058	3799
2059	3759
2060	3706
2061	3728
2062	3733
2063	3734
2064	3693
2065	3610
2066	3653
2067	3571
2068	3530
2069	3455
2070	3525
2071	3523
2072	3539
2073	3497
2074	3436
2075	3331
2076	3423
2077	3374
2078	3322
2079	3264
2080	3236
2081	3308
2082	3298
2083	3184
2084	3171
2085	3116
2086	3255
2087	3162
2088	3070
2089	3161
2090	3082
2091	3102
2092	3067
2093	3017
2094	3003
2095	3025
2096	2950
2097	2982
2098	2894
2099	2917
2100	2854
2101	2844
2102	2850
2103	2792
2104	2839
2105	2847
2106	2764
2107	2768
2108	2743
2109	2664
2110	2687
2111	2646
2112	2697
2113	2672
2114	2627
2115	2643
2116	2641
2117	2458
2118	2473
2119	2474
2120	2455
2121	2556
2122	2474
2123	2370
2124	2468
2125	2443
2126	2463
2127	2475
2128	2404
2129	2420
2130	2415
2131	2316
2132	2330
2133	2275
2134	2312
2135	2238
2136	2326
2137	2212
2138	2287
2139	2234
2140	2213
2141	2172
2142	2107
2143	2148
2144	2152
2145	2187
2146	2106
2147	2162
2148	2144
2149	1974
2150	2039
2151	2066
2152	2061
2153	2049
2154	2089
2155	2100
2156	2004
2157	1901
2158	2012
2159	2085
2160	1974
2161	1966
2162	1942
2163	1963
2164	1970
2165	1899
2166	1935
2167	1898
2168	1930
2169	1907
2170	1896
2171	1885
2172	1853
2173	1912
2174	1807
2175	1859
2176	1754
2177	1795
2178	1842
2179	1788
2180	1748
2181	1737
2182	1786
2183	1718
2184	1790
2185	1736
2186	1754
2187	1821
2188	1703
2189	1710
2190	1750
2191	1738
2192	1704
2193	1741
2194	1668
2195	1731
2196	1669
2197	1668
2198	1662
2199	1702
2200	1577
2201	1654
2202	1645
2203	1669
2204	1635
2205	1627
2206	1594
2207	1622
2208	1627
2209	1605
2210	1554
2211	1675
2212	1607
2213	1634
2214	1560
2215	1636
2216	1569
2217	1622
2218	1557
2219	1641
2220	1593
2221	1592
2222	1635
2223	1670
2224	1474
2225	1625
2226	1620
2227	1602
2228	1549
2229	1559
2230	1543
2231	1540
2232	1575
2233	1532
2234	1571
2235	1561
2236	1535
2237	1573
2238	1557
2239	1590
2240	1433
2241	1530
2242	1478
2243	1496
2244	1589
2245	1473
2246	1554
2247	1534
2248	1474
2249	1503
2250	1562
2251	1562
2252	1515
2253	1478
2254	1553
2255	1516
2256	1504
2257	1504
2258	1514
2259	1543
2260	1529
2261	1459
2262	1478
2263	1444
2264	1503
2265	1407
2266	1508
2267	1490
2268	1534
2269	1526
2270	1449
2271	1490
2272	1490
2273	1471
2274	1529
2275	1494
2276	1530
2277	1512
2278	1506
2279	1525
2280	1466
2281	1539
2282	1482
2283	1505
2284	1401
2285	1500
2286	1459
2287	1478
2288	1473
2289	1425
2290	1515
2291	1497
2292	1476
2293	1422
2294	1446
2295	1498
2296	1444
2297	1458
2298	1443
2299	1409
2300	1461
2301	1483
2302	1466
2303	1507
2304	1482
2305	1481
2306	1462
2307	1498
2308	1376
2309	1513
2310	1550
2311	1499
2312	1491
2313	1423
2314	1456
2315	1498
2316	1488
2317	1486
2318	1526
2319	1503
2320	1461
2321	1510
2322	1545
2323	1503
2324	1491
2325	1437
2326	1484
2327	1518
2328	1400
2329	1469
2330	1458
2331	1388
2332	1446
2333	1499
2334	1448
2335	1416
2336	1478
2337	1431
2338	1450
2339	1543
2340	1465
2341	1508
2342	1494
2343	1424
2344	1457
2345	1457
2346	1438
2347	1496
2348	1451
2349	1437
2350	1536
2351	1454
2352	1475
2353	1461
2354	1464
2355	1420
2356	1443
2357	1436
2358	1512
2359	1471
2360	1428
2361	1389
2362	1490
2363	1477
2364	1418
2365	1449
2366	1416
2367	1463
2368	1435
2369	1441
2370	1448
2371	1438
2372	1425
2373	1479
2374	1486
2375	1433
2376	1427
2377	1444
2378	1449
2379	1351
2380	1410
2381	1420
2382	1516
2383	1442
2384	1391
2385	1367
2386	1461
2387	1388
2388	1391
2389	1486
2390	1447
2391	1416
2392	1436
2393	1482
2394	1435
2395	1511
2396	1377
2397	1445
2398	1459
2399	1430
2400	1380
2401	1459
2402	1456
2403	1426
2404	1405
2405	1399
2406	1501
2407	1471
2408	1406
2409	1418
2410	1462
2411	1412
2412	1453
2413	1415
2414	1387
2415	1411
2416	1434
2417	1412
2418	1450
2419	1383
2420	1314
2421	1385
2422	1445
2423	1486
2424	1361
2425	1387
2426	1418
2427	1416
2428	1389
2429	1450
2430	1428
2431	1473
2432	1374
2433	1465
2434	1467
2435	1415
2436	1427
2437	1387
2438	1458
2439	1389
2440	1374
2441	1362
2442	1381
2443	1381
2444	1402
2445	1375
2446	1404
2447	1444
2448	1416
2449	1410
2450	1427
2451	1473
2452	1435
2453	1446
2454	1454
2455	1466
2456	1416
2457	1483
2458	1412
2459	1371
2460	1416
2461	1367
2462	1413
2463	1438
2464	1396
2465	1379
2466	1398
2467	1357
2468	1357
2469	1439
2470	1443
2471	1364
2472	1346
2473	1409
2474	1502
2475	1398
2476	1404
2477	1398
2478	1405
2479	1436
2480	1343
2481	1369
2482	1400
2483	1403
2484	1368
2485	1413
2486	1345
2487	1385
2488	1413
2489	1431
2490	1383
2491	1337
2492	1373
2493	1385
2494	1396
2495	1323
2496	1454
2497	1450
2498	1329
2499	1356
2500	1362
2501	1309
2502	1445
2503	1365
2504	1338
2505	1382
2506	1377
2507	1324
2508	1328
2509	1338
2510	1350
2511	1406
2512	1384
2513	1424
2514	1391
2515	1305
2516	1437
2517	1378
2518	1278
2519	1329
2520	1360
2521	1331
2522	1388
2523	1380
2524	1341
2525	1374
2526	1380
2527	1364
2528	1428
2529	1332
2530	1324
2531	1355
2532	1354
2533	1340
2534	1398
2535	1372
2536	1405
2537	1294
2538	1338
2539	1322
2540	1361
2541	1353
2542	1360
2543	1338
2544	1370
2545	1361
2546	1327
2547	1391
2548	1321
2549	1387
2550	1368
2551	1333
2552	1322
2553	1312
2554	1278
2555	1329
2556	1262
2557	1422
2558	1325
2559	1304
2560	1319
2561	1323
2562	1371
2563	1318
2564	1371
2565	1303
2566	1321
2567	1303
2568	1357
2569	1300
2570	1412
2571	1339
2572	1290
2573	1394
2574	1350
2575	1327
2576	1353
2577	1311
2578	1302
2579	1358
2580	1331
2581	1300
2582	1379
2583	1294
2584	1336
2585	1386
2586	1192
2587	1343
2588	1286
2589	1357
2590	1300
2591	1333
2592	1269
2593	1269
2594	1301
2595	1247
2596	1308
2597	1240
2598	1271
2599	1366
2600	1296
2601	1268
2602	1289
2603	1327
2604	1319
2605	1328
2606	1300
2607	1287
2608	1312
2609	1263
2610	1286
2611	1276
2612	1196
2613	1263
2614	1296
2615	1314
2616	1265
2617	1275
2618	1247
2619	1383
2620	1277
2621	1327
2622	1281
2623	1305
2624	1269
2625	1262
2626	1300
2627	1275
2628	1312
2629	1298
2630	1275
2631	1339
2632	1321
2633	1313
2634	1306
2635	1257
2636	1241
2637	1329
2638	1287
2639	1239
2640	1299
2641	1300
2642	1263
2643	1289
2644	1289
2645	1283
2646	1283
2647	1332
2648	1245
2649	1250
2650	1280
2651	1292
2652	1299
2653	1292
2654	1246
2655	1357
2656	1271
2657	1228
2658	1269
2659	1264
2660	1243
2661	1227
2662	1220
2663	1195
2664	1253
2665	1321
2666	1309
2667	1264
2668	1261
2669	1264
2670	1261
2671	1264
2672	1293
2673	1271
2674	1308
2675	1225
2676	1220
2677	1222
2678	1253
2679	1268
2680	1301
2681	1246
2682	1285
2683	1216
2684	1287
2685	1280
2686	1262
2687	1203
2688	1270
2689	1251
2690	1220
2691	1311
2692	1242
2693	1238
2694	1305
2695	1183
2696	1235
2697	1257
2698	1272
2699	1218
2700	1241
2701	1212
2702	1198
2703	1257
2704	1195
2705	1293
2706	1204
2707	1187
2708	1284
2709	1212
2710	1249
2711	1284
2712	1305
2713	1164
2714	1262
2715	1234
2716	1217
2717	1247
2718	1222
2719	1170
2720	1268
2721	1206
2722	1257
2723	1208
2724	1279
2725	1194
2726	1245
2727	1228
2728	1227
2729	1249
2730	1174
2731	1180
2732	1171
2733	1227
2734	1228
2735	1198
2736	1212
2737	1187
2738	1225
2739	1131
2740	1217
2741	1228
2742	1213
2743	1174
2744	1211
2745	1192
2746	1186
2747	1224
2748	1195
2749	1177
2750	1181
2751	1189
2752	1214
2753	1211
2754	1217
2755	1129
2756	1127
2757	1234
2758	1155
2759	1192
2760	1169
2761	1124
2762	1190
2763	1192
2764	1179
2765	1162
2766	1218
2767	1241
2768	1199
2769	1169
2770	1180
2771	1192
2772	1196
2773	1157
2774	1176
2775	1109
2776	1119
2777	1103
2778	1108
2779	1205
2780	1177
2781	1185
2782	1195
2783	1239
2784	1143
2785	1213
2786	1173
2787	1200
2788	1196
2789	1196
2790	1212
2791	1164
2792	1165
2793	1171
2794	1119
2795	1173
2796	1095
2797	1134
2798	1115
2799	1126
2800	1160
2801	1209
2802	1142
2803	1201
2804	1142
2805	1089
2806	1141
2807	1178
2808	1180
2809	1136
2810	1137
2811	1113
2812	1189
2813	1130
2814	1191
2815	1134
2816	1122
2817	1179
2818	1092
2819	1093
2820	1161
2821	1121
2822	1097
2823	1145
2824	1118
2825	1114
2826	1113
2827	1117
2828	1152
2829	1120
2830	1143
2831	1186
2832	1155
2833	1074
2834	1157
2835	1134
2836	1121
2837	1052
2838	1142
2839	1171
2840	1087
2841	1071
2842	1110
2843	1105
2844	1113
2845	1090
2846	1081
2847	1069
2848	1083
2849	1048
2850	1119
2851	1186
2852	1082
2853	1076
2854	1033
2855	1124
2856	1088
2857	1065
2858	1087
2859	1096
2860	1132
2861	1116
2862	1069
2863	1101
2864	1120
2865	1118
2866	1085
2867	1050
2868	1090
2869	1117
2870	1128
2871	1019
2872	1084
2873	1059
2874	1053
2875	1130
2876	1131
2877	1114
2878	1073
2879	1043
2880	1103
2881	1059
2882	1140
2883	1087
2884	1085
2885	1075
2886	1090
2887	998
2888	1059
2889	1010
2890	1112
2891	1078
2892	1099
2893	1111
2894	1106
2895	1088
2896	1045
2897	1098
2898	1093
2899	1102
2900	1096
2901	1053
2902	1056
2903	1057
2904	1074
2905	1022
2906	1041
2907	1078
2908	1066
2909	1005
2910	1061
2911	1056
2912	1049
2913	993
2914	1094
2915	1060
2916	1092
2917	992
2918	1034
2919	1014
2920	1002
2921	1026
2922	1098
2923	1060
2924	1053
2925	1035
2926	1050
2927	1014
2928	1041
2929	1024
2930	1020
2931	1021
2932	1061
2933	1057
2934	1071
2935	1024
2936	1074
2937	1040
2938	1042
2939	1020
2940	1039
2941	1021
2942	1063
2943	1038
2944	1059
2945	997
2946	996
2947	1061
2948	986
2949	1017
2950	1022
2951	997
2952	1064
2953	1079
2954	1055
2955	1040
2956	984
2957	1011
2958	1022
2959	1047
2960	1067
2961	1010
2962	1031
2963	1026
2964	1010
2965	1023
2966	1004
2967	1022
2968	971
2969	1026
2970	1017
2971	1016
2972	1025
2973	1044
2974	1007
2975	953
2976	1005
2977	1020
2978	1026
2979	917
2980	1022
2981	990
2982	993
2983	939
2984	1002
2985	1001
2986	1046
2987	972
2988	963
2989	951
2990	926
2991	1001
2992	1011
2993	994
2994	980
2995	936
2996	974
2997	985
2998	911
2999	1011
3000	985
3001	992
3002	979
3003	973
3004	1044
3005	1003
3006	928
3007	1005
3008	969
3009	971
3010	1042
3011	969
3012	995
3013	973
3014	997
3015	937
3016	971
3017	950
3018	969
3019	990
3020	975
3021	996
3022	989
3023	962
3024	969
3025	959
3026	958
3027	995
3028	954
3029	907
3030	917
3031	938
3032	950
3033	1020
3034	959
3035	958
3036	939
3037	932
3038	923
3039	946
3040	915
3041	983
3042	888
3043	1001
3044	935
3045	948
3046	975
3047	902
3048	937
3049	942
3050	1014
3051	959
3052	941
3053	916
3054	925
3055	933
3056	938
3057	975
3058	955
3059	946
3060	960
3061	945
3062	936
3063	988
3064	977
3065	876
3066	940
3067	955
3068	920
3069	920
3070	968
3071	917
3072	941
3073	938
3074	925
3075	946
3076	899
3077	965
3078	884
3079	860
3080	887
3081	900
3082	952
3083	978
3084	913
3085	876
3086	881
3087	928
3088	949
3089	910
3090	877
3091	873
3092	872
3093	864
3094	877
3095	908
3096	885
3097	899
3098	916
3099	871
3100	848
3101	895
3102	901
3103	869
3104	899
3105	912
3106	923
3107	925
3108	878
3109	872
3110	850
3111	955
3112	889
3113	869
3114	864
3115	876
3116	880
3117	859
3118	877
3119	893
3120	903
3121	891
3122	862
3123	838
3124	798
3125	890
3126	907
3127	850
3128	900
3129	892
3130	880
3131	906
3132	884
3133	838
3134	942
3135	828
3136	788
3137	897
3138	829
3139	882
3140	866
3141	847
3142	811
3143	872
3144	858
3145	873
3146	899
3147	873
3148	857
3149	864
3150	891
3151	852
3152	878
3153	904
3154	831
3155	842
3156	871
3157	822
3158	875
3159	870
3160	866
3161	852
3162	807
3163	785
3164	814
3165	897
3166	823
3167	894
3168	836
3169	862
3170	878
3171	816
3172	824
3173	858
3174	811
3175	876
3176	804
3177	863
3178	801
3179	877
3180	867
3181	796
3182	864
3183	819
3184	793
3185	853
3186	788
3187	838
3188	796
3189	806
3190	803
3191	888
3192	819
3193	796
3194	824
3195	764
3196	840
3197	841
3198	873
3199	820
3200	880
3201	809
3202	816
3203	795
3204	833
3205	770
3206	827
3207	830
3208	836
3209	786
3210	855
3211	817
3212	808
3213	836
3214	844
3215	819
3216	821
3217	767
3218	808
3219	871
3220	770
3221	787
3222	780
3223	829
3224	865
3225	811
3226	806
3227	804
3228	820
3229	838
3230	804
3231	847
3232	789
3233	795
3234	825
3235	780
3236	824
3237	774
3238	771
3239	762
3240	834
3241	801
3242	725
3243	768
3244	823
3245	754
3246	818
3247	781
3248	809
3249	812
3250	841
3251	851
3252	770
3253	748
3254	761
3255	781
3256	778
3257	775
3258	770
3259	765
3260	768
3261	758
3262	783
3263	805
3264	771
3265	794
3266	746
3267	830
3268	770
3269	793
3270	807
3271	832
3272	803
3273	748
3274	784
3275	756
3276	769
3277	776
3278	765
3279	750
3280	776
3281	797
3282	765
3283	744
3284	729
3285	765
3286	789
3287	781
3288	769
3289	772
3290	749
3291	753
3292	772
3293	772
3294	760
3295	723
3296	748
3297	765
3298	776
3299	766
3300	775
3301	751
3302	735
3303	758
3304	710
3305	751
3306	795
3307	722
3308	770
3309	726
3310	744
3311	711
3312	740
3313	760
3314	726
3315	761
3316	778
3317	751
3318	693
3319	711
3320	730
3321	800
3322	744
3323	692
3324	708
3325	760
3326	699
3327	768
3328	737
3329	726
3330	733
3331	712
3332	678
3333	742
3334	737
3335	719
3336	709
3337	726
3338	733
3339	733
3340	727
3341	756
3342	736
3343	688
3344	711
3345	713
3346	721
3347	715
3348	745
3349	763
3350	752
3351	702
3352	713
3353	731
3354	761
3355	707
3356	759
3357	711
3358	724
3359	706
3360	711
3361	692
3362	751
3363	710
3364	727
3365	684
3366	707
3367	709
3368	660
3369	667
3370	692
3371	700
3372	682
3373	709
3374	679
3375	717
3376	659
3377	656
3378	730
3379	709
3380	684
3381	676
3382	682
3383	677
3384	708
3385	706
3386	715
3387	688
3388	713
3389	706
3390	710
3391	665
3392	703
3393	659
3394	707
3395	706
3396	648
3397	648
3398	678
3399	674
3400	671
3401	720
3402	656
3403	714
3404	648
3405	672
3406	692
3407	698
3408	693
3409	688
3410	620
3411	663
3412	686
3413	689
3414	663
3415	665
3416	681
3417	669
3418	696
3419	672
3420	634
3421	659
3422	673
3423	636
3424	622
3425	687
3426	664
3427	674
3428	657
3429	638
3430	655
3431	684
3432	602
3433	698
3434	665
3435	670
3436	671
3437	632
3438	664
3439	676
3440	672
3441	666
3442	650
3443	661
3444	656
3445	632
3446	673
3447	633
3448	656
3449	583
3450	641
3451	634
3452	665
3453	617
3454	635
3455	601
3456	719
3457	630
3458	622
3459	632
3460	657
3461	627
3462	628
3463	669
3464	623
3465	627
3466	631
3467	615
3468	649
3469	644
3470	603
3471	608
3472	631
3473	630
3474	646
3475	607
3476	610
3477	562
3478	624
3479	631
3480	581
3481	667
3482	692
3483	611
3484	600
3485	615
3486	664
3487	645
3488	614
3489	611
3490	608
3491	605
3492	637
3493	594
3494	619
3495	620
3496	618
3497	625
3498	611
3499	625
3500	580
3501	636
3502	607
3503	576
3504	636
3505	572
3506	593
3507	570
3508	633
3509	564
3510	613
3511	632
3512	628
3513	604
3514	607
3515	583
3516	572
3517	591
3518	583
3519	592
3520	606
3521	570
3522	593
3523	612
3524	611
3525	598
3526	604
3527	621
3528	593
3529	590
3530	601
3531	576
3532	569
3533	624
3534	614
3535	663
3536	607
3537	620
3538	593
3539	593
3540	601
3541	609
3542	597
3543	599
3544	598
3545	569
3546	551
3547	575
3548	610
3549	557
3550	550
3551	591
3552	565
3553	594
3554	630
3555	596
3556	591
3557	576
3558	574
3559	562
3560	554
3561	557
3562	593
3563	598
3564	582
3565	599
3566	566
3567	605
3568	544
3569	611
3570	587
3571	582
3572	593
3573	534
3574	611
3575	553
3576	562
3577	542
3578	565
3579	545
3580	562
3581	557
3582	574
3583	594
3584	563
3585	569
3586	550
3587	569
3588	545
3589	588
3590	584
3591	585
3592	599
3593	558
3594	566
3595	514
3596	539
3597	559
3598	602
3599	571
3600	567
3601	604
3602	551
3603	545
3604	551
3605	532
3606	577
3607	535
3608	499
3609	555
3610	542
3611	539
3612	589
3613	519
3614	552
3615	546
3616	530
3617	546
3618	577
3619	527
3620	527
3621	551
3622	548
3623	540
3624	529
3625	559
3626	527
3627	527
3628	505
3629	534
3630	527
3631	503
3632	566
3633	543
3634	585
3635	532
3636	534
3637	508
3638	553
3639	532
3640	574
3641	562
3642	531
3643	549
3644	576
3645	548
3646	510
3647	566
3648	489
3649	520
3650	483
3651	562
3652	494
3653	507
3654	516
3655	513
3656	537
3657	524
3658	525
3659	488
3660	525
3661	514
3662	531
3663	495
3664	496
3665	545
3666	552
3667	482
3668	486
3669	474
3670	510
3671	525
3672	530
3673	516
3674	499
3675	490
3676	464
3677	496
3678	520
3679	525
3680	506
3681	503
3682	489
3683	462
3684	482
3685	550
3686	473
3687	509
3688	514
3689	529
3690	521
3691	500
3692	507
3693	512
3694	498
3695	440
3696	475
3697	473
3698	515
3699	506
3700	463
3701	498
3702	488
3703	463
3704	432
3705	495
3706	492
3707	456
3708	508
3709	497
3710	462
3711	519
3712	425
3713	457
3714	466
3715	465
3716	496
3717	472
3718	451
3719	525
3720	518
3721	498
3722	457
3723	498
3724	470
3725	483
3726	508
3727	541
3728	532
3729	472
3730	461
3731	488
3732	486
3733	468
3734	479
3735	466
3736	479
3737	478
3738	474
3739	524
3740	467
3741	462
3742	478
3743	463
3744	463
3745	487
3746	422
3747	472
3748	464
3749	460
3750	478
3751	430
3752	433
3753	447
3754	427
3755	465
3756	454
3757	469
3758	465
3759	442
3760	462
3761	491
3762	466
3763	418
3764	467
3765	472
3766	464
3767	463
3768	422
3769	464
3770	467
3771	473
3772	472
3773	463
3774	443
3775	431
3776	442
3777	456
3778	439
3779	447
3780	429
3781	384
3782	446
3783	437
3784	454
3785	428
3786	408
3787	416
3788	458
3789	441
3790	462
3791	377
3792	378
3793	427
3794	431
3795	482
3796	450
3797	416
3798	445
3799	477
3800	444
3801	438
3802	463
3803	407
3804	431
3805	467
3806	423
3807	408
3808	410
3809	426
3810	441
3811	425
3812	420
3813	423
3814	439
3815	405
3816	389
3817	423
3818	419
3819	424
3820	414
3821	409
3822	464
3823	429
3824	454
3825	391
3826	438
3827	447
3828	439
3829	456
3830	417
3831	430
3832	409
3833	426
3834	408
3835	427
3836	446
3837	425
3838	411
3839	380
3840	397
3841	427
3842	400
3843	453
3844	425
3845	424
3846	374
3847	404
3848	413
3849	424
3850	422
3851	449
3852	381
3853	440
3854	407
3855	384
3856	392
3857	416
3858	453
3859	422
3860	372
3861	390
3862	452
3863	400
3864	395
3865	455
3866	409
3867	410
3868	405
3869	409
3870	402
3871	376
3872	371
3873	400
3874	387
3875	408
3876	413
3877	412
3878	407
3879	366
3880	426
3881	404
3882	407
3883	394
3884	384
3885	393
3886	376
3887	349
3888	362
3889	386
3890	400
3891	440
3892	383
3893	360
3894	395
3895	407
3896	373
3897	406
3898	339
3899	408
3900	387
3901	387
3902	388
3903	383
3904	388
3905	401
3906	351
3907	404
3908	364
3909	400
3910	387
3911	385
3912	384
3913	361
3914	365
3915	373
3916	355
3917	358
3918	358
3919	399
3920	386
3921	362
3922	384
3923	380
3924	381
3925	342
3926	370
3927	366
3928	356
3929	372
3930	355
3931	369
3932	360
3933	376
3934	377
3935	379
3936	349
3937	346
3938	385
3939	350
3940	387
3941	382
3942	341
3943	364
3944	349
3945	339
3946	346
3947	373
3948	358
3949	339
3950	369
3951	360
3952	345
3953	344
3954	338
3955	334
3956	369
3957	342
3958	355
3959	352
3960	373
3961	353
3962	328
3963	329
3964	333
3965	319
3966	321
3967	407
3968	357
3969	348
3970	366
3971	332
3972	334
3973	347
3974	340
3975	369
3976	358
3977	356
3978	337
3979	343
3980	344
3981	348
3982	303
3983	347
3984	355
3985	363
3986	362
3987	333
3988	350
3989	363
3990	329
3991	325
3992	336
3993	346
3994	327
3995	332
3996	346
3997	331
3998	330
3999	312
4000	330
4001	360
4002	346
4003	336
4004	325
4005	344
4006	334
4007	318
4008	334
4009	307
4010	330
4011	332
4012	298
4013	287
4014	328
4015	320
4016	306
4017	314
4018	351
4019	355
4020	318
4021	335
4022	329
4023	320
4024	317
4025	340
4026	307
4027	312
4028	297
4029	309
4030	346
4031	312
4032	306
4033	329
4034	305
4035	318
4036	312
4037	318
4038	301
4039	294
4040	307
4041	322
4042	309
4043	264
4044	296
4045	275
4046	319
4047	301
4048	298
4049	311
4050	322
4051	323
4052	309
4053	339
4054	332
4055	306
4056	294
4057	314
4058	297
4059	303
4060	303
4061	311
4062	280
4063	280
4064	261
4065	288
4066	315
4067	300
4068	289
4069	306
4070	273
4071	277
4072	320
4073	297
4074	302
4075	310
4076	282
4077	290
4078	266
4079	256
4080	316
4081	307
4082	298
4083	314
4084	264
4085	290
4086	301
4087	271
4088	271
4089	268
4090	281
4091	282
4092	270
4093	280
4094	296
4095	280
4096	297
4097	298
4098	301
4099	281
4100	293
4101	275
4102	271
4103	273
4104	287
4105	249
4106	255
4107	270
4108	286
4109	295
4110	235
4111	298
4112	281
4113	263
4114	264
4115	247
4116	265
4117	273
4118	281
4119	279
4120	278
4121	263
4122	285
4123	264
4124	273
4125	250
4126	283
4127	280
4128	269
4129	270
4130	255
4131	275
4132	243
4133	234
4134	231
4135	275
4136	258
4137	267
4138	290
4139	264
4140	243
4141	229
4142	241
4143	268
4144	228
4145	248
4146	265
4147	234
4148	246
4149	235
4150	254
4151	251
4152	270
4153	249
4154	253
4155	255
4156	235
4157	247
4158	283
4159	256
4160	225
4161	238
4162	237
4163	241
4164	264
4165	256
4166	238
4167	264
4168	244
4169	250
4170	252
4171	256
4172	245
4173	237
4174	250
4175	231
4176	215
4177	221
4178	223
4179	238
4180	233
4181	249
4182	256
4183	231
4184	242
4185	231
4186	244
4187	227
4188	237
4189	219
4190	229
4191	224
4192	226
4193	199
4194	242
4195	200
4196	244
4197	230
4198	228
4199	231
4200	232
4201	236
4202	233
4203	204
4204	233
4205	235
4206	256
4207	223
4208	217
4209	218
4210	230
4211	208
4212	226
4213	234
4214	239
4215	227
4216	228
4217	250
4218	199
4219	230
4220	203
4221	218
4222	214
4223	236
4224	203
4225	206
4226	237
4227	222
4228	219
4229	217
4230	207
4231	217
4232	215
4233	214
4234	206
4235	219
4236	229
4237	227
4238	236
4239	197
4240	218
4241	223
4242	218
4243	189
4244	242
4245	213
4246	217
4247	212
4248	182
4249	201
4250	198
4251	204
4252	222
4253	194
4254	214
4255	221
4256	199
4257	211
4258	195
4259	183
4260	204
4261	196
4262	202
4263	219
4264	175
4265	191
4266	206
4267	206
4268	188
4269	197
4270	195
4271	214
4272	188
4273	211
4274	199
4275	189
4276	179
4277	215
4278	180
4279	199
4280	200
4281	178
4282	198
4283	185
4284	206
4285	200
4286	212
4287	182
4288	198
4289	176
4290	182
4291	214
4292	187
4293	211
4294	193
4295	209
4296	204
4297	208
4298	214
4299	177
4300	204
4301	162
4302	172
4303	202
4304	210
4305	150
4306	173
4307	199
4308	165
4309	193
4310	167
4311	175
4312	206
4313	183
4314	194
4315	182
4316	165
4317	189
4318	195
4319	179
4320	173
4321	186
4322	163
4323	169
4324	198
4325	163
4326	158
4327	183
4328	188
4329	185
4330	192
4331	146
4332	185
4333	186
4334	157
4335	179
4336	173
4337	194
4338	197
4339	161
4340	154
4341	180
4342	185
4343	161
4344	157
4345	168
4346	168
4347	163
4348	193
4349	154
4350	170
4351	131
4352	155
4353	181
4354	157
4355	147
4356	167
4357	156
4358	161
4359	174
4360	159
4361	160
4362	156
4363	162
4364	185
4365	154
4366	156
4367	163
4368	172
4369	161
4370	157
4371	160
4372	147
4373	150
4374	173
4375	146
4376	139
4377	143
4378	148
4379	182
4380	145
4381	167
4382	132
4383	146
4384	164
4385	141
4386	162
4387	141
4388	145
4389	164
4390	155
4391	158
4392	152
4393	141
4394	151
4395	149
4396	149
4397	164
4398	156
4399	148
4400	161
4401	136
4402	144
4403	163
4404	145
4405	135
4406	130
4407	160
4408	136
4409	159
4410	136
4411	141
4412	154
4413	143
4414	155
4415	150
4416	143
4417	130
4418	135
4419	142
4420	161
4421	145
4422	165
4423	137
4424	142
4425	159
4426	144
4427	119
4428	137
4429	147
4430	143
4431	121
4432	134
4433	152
4434	111
4435	114
4436	144
4437	138
4438	147
4439	157
4440	153
4441	157
4442	139
4443	140
4444	142
4445	125
4446	130
4447	158
4448	130
4449	118
4450	126
4451	147
4452	144
4453	135
4454	120
4455	147
4456	165
4457	120
4458	109
4459	132
4460	133
4461	137
4462	155
4463	132
4464	121
4465	135
4466	120
4467	136
4468	118
4469	132
4470	147
4471	118
4472	134
4473	153
4474	154
4475	114
4476	116
4477	131
4478	135
4479	119
4480	115
4481	114
4482	125
4483	118
4484	136
4485	128
4486	112
4487	119
4488	124
4489	126
4490	118
4491	118
4492	116
4493	102
4494	117
4495	99
4496	109
4497	130
4498	111
4499	114
4500	130
4501	128
4502	114
4503	119
4504	119
4505	118
4506	139
4507	128
4508	131
4509	130
4510	119
4511	143
4512	125
4513	131
4514	122
4515	130
4516	139
4517	132
4518	138
4519	102
4520	128
4521	114
4522	144
4523	134
4524	117
4525	121
4526	121
4527	102
4528	125
4529	127
4530	112
4531	119
4532	110
4533	128
4534	118
4535	122
4536	98
4537	123
4538	122
4539	116
4540	113
4541	125
4542	121
4543	119
4544	114
4545	105
4546	114
4547	108
4548	106
4549	130
4550	122
4551	120
4552	108
4553	131
4554	122
4555	116
4556	118
4557	130
4558	123
4559	122
4560	119
4561	115
4562	125
4563	113
4564	129
4565	123
4566	115
4567	100
4568	126
4569	117
4570	113
4571	117
4572	102
4573	124
4574	137
4575	116
4576	102
4577	126
4578	121
4579	126
4580	135
4581	117
4582	119
4583	128
4584	112
4585	101
4586	129
4587	127
4588	121
4589	130
4590	122
4591	110
4592	103
4593	101
4594	106
4595	120
4596	111
4597	118
4598	119
4599	126
4600	118
4601	131
4602	117
4603	119
4604	120
4605	129
4606	103
4607	133
4608	124
4609	128
4610	126
4611	127
4612	122
4613	129
4614	122
4615	119
4616	122
4617	133
4618	122
4619	114
4620	125
4621	114
4622	130
4623	111
4624	111
4625	113
4626	106
4627	120
4628	126
4629	108
4630	127
4631	125
4632	136
4633	121
4634	120
4635	123
4636	114
4637	106
4638	127
4639	114
4640	127
4641	122
4642	139
4643	135
4644	99
4645	124
4646	119
4647	121
4648	125
4649	113
4650	128
4651	129
4652	115
4653	118
4654	136
4655	130
4656	119
4657	118
4658	144
4659	134
4660	113
4661	152
4662	127
4663	140
4664	139
4665	158
4666	153
4667	134
4668	129
4669	137
4670	135
4671	166
4672	148
4673	148
4674	132
4675	124
4676	139
4677	132
4678	123
4679	128
4680	128
4681	138
4682	148
4683	121
4684	144
4685	147
4686	120
4687	146
4688	128
4689	152
4690	158
4691	140
4692	143
4693	151
4694	144
4695	142
4696	152
4697	160
4698	148
4699	126
4700	165
4701	155
4702	154
4703	152
4704	175
4705	162
4706	150
4707	155
4708	159
4709	152
4710	154
4711	151
4712	166
4713	145
4714	165
4715	147
4716	144
4717	182
4718	180
4719	149
4720	165
4721	178
4722	172
4723	151
4724	155
4725	175
4726	172
4727	190
4728	149
4729	174
4730	157
4731	171
4732	181
4733	149
4734	170
4735	189
4736	171
4737	198
4738	186
4739	165
4740	196
4741	206
4742	200
4743	183
4744	190
4745	169
4746	190
4747	187
4748	178
4749	207
4750	187
4751	181
4752	219
4753	168
4754	179
4755	177
4756	183
4757	206
4758	211
4759	171
4760	195
4761	183
4762	194
4763	194
4764	206
4765	203
4766	214
4767	220
4768	176
4769	208
4770	194
4771	178
4772	189
4773	189
4774	187
4775	190
4776	199
4777	238
4778	225
4779	254
4780	235
4781	228
4782	210
4783	229
4784	221
4785	243
4786	214
4787	256
4788	217
4789	214
4790	225
4791	248
4792	225
4793	246
4794	198
4795	241
4796	225
4797	211
4798	246
4799	235
4800	230
4801	254
4802	240
4803	219
4804	239
4805	242
4806	246
4807	247
4808	266
4809	247
4810	259
4811	248
4812	262
4813	251
4814	223
4815	270
4816	272
4817	276
4818	245
4819	250
4820	247
4821	245
4822	272
4823	246
4824	257
4825	311
4826	288
4827	270
4828	283
4829	279
4830	299
4831	274
4832	301
4833	280
4834	258
4835	300
4836	302
4837	277
4838	290
4839	297
4840	297
4841	280
4842	312
4843	311
4844	312
4845	286
4846	314
4847	283
4848	274
4849	314
4850	308
4851	321
4852	286
4853	317
4854	330
4855	349
4856	349
4857	323
4858	303
4859	346
4860	333
4861	323
4862	321
4863	330
4864	311
4865	364
4866	338
4867	324
4868	364
4869	341
4870	341
4871	349
4872	336
4873	362
4874	361
4875	322
4876	365
4877	324
4878	370
4879	350
4880	344
4881	346
4882	368
4883	369
4884	408
4885	352
4886	349
4887	341
4888	343
4889	373
4890	359
4891	394
4892	375
4893	402
4894	375
4895	390
4896	391
4897	389
4898	388
4899	444
4900	349
4901	373
4902	405
4903	415
4904	359
4905	394
4906	443
4907	381
4908	349
4909	387
4910	434
4911	422
4912	415
4913	406
4914	401
4915	426
4916	403
4917	447
4918	419
4919	390
4920	434
4921	416
4922	427
4923	441
4924	441
4925	447
4926	434
4927	444
4928	438
4929	470
4930	442
4931	421
4932	473
4933	435
4934	448
4935	469
4936	481
4937	463
4938	443
4939	430
4940	450
4941	433
4942	468
4943	486
4944	496
4945	476
4946	472
4947	471
4948	445
4949	468
4950	517
4951	504
4952	509
4953	531
4954	516
4955	507
4956	515
4957	502
4958	501
4959	522
4960	482
4961	492
4962	537
4963	468
4964	520
4965	486
4966	538
4967	518
4968	531
4969	548
4970	464
4971	488
4972	466
4973	532
4974	529
4975	532
4976	501
4977	546
4978	519
4979	534
4980	517
4981	517
4982	566
4983	533
4984	519
4985	591
4986	564
4987	545
4988	556
4989	552
4990	534
4991	577
4992	573
4993	605
4994	585
4995	584
4996	562
4997	613
4998	569
4999	557
5000	587
5001	577
5002	585
5003	567
5004	571
5005	631
5006	573
5007	599
5008	582
5009	575
5010	607
5011	559
5012	641
5013	556
5014	584
5015	585
5016	575
5017	599
5018	644
5019	623
5020	621
5021	618
5022	596
5023	600
5024	592
5025	614
5026	622
5027	625
5028	606
5029	605
5030	599
5031	627
5032	588
5033	613
5034	630
5035	614
5036	635
5037	679
5038	612
5039	630
5040	647
5041	617
5042	587
5043	626
5044	623
5045	586
5046	579
5047	634
5048	631
5049	662
5050	672
5051	672
5052	649
5053	666
5054	665
5055	632
5056	597
5057	679
5058	686
5059	668
5060	575
5061	629
5062	662
5063	675
5064	652
5065	676
5066	660
5067	666
5068	676
5069	655
5070	690
5071	682
5072	677
5073	664
5074	684
5075	645
5076	720
5077	685
5078	680
5079	641
5080	711
5081	633
5082	669
5083	683
5084	665
5085	721
5086	670
5087	654
5088	627
5089	646
5090	663
5091	663
5092	711
5093	664
5094	666
5095	650
5096	675
5097	624
5098	674
5099	619
5100	686
5101	686
5102	724
5103	664
5104	686
5105	673
5106	644
5107	660
5108	663
5109	677
5110	662
5111	683
5112	628
5113	717
5114	704
5115	644
5116	669
5117	706
5118	658
5119	627
5120	652
5121	662
5122	673
5123	686
5124	688
5125	641
5126	681
5127	672
5128	717
5129	684
5130	654
5131	669
5132	699
5133	685
5134	757
5135	677
5136	682
5137	685
5138	704
5139	691
5140	707
5141	673
5142	640
5143	693
5144	659
5145	698
5146	692
5147	696
5148	656
5149	720
5150	694
5151	715
5152	699
5153	667
5154	702
5155	713
5156	651
5157	657
5158	641
5159	681
5160	709
5161	653
5162	667
5163	677
5164	688
5165	667
5166	658
5167	669
5168	708
5169	745
5170	677
5171	705
5172	636
5173	660
5174	628
5175	688
5176	627
5177	680
5178	621
5179	635
5180	654
5181	652
5182	635
5183	637
5184	674
5185	640
5186	640
5187	635
5188	658
5189	633
5190	616
5191	633
5192	643
5193	639
5194	666
5195	632
5196	647
5197	683
5198	641
5199	615
5200	655
5201	647
5202	657
5203	636
5204	658
5205	652
5206	628
5207	638
5208	667
5209	636
5210	633
5211	580
5212	619
5213	631
5214	608
5215	584
5216	604
5217	671
5218	592
5219	618
5220	573
5221	584
5222	597
5223	658
5224	589
5225	623
5226	678
5227	578
5228	591
5229	651
5230	593
5231	634
5232	602
5233	587
5234	604
5235	599
5236	574
5237	624
5238	550
5239	586
5240	610
5241	616
5242	560
5243	612
5244	582
5245	587
5246	590
5247	571
5248	590
5249	576
5250	553
5251	626
5252	568
5253	574
5254	559
5255	584
5256	534
5257	553
5258	575
5259	565
5260	548
5261	555
5262	559
5263	554
5264	562
5265	537
5266	559
5267	550
5268	524
5269	587
5270	557
5271	533
5272	548
5273	506
5274	541
5275	547
5276	514
5277	494
5278	541
5279	517
5280	534
5281	563
5282	506
5283	490
5284	520
5285	522
5286	550
5287	510
5288	501
5289	452
5290	493
5291	513
5292	496
5293	470
5294	468
5295	501
5296	458
5297	496
5298	470
5299	474
5300	461
5301	493
5302	460
5303	481
5304	499
5305	477
5306	476
5307	451
5308	435
5309	493
5310	459
5311	484
5312	469
5313	474
5314	472
5315	448
5316	485
5317	440
5318	492
5319	441
5320	441
5321	453
5322	476
5323	472
5324	443
5325	453
5326	428
5327	436
5328	457
5329	434
5330	457
5331	448
5332	435
5333	417
5334	428
5335	414
5336	394
5337	447
5338	380
5339	384
5340	427
5341	382
5342	437
5343	430
5344	395
5345	381
5346	416
5347	371
5348	412
5349	394
5350	383
5351	399
5352	456
5353	396
5354	373
5355	389
5356	379
5357	394
5358	399
5359	364
5360	364
5361	381
5362	392
5363	371
5364	343
5365	350
5366	336
5367	374
5368	381
5369	371
5370	370
5371	347
5372	368
5373	364
5374	353
5375	349
5376	342
5377	356
5378	315
5379	335
5380	335
5381	339
5382	336
5383	336
5384	317
5385	307
5386	318
5387	360
5388	319
5389	320
5390	316
5391	326
5392	302
5393	329
5394	342
5395	296
5396	310
5397	282
5398	291
5399	305
5400	319
5401	297
5402	340
5403	321
5404	321
5405	299
5406	308
5407	296
5408	281
5409	324
5410	289
5411	276
5412	273
5413	243
5414	291
5415	295
5416	281
5417	267
5418	298
5419	272
5420	280
5421	283
5422	274
5423	263
5424	258
5425	284
5426	282
5427	259
5428	282
5429	292
5430	265
5431	278
5432	266
5433	238
5434	276
5435	260
5436	246
5437	247
5438	248
5439	249
5440	243
5441	222
5442	214
5443	243
5444	265
5445	237
5446	219
5447	229
5448	233
5449	230
5450	236
5451	238
5452	211
5453	224
5454	215
5455	227
5456	224
5457	230
5458	202
5459	226
5460	212
5461	223
5462	215
5463	210
5464	248
5465	240
5466	210
5467	175
5468	221
5469	209
5470	203
5471	199
5472	180
5473	180
5474	187
5475	206
5476	186
5477	191
5478	189
5479	173
5480	176
5481	188
5482	204
5483	173
5484	195
5485	186
5486	182
5487	180
5488	172
5489	186
5490	177
5491	193
5492	173
5493	184
5494	181
5495	166
5496	163
5497	159
5498	174
5499	154
5500	175
5501	189
5502	152
5503	179
5504	155
5505	171
5506	155
5507	177
5508	163
5509	171
5510	169
5511	177
5512	159
5513	167
5514	166
5515	153
5516	183
5517	165
5518	163
5519	167
5520	138
5521	154
5522	153
5523	134
5524	145
5525	144
5526	134
5527	145
5528	140
5529	146
5530	143
5531	135
5532	156
5533	146
5534	144
5535	126
5536	152
5537	128
5538	129
5539	125
5540	111
5541	143
5542	119
5543	157
5544	143
5545	140
5546	110
5547	108
5548	137
5549	132
5550	126
5551	128
5552	111
5553	130
5554	133
5555	127
5556	122
5557	126
5558	122
5559	118
5560	118
5561	134
5562	121
5563	112
5564	121
5565	119
5566	108
5567	122
5568	100
5569	111
5570	107
5571	127
5572	123
5573	124
5574	110
5575	114
5576	107
5577	116
5578	108
5579	121
5580	93
5581	99
5582	125
5583	108
5584	104
5585	103
5586	97
5587	119
5588	95
5589	116
5590	103
5591	99
5592	96
5593	102
5594	88
5595	101
5596	78
5597	101
5598	102
5599	121
5600	87
5601	101
5602	94
5603	104
5604	77
5605	106
5606	99
5607	81
5608	85
5609	99
5610	102
5611	95
5612	112
5613	84
5614	103
5615	84
5616	80
5617	99
5618	87
5619	107
5620	84
5621	88
5622	101
5623	72
5624	84
5625	101
5626	66
5627	101
5628	76
5629	91
5630	90
5631	82
5632	94
5633	92
5634	94
5635	87
5636	88
5637	85
5638	88
5639	75
5640	86
5641	101
5642	74
5643	88
5644	77
5645	80
5646	99
5647	79
5648	78
5649	81
5650	87
5651	84
5652	82
5653	76
5654	81
5655	89
5656	79
5657	76
5658	68
5659	73
5660	74
5661	65
5662	76
5663	85
5664	98
5665	66
5666	92
5667	87
5668	63
5669	67
5670	71
5671	70
5672	91
5673	79
5674	70
5675	80
5676	87
5677	83
5678	80
5679	78
5680	74
5681	63
5682	64
5683	67
5684	68
5685	73
5686	78
5687	73
5688	75
5689	75
5690	75
5691	72
5692	87
5693	74
5694	61
5695	64
5696	68
5697	73
5698	76
5699	60
5700	74
5701	76
5702	80
5703	68
5704	63
5705	68
5706	77
5707	71
5708	81
5709	46
5710	82
5711	67
5712	86
5713	49
5714	77
5715	67
5716	68
5717	57
5718	47
5719	50
5720	77
5721	62
5722	72
5723	56
5724	65
5725	68
5726	75
5727	71
5728	58
5729	64
5730	75
5731	59
5732	80
5733	78
5734	74
5735	58
5736	77
5737	72
5738	64
5739	79
5740	58
5741	73
5742	60
5743	68
5744	74
5745	56
5746	67
5747	77
5748	65
5749	71
5750	53
5751	61
5752	66
5753	71
5754	68
5755	58
5756	76
5757	78
5758	81
5759	69
5760	81
5761	59
5762	60
5763	60
5764	62
5765	69
5766	78
5767	69
5768	61
5769	80
5770	60
5771	76
5772	56
5773	64
5774	58
5775	57
5776	68
5777	55
5778	61
5779	82
5780	51
5781	53
5782	71
5783	70
5784	61
5785	60
5786	68
5787	71
5788	77
5789	71
5790	60
5791	57
5792	61
5793	54
5794	70
5795	59
5796	50
5797	77
5798	59
5799	75
5800	58
5801	56
5802	58
5803	61
5804	54
5805	70
5806	56
5807	69
5808	66
5809	54
5810	68
5811	50
5812	61
5813	60
5814	47
5815	58
5816	77
5817	64
5818	63
5819	73
5820	74
5821	65
5822	81
5823	53
5824	59
5825	52
5826	48
5827	78
5828	61
5829	64
5830	64
5831	58
5832	62
5833	64
5834	57
5835	52
5836	65
5837	61
5838	55
5839	55
5840	65
5841	63
5842	68
5843	64
5844	69
5845	65
5846	76
5847	58
5848	51
5849	56
5850	59
5851	61
5852	66
5853	64
5854	78
5855	73
5856	63
5857	59
5858	59
5859	63
5860	57
5861	65
5862	62
5863	66
5864	70
5865	44
5866	72
5867	75
5868	76
5869	62
5870	68
5871	61
5872	64
5873	40
5874	64
5875	58
5876	60
5877	56
5878	52
5879	73
5880	62
5881	69
5882	65
5883	69
5884	70
5885	58
5886	57
5887	70
5888	61
5889	72
5890	46
5891	60
5892	65
5893	62
5894	73
5895	61
5896	67
5897	44
5898	64
5899	70
5900	51
5901	66
5902	78
5903	63
5904	59
5905	54
5906	55
5907	52
5908	51
5909	77
5910	69
5911	70
5912	59
5913	63
5914	63
5915	66
5916	58
5917	67
5918	55
5919	64
5920	60
5921	64
5922	61
5923	63
5924	62
5925	62
5926	65
5927	61
5928	51
5929	57
5930	67
5931	59
5932	57
5933	59
5934	59
5935	58
5936	55
5937	64
5938	63
5939	48
5940	51
5941	73
5942	52
5943	63
5944	58
5945	45
5946	53
5947	63
5948	72
5949	64
5950	78
5951	66
5952	67
5953	73
5954	48
5955	58
5956	62
5957	56
5958	44
5959	66
5960	57
5961	56
5962	59
5963	43
5964	62
5965	64
5966	54
5967	49
5968	67
5969	58
5970	51
5971	62
5972	65
5973	57
5974	54
5975	68
5976	62
5977	62
5978	63
5979	52
5980	69
5981	49
5982	55
5983	56
5984	64
5985	63
5986	62
5987	57
5988	55
5989	39
5990	80
5991	62
5992	47
5993	60
5994	55
5995	50
5996	53
5997	60
5998	70
5999	49
6000	62
6001	56
6002	56
6003	59
6004	46
6005	60
6006	47
6007	65
6008	77
6009	56
6010	46
6011	51
6012	67
6013	54
6014	43
6015	60
6016	61
6017	56
6018	59
6019	57
6020	64
6021	44
6022	51
6023	63
6024	65
6025	54
6026	53
6027	62
6028	54
6029	50
6030	57
6031	58
6032	48
6033	55
6034	62
6035	58
6036	59
6037	44
6038	53
6039	52
6040	52
6041	59
6042	55
6043	42
6044	65
6045	57
6046	67
6047	54
6048	48
6049	48
6050	49
6051	63
6052	71
6053	65
6054	62
6055	47
6056	55
6057	52
6058	51
6059	42
6060	61
6061	47
6062	60
6063	55
6064	60
6065	63
6066	63
6067	38
6068	51
6069	57
6070	65
6071	50
6072	58
6073	58
6074	44
6075	45
6076	54
6077	53
6078	47
6079	64
6080	59
6081	47
6082	60
6083	38
6084	52
6085	59
6086	47
6087	68
6088	63
6089	42
6090	47
6091	33
6092	51
6093	58
6094	59
6095	60
6096	49
6097	45
6098	44
6099	46
6100	46
6101	60
6102	53
6103	53
6104	61
6105	50
6106	55
6107	48
6108	55
6109	59
6110	53
6111	51
6112	37
6113	45
6114	54
6115	58
6116	44
6117	48
6118	51
6119	43
6120	62
6121	70
6122	56
6123	50
6124	53
6125	50
6126	45
6127	54
6128	55
6129	45
6130	55
6131	47
6132	43
6133	53
6134	42
6135	55
6136	54
6137	51
6138	46
6139	37
6140	53
6141	56
6142	48
6143	52
6144	56
6145	55
6146	46
6147	46
6148	58
6149	39
6150	63
6151	50
6152	41
6153	54
6154	42
6155	49
6156	59
6157	53
6158	43
6159	45
6160	47
6161	60
6162	59
6163	48
6164	48
6165	55
6166	51
6167	52
6168	46
6169	48
6170	40
6171	46
6172	49
6173	74
6174	58
6175	53
6176	43
6177	53
6178	45
6179	52
6180	59
6181	52
6182	53
6183	39
6184	38
6185	45
6186	52
6187	46
6188	55
6189	53
6190	39
6191	55
6192	62
6193	47
6194	53
6195	53
6196	61
6197	55
6198	41
6199	54
6200	48
6201	47
6202	51
6203	51
6204	43
6205	44
6206	50
6207	36
6208	43
6209	45
6210	38
6211	44
6212	38
6213	47
6214	59
6215	50
6216	43
6217	37
6218	54
6219	55
6220	46
6221	49
6222	49
6223	53
6224	58
6225	38
6226	43
6227	45
6228	46
6229	52
6230	56
6231	34
6232	46
6233	46
6234	49
6235	50
6236	52
6237	50
6238	40
6239	56
6240	49
6241	56
6242	38
6243	51
6244	53
6245	43
6246	40
6247	63
6248	50
6249	51
6250	53
6251	43
6252	44
6253	49
6254	43
6255	47
6256	61
6257	50
6258	56
6259	49
6260	47
6261	43
6262	47
6263	43
6264	57
6265	46
6266	46
6267	48
6268	52
6269	43
6270	62
6271	40
6272	44
6273	37
6274	45
6275	42
6276	48
6277	48
6278	51
6279	41
6280	32
6281	44
6282	47
6283	39
6284	44
6285	50
6286	47
6287	57
6288	41
6289	46
6290	39
6291	45
6292	43
6293	48
6294	39
6295	43
6296	45
6297	41
6298	36
6299	50
6300	41
6301	45
6302	54
6303	53
6304	42
6305	38
6306	33
6307	42
6308	42
6309	51
6310	55
6311	37
6312	44
6313	57
6314	51
6315	34
6316	33
6317	37
6318	52
6319	40
6320	41
6321	48
6322	54
6323	42
6324	34
6325	44
6326	37
6327	44
6328	52
6329	37
6330	46
6331	46
6332	43
6333	37
6334	42
6335	44
6336	46
6337	54
6338	52
6339	45
6340	43
6341	49
6342	40
6343	42
6344	36
6345	56
6346	50
6347	43
6348	39
6349	44
6350	46
6351	54
6352	57
6353	28
6354	44
6355	50
6356	43
6357	42
6358	40
6359	41
6360	37
6361	39
6362	38
6363	36
6364	35
6365	46
6366	53
6367	42
6368	37
6369	49
6370	48
6371	42
6372	42
6373	45
6374	39
6375	44
6376	53
6377	36
6378	36
6379	42
6380	45
6381	42
6382	47
6383	37
6384	45
6385	55
6386	33
6387	43
6388	47
6389	43
6390	35
6391	37
6392	29
6393	35
6394	40
6395	42
6396	40
6397	34
6398	45
6399	42
6400	37
6401	45
6402	28
6403	35
6404	28
6405	36
6406	59
6407	41
6408	34
6409	41
6410	35
6411	49
6412	38
6413	45
6414	25
6415	34
6416	40
6417	49
6418	37
6419	36
6420	52
6421	26
6422	38
6423	38
6424	37
6425	41
6426	45
6427	34
6428	22
6429	41
6430	43
6431	44
6432	31
6433	46
6434	45
6435	38
6436	50
6437	38
6438	38
6439	30
6440	45
6441	29
6442	43
6443	34
6444	27
6445	35
6446	32
6447	48
6448	30
6449	33
6450	49
6451	32
6452	36
6453	33
6454	34
6455	31
6456	43
6457	39
6458	33
6459	35
6460	35
6461	35
6462	40
6463	37
6464	41
6465	50
6466	38
6467	31
6468	26
6469	36
6470	36
6471	30
6472	42
6473	22
6474	48
6475	38
6476	27
6477	34
6478	42
6479	41
6480	30
6481	47
6482	36
6483	46
6484	48
6485	52
6486	36
6487	39
6488	47
6489	35
6490	39
6491	42
6492	39
6493	44
6494	36
6495	35
6496	50
6497	38
6498	30
6499	36
6500	27
6501	38
6502	32
6503	36
6504	49
6505	42
6506	31
6507	38
6508	37
6509	33
6510	36
6511	44
6512	38
6513	39
6514	35
6515	49
6516	43
6517	30
6518	53
6519	32
6520	37
6521	35
6522	38
6523	35
6524	38
6525	36
6526	41
6527	38
6528	39
6529	35
6530	37
6531	32
6532	32
6533	30
6534	27
6535	30
6536	45
6537	36
6538	27
6539	39
6540	23
6541	37
6542	35
6543	41
6544	37
6545	43
6546	27
6547	36
6548	37
6549	35
6550	41
6551	33
6552	43
6553	27
6554	39
6555	34
6556	29
6557	36
6558	37
6559	48
6560	35
6561	47
6562	34
6563	33
6564	34
6565	33
6566	40
6567	31
6568	34
6569	39
6570	32
6571	33
6572	33
6573	30
6574	38
6575	37
6576	35
6577	28
6578	48
6579	32
6580	25
6581	41
6582	36
6583	24
6584	27
6585	39
6586	51
6587	37
6588	37
6589	40
6590	41
6591	35
6592	42
6593	29
6594	42
6595	41
6596	46
6597	35
6598	38
6599	33
6600	40
6601	32
6602	22
6603	34
6604	38
6605	32
6606	22
6607	41
6608	45
6609	41
6610	40
6611	25
6612	37
6613	31
6614	33
6615	29
6616	41
6617	45
6618	25
6619	39
6620	36
6621	40
6622	40
6623	34
6624	34
6625	38
6626	44
6627	37
6628	56
6629	34
6630	39
6631	34
6632	34
6633	38
6634	33
6635	42
6636	32
6637	35
6638	43
6639	34
6640	28
6641	30
6642	37
6643	39
6644	31
6645	38
6646	38
6647	34
6648	40
6649	25
6650	46
6651	27
6652	34
6653	41
6654	29
6655	37
6656	35
6657	39
6658	33
6659	41
6660	46
6661	38
6662	33
6663	29
6664	24
6665	42
6666	27
6667	39
6668	43
6669	33
6670	41
6671	33
6672	23
6673	28
6674	37
6675	36
6676	38
6677	37
6678	43
6679	41
6680	39
6681	34
6682	31
6683	41
6684	56
6685	41
6686	36
6687	39
6688	48
6689	36
6690	43
6691	38
6692	40
6693	30
6694	38
6695	36
6696	43
6697	46
6698	42
6699	41
6700	36
6701	41
6702	44
6703	37
6704	44
6705	42
6706	45
6707	38
6708	45
6709	36
6710	37
6711	43
6712	40
6713	56
6714	60
6715	36
6716	42
6717	31
6718	47
6719	38
6720	42
6721	41
6722	40
6723	49
6724	36
6725	39
6726	44
6727	55
6728	43
6729	60
6730	41
6731	49
6732	62
6733	38
6734	38
6735	44
6736	49
6737	45
6738	48
6739	41
6740	48
6741	37
6742	43
6743	47
6744	43
6745	33
6746	44
6747	44
6748	34
6749	42
6750	44
6751	43
6752	50
6753	52
6754	61
6755	49
6756	46
6757	36
6758	58
6759	43
6760	38
6761	35
6762	50
6763	50
6764	49
6765	51
6766	57
6767	41
6768	49
6769	41
6770	51
6771	46
6772	43
6773	50
6774	50
6775	56
6776	56
6777	51
6778	63
6779	61
6780	49
6781	47
6782	58
6783	52
6784	55
6785	52
6786	57
6787	52
6788	45
6789	54
6790	50
6791	49
6792	45
6793	47
6794	45
6795	44
6796	48
6797	54
6798	48
6799	64
6800	70
6801	61
6802	71
6803	56
6804	57
6805	74
6806	63
6807	59
6808	70
6809	64
6810	60
6811	49
6812	46
6813	53
6814	48
6815	40
6816	71
6817	67
6818	57
6819	49
6820	51
6821	52
6822	53
6823	33
6824	60
6825	49
6826	59
6827	58
6828	67
6829	65
6830	73
6831	57
6832	50
6833	57
6834	56
6835	73
6836	53
6837	47
6838	49
6839	51
6840	55
6841	54
6842	61
6843	59
6844	65
6845	63
6846	58
6847	65
6848	78
6849	63
6850	57
6851	61
6852	75
6853	50
6854	57
6855	83
6856	50
6857	61
6858	56
6859	67
6860	55
6861	53
6862	68
6863	64
6864	76
6865	64
6866	59
6867	53
6868	53
6869	65
6870	70
6871	59
6872	65
6873	77
6874	70
6875	52
6876	69
6877	92
6878	68
6879	76
6880	74
6881	69
6882	57
6883	90
6884	66
6885	71
6886	63
6887	97
6888	74
6889	77
6890	74
6891	59
6892	65
6893	75
6894	73
6895	77
6896	81
6897	74
6898	83
6899	87
6900	87
6901	90
6902	65
6903	90
6904	71
6905	75
6906	69
6907	73
6908	68
6909	87
6910	72
6911	75
6912	81
6913	78
6914	93
6915	77
6916	78
6917	73
6918	84
6919	77
6920	67
6921	80
6922	83
6923	74
6924	88
6925	88
6926	82
6927	79
6928	66
6929	88
6930	81
6931	69
6932	87
6933	68
6934	75
6935	91
6936	91
6937	68
6938	93
6939	86
6940	87
6941	87
6942	95
6943	94
6944	87
6945	85
6946	75
6947	93
6948	83
6949	86
6950	77
6951	86
6952	89
6953	87
6954	78
6955	89
6956	70
6957	81
6958	87
6959	86
6960	104
6961	80
6962	93
6963	96
6964	74
6965	84
6966	84
6967	89
6968	79
6969	99
6970	117
6971	87
6972	101
6973	78
6974	108
6975	91
6976	79
6977	96
6978	85
6979	106
6980	72
6981	79
6982	84
6983	76
6984	88
6985	85
6986	87
6987	101
6988	87
6989	96
6990	83
6991	103
6992	98
6993	112
6994	89
6995	97
6996	99
6997	94
6998	90
6999	88
7000	91
7001	93
7002	79
7003	90
7004	102
7005	101
7006	86
7007	103
7008	101
7009	84
7010	110
7011	107
7012	93
7013	89
7014	79
7015	96
7016	99
7017	111
7018	102
7019	98
7020	98
7021	101
7022	108
7023	94
7024	109
7025	103
7026	117
7027	106
7028	97
7029	104
7030	95
7031	112
7032	96
7033	101
7034	98
7035	127
7036	100
7037	116
7038	124
7039	90
7040	108
7041	95
7042	87
7043	87
7044	105
7045	100
7046	99
7047	116
7048	103
7049	92
7050	96
7051	94
7052	104
7053	104
7054	113
7055	115
7056	101
7057	94
7058	103
7059	94
7060	86
7061	92
7062	125
7063	100
7064	93
7065	102
7066	94
7067	101
7068	102
7069	100
7070	103
7071	90
7072	94
7073	101
7074	108
7075	101
7076	101
7077	104
7078	108
7079	106
7080	100
7081	102
7082	104
7083	130
7084	109
7085	112
7086	120
7087	106
7088	111
7089	109
7090	86
7091	107
7092	85
7093	87
7094	84
7095	108
7096	118
7097	112
7098	120
7099	105
7100	99
7101	118
7102	110
7103	106
7104	102
7105	103
7106	121
7107	100
7108	101
7109	103
7110	103
7111	119
7112	111
7113	99
7114	113
7115	102
7116	119
7117	99
7118	118
7119	109
7120	108
7121	113
7122	84
7123	100
7124	93
7125	114
7126	114
7127	101
7128	112
7129	97
7130	130
7131	94
7132	116
7133	114
7134	115
7135	111
7136	95
7137	107
7138	116
7139	97
7140	84
7141	107
7142	121
7143	114
7144	106
7145	107
7146	132
7147	119
7148	117
7149	93
7150	109
7151	89
7152	121
7153	109
7154	109
7155	93
7156	96
7157	105
7158	112
7159	97
7160	96
7161	108
7162	115
7163	92
7164	88
7165	84
7166	107
7167	113
7168	99
7169	119
7170	134
7171	99
7172	113
7173	106
7174	107
7175	96
7176	107
7177	104
7178	115
7179	108
7180	115
7181	112
7182	107
7183	109
7184	119
7185	106
7186	129
7187	87
7188	123
7189	114
7190	111
7191	110
7192	105
7193	106
7194	104
7195	115
7196	115
7197	108
7198	94
7199	104
7200	116
7201	115
7202	102
7203	100
7204	118
7205	109
7206	121
7207	101
7208	91
7209	87
7210	97
7211	100
7212	88
7213	106
7214	104
7215	89
7216	111
7217	90
7218	96
7219	128
7220	126
7221	102
7222	91
7223	114
7224	98
7225	88
7226	101
7227	97
7228	96
7229	90
7230	101
7231	84
7232	107
7233	104
7234	104
7235	104
7236	94
7237	91
7238	79
7239	99
7240	78
7241	91
7242	81
7243	61
7244	70
7245	64
7246	71
7247	81
7248	62
7249	61
7250	77
7251	60
7252	67
7253	62
7254	58
7255	37
7256	35
7257	44
7258	31
7259	26
7260	21
7261	20
7262	16
7263	12
7264	12
7265	8
7266	5
7267	7
7268	4
7269	7
7270	4
7271	4
7272	6
7273	2
7274	4
7275	5
7276	5
7277	2
7278	4
7279	1
7280	3
7281	6
7282	2
7283	6
7284	4
7285	8
7286	3
7287	2
7288	3
7289	5
7290	6
7291	4
7292	3
7293	4
7294	4
7295	4
7296	3
7297	6
7298	5
7299	2
7300	2
7301	2
7302	2
7303	1
7304	4
7305	3
7306	6
7307	8
7308	1
7309	2
7310	2
7311	8
7312	2
7313	1
7314	4
7315	1
7316	2
7317	4
7318	1
7319	0
7320	2
7321	1
7322	1
7323	2
7324	1
7325	4
7326	2
7327	4
7328	4
7329	2
7330	0
7331	1
7332	3
7333	1
7334	1
7335	1
7336	1
7337	0
7338	4
7339	0
7340	2
7341	2
7342	3
7343	4
7344	3
7345	1
7346	3
7347	0
7348	2
7349	4
7350	3
7351	3
7352	4
7353	2
7354	1
7355	0
7356	3
7357	0
7358	4
7359	3
7360	1
7361	2
7362	0
7363	0
7364	1
7365	1
7366	4
7367	4
7368	2
7369	1
7370	3
7371	1
7372	2
7373	1
7374	5
7375	0
7376	3
7377	2
7378	4
7379	2
7380	1
7381	0
7382	1
7383	1
7384	2
7385	0
7386	2
7387	2
7388	3
7389	3
7390	3
7391	1
7392	0
7393	1
7394	0
7395	1
7396	1
7397	1
7398	3
7399	0
7400	1
7401	0
7402	0
7403	2
7404	1
7405	1
7406	0
7407	3
7408	3
7409	0
7410	0
7411	3
7412	3
7413	0
7414	2
7415	4
7416	0
7417	0
7418	1
7419	1
7420	0
7421	3
7422	2
7423	3
7424	0
7425	0
7426	1
7427	0
7428	1
7429	3
7430	0
7431	0
7432	3
7433	1
7434	1
7435	1
7436	0
7437	3
7438	1
7439	2
7440	2
7441	1
7442	1
7443	2
7444	1
7445	0
7446	0
7447	2
7448	1
7449	0
7450	0
7451	0
7452	2
7453	3
7454	0
7455	3
7456	0
7457	0
7458	2
7459	3
7460	1
7461	2
7462	0
7463	1
7464	0
7465	3
7466	0
7467	0
7468	2
7469	2
7470	0
7471	1
7472	0
7473	0
7474	0
7475	1
7476	1
7477	0
7478	0
7479	2
7480	3
7481	2
7482	1
7483	0
7484	3
7485	2
7486	0
7487	1
7488	1
7489	0
7490	0
7491	1
7492	0
7493	0
7494	0
7495	2
7496	1
7497	1
7498	3
7499	0
7500	1
7501	0
7502	1
7503	1
7504	0
7505	1
7506	0
7507	0
7508	1
7509	1
7510	0
7511	1
7512	1
7513	1
7514	0
7515	1
7516	1
7517	0
7518	2
7519	0
7520	1
7521	0
7522	0
7523	2
7524	0
7525	2
7526	1
7527	1
7528	1
7529	2
7530	1
7531	1
7532	1
7533	1
7534	2
7535	0
7536	1
7537	1
7538	0
7539	0
7540	0
7541	0
7542	1
7543	1
7544	1
7545	0
7546	0
7547	0
7548	1
7549	0
7550	0
7551	0
7552	0
7553	1
7554	2
7555	1
7556	0
7557	1
7558	0
7559	0
7560	1
7561	0
7562	0
7563	0
7564	0
7565	0
7566	1
7567	2
7568	0
7569	0
7570	1
7571	1
7572	1
7573	0
7574	0
7575	1
7576	2
7577	1
7578	0
7579	0
7580	1
7581	2
7582	0
7583	1
7584	1
7585	1
7586	0
7587	1
7588	0
7589	0
7590	0
7591	1
7592	0
7593	0
7594	1
7595	0
7596	0
7597	0
7598	0
7599	1
7600	0
7601	1
7602	1
7603	0
7604	0
7605	0
7606	0
7607	0
7608	0
7609	0
7610	0
7611	0
7612	1
7613	1
7614	0
7615	0
7616	1
7617	0
7618	0
7619	0
7620	0
7621	1
7622	0
7623	0
7624	1
7625	1
7626	0
7627	0
7628	2
7629	0
7630	1
7631	1
7632	1
7633	0
7634	2
7635	2
7636	0
7637	0
7638	0
7639	1
7640	0
7641	2
7642	0
7643	0
7644	1
7645	1
7646	0
7647	1
7648	0
7649	3
7650	2
7651	0
7652	1
7653	2
7654	0
7655	2
7656	0
7657	0
7658	0
7659	0
7660	1
7661	1
7662	0
7663	0
7664	2
7665	0
7666	1
7667	2
7668	2
7669	1
7670	0
7671	0
7672	1
7673	0
7674	0
7675	0
7676	0
7677	0
7678	0
7679	0
7680	1
7681	1
7682	0
7683	0
7684	0
7685	1
7686	1
7687	0
7688	0
7689	0
7690	0
7691	1
7692	0
7693	0
7694	0
7695	0
7696	0
7697	0
7698	1
7699	0
7700	0
7701	0
7702	0
7703	0
7704	0
7705	0
7706	0
7707	0
7708	0
7709	0
7710	0
7711	1
7712	1
7713	1
7714	0
7715	0
7716	0
7717	0
7718	1
7719	0
7720	1
7721	2
7722	2
7723	2
7724	1
7725	0
7726	0
7727	0
7728	2
7729	0
7730	1
7731	1
7732	1
7733	0
7734	0
7735	0
7736	0
7737	1
7738	2
7739	0
7740	0
7741	0
7742	0
7743	0
7744	1
7745	1
7746	0
7747	0
7748	0
7749	0
7750	2
7751	0
7752	1
7753	2
7754	0
7755	1
7756	0
7757	0
7758	0
7759	0
7760	1
7761	2
7762	0
7763	0
7764	1
7765	0
7766	0
7767	0
7768	2
7769	1
7770	0
7771	1
7772	0
7773	1
7774	0
7775	0
7776	1
7777	0
7778	0
7779	0
7780	1
7781	1
7782	0
7783	0
7784	0
7785	0
7786	1
7787	0
7788	1
7789	0
7790	0
7791	0
7792	0
7793	1
7794	1
7795	0
7796	0
7797	0
7798	1
7799	1
7800	0
7801	0
7802	2
7803	1
7804	0
7805	0
7806	0
7807	0
7808	0
7809	0
7810	0
7811	0
7812	0
7813	0
7814	0
7815	0
7816	0
7817	0
7818	0
7819	0
7820	0
7821	0
7822	2
7823	0
7824	0
7825	0
7826	0
7827	0
7828	0
7829	0
7830	1
7831	0
7832	0
7833	1
7834	0
7835	0
7836	1
7837	0
7838	0
7839	0
7840	0
7841	0
7842	0
7843	0
7844	0
7845	0
7846	0
7847	0
7848	0
7849	0
7850	1
7851	1
7852	0
7853	0
7854	0
7855	0
7856	0
7857	0
7858	0
7859	0
7860	0
7861	0
7862	0
7863	0
7864	0
7865	0
7866	0
7867	0
7868	0
7869	0
7870	0
7871	0
7872	0
7873	0
7874	0
7875	0
7876	0
7877	0
7878	0
7879	0
7880	0
7881	0
7882	0
7883	0
7884	0
7885	0
7886	0
7887	0
7888	0
7889	0
7890	0
7891	0
7892	0
7893	0
7894	0
7895	0
7896	0
7897	0
7898	0
7899	0
7900	0
7901	0
7902	0
7903	0
7904	0
7905	1
7906	0
7907	0
7908	0
7909	0
7910	0
7911	0
7912	0
7913	0
7914	0
7915	0
7916	0
7917	0
7918	0
7919	0
7920	0
7921	0
7922	0
7923	0
7924	0
7925	0
7926	0
7927	0
7928	0
7929	0
7930	0
7931	0
7932	0
7933	0
7934	0
7935	0
7936	0
7937	0
7938	0
7939	0
7940	0
7941	0
7942	0
7943	0
7944	0
7945	0
7946	0
7947	0
7948	0
7949	0
7950	0
7951	0
7952	0
7953	0
7954	1
7955	0
7956	0
7957	0
7958	0
7959	0
7960	0
7961	0
7962	0
7963	0
7964	0
7965	0
7966	0
7967	0
7968	0
7969	0
7970	0
7971	0
7972	0
7973	0
7974	0
7975	0
7976	0
7977	0
7978	0
7979	0
7980	0
7981	0
7982	0
7983	0
7984	0
7985	0
7986	0
7987	0
7988	0
7989	0
7990	0
7991	0
7992	0
7993	0
7994	0
7995	0
7996	0
7997	0
7998	0
7999	0
8000	0
8001	0
8002	0
8003	0
8004	0
8005	0
8006	0
8007	0
8008	0
8009	0
8010	0
8011	0
8012	0
8013	0
8014	0
8015	0
8016	0
8017	0
8018	0
8019	0
8020	0
8021	0
8022	0
8023	0
8024	0
8025	0
8026	0
8027	0
8028	0
8029	0
8030	0
8031	0
8032	0
8033	0
8034	0
8035	0
8036	0
8037	0
8038	0
8039	0
8040	0
8041	0
8042	0
8043	0
8044	0
8045	0
8046	0
8047	0
8048	0
8049	0
8050	0
8051	0
8052	0
8053	0
8054	0
8055	0
8056	0
8057	0
8058	0
8059	0
8060	0
8061	0
8062	0
8063	0
8064	0
8065	0
8066	0
8067	0
8068	0
8069	0
8070	0
8071	0
8072	0
8073	0
8074	0
8075	0
8076	0
8077	0
8078	0
8079	0
8080	0
8081	0
8082	0
8083	0
8084	0
8085	0
8086	0
8087	0
8088	0
8089	0
8090	0
8091	0
8092	0
8093	0
8094	0
8095	0
8096	0
8097	0
8098	0
8099	0
8100	0
8101	0
8102	0
8103	0
8104	0
8105	0
8106	0
8107	0
8108	0
8109	0
8110	0
8111	0
8112	0
8113	0
8114	0
8115	0
8116	0
8117	0
8118	0
8119	0
8120	0
8121	0
8122	0
8123	0
8124	0
8125	0
8126	0
8127	0
8128	0
8129	0
8130	0
8131	0
8132	0
8133	0
8134	0
8135	0
8136	0
8137	0
8138	0
8139	0
8140	0
8141	0
8142	0
8143	0
8144	0
8145	0
8146	0
8147	0
8148	0
8149	0
8150	0
8151	0
8152	0
8153	0
8154	0
8155	0
8156	0
8157	0
8158	0
8159	0
8160	0
8161	0
8162	0
8163	0
8164	0
8165	0
8166	0
8167	0
8168	0
8169	0
8170	0
8171	0
8172	0
8173	0
8174	0
8175	0
8176	0
8177	0
8178	0
8179	0
8180	0
8181	0
8182	0
8183	0
8184	0
8185	0
8186	0
8187	0
8188	0
8189	0
8190	0
8191	0
