0	0
1	0
2	0
3	0
4	0
5	0
6	0
7	0
8	0
9	0
10	0
11	0
12	0
13	0
14	0
15	0
16	0
17	0
18	0
19	0
20	0
21	0
22	0
23	0
24	0
25	0
26	0
27	0
28	0
29	0
30	0
31	0
32	0
33	0
34	0
35	0
36	1
37	1
38	0
39	0
40	0
41	0
42	0
43	0
44	0
45	0
46	0
47	0
48	0
49	0
50	0
51	0
52	0
53	0
54	1
55	1
56	1
57	0
58	0
59	0
60	0
61	0
62	0
63	0
64	0
65	0
66	1
67	0
68	0
69	0
70	0
71	0
72	0
73	0
74	0
75	0
76	0
77	0
78	0
79	0
80	0
81	0
82	0
83	0
84	0
85	0
86	0
87	0
88	1
89	0
90	1
91	1
92	0
93	0
94	0
95	0
96	0
97	0
98	0
99	0
100	0
101	0
102	1
103	0
104	0
105	0
106	0
107	1
108	0
109	1
110	0
111	0
112	1
113	1
114	1
115	1
116	0
117	1
118	0
119	0
120	1
121	0
122	1
123	1
124	1
125	1
126	1
127	0
128	0
129	0
130	0
131	1
132	0
133	1
134	0
135	0
136	1
137	0
138	0
139	0
140	0
141	0
142	0
143	1
144	0
145	0
146	0
147	0
148	0
149	0
150	0
151	1
152	0
153	1
154	1
155	0
156	0
157	0
158	0
159	0
160	1
161	0
162	0
163	0
164	1
165	0
166	0
167	1
168	0
169	1
170	0
171	0
172	0
173	0
174	0
175	0
176	0
177	0
178	0
179	0
180	2
181	0
182	1
183	1
184	0
185	1
186	0
187	2
188	2
189	2
190	3
191	4
192	7
193	4
194	4
195	4
196	3
197	7
198	4
199	5
200	2
201	5
202	1
203	4
204	3
205	3
206	6
207	2
208	5
209	7
210	8
211	6
212	4
213	4
214	2
215	2
216	4
217	5
218	9
219	5
220	1
221	4
222	8
223	7
224	8
225	8
226	1
227	3
228	7
229	3
230	10
231	4
232	9
233	3
234	0
235	6
236	4
237	5
238	3
239	10
240	9
241	3
242	10
243	8
244	4
245	9
246	4
247	6
248	4
249	4
250	3
251	2
252	4
253	6
254	5
255	7
256	4
257	5
258	4
259	5
260	3
261	4
262	2
263	3
264	5
265	7
266	3
267	7
268	2
269	5
270	7
271	10
272	7
273	2
274	3
275	5
276	6
277	4
278	8
279	5
280	5
281	8
282	4
283	7
284	5
285	9
286	3
287	7
288	2
289	1
290	3
291	2
292	5
293	5
294	1
295	6
296	5
297	3
298	7
299	12
300	6
301	5
302	3
303	4
304	4
305	7
306	5
307	3
308	3
309	2
310	6
311	1
312	5
313	4
314	4
315	5
316	7
317	4
318	3
319	5
320	4
321	9
322	6
323	3
324	2
325	1
326	5
327	9
328	2
329	3
330	3
331	1
332	7
333	4
334	10
335	7
336	3
337	8
338	7
339	8
340	6
341	4
342	4
343	6
344	4
345	4
346	9
347	5
348	5
349	4
350	7
351	3
352	4
353	4
354	5
355	7
356	3
357	5
358	4
359	6
360	5
361	1
362	3
363	7
364	5
365	5
366	3
367	4
368	3
369	5
370	6
371	4
372	4
373	7
374	5
375	3
376	6
377	3
378	5
379	6
380	3
381	3
382	7
383	10
384	7
385	3
386	5
387	4
388	4
389	3
390	2
391	3
392	1
393	7
394	5
395	3
396	6
397	3
398	6
399	3
400	1
401	7
402	12
403	4
404	5
405	6
406	3
407	4
408	1
409	5
410	4
411	10
412	2
413	8
414	9
415	4
416	5
417	5
418	2
419	6
420	2
421	6
422	7
423	8
424	6
425	11
426	9
427	7
428	5
429	6
430	6
431	2
432	3
433	4
434	8
435	3
436	4
437	6
438	4
439	6
440	9
441	6
442	2
443	4
444	5
445	4
446	3
447	1
448	6
449	5
450	3
451	6
452	5
453	4
454	6
455	8
456	4
457	9
458	3
459	2
460	6
461	5
462	6
463	5
464	4
465	7
466	7
467	3
468	9
469	3
470	5
471	8
472	5
473	11
474	4
475	6
476	4
477	4
478	3
479	7
480	8
481	5
482	4
483	2
484	9
485	7
486	6
487	6
488	5
489	9
490	7
491	4
492	6
493	1
494	5
495	3
496	7
497	4
498	10
499	6
500	1
501	5
502	9
503	4
504	7
505	7
506	2
507	6
508	7
509	8
510	6
511	7
512	3
513	5
514	3
515	9
516	6
517	4
518	3
519	9
520	6
521	11
522	2
523	2
524	6
525	4
526	2
527	11
528	5
529	7
530	7
531	10
532	2
533	5
534	5
535	9
536	6
537	1
538	9
539	4
540	3
541	9
542	7
543	5
544	4
545	9
546	12
547	7
548	5
549	10
550	9
551	3
552	6
553	8
554	5
555	11
556	9
557	9
558	6
559	4
560	10
561	9
562	6
563	7
564	6
565	4
566	6
567	8
568	6
569	5
570	7
571	14
572	10
573	6
574	5
575	10
576	3
577	10
578	4
579	5
580	12
581	6
582	8
583	5
584	8
585	7
586	5
587	4
588	2
589	3
590	12
591	11
592	4
593	7
594	6
595	6
596	6
597	3
598	6
599	9
600	9
601	2
602	10
603	11
604	4
605	7
606	6
607	4
608	11
609	3
610	9
611	4
612	5
613	10
614	11
615	8
616	9
617	8
618	6
619	13
620	7
621	3
622	7
623	4
624	10
625	8
626	6
627	7
628	9
629	7
630	8
631	11
632	6
633	7
634	6
635	7
636	5
637	7
638	16
639	9
640	8
641	5
642	9
643	9
644	10
645	5
646	9
647	7
648	6
649	8
650	6
651	8
652	9
653	12
654	5
655	6
656	4
657	10
658	12
659	5
660	7
661	7
662	9
663	8
664	8
665	6
666	2
667	7
668	14
669	9
670	6
671	9
672	10
673	4
674	3
675	11
676	9
677	8
678	8
679	6
680	6
681	5
682	9
683	7
684	3
685	8
686	6
687	6
688	8
689	8
690	9
691	6
692	9
693	7
694	7
695	7
696	9
697	8
698	7
699	3
700	6
701	7
702	10
703	6
704	9
705	8
706	5
707	2
708	7
709	5
710	8
711	9
712	7
713	12
714	11
715	6
716	4
717	6
718	14
719	7
720	7
721	6
722	11
723	7
724	6
725	9
726	10
727	5
728	5
729	8
730	4
731	8
732	8
733	9
734	7
735	10
736	6
737	3
738	10
739	8
740	5
741	3
742	7
743	4
744	8
745	8
746	6
747	7
748	12
749	7
750	3
751	5
752	11
753	7
754	11
755	6
756	4
757	7
758	6
759	7
760	8
761	12
762	6
763	6
764	8
765	4
766	9
767	2
768	9
769	5
770	5
771	6
772	5
773	5
774	5
775	8
776	4
777	2
778	7
779	7
780	5
781	7
782	4
783	6
784	6
785	6
786	8
787	2
788	4
789	5
790	12
791	6
792	7
793	3
794	7
795	5
796	4
797	8
798	5
799	6
800	10
801	9
802	3
803	2
804	5
805	8
806	7
807	7
808	7
809	5
810	6
811	11
812	9
813	8
814	3
815	9
816	6
817	6
818	5
819	5
820	6
821	7
822	5
823	7
824	6
825	4
826	9
827	5
828	5
829	6
830	4
831	4
832	2
833	8
834	8
835	9
836	2
837	4
838	4
839	9
840	9
841	10
842	9
843	2
844	6
845	9
846	5
847	7
848	6
849	5
850	3
851	4
852	4
853	6
854	4
855	5
856	7
857	3
858	4
859	8
860	6
861	5
862	3
863	6
864	9
865	5
866	6
867	8
868	7
869	2
870	7
871	3
872	8
873	7
874	12
875	7
876	4
877	3
878	4
879	7
880	7
881	4
882	5
883	4
884	8
885	5
886	6
887	3
888	3
889	6
890	2
891	5
892	9
893	3
894	1
895	8
896	6
897	6
898	6
899	7
900	7
901	8
902	11
903	8
904	4
905	6
906	8
907	7
908	8
909	9
910	6
911	10
912	4
913	9
914	8
915	6
916	1
917	4
918	10
919	8
920	7
921	5
922	7
923	6
924	3
925	8
926	6
927	10
928	7
929	3
930	4
931	6
932	8
933	9
934	5
935	8
936	8
937	8
938	4
939	6
940	6
941	5
942	2
943	7
944	4
945	5
946	10
947	5
948	7
949	5
950	8
951	6
952	8
953	7
954	7
955	5
956	3
957	8
958	7
959	6
960	9
961	3
962	8
963	5
964	4
965	9
966	9
967	7
968	4
969	7
970	9
971	3
972	5
973	7
974	10
975	8
976	7
977	4
978	2
979	6
980	7
981	7
982	6
983	8
984	10
985	12
986	7
987	8
988	7
989	6
990	6
991	6
992	8
993	4
994	11
995	6
996	10
997	4
998	7
999	5
1000	2
1001	7
1002	10
1003	6
1004	8
1005	9
1006	6
1007	11
1008	11
1009	4
1010	10
1011	8
1012	3
1013	6
1014	5
1015	6
1016	7
1017	12
1018	5
1019	5
1020	7
1021	6
1022	2
1023	7
1024	11
1025	3
1026	8
1027	8
1028	5
1029	14
1030	6
1031	14
1032	6
1033	5
1034	6
1035	11
1036	6
1037	4
1038	8
1039	6
1040	3
1041	7
1042	9
1043	7
1044	5
1045	8
1046	6
1047	8
1048	10
1049	10
1050	6
1051	6
1052	3
1053	11
1054	9
1055	9
1056	5
1057	10
1058	13
1059	3
1060	10
1061	9
1062	11
1063	7
1064	3
1065	4
1066	9
1067	11
1068	10
1069	7
1070	5
1071	8
1072	6
1073	7
1074	9
1075	8
1076	6
1077	6
1078	5
1079	6
1080	6
1081	4
1082	9
1083	5
1084	8
1085	10
1086	8
1087	3
1088	8
1089	10
1090	6
1091	6
1092	5
1093	7
1094	5
1095	6
1096	8
1097	6
1098	8
1099	5
1100	5
1101	6
1102	11
1103	7
1104	4
1105	6
1106	9
1107	5
1108	14
1109	7
1110	7
1111	3
1112	7
1113	6
1114	7
1115	8
1116	9
1117	7
1118	10
1119	4
1120	1
1121	5
1122	4
1123	8
1124	8
1125	10
1126	8
1127	1
1128	5
1129	5
1130	6
1131	12
1132	12
1133	6
1134	4
1135	5
1136	3
1137	8
1138	7
1139	5
1140	6
1141	8
1142	7
1143	11
1144	5
1145	9
1146	11
1147	8
1148	7
1149	8
1150	4
1151	8
1152	7
1153	9
1154	5
1155	7
1156	9
1157	5
1158	3
1159	6
1160	10
1161	10
1162	6
1163	6
1164	5
1165	7
1166	1
1167	7
1168	6
1169	7
1170	6
1171	5
1172	6
1173	9
1174	8
1175	3
1176	12
1177	7
1178	7
1179	2
1180	5
1181	5
1182	10
1183	6
1184	6
1185	11
1186	5
1187	3
1188	6
1189	5
1190	5
1191	7
1192	3
1193	3
1194	14
1195	5
1196	8
1197	7
1198	11
1199	5
1200	3
1201	6
1202	5
1203	10
1204	5
1205	9
1206	3
1207	7
1208	4
1209	5
1210	7
1211	4
1212	7
1213	4
1214	9
1215	6
1216	6
1217	8
1218	8
1219	4
1220	7
1221	11
1222	3
1223	5
1224	4
1225	7
1226	8
1227	3
1228	2
1229	5
1230	8
1231	7
1232	12
1233	9
1234	8
1235	4
1236	7
1237	4
1238	3
1239	8
1240	3
1241	3
1242	5
1243	4
1244	5
1245	6
1246	9
1247	5
1248	4
1249	7
1250	6
1251	5
1252	6
1253	3
1254	8
1255	4
1256	7
1257	8
1258	5
1259	4
1260	4
1261	4
1262	6
1263	7
1264	3
1265	5
1266	6
1267	5
1268	2
1269	2
1270	3
1271	5
1272	3
1273	7
1274	5
1275	4
1276	9
1277	7
1278	3
1279	8
1280	5
1281	6
1282	11
1283	3
1284	3
1285	6
1286	6
1287	2
1288	4
1289	5
1290	5
1291	9
1292	6
1293	4
1294	7
1295	8
1296	4
1297	8
1298	4
1299	10
1300	5
1301	10
1302	10
1303	5
1304	4
1305	6
1306	2
1307	9
1308	8
1309	4
1310	3
1311	5
1312	3
1313	4
1314	4
1315	5
1316	7
1317	6
1318	2
1319	7
1320	3
1321	3
1322	4
1323	4
1324	4
1325	7
1326	9
1327	4
1328	3
1329	4
1330	3
1331	6
1332	10
1333	5
1334	6
1335	3
1336	4
1337	8
1338	4
1339	5
1340	4
1341	5
1342	8
1343	5
1344	2
1345	7
1346	10
1347	6
1348	2
1349	6
1350	3
1351	4
1352	7
1353	4
1354	2
1355	8
1356	2
1357	5
1358	6
1359	10
1360	3
1361	4
1362	10
1363	9
1364	6
1365	3
1366	6
1367	6
1368	12
1369	1
1370	1
1371	6
1372	2
1373	9
1374	6
1375	8
1376	7
1377	4
1378	3
1379	4
1380	6
1381	2
1382	13
1383	7
1384	4
1385	6
1386	3
1387	5
1388	5
1389	4
1390	9
1391	4
1392	7
1393	9
1394	4
1395	4
1396	5
1397	5
1398	5
1399	5
1400	8
1401	3
1402	5
1403	7
1404	5
1405	4
1406	1
1407	3
1408	8
1409	5
1410	7
1411	5
1412	6
1413	4
1414	5
1415	4
1416	5
1417	5
1418	10
1419	3
1420	4
1421	6
1422	8
1423	4
1424	6
1425	6
1426	7
1427	2
1428	0
1429	4
1430	4
1431	4
1432	4
1433	5
1434	3
1435	3
1436	5
1437	9
1438	5
1439	4
1440	4
1441	10
1442	7
1443	2
1444	5
1445	6
1446	4
1447	4
1448	7
1449	5
1450	3
1451	4
1452	6
1453	6
1454	5
1455	8
1456	7
1457	8
1458	3
1459	6
1460	3
1461	4
1462	5
1463	0
1464	4
1465	3
1466	11
1467	8
1468	3
1469	6
1470	1
1471	5
1472	2
1473	9
1474	5
1475	3
1476	4
1477	5
1478	6
1479	4
1480	5
1481	4
1482	4
1483	2
1484	7
1485	3
1486	5
1487	6
1488	1
1489	12
1490	8
1491	1
1492	5
1493	5
1494	7
1495	9
1496	3
1497	6
1498	6
1499	7
1500	1
1501	7
1502	8
1503	5
1504	7
1505	10
1506	4
1507	4
1508	4
1509	5
1510	4
1511	7
1512	4
1513	5
1514	2
1515	4
1516	7
1517	5
1518	1
1519	5
1520	3
1521	6
1522	7
1523	1
1524	2
1525	3
1526	3
1527	2
1528	3
1529	4
1530	4
1531	5
1532	4
1533	2
1534	5
1535	8
1536	5
1537	8
1538	9
1539	7
1540	5
1541	6
1542	5
1543	6
1544	5
1545	6
1546	5
1547	3
1548	7
1549	7
1550	8
1551	4
1552	9
1553	1
1554	5
1555	7
1556	1
1557	5
1558	5
1559	3
1560	3
1561	5
1562	6
1563	4
1564	2
1565	7
1566	3
1567	7
1568	5
1569	3
1570	3
1571	4
1572	4
1573	4
1574	6
1575	3
1576	6
1577	3
1578	5
1579	5
1580	5
1581	8
1582	5
1583	3
1584	4
1585	5
1586	5
1587	6
1588	5
1589	8
1590	3
1591	4
1592	6
1593	4
1594	4
1595	3
1596	2
1597	6
1598	5
1599	3
1600	8
1601	8
1602	2
1603	6
1604	7
1605	2
1606	7
1607	1
1608	6
1609	4
1610	6
1611	4
1612	5
1613	5
1614	4
1615	6
1616	10
1617	6
1618	6
1619	7
1620	2
1621	4
1622	5
1623	1
1624	4
1625	6
1626	6
1627	6
1628	4
1629	3
1630	4
1631	8
1632	6
1633	10
1634	7
1635	8
1636	4
1637	4
1638	5
1639	3
1640	4
1641	4
1642	5
1643	6
1644	8
1645	4
1646	4
1647	5
1648	12
1649	7
1650	5
1651	8
1652	4
1653	12
1654	8
1655	4
1656	6
1657	10
1658	3
1659	2
1660	4
1661	5
1662	5
1663	4
1664	5
1665	6
1666	12
1667	11
1668	6
1669	6
1670	7
1671	4
1672	5
1673	4
1674	4
1675	3
1676	6
1677	4
1678	2
1679	5
1680	6
1681	4
1682	3
1683	8
1684	13
1685	5
1686	9
1687	4
1688	4
1689	4
1690	7
1691	11
1692	8
1693	5
1694	2
1695	7
1696	7
1697	5
1698	9
1699	8
1700	5
1701	6
1702	9
1703	7
1704	6
1705	4
1706	8
1707	14
1708	7
1709	4
1710	8
1711	7
1712	5
1713	3
1714	7
1715	8
1716	9
1717	10
1718	9
1719	10
1720	13
1721	6
1722	3
1723	7
1724	10
1725	14
1726	15
1727	5
1728	11
1729	6
1730	8
1731	6
1732	5
1733	9
1734	9
1735	10
1736	9
1737	7
1738	13
1739	12
1740	16
1741	10
1742	10
1743	14
1744	7
1745	10
1746	11
1747	13
1748	16
1749	19
1750	14
1751	9
1752	19
1753	20
1754	19
1755	23
1756	20
1757	27
1758	43
1759	67
1760	75
1761	111
1762	175
1763	241
1764	351
1765	536
1766	641
1767	735
1768	916
1769	1083
1770	1210
1771	1360
1772	1340
1773	1389
1774	1401
1775	1452
1776	1418
1777	1401
1778	1473
1779	1436
1780	1491
1781	1517
1782	1420
1783	1457
1784	1538
1785	1553
1786	1610
1787	1502
1788	1532
1789	1598
1790	1604
1791	1604
1792	1708
1793	1610
1794	1593
1795	1700
1796	1643
1797	1684
1798	1675
1799	1729
1800	1748
1801	1781
1802	1736
1803	1794
1804	1793
1805	1692
1806	1831
1807	1820
1808	1727
1809	1939
1810	1920
1811	1898
1812	1934
1813	1898
1814	1901
1815	1982
1816	1937
1817	1994
1818	1923
1819	1997
1820	1993
1821	2052
1822	2058
1823	2114
1824	2065
1825	2102
1826	2138
1827	2157
1828	2184
1829	2138
1830	2222
1831	2168
1832	2301
1833	2237
1834	2175
1835	2273
1836	2238
1837	2175
1838	2252
1839	2282
1840	2320
1841	2376
1842	2356
1843	2312
1844	2363
1845	2439
1846	2426
1847	2310
1848	2453
1849	2433
1850	2436
1851	2431
1852	2418
1853	2495
1854	2524
1855	2563
1856	2619
1857	2476
1858	2562
1859	2649
1860	2646
1861	2614
1862	2596
1863	2582
1864	2709
1865	2622
1866	2685
1867	2784
1868	2784
1869	2726
1870	2751
1871	2819
1872	2878
1873	2801
1874	2864
1875	2874
1876	2901
1877	2805
1878	2869
1879	2849
1880	2865
1881	2826
1882	2751
1883	2912
1884	2940
1885	2965
1886	2937
1887	2787
1888	2972
1889	2910
1890	2942
1891	3000
1892	3049
1893	2991
1894	2998
1895	3008
1896	2936
1897	3008
1898	3039
1899	3118
1900	3051
1901	3063
1902	3088
1903	3122
1904	3031
1905	3134
1906	3122
1907	3231
1908	3148
1909	3278
1910	3170
1911	3189
1912	3237
1913	3165
1914	3233
1915	3119
1916	3187
1917	3199
1918	3148
1919	3190
1920	3263
1921	3172
1922	3329
1923	3174
1924	3249
1925	3246
1926	3243
1927	3201
1928	3243
1929	3424
1930	3258
1931	3317
1932	3232
1933	3259
1934	3277
1935	3226
1936	3293
1937	3277
1938	3334
1939	3279
1940	3340
1941	3156
1942	3202
1943	3281
1944	3248
1945	3236
1946	3327
1947	3237
1948	3339
1949	3337
1950	3206
1951	3404
1952	3304
1953	3207
1954	3273
1955	3358
1956	3317
1957	3274
1958	3253
1959	3228
1960	3266
1961	3137
1962	3227
1963	3256
1964	3193
1965	3228
1966	3331
1967	3183
1968	3256
1969	3186
1970	3079
1971	3196
1972	3206
1973	3172
1974	3198
1975	3176
1976	3237
1977	3119
1978	3289
1979	3123
1980	3118
1981	3194
1982	3135
1983	3163
1984	3124
1985	3031
1986	3105
1987	3023
1988	3025
1989	3110
1990	3074
1991	3126
1992	3003
1993	2975
1994	2975
1995	3027
1996	2914
1997	3024
1998	3002
1999	3061
2000	2903
2001	2968
2002	2885
2003	2862
2004	2798
2005	2953
2006	2908
2007	2878
2008	2810
2009	2859
2010	2817
2011	2825
2012	2884
2013	2908
2014	2763
2015	2732
2016	2743
2017	2764
2018	2699
2019	2801
2020	2719
2021	2727
2022	2611
2023	2650
2024	2712
2025	2682
2026	2614
2027	2594
2028	2651
2029	2668
2030	2580
2031	2547
2032	2583
2033	2520
2034	2464
2035	2523
2036	2589
2037	2446
2038	2447
2039	2469
2040	2488
2041	2535
2042	2423
2043	2441
2044	2381
2045	2284
2046	2353
2047	2476
2048	2344
2049	2386
2050	2332
2051	2249
2052	2323
2053	2332
2054	2204
2055	2267
2056	2218
2057	2233
2058	2167
2059	2262
2060	2195
2061	2221
2062	2157
2063	2132
2064	2103
2065	2085
2066	2086
2067	2030
2068	2068
2069	2072
2070	2072
2071	2015
2072	2060
2073	2045
2074	1905
2075	2000
2076	1896
2077	1992
2078	2004
2079	1979
2080	1942
2081	1890
2082	1852
2083	1878
2084	1908
2085	1874
2086	1817
2087	1853
2088	1760
2089	1888
2090	1746
2091	1781
2092	1771
2093	1705
2094	1674
2095	1652
2096	1685
2097	1807
2098	1736
2099	1775
2100	1688
2101	1670
2102	1712
2103	1650
2104	1669
2105	1560
2106	1549
2107	1550
2108	1554
2109	1587
2110	1617
2111	1447
2112	1572
2113	1498
2114	1499
2115	1574
2116	1504
2117	1550
2118	1400
2119	1491
2120	1360
2121	1337
2122	1225
2123	1186
2124	913
2125	795
2126	585
2127	397
2128	232
2129	126
2130	76
2131	30
2132	23
2133	13
2134	21
2135	17
2136	11
2137	11
2138	11
2139	14
2140	6
2141	10
2142	6
2143	6
2144	10
2145	13
2146	9
2147	10
2148	15
2149	4
2150	4
2151	9
2152	8
2153	12
2154	8
2155	13
2156	9
2157	9
2158	13
2159	7
2160	3
2161	4
2162	5
2163	14
2164	7
2165	7
2166	5
2167	3
2168	3
2169	5
2170	4
2171	3
2172	5
2173	3
2174	6
2175	4
2176	4
2177	8
2178	1
2179	4
2180	6
2181	6
2182	7
2183	6
2184	4
2185	5
2186	6
2187	4
2188	6
2189	8
2190	3
2191	3
2192	6
2193	7
2194	5
2195	3
2196	6
2197	6
2198	6
2199	4
2200	5
2201	9
2202	2
2203	3
2204	5
2205	4
2206	4
2207	3
2208	1
2209	2
2210	2
2211	4
2212	5
2213	3
2214	1
2215	1
2216	5
2217	3
2218	2
2219	5
2220	4
2221	4
2222	4
2223	3
2224	3
2225	3
2226	3
2227	5
2228	2
2229	3
2230	1
2231	3
2232	4
2233	2
2234	5
2235	5
2236	1
2237	4
2238	5
2239	3
2240	2
2241	3
2242	1
2243	2
2244	6
2245	2
2246	2
2247	1
2248	2
2249	3
2250	4
2251	2
2252	3
2253	2
2254	1
2255	2
2256	6
2257	4
2258	0
2259	4
2260	4
2261	1
2262	2
2263	3
2264	2
2265	0
2266	1
2267	1
2268	0
2269	6
2270	2
2271	2
2272	3
2273	7
2274	1
2275	5
2276	1
2277	3
2278	1
2279	2
2280	0
2281	1
2282	5
2283	1
2284	2
2285	1
2286	1
2287	1
2288	2
2289	2
2290	1
2291	0
2292	0
2293	0
2294	2
2295	1
2296	1
2297	0
2298	2
2299	0
2300	0
2301	0
2302	0
2303	1
2304	1
2305	0
2306	1
2307	0
2308	2
2309	3
2310	3
2311	1
2312	4
2313	0
2314	0
2315	1
2316	2
2317	1
2318	1
2319	2
2320	0
2321	0
2322	2
2323	1
2324	0
2325	0
2326	0
2327	3
2328	0
2329	1
2330	1
2331	2
2332	1
2333	1
2334	2
2335	1
2336	1
2337	1
2338	1
2339	0
2340	2
2341	1
2342	0
2343	0
2344	1
2345	1
2346	0
2347	1
2348	1
2349	1
2350	2
2351	1
2352	1
2353	0
2354	2
2355	0
2356	0
2357	0
2358	0
2359	0
2360	0
2361	0
2362	1
2363	0
2364	2
2365	1
2366	0
2367	0
2368	1
2369	0
2370	1
2371	1
2372	2
2373	0
2374	2
2375	1
2376	0
2377	1
2378	1
2379	0
2380	0
2381	2
2382	0
2383	0
2384	1
2385	0
2386	1
2387	2
2388	0
2389	0
2390	1
2391	0
2392	0
2393	1
2394	1
2395	1
2396	0
2397	0
2398	0
2399	2
2400	1
2401	0
2402	0
2403	1
2404	2
2405	2
2406	0
2407	1
2408	0
2409	1
2410	1
2411	1
2412	0
2413	2
2414	0
2415	1
2416	1
2417	1
2418	0
2419	1
2420	1
2421	2
2422	0
2423	0
2424	0
2425	1
2426	0
2427	1
2428	1
2429	0
2430	2
2431	1
2432	2
2433	2
2434	2
2435	2
2436	2
2437	1
2438	1
2439	0
2440	0
2441	1
2442	1
2443	2
2444	2
2445	1
2446	0
2447	2
2448	2
2449	1
2450	1
2451	1
2452	0
2453	0
2454	2
2455	0
2456	1
2457	2
2458	0
2459	1
2460	0
2461	0
2462	3
2463	0
2464	1
2465	0
2466	4
2467	0
2468	0
2469	0
2470	2
2471	3
2472	0
2473	1
2474	2
2475	1
2476	1
2477	0
2478	1
2479	0
2480	0
2481	1
2482	1
2483	1
2484	0
2485	0
2486	1
2487	0
2488	1
2489	0
2490	0
2491	3
2492	0
2493	2
2494	2
2495	0
2496	1
2497	0
2498	1
2499	0
2500	0
2501	2
2502	1
2503	3
2504	1
2505	1
2506	1
2507	0
2508	0
2509	1
2510	1
2511	1
2512	1
2513	1
2514	3
2515	0
2516	3
2517	0
2518	2
2519	1
2520	2
2521	1
2522	2
2523	3
2524	1
2525	2
2526	3
2527	2
2528	2
2529	1
2530	1
2531	1
2532	0
2533	2
2534	3
2535	1
2536	0
2537	4
2538	1
2539	1
2540	2
2541	2
2542	1
2543	1
2544	3
2545	1
2546	3
2547	0
2548	0
2549	2
2550	3
2551	0
2552	0
2553	3
2554	3
2555	1
2556	1
2557	4
2558	2
2559	3
2560	2
2561	1
2562	5
2563	1
2564	1
2565	1
2566	0
2567	2
2568	1
2569	0
2570	2
2571	1
2572	4
2573	0
2574	2
2575	2
2576	1
2577	0
2578	5
2579	2
2580	1
2581	2
2582	5
2583	0
2584	4
2585	2
2586	2
2587	2
2588	3
2589	1
2590	0
2591	2
2592	5
2593	3
2594	1
2595	2
2596	2
2597	0
2598	2
2599	0
2600	0
2601	4
2602	2
2603	0
2604	3
2605	2
2606	1
2607	1
2608	4
2609	6
2610	2
2611	3
2612	1
2613	1
2614	3
2615	1
2616	1
2617	5
2618	1
2619	1
2620	1
2621	1
2622	0
2623	1
2624	2
2625	6
2626	4
2627	1
2628	2
2629	1
2630	3
2631	1
2632	2
2633	3
2634	5
2635	2
2636	1
2637	6
2638	2
2639	1
2640	2
2641	0
2642	3
2643	1
2644	0
2645	2
2646	1
2647	2
2648	2
2649	1
2650	1
2651	2
2652	4
2653	3
2654	2
2655	1
2656	3
2657	7
2658	2
2659	3
2660	1
2661	2
2662	3
2663	0
2664	4
2665	2
2666	1
2667	3
2668	3
2669	5
2670	2
2671	7
2672	2
2673	0
2674	4
2675	2
2676	1
2677	3
2678	4
2679	4
2680	4
2681	4
2682	3
2683	5
2684	1
2685	1
2686	2
2687	3
2688	7
2689	4
2690	2
2691	2
2692	1
2693	0
2694	2
2695	1
2696	3
2697	2
2698	4
2699	0
2700	4
2701	7
2702	2
2703	6
2704	4
2705	7
2706	3
2707	5
2708	7
2709	5
2710	6
2711	0
2712	5
2713	2
2714	3
2715	4
2716	1
2717	3
2718	1
2719	3
2720	3
2721	0
2722	2
2723	2
2724	2
2725	5
2726	2
2727	3
2728	5
2729	3
2730	2
2731	2
2732	6
2733	2
2734	4
2735	1
2736	4
2737	3
2738	5
2739	3
2740	0
2741	2
2742	4
2743	7
2744	4
2745	3
2746	4
2747	3
2748	2
2749	1
2750	2
2751	4
2752	1
2753	5
2754	4
2755	1
2756	6
2757	1
2758	1
2759	4
2760	3
2761	3
2762	3
2763	3
2764	1
2765	3
2766	2
2767	4
2768	5
2769	3
2770	4
2771	2
2772	1
2773	1
2774	5
2775	4
2776	2
2777	2
2778	5
2779	1
2780	3
2781	5
2782	1
2783	0
2784	2
2785	5
2786	2
2787	3
2788	1
2789	3
2790	2
2791	3
2792	4
2793	2
2794	1
2795	2
2796	1
2797	4
2798	1
2799	3
2800	4
2801	4
2802	2
2803	2
2804	4
2805	0
2806	3
2807	4
2808	3
2809	1
2810	3
2811	2
2812	3
2813	2
2814	2
2815	6
2816	2
2817	1
2818	6
2819	3
2820	5
2821	4
2822	8
2823	2
2824	3
2825	1
2826	5
2827	1
2828	3
2829	4
2830	3
2831	3
2832	3
2833	1
2834	3
2835	2
2836	4
2837	0
2838	1
2839	1
2840	3
2841	1
2842	3
2843	1
2844	6
2845	3
2846	2
2847	2
2848	1
2849	2
2850	1
2851	3
2852	2
2853	2
2854	1
2855	3
2856	1
2857	5
2858	3
2859	1
2860	0
2861	1
2862	4
2863	3
2864	2
2865	3
2866	0
2867	0
2868	2
2869	1
2870	2
2871	3
2872	3
2873	0
2874	1
2875	1
2876	2
2877	1
2878	1
2879	7
2880	3
2881	0
2882	2
2883	4
2884	0
2885	2
2886	3
2887	0
2888	2
2889	1
2890	2
2891	2
2892	2
2893	2
2894	4
2895	1
2896	2
2897	2
2898	1
2899	3
2900	4
2901	0
2902	0
2903	1
2904	3
2905	3
2906	0
2907	0
2908	2
2909	0
2910	3
2911	3
2912	3
2913	2
2914	3
2915	1
2916	1
2917	0
2918	1
2919	2
2920	2
2921	3
2922	1
2923	1
2924	0
2925	1
2926	4
2927	2
2928	1
2929	1
2930	2
2931	0
2932	3
2933	0
2934	2
2935	0
2936	1
2937	6
2938	3
2939	1
2940	1
2941	1
2942	2
2943	2
2944	0
2945	3
2946	1
2947	1
2948	3
2949	1
2950	0
2951	2
2952	2
2953	0
2954	0
2955	1
2956	6
2957	2
2958	0
2959	0
2960	0
2961	1
2962	0
2963	3
2964	2
2965	2
2966	1
2967	1
2968	2
2969	0
2970	1
2971	3
2972	5
2973	2
2974	2
2975	5
2976	2
2977	3
2978	2
2979	0
2980	0
2981	0
2982	1
2983	0
2984	1
2985	0
2986	1
2987	3
2988	1
2989	4
2990	2
2991	0
2992	2
2993	1
2994	2
2995	3
2996	4
2997	0
2998	0
2999	1
3000	2
3001	2
3002	2
3003	2
3004	0
3005	1
3006	2
3007	2
3008	1
3009	1
3010	1
3011	2
3012	3
3013	2
3014	3
3015	3
3016	1
3017	1
3018	3
3019	3
3020	1
3021	2
3022	1
3023	2
3024	2
3025	3
3026	1
3027	2
3028	1
3029	2
3030	0
3031	0
3032	1
3033	1
3034	1
3035	2
3036	2
3037	2
3038	1
3039	0
3040	0
3041	1
3042	1
3043	0
3044	0
3045	0
3046	0
3047	1
3048	2
3049	2
3050	2
3051	0
3052	0
3053	2
3054	1
3055	0
3056	1
3057	0
3058	0
3059	2
3060	0
3061	0
3062	3
3063	2
3064	2
3065	1
3066	2
3067	2
3068	2
3069	0
3070	1
3071	1
3072	1
3073	0
3074	0
3075	2
3076	2
3077	1
3078	2
3079	2
3080	0
3081	4
3082	2
3083	1
3084	3
3085	0
3086	1
3087	0
3088	1
3089	1
3090	1
3091	3
3092	4
3093	0
3094	0
3095	3
3096	4
3097	1
3098	1
3099	3
3100	1
3101	2
3102	3
3103	0
3104	1
3105	0
3106	1
3107	1
3108	1
3109	2
3110	2
3111	0
3112	3
3113	1
3114	0
3115	1
3116	2
3117	1
3118	2
3119	0
3120	0
3121	1
3122	0
3123	2
3124	0
3125	0
3126	2
3127	1
3128	0
3129	1
3130	0
3131	1
3132	2
3133	0
3134	1
3135	1
3136	1
3137	1
3138	0
3139	1
3140	2
3141	0
3142	1
3143	0
3144	0
3145	1
3146	1
3147	1
3148	1
3149	1
3150	0
3151	1
3152	1
3153	2
3154	0
3155	0
3156	0
3157	1
3158	2
3159	1
3160	0
3161	0
3162	2
3163	0
3164	0
3165	1
3166	2
3167	1
3168	0
3169	1
3170	0
3171	0
3172	1
3173	0
3174	2
3175	3
3176	0
3177	1
3178	2
3179	0
3180	0
3181	1
3182	0
3183	1
3184	1
3185	0
3186	2
3187	0
3188	2
3189	3
3190	1
3191	2
3192	0
3193	0
3194	2
3195	1
3196	0
3197	1
3198	2
3199	0
3200	2
3201	0
3202	4
3203	3
3204	0
3205	0
3206	1
3207	0
3208	1
3209	2
3210	0
3211	2
3212	1
3213	0
3214	2
3215	0
3216	0
3217	1
3218	2
3219	3
3220	1
3221	0
3222	0
3223	1
3224	1
3225	1
3226	1
3227	2
3228	3
3229	0
3230	1
3231	2
3232	1
3233	1
3234	1
3235	0
3236	1
3237	0
3238	0
3239	0
3240	0
3241	0
3242	2
3243	1
3244	1
3245	1
3246	1
3247	0
3248	0
3249	0
3250	1
3251	0
3252	0
3253	1
3254	0
3255	1
3256	1
3257	1
3258	0
3259	1
3260	0
3261	0
3262	1
3263	1
3264	0
3265	1
3266	3
3267	1
3268	0
3269	2
3270	3
3271	3
3272	1
3273	0
3274	0
3275	1
3276	0
3277	0
3278	0
3279	3
3280	1
3281	2
3282	1
3283	1
3284	2
3285	3
3286	1
3287	0
3288	0
3289	0
3290	1
3291	0
3292	0
3293	0
3294	0
3295	1
3296	1
3297	0
3298	0
3299	0
3300	0
3301	0
3302	2
3303	1
3304	2
3305	0
3306	2
3307	0
3308	4
3309	1
3310	3
3311	0
3312	2
3313	0
3314	0
3315	2
3316	0
3317	0
3318	0
3319	1
3320	1
3321	1
3322	0
3323	0
3324	1
3325	0
3326	0
3327	1
3328	0
3329	1
3330	2
3331	2
3332	2
3333	0
3334	1
3335	1
3336	1
3337	0
3338	1
3339	0
3340	2
3341	1
3342	0
3343	1
3344	1
3345	1
3346	0
3347	1
3348	1
3349	2
3350	1
3351	0
3352	0
3353	1
3354	0
3355	1
3356	0
3357	1
3358	1
3359	0
3360	2
3361	0
3362	0
3363	1
3364	1
3365	0
3366	2
3367	1
3368	3
3369	1
3370	1
3371	0
3372	0
3373	3
3374	3
3375	1
3376	0
3377	0
3378	1
3379	1
3380	0
3381	0
3382	4
3383	0
3384	0
3385	1
3386	1
3387	0
3388	0
3389	2
3390	1
3391	3
3392	1
3393	0
3394	2
3395	0
3396	0
3397	1
3398	0
3399	1
3400	1
3401	0
3402	2
3403	0
3404	1
3405	0
3406	0
3407	0
3408	0
3409	2
3410	3
3411	2
3412	2
3413	1
3414	1
3415	1
3416	1
3417	0
3418	0
3419	1
3420	1
3421	0
3422	1
3423	1
3424	0
3425	0
3426	2
3427	0
3428	0
3429	0
3430	1
3431	0
3432	0
3433	0
3434	2
3435	0
3436	0
3437	0
3438	0
3439	1
3440	0
3441	0
3442	0
3443	0
3444	0
3445	1
3446	1
3447	2
3448	2
3449	2
3450	0
3451	1
3452	0
3453	1
3454	0
3455	0
3456	0
3457	2
3458	1
3459	1
3460	1
3461	2
3462	0
3463	1
3464	0
3465	0
3466	0
3467	0
3468	1
3469	3
3470	0
3471	1
3472	1
3473	0
3474	0
3475	0
3476	2
3477	1
3478	0
3479	1
3480	0
3481	2
3482	1
3483	0
3484	1
3485	3
3486	0
3487	0
3488	0
3489	2
3490	1
3491	1
3492	1
3493	0
3494	1
3495	0
3496	1
3497	0
3498	1
3499	1
3500	0
3501	0
3502	0
3503	1
3504	1
3505	1
3506	2
3507	0
3508	1
3509	0
3510	2
3511	0
3512	0
3513	2
3514	2
3515	1
3516	0
3517	0
3518	1
3519	0
3520	2
3521	2
3522	1
3523	0
3524	1
3525	0
3526	4
3527	1
3528	0
3529	0
3530	0
3531	1
3532	0
3533	2
3534	1
3535	1
3536	1
3537	0
3538	1
3539	1
3540	2
3541	0
3542	1
3543	1
3544	0
3545	2
3546	0
3547	1
3548	1
3549	1
3550	0
3551	1
3552	1
3553	1
3554	0
3555	0
3556	2
3557	2
3558	1
3559	0
3560	1
3561	2
3562	0
3563	0
3564	2
3565	0
3566	0
3567	0
3568	0
3569	2
3570	2
3571	1
3572	0
3573	0
3574	1
3575	0
3576	0
3577	0
3578	1
3579	0
3580	1
3581	0
3582	1
3583	0
3584	0
3585	1
3586	1
3587	0
3588	1
3589	1
3590	0
3591	0
3592	1
3593	0
3594	2
3595	0
3596	0
3597	0
3598	0
3599	2
3600	1
3601	2
3602	0
3603	1
3604	1
3605	0
3606	1
3607	2
3608	1
3609	2
3610	1
3611	0
3612	1
3613	1
3614	1
3615	0
3616	0
3617	2
3618	1
3619	0
3620	2
3621	1
3622	0
3623	1
3624	1
3625	2
3626	0
3627	1
3628	1
3629	0
3630	0
3631	3
3632	2
3633	0
3634	0
3635	1
3636	1
3637	1
3638	1
3639	0
3640	1
3641	0
3642	0
3643	0
3644	1
3645	0
3646	0
3647	1
3648	0
3649	1
3650	1
3651	1
3652	0
3653	0
3654	0
3655	2
3656	0
3657	0
3658	1
3659	1
3660	1
3661	0
3662	1
3663	3
3664	0
3665	1
3666	0
3667	1
3668	0
3669	0
3670	2
3671	1
3672	0
3673	1
3674	2
3675	0
3676	0
3677	0
3678	0
3679	0
3680	0
3681	0
3682	0
3683	2
3684	0
3685	0
3686	0
3687	1
3688	0
3689	0
3690	1
3691	1
3692	0
3693	1
3694	1
3695	0
3696	0
3697	0
3698	0
3699	0
3700	0
3701	1
3702	0
3703	0
3704	1
3705	1
3706	0
3707	0
3708	0
3709	0
3710	3
3711	2
3712	2
3713	0
3714	3
3715	0
3716	2
3717	0
3718	0
3719	0
3720	2
3721	0
3722	0
3723	1
3724	1
3725	1
3726	0
3727	1
3728	1
3729	1
3730	0
3731	2
3732	1
3733	2
3734	1
3735	2
3736	0
3737	0
3738	0
3739	0
3740	1
3741	0
3742	0
3743	0
3744	2
3745	0
3746	0
3747	2
3748	0
3749	2
3750	0
3751	2
3752	3
3753	1
3754	1
3755	1
3756	0
3757	1
3758	0
3759	0
3760	0
3761	1
3762	0
3763	0
3764	1
3765	1
3766	0
3767	1
3768	1
3769	0
3770	0
3771	1
3772	0
3773	0
3774	0
3775	0
3776	0
3777	0
3778	2
3779	1
3780	0
3781	0
3782	2
3783	2
3784	0
3785	0
3786	1
3787	0
3788	2
3789	0
3790	0
3791	1
3792	1
3793	0
3794	1
3795	1
3796	0
3797	2
3798	1
3799	0
3800	1
3801	0
3802	2
3803	2
3804	1
3805	1
3806	2
3807	4
3808	1
3809	2
3810	1
3811	1
3812	1
3813	0
3814	0
3815	0
3816	0
3817	2
3818	1
3819	0
3820	1
3821	0
3822	0
3823	0
3824	0
3825	0
3826	0
3827	2
3828	2
3829	0
3830	1
3831	2
3832	1
3833	0
3834	1
3835	1
3836	3
3837	0
3838	0
3839	0
3840	0
3841	0
3842	1
3843	0
3844	0
3845	1
3846	0
3847	1
3848	0
3849	1
3850	2
3851	1
3852	1
3853	0
3854	1
3855	1
3856	1
3857	0
3858	0
3859	1
3860	0
3861	1
3862	1
3863	1
3864	0
3865	0
3866	0
3867	2
3868	0
3869	0
3870	1
3871	3
3872	0
3873	1
3874	0
3875	0
3876	0
3877	1
3878	1
3879	0
3880	1
3881	4
3882	0
3883	0
3884	1
3885	0
3886	0
3887	0
3888	0
3889	0
3890	1
3891	2
3892	1
3893	2
3894	1
3895	0
3896	0
3897	0
3898	0
3899	0
3900	1
3901	1
3902	0
3903	0
3904	0
3905	2
3906	1
3907	0
3908	2
3909	1
3910	1
3911	1
3912	1
3913	1
3914	0
3915	0
3916	1
3917	1
3918	1
3919	0
3920	0
3921	2
3922	1
3923	1
3924	0
3925	2
3926	1
3927	2
3928	1
3929	1
3930	0
3931	0
3932	0
3933	1
3934	0
3935	0
3936	2
3937	1
3938	2
3939	0
3940	1
3941	0
3942	1
3943	3
3944	1
3945	0
3946	2
3947	0
3948	0
3949	1
3950	1
3951	0
3952	1
3953	0
3954	4
3955	2
3956	0
3957	1
3958	3
3959	1
3960	1
3961	1
3962	1
3963	1
3964	2
3965	0
3966	0
3967	0
3968	1
3969	1
3970	3
3971	0
3972	1
3973	1
3974	0
3975	2
3976	0
3977	1
3978	1
3979	0
3980	0
3981	1
3982	1
3983	1
3984	0
3985	2
3986	1
3987	1
3988	2
3989	1
3990	0
3991	1
3992	1
3993	2
3994	1
3995	1
3996	0
3997	0
3998	0
3999	0
4000	0
4001	0
4002	2
4003	0
4004	2
4005	0
4006	1
4007	0
4008	1
4009	0
4010	0
4011	1
4012	1
4013	0
4014	1
4015	0
4016	2
4017	0
4018	1
4019	3
4020	3
4021	0
4022	1
4023	2
4024	1
4025	3
4026	1
4027	1
4028	1
4029	1
4030	2
4031	1
4032	0
4033	1
4034	1
4035	0
4036	0
4037	0
4038	0
4039	2
4040	0
4041	0
4042	1
4043	1
4044	1
4045	2
4046	1
4047	2
4048	0
4049	0
4050	1
4051	1
4052	0
4053	1
4054	0
4055	1
4056	1
4057	0
4058	1
4059	0
4060	0
4061	2
4062	1
4063	1
4064	2
4065	0
4066	0
4067	2
4068	1
4069	0
4070	2
4071	0
4072	0
4073	1
4074	1
4075	3
4076	0
4077	1
4078	1
4079	1
4080	1
4081	1
4082	0
4083	0
4084	2
4085	1
4086	1
4087	1
4088	1
4089	1
4090	3
4091	0
4092	1
4093	0
4094	0
4095	0
4096	1
4097	0
4098	2
4099	1
4100	2
4101	0
4102	1
4103	0
4104	0
4105	0
4106	1
4107	0
4108	0
4109	1
4110	1
4111	0
4112	2
4113	1
4114	0
4115	1
4116	1
4117	2
4118	0
4119	0
4120	0
4121	0
4122	0
4123	0
4124	1
4125	0
4126	1
4127	0
4128	0
4129	1
4130	0
4131	1
4132	0
4133	1
4134	1
4135	2
4136	2
4137	0
4138	1
4139	0
4140	1
4141	0
4142	0
4143	1
4144	0
4145	0
4146	1
4147	2
4148	0
4149	0
4150	0
4151	0
4152	0
4153	0
4154	1
4155	1
4156	0
4157	1
4158	1
4159	0
4160	1
4161	1
4162	1
4163	0
4164	3
4165	2
4166	0
4167	0
4168	1
4169	1
4170	0
4171	1
4172	0
4173	1
4174	1
4175	1
4176	0
4177	1
4178	2
4179	2
4180	0
4181	0
4182	1
4183	0
4184	0
4185	0
4186	0
4187	2
4188	2
4189	1
4190	0
4191	0
4192	0
4193	0
4194	0
4195	0
4196	0
4197	2
4198	0
4199	3
4200	2
4201	0
4202	0
4203	0
4204	1
4205	0
4206	0
4207	0
4208	1
4209	0
4210	0
4211	1
4212	0
4213	0
4214	1
4215	1
4216	0
4217	0
4218	1
4219	1
4220	1
4221	0
4222	0
4223	0
4224	1
4225	0
4226	0
4227	3
4228	0
4229	1
4230	0
4231	1
4232	0
4233	1
4234	1
4235	0
4236	1
4237	0
4238	1
4239	0
4240	0
4241	0
4242	0
4243	0
4244	2
4245	0
4246	1
4247	0
4248	1
4249	1
4250	0
4251	1
4252	1
4253	0
4254	1
4255	0
4256	0
4257	0
4258	1
4259	1
4260	0
4261	1
4262	2
4263	1
4264	0
4265	2
4266	3
4267	2
4268	0
4269	0
4270	0
4271	1
4272	0
4273	1
4274	0
4275	0
4276	2
4277	2
4278	1
4279	0
4280	1
4281	1
4282	0
4283	1
4284	1
4285	1
4286	0
4287	0
4288	0
4289	1
4290	0
4291	0
4292	0
4293	0
4294	0
4295	1
4296	1
4297	2
4298	1
4299	1
4300	1
4301	0
4302	0
4303	0
4304	0
4305	0
4306	1
4307	1
4308	0
4309	0
4310	0
4311	0
4312	0
4313	2
4314	1
4315	0
4316	1
4317	0
4318	1
4319	1
4320	0
4321	0
4322	0
4323	2
4324	0
4325	0
4326	1
4327	1
4328	0
4329	2
4330	1
4331	1
4332	0
4333	0
4334	0
4335	0
4336	0
4337	1
4338	1
4339	0
4340	0
4341	1
4342	1
4343	2
4344	0
4345	1
4346	1
4347	1
4348	0
4349	0
4350	1
4351	0
4352	1
4353	0
4354	1
4355	0
4356	0
4357	2
4358	0
4359	2
4360	3
4361	0
4362	0
4363	0
4364	1
4365	1
4366	0
4367	1
4368	1
4369	1
4370	0
4371	0
4372	1
4373	1
4374	0
4375	1
4376	0
4377	0
4378	1
4379	0
4380	2
4381	0
4382	0
4383	2
4384	2
4385	1
4386	0
4387	2
4388	0
4389	1
4390	0
4391	0
4392	0
4393	0
4394	1
4395	0
4396	1
4397	2
4398	2
4399	1
4400	0
4401	1
4402	0
4403	0
4404	0
4405	0
4406	1
4407	0
4408	0
4409	1
4410	0
4411	0
4412	1
4413	0
4414	0
4415	0
4416	0
4417	0
4418	0
4419	0
4420	1
4421	0
4422	0
4423	1
4424	0
4425	0
4426	0
4427	0
4428	0
4429	0
4430	1
4431	0
4432	0
4433	0
4434	0
4435	1
4436	1
4437	0
4438	0
4439	0
4440	1
4441	1
4442	0
4443	0
4444	0
4445	2
4446	0
4447	1
4448	0
4449	0
4450	0
4451	0
4452	1
4453	0
4454	1
4455	0
4456	1
4457	0
4458	0
4459	0
4460	0
4461	0
4462	1
4463	0
4464	1
4465	0
4466	0
4467	0
4468	0
4469	0
4470	0
4471	1
4472	1
4473	1
4474	0
4475	0
4476	0
4477	0
4478	0
4479	0
4480	0
4481	0
4482	2
4483	0
4484	0
4485	0
4486	1
4487	2
4488	0
4489	0
4490	0
4491	0
4492	0
4493	0
4494	1
4495	0
4496	0
4497	1
4498	1
4499	0
4500	0
4501	0
4502	0
4503	0
4504	0
4505	0
4506	2
4507	0
4508	0
4509	0
4510	0
4511	1
4512	0
4513	0
4514	0
4515	0
4516	0
4517	0
4518	2
4519	0
4520	2
4521	0
4522	1
4523	1
4524	1
4525	0
4526	0
4527	0
4528	0
4529	0
4530	0
4531	3
4532	0
4533	0
4534	0
4535	0
4536	0
4537	0
4538	0
4539	1
4540	0
4541	0
4542	0
4543	0
4544	1
4545	2
4546	0
4547	0
4548	0
4549	0
4550	0
4551	1
4552	0
4553	1
4554	0
4555	0
4556	0
4557	1
4558	1
4559	1
4560	0
4561	0
4562	1
4563	1
4564	0
4565	3
4566	0
4567	1
4568	0
4569	1
4570	0
4571	1
4572	2
4573	1
4574	1
4575	0
4576	0
4577	2
4578	0
4579	0
4580	0
4581	1
4582	0
4583	1
4584	0
4585	0
4586	0
4587	1
4588	1
4589	0
4590	0
4591	0
4592	0
4593	0
4594	1
4595	0
4596	0
4597	0
4598	1
4599	0
4600	0
4601	1
4602	1
4603	0
4604	0
4605	0
4606	0
4607	0
4608	2
4609	0
4610	1
4611	0
4612	0
4613	1
4614	0
4615	0
4616	0
4617	0
4618	0
4619	0
4620	0
4621	0
4622	0
4623	0
4624	0
4625	0
4626	1
4627	0
4628	0
4629	1
4630	0
4631	0
4632	1
4633	0
4634	1
4635	1
4636	0
4637	0
4638	1
4639	1
4640	0
4641	1
4642	0
4643	0
4644	1
4645	1
4646	0
4647	0
4648	0
4649	0
4650	0
4651	1
4652	1
4653	0
4654	0
4655	1
4656	0
4657	1
4658	0
4659	0
4660	0
4661	1
4662	1
4663	0
4664	0
4665	0
4666	0
4667	0
4668	0
4669	1
4670	0
4671	0
4672	0
4673	0
4674	0
4675	0
4676	0
4677	1
4678	0
4679	0
4680	0
4681	0
4682	1
4683	0
4684	1
4685	1
4686	0
4687	0
4688	1
4689	0
4690	0
4691	1
4692	0
4693	1
4694	1
4695	0
4696	0
4697	0
4698	0
4699	0
4700	0
4701	0
4702	1
4703	0
4704	0
4705	0
4706	1
4707	0
4708	0
4709	0
4710	0
4711	0
4712	0
4713	0
4714	0
4715	0
4716	0
4717	0
4718	0
4719	0
4720	0
4721	1
4722	0
4723	1
4724	0
4725	0
4726	0
4727	2
4728	0
4729	0
4730	1
4731	0
4732	0
4733	0
4734	0
4735	1
4736	0
4737	0
4738	1
4739	1
4740	0
4741	0
4742	0
4743	1
4744	0
4745	0
4746	1
4747	0
4748	1
4749	0
4750	0
4751	0
4752	1
4753	1
4754	0
4755	1
4756	0
4757	0
4758	0
4759	0
4760	1
4761	0
4762	1
4763	1
4764	0
4765	0
4766	0
4767	0
4768	0
4769	0
4770	1
4771	0
4772	0
4773	0
4774	0
4775	0
4776	0
4777	0
4778	0
4779	0
4780	1
4781	0
4782	0
4783	0
4784	0
4785	1
4786	0
4787	3
4788	0
4789	2
4790	1
4791	0
4792	2
4793	1
4794	2
4795	1
4796	0
4797	0
4798	0
4799	0
4800	0
4801	1
4802	1
4803	0
4804	2
4805	0
4806	0
4807	1
4808	0
4809	1
4810	2
4811	1
4812	0
4813	0
4814	1
4815	0
4816	1
4817	0
4818	0
4819	0
4820	0
4821	0
4822	0
4823	0
4824	1
4825	1
4826	0
4827	1
4828	0
4829	0
4830	0
4831	0
4832	0
4833	0
4834	0
4835	1
4836	0
4837	0
4838	1
4839	1
4840	0
4841	1
4842	0
4843	0
4844	0
4845	0
4846	0
4847	1
4848	0
4849	0
4850	0
4851	1
4852	0
4853	0
4854	0
4855	0
4856	1
4857	1
4858	1
4859	1
4860	0
4861	1
4862	0
4863	0
4864	0
4865	1
4866	1
4867	0
4868	0
4869	0
4870	0
4871	1
4872	1
4873	1
4874	0
4875	0
4876	0
4877	0
4878	0
4879	0
4880	0
4881	0
4882	0
4883	0
4884	0
4885	1
4886	0
4887	0
4888	0
4889	1
4890	2
4891	0
4892	0
4893	0
4894	1
4895	0
4896	1
4897	1
4898	0
4899	0
4900	1
4901	3
4902	0
4903	0
4904	0
4905	2
4906	0
4907	0
4908	1
4909	0
4910	0
4911	1
4912	2
4913	0
4914	0
4915	0
4916	0
4917	0
4918	0
4919	2
4920	0
4921	1
4922	4
4923	0
4924	2
4925	1
4926	1
4927	0
4928	1
4929	0
4930	1
4931	2
4932	0
4933	1
4934	1
4935	1
4936	1
4937	0
4938	2
4939	0
4940	0
4941	0
4942	2
4943	0
4944	1
4945	1
4946	0
4947	2
4948	1
4949	1
4950	1
4951	1
4952	0
4953	0
4954	1
4955	0
4956	2
4957	1
4958	0
4959	0
4960	1
4961	1
4962	0
4963	2
4964	0
4965	0
4966	1
4967	0
4968	0
4969	0
4970	0
4971	0
4972	0
4973	0
4974	0
4975	1
4976	1
4977	2
4978	1
4979	1
4980	0
4981	1
4982	2
4983	2
4984	0
4985	0
4986	3
4987	0
4988	0
4989	0
4990	0
4991	1
4992	0
4993	0
4994	0
4995	0
4996	2
4997	1
4998	0
4999	0
5000	0
5001	2
5002	0
5003	0
5004	0
5005	2
5006	0
5007	3
5008	1
5009	0
5010	1
5011	0
5012	2
5013	0
5014	1
5015	0
5016	0
5017	3
5018	1
5019	1
5020	1
5021	0
5022	1
5023	0
5024	0
5025	2
5026	1
5027	0
5028	1
5029	1
5030	0
5031	1
5032	0
5033	0
5034	0
5035	0
5036	3
5037	0
5038	3
5039	0
5040	0
5041	1
5042	1
5043	1
5044	3
5045	1
5046	1
5047	1
5048	1
5049	0
5050	0
5051	0
5052	2
5053	0
5054	0
5055	0
5056	1
5057	0
5058	2
5059	1
5060	1
5061	0
5062	0
5063	0
5064	0
5065	1
5066	2
5067	1
5068	1
5069	0
5070	1
5071	1
5072	0
5073	1
5074	1
5075	1
5076	0
5077	2
5078	0
5079	0
5080	0
5081	2
5082	1
5083	0
5084	3
5085	1
5086	0
5087	1
5088	0
5089	2
5090	1
5091	0
5092	3
5093	1
5094	0
5095	0
5096	1
5097	1
5098	2
5099	0
5100	0
5101	0
5102	2
5103	0
5104	2
5105	1
5106	0
5107	0
5108	1
5109	0
5110	1
5111	1
5112	1
5113	1
5114	4
5115	2
5116	1
5117	0
5118	1
5119	0
5120	2
5121	1
5122	0
5123	3
5124	1
5125	0
5126	0
5127	0
5128	0
5129	2
5130	0
5131	2
5132	2
5133	1
5134	0
5135	2
5136	0
5137	3
5138	0
5139	1
5140	2
5141	3
5142	3
5143	0
5144	0
5145	1
5146	0
5147	0
5148	1
5149	1
5150	0
5151	2
5152	1
5153	0
5154	0
5155	1
5156	0
5157	0
5158	0
5159	1
5160	1
5161	0
5162	0
5163	0
5164	2
5165	1
5166	2
5167	1
5168	0
5169	1
5170	1
5171	0
5172	2
5173	0
5174	0
5175	0
5176	1
5177	2
5178	3
5179	0
5180	0
5181	1
5182	0
5183	0
5184	1
5185	0
5186	2
5187	2
5188	1
5189	1
5190	0
5191	0
5192	0
5193	1
5194	0
5195	1
5196	1
5197	1
5198	0
5199	0
5200	0
5201	0
5202	0
5203	1
5204	0
5205	0
5206	0
5207	3
5208	1
5209	2
5210	0
5211	0
5212	0
5213	0
5214	0
5215	2
5216	0
5217	0
5218	0
5219	0
5220	0
5221	0
5222	0
5223	0
5224	0
5225	1
5226	0
5227	1
5228	0
5229	0
5230	0
5231	0
5232	1
5233	0
5234	0
5235	0
5236	0
5237	2
5238	1
5239	0
5240	2
5241	2
5242	2
5243	0
5244	0
5245	1
5246	0
5247	2
5248	0
5249	0
5250	0
5251	1
5252	2
5253	0
5254	1
5255	3
5256	1
5257	0
5258	0
5259	2
5260	1
5261	0
5262	0
5263	1
5264	1
5265	2
5266	3
5267	1
5268	1
5269	1
5270	0
5271	2
5272	1
5273	0
5274	2
5275	1
5276	0
5277	1
5278	1
5279	0
5280	0
5281	1
5282	0
5283	1
5284	0
5285	0
5286	1
5287	1
5288	1
5289	0
5290	1
5291	1
5292	0
5293	0
5294	0
5295	0
5296	0
5297	1
5298	0
5299	1
5300	0
5301	0
5302	0
5303	0
5304	0
5305	0
5306	1
5307	2
5308	0
5309	0
5310	1
5311	0
5312	1
5313	0
5314	0
5315	1
5316	0
5317	0
5318	2
5319	0
5320	0
5321	1
5322	2
5323	2
5324	1
5325	1
5326	0
5327	0
5328	1
5329	0
5330	0
5331	0
5332	0
5333	0
5334	1
5335	0
5336	1
5337	0
5338	0
5339	0
5340	0
5341	1
5342	0
5343	1
5344	0
5345	2
5346	0
5347	1
5348	0
5349	0
5350	1
5351	0
5352	0
5353	0
5354	3
5355	1
5356	0
5357	0
5358	1
5359	1
5360	1
5361	0
5362	0
5363	0
5364	0
5365	2
5366	0
5367	0
5368	0
5369	0
5370	0
5371	0
5372	2
5373	1
5374	0
5375	1
5376	1
5377	0
5378	0
5379	2
5380	0
5381	0
5382	0
5383	0
5384	0
5385	0
5386	0
5387	0
5388	1
5389	0
5390	0
5391	0
5392	0
5393	1
5394	1
5395	1
5396	0
5397	1
5398	1
5399	0
5400	0
5401	0
5402	1
5403	1
5404	0
5405	0
5406	1
5407	0
5408	0
5409	0
5410	2
5411	0
5412	0
5413	0
5414	2
5415	0
5416	0
5417	0
5418	0
5419	0
5420	0
5421	0
5422	0
5423	0
5424	0
5425	0
5426	1
5427	0
5428	0
5429	1
5430	0
5431	1
5432	1
5433	0
5434	0
5435	0
5436	2
5437	0
5438	0
5439	0
5440	0
5441	0
5442	0
5443	0
5444	1
5445	0
5446	0
5447	0
5448	0
5449	0
5450	0
5451	0
5452	0
5453	0
5454	0
5455	0
5456	1
5457	0
5458	0
5459	0
5460	1
5461	0
5462	0
5463	1
5464	1
5465	1
5466	0
5467	2
5468	0
5469	1
5470	1
5471	0
5472	0
5473	0
5474	1
5475	0
5476	1
5477	0
5478	0
5479	0
5480	1
5481	0
5482	0
5483	0
5484	1
5485	1
5486	1
5487	0
5488	1
5489	0
5490	0
5491	0
5492	0
5493	1
5494	0
5495	2
5496	1
5497	0
5498	0
5499	1
5500	1
5501	0
5502	1
5503	0
5504	0
5505	0
5506	0
5507	2
5508	1
5509	0
5510	0
5511	1
5512	0
5513	1
5514	1
5515	1
5516	1
5517	0
5518	0
5519	1
5520	1
5521	0
5522	0
5523	2
5524	0
5525	0
5526	0
5527	0
5528	0
5529	1
5530	0
5531	0
5532	1
5533	0
5534	0
5535	0
5536	0
5537	0
5538	0
5539	0
5540	2
5541	0
5542	0
5543	1
5544	1
5545	0
5546	1
5547	0
5548	1
5549	1
5550	0
5551	0
5552	1
5553	0
5554	0
5555	0
5556	0
5557	0
5558	0
5559	0
5560	0
5561	0
5562	0
5563	2
5564	0
5565	0
5566	0
5567	0
5568	1
5569	0
5570	1
5571	0
5572	0
5573	0
5574	0
5575	0
5576	0
5577	0
5578	1
5579	0
5580	0
5581	0
5582	0
5583	0
5584	0
5585	3
5586	0
5587	1
5588	0
5589	0
5590	0
5591	1
5592	1
5593	0
5594	1
5595	0
5596	0
5597	0
5598	0
5599	0
5600	0
5601	1
5602	2
5603	1
5604	0
5605	0
5606	0
5607	0
5608	0
5609	1
5610	0
5611	2
5612	1
5613	0
5614	1
5615	0
5616	0
5617	0
5618	0
5619	0
5620	0
5621	0
5622	0
5623	1
5624	2
5625	0
5626	0
5627	0
5628	1
5629	0
5630	0
5631	0
5632	2
5633	2
5634	0
5635	0
5636	0
5637	0
5638	2
5639	0
5640	0
5641	1
5642	0
5643	0
5644	1
5645	1
5646	1
5647	1
5648	2
5649	2
5650	1
5651	3
5652	0
5653	0
5654	0
5655	2
5656	0
5657	0
5658	0
5659	0
5660	0
5661	0
5662	0
5663	1
5664	0
5665	0
5666	0
5667	1
5668	0
5669	0
5670	1
5671	0
5672	0
5673	0
5674	0
5675	0
5676	1
5677	0
5678	0
5679	1
5680	1
5681	1
5682	0
5683	0
5684	0
5685	1
5686	0
5687	1
5688	0
5689	0
5690	0
5691	1
5692	0
5693	0
5694	1
5695	0
5696	1
5697	0
5698	0
5699	0
5700	0
5701	0
5702	2
5703	0
5704	1
5705	0
5706	1
5707	0
5708	0
5709	0
5710	1
5711	1
5712	1
5713	0
5714	1
5715	0
5716	1
5717	0
5718	1
5719	1
5720	0
5721	1
5722	0
5723	2
5724	0
5725	0
5726	1
5727	0
5728	0
5729	0
5730	1
5731	1
5732	0
5733	0
5734	0
5735	0
5736	0
5737	0
5738	0
5739	2
5740	0
5741	0
5742	0
5743	0
5744	2
5745	1
5746	0
5747	0
5748	1
5749	0
5750	0
5751	0
5752	0
5753	1
5754	0
5755	0
5756	0
5757	0
5758	0
5759	1
5760	2
5761	0
5762	1
5763	2
5764	0
5765	0
5766	0
5767	0
5768	1
5769	1
5770	0
5771	0
5772	0
5773	1
5774	0
5775	0
5776	0
5777	0
5778	0
5779	2
5780	1
5781	0
5782	1
5783	0
5784	1
5785	0
5786	0
5787	0
5788	1
5789	2
5790	0
5791	2
5792	1
5793	0
5794	0
5795	1
5796	1
5797	1
5798	0
5799	0
5800	1
5801	1
5802	1
5803	0
5804	0
5805	1
5806	1
5807	2
5808	0
5809	0
5810	0
5811	0
5812	0
5813	0
5814	0
5815	1
5816	0
5817	0
5818	0
5819	1
5820	0
5821	0
5822	1
5823	2
5824	1
5825	0
5826	1
5827	0
5828	0
5829	2
5830	0
5831	1
5832	0
5833	0
5834	1
5835	1
5836	1
5837	1
5838	1
5839	0
5840	1
5841	1
5842	1
5843	0
5844	0
5845	0
5846	1
5847	1
5848	0
5849	1
5850	0
5851	0
5852	0
5853	0
5854	0
5855	0
5856	0
5857	1
5858	1
5859	3
5860	0
5861	0
5862	0
5863	0
5864	1
5865	1
5866	1
5867	1
5868	0
5869	0
5870	0
5871	0
5872	0
5873	1
5874	2
5875	0
5876	0
5877	0
5878	1
5879	0
5880	1
5881	1
5882	2
5883	0
5884	0
5885	0
5886	1
5887	1
5888	0
5889	1
5890	0
5891	1
5892	0
5893	0
5894	0
5895	1
5896	0
5897	1
5898	0
5899	0
5900	2
5901	2
5902	0
5903	1
5904	1
5905	2
5906	1
5907	1
5908	0
5909	0
5910	0
5911	1
5912	0
5913	1
5914	1
5915	1
5916	1
5917	0
5918	1
5919	0
5920	0
5921	1
5922	1
5923	0
5924	0
5925	1
5926	3
5927	1
5928	0
5929	0
5930	0
5931	0
5932	0
5933	0
5934	0
5935	0
5936	1
5937	0
5938	2
5939	1
5940	1
5941	0
5942	0
5943	0
5944	0
5945	1
5946	0
5947	0
5948	0
5949	0
5950	1
5951	0
5952	1
5953	0
5954	0
5955	0
5956	0
5957	0
5958	2
5959	0
5960	1
5961	0
5962	0
5963	0
5964	1
5965	0
5966	0
5967	1
5968	1
5969	0
5970	0
5971	0
5972	2
5973	1
5974	0
5975	0
5976	2
5977	1
5978	3
5979	0
5980	0
5981	0
5982	1
5983	0
5984	0
5985	1
5986	1
5987	0
5988	1
5989	0
5990	0
5991	0
5992	0
5993	0
5994	0
5995	1
5996	0
5997	0
5998	1
5999	1
6000	0
6001	1
6002	0
6003	0
6004	0
6005	0
6006	0
6007	0
6008	0
6009	0
6010	0
6011	0
6012	0
6013	0
6014	2
6015	1
6016	0
6017	0
6018	1
6019	0
6020	0
6021	0
6022	0
6023	0
6024	1
6025	0
6026	0
6027	0
6028	1
6029	0
6030	0
6031	1
6032	0
6033	0
6034	0
6035	0
6036	1
6037	0
6038	1
6039	0
6040	0
6041	0
6042	0
6043	0
6044	0
6045	0
6046	1
6047	0
6048	0
6049	0
6050	0
6051	0
6052	0
6053	0
6054	0
6055	0
6056	0
6057	0
6058	0
6059	1
6060	0
6061	0
6062	0
6063	0
6064	0
6065	0
6066	1
6067	0
6068	1
6069	0
6070	0
6071	0
6072	0
6073	1
6074	0
6075	0
6076	0
6077	0
6078	1
6079	0
6080	0
6081	0
6082	0
6083	1
6084	0
6085	0
6086	0
6087	0
6088	0
6089	1
6090	0
6091	1
6092	0
6093	0
6094	0
6095	1
6096	1
6097	0
6098	0
6099	0
6100	0
6101	0
6102	1
6103	0
6104	0
6105	0
6106	2
6107	0
6108	0
6109	1
6110	0
6111	0
6112	0
6113	1
6114	0
6115	0
6116	0
6117	0
6118	0
6119	1
6120	0
6121	0
6122	1
6123	0
6124	0
6125	0
6126	0
6127	0
6128	0
6129	0
6130	1
6131	0
6132	0
6133	0
6134	0
6135	0
6136	0
6137	0
6138	0
6139	1
6140	0
6141	0
6142	0
6143	0
6144	0
6145	0
6146	0
6147	0
6148	1
6149	0
6150	0
6151	0
6152	2
6153	0
6154	0
6155	0
6156	1
6157	0
6158	0
6159	1
6160	1
6161	0
6162	0
6163	0
6164	0
6165	0
6166	0
6167	0
6168	0
6169	0
6170	0
6171	0
6172	0
6173	0
6174	0
6175	0
6176	3
6177	0
6178	0
6179	0
6180	0
6181	0
6182	0
6183	0
6184	0
6185	0
6186	0
6187	0
6188	0
6189	0
6190	0
6191	0
6192	1
6193	1
6194	0
6195	1
6196	0
6197	0
6198	0
6199	0
6200	0
6201	0
6202	0
6203	1
6204	0
6205	0
6206	1
6207	1
6208	1
6209	0
6210	0
6211	0
6212	0
6213	0
6214	0
6215	0
6216	0
6217	0
6218	1
6219	0
6220	0
6221	1
6222	2
6223	0
6224	0
6225	1
6226	0
6227	0
6228	0
6229	0
6230	0
6231	0
6232	0
6233	0
6234	0
6235	0
6236	0
6237	1
6238	0
6239	0
6240	0
6241	0
6242	1
6243	0
6244	0
6245	1
6246	1
6247	0
6248	0
6249	0
6250	0
6251	0
6252	0
6253	0
6254	0
6255	0
6256	0
6257	0
6258	0
6259	1
6260	0
6261	1
6262	0
6263	0
6264	0
6265	0
6266	0
6267	0
6268	1
6269	0
6270	0
6271	0
6272	0
6273	0
6274	0
6275	0
6276	0
6277	0
6278	0
6279	0
6280	0
6281	0
6282	0
6283	0
6284	0
6285	1
6286	0
6287	0
6288	0
6289	0
6290	0
6291	0
6292	0
6293	0
6294	0
6295	0
6296	0
6297	1
6298	0
6299	0
6300	1
6301	0
6302	0
6303	0
6304	0
6305	0
6306	0
6307	0
6308	0
6309	0
6310	0
6311	0
6312	0
6313	0
6314	0
6315	1
6316	0
6317	0
6318	0
6319	0
6320	0
6321	0
6322	0
6323	0
6324	0
6325	0
6326	0
6327	0
6328	0
6329	0
6330	0
6331	0
6332	0
6333	0
6334	0
6335	0
6336	0
6337	0
6338	0
6339	0
6340	0
6341	0
6342	0
6343	0
6344	0
6345	0
6346	0
6347	0
6348	0
6349	0
6350	0
6351	0
6352	0
6353	0
6354	0
6355	0
6356	0
6357	0
6358	0
6359	0
6360	0
6361	0
6362	0
6363	0
6364	0
6365	0
6366	1
6367	0
6368	0
6369	0
6370	0
6371	0
6372	0
6373	0
6374	0
6375	0
6376	0
6377	0
6378	0
6379	0
6380	0
6381	0
6382	0
6383	1
6384	0
6385	0
6386	0
6387	1
6388	0
6389	0
6390	0
6391	0
6392	0
6393	0
6394	0
6395	0
6396	0
6397	1
6398	0
6399	0
6400	0
6401	0
6402	0
6403	0
6404	0
6405	0
6406	0
6407	0
6408	0
6409	0
6410	0
6411	0
6412	0
6413	0
6414	0
6415	0
6416	0
6417	1
6418	0
6419	0
6420	0
6421	0
6422	0
6423	0
6424	0
6425	0
6426	0
6427	0
6428	0
6429	1
6430	0
6431	0
6432	0
6433	0
6434	0
6435	0
6436	0
6437	0
6438	0
6439	0
6440	0
6441	0
6442	0
6443	0
6444	0
6445	0
6446	0
6447	0
6448	0
6449	0
6450	0
6451	0
6452	0
6453	0
6454	1
6455	0
6456	0
6457	0
6458	0
6459	0
6460	0
6461	0
6462	0
6463	0
6464	0
6465	0
6466	0
6467	0
6468	0
6469	1
6470	0
6471	0
6472	0
6473	0
6474	0
6475	0
6476	0
6477	0
6478	0
6479	0
6480	0
6481	0
6482	0
6483	0
6484	0
6485	0
6486	0
6487	0
6488	0
6489	0
6490	0
6491	0
6492	0
6493	1
6494	0
6495	0
6496	0
6497	0
6498	0
6499	0
6500	0
6501	0
6502	0
6503	0
6504	0
6505	0
6506	0
6507	0
6508	0
6509	0
6510	0
6511	0
6512	0
6513	0
6514	0
6515	0
6516	0
6517	0
6518	0
6519	0
6520	0
6521	0
6522	0
6523	0
6524	0
6525	1
6526	1
6527	0
6528	0
6529	0
6530	0
6531	0
6532	0
6533	0
6534	0
6535	0
6536	0
6537	0
6538	1
6539	0
6540	0
6541	0
6542	0
6543	1
6544	0
6545	0
6546	0
6547	2
6548	0
6549	1
6550	0
6551	0
6552	0
6553	0
6554	0
6555	0
6556	0
6557	0
6558	0
6559	0
6560	0
6561	0
6562	0
6563	0
6564	0
6565	0
6566	0
6567	0
6568	0
6569	0
6570	0
6571	0
6572	0
6573	0
6574	0
6575	0
6576	1
6577	0
6578	0
6579	0
6580	0
6581	0
6582	0
6583	0
6584	0
6585	0
6586	0
6587	0
6588	0
6589	0
6590	0
6591	0
6592	0
6593	0
6594	0
6595	0
6596	0
6597	0
6598	0
6599	0
6600	0
6601	0
6602	0
6603	0
6604	0
6605	0
6606	0
6607	0
6608	0
6609	0
6610	0
6611	0
6612	0
6613	0
6614	1
6615	0
6616	0
6617	0
6618	0
6619	0
6620	0
6621	0
6622	0
6623	0
6624	0
6625	0
6626	1
6627	0
6628	0
6629	0
6630	0
6631	0
6632	1
6633	0
6634	0
6635	0
6636	0
6637	0
6638	0
6639	0
6640	1
6641	0
6642	0
6643	0
6644	0
6645	0
6646	0
6647	0
6648	0
6649	0
6650	0
6651	0
6652	0
6653	0
6654	0
6655	0
6656	0
6657	1
6658	0
6659	0
6660	1
6661	0
6662	0
6663	0
6664	0
6665	0
6666	0
6667	0
6668	0
6669	0
6670	0
6671	0
6672	0
6673	0
6674	0
6675	0
6676	1
6677	0
6678	0
6679	0
6680	0
6681	0
6682	0
6683	0
6684	0
6685	0
6686	0
6687	0
6688	0
6689	0
6690	0
6691	0
6692	0
6693	0
6694	0
6695	0
6696	0
6697	0
6698	0
6699	0
6700	1
6701	0
6702	0
6703	1
6704	0
6705	0
6706	0
6707	0
6708	0
6709	0
6710	0
6711	0
6712	0
6713	0
6714	0
6715	0
6716	0
6717	0
6718	0
6719	0
6720	1
6721	0
6722	0
6723	0
6724	0
6725	0
6726	0
6727	0
6728	0
6729	0
6730	0
6731	0
6732	1
6733	0
6734	0
6735	0
6736	0
6737	0
6738	0
6739	0
6740	0
6741	0
6742	0
6743	0
6744	0
6745	0
6746	0
6747	0
6748	0
6749	0
6750	0
6751	0
6752	1
6753	0
6754	0
6755	1
6756	0
6757	0
6758	0
6759	0
6760	0
6761	0
6762	0
6763	0
6764	0
6765	0
6766	0
6767	0
6768	0
6769	0
6770	0
6771	0
6772	0
6773	0
6774	0
6775	0
6776	0
6777	1
6778	1
6779	1
6780	0
6781	0
6782	0
6783	0
6784	0
6785	0
6786	1
6787	1
6788	0
6789	0
6790	0
6791	0
6792	0
6793	0
6794	0
6795	0
6796	1
6797	0
6798	0
6799	0
6800	0
6801	0
6802	0
6803	0
6804	0
6805	0
6806	0
6807	0
6808	0
6809	0
6810	0
6811	0
6812	0
6813	0
6814	1
6815	1
6816	0
6817	0
6818	0
6819	0
6820	0
6821	0
6822	0
6823	0
6824	0
6825	0
6826	0
6827	0
6828	0
6829	0
6830	0
6831	0
6832	0
6833	0
6834	0
6835	0
6836	0
6837	0
6838	0
6839	0
6840	0
6841	0
6842	0
6843	0
6844	0
6845	0
6846	0
6847	0
6848	0
6849	0
6850	0
6851	0
6852	0
6853	0
6854	0
6855	0
6856	0
6857	0
6858	0
6859	0
6860	0
6861	0
6862	0
6863	0
6864	0
6865	0
6866	0
6867	0
6868	0
6869	1
6870	0
6871	0
6872	0
6873	0
6874	0
6875	0
6876	0
6877	0
6878	0
6879	0
6880	0
6881	0
6882	0
6883	0
6884	1
6885	0
6886	0
6887	0
6888	0
6889	0
6890	0
6891	0
6892	0
6893	0
6894	1
6895	0
6896	0
6897	0
6898	0
6899	1
6900	0
6901	0
6902	0
6903	1
6904	0
6905	0
6906	0
6907	0
6908	0
6909	0
6910	0
6911	0
6912	0
6913	0
6914	0
6915	0
6916	1
6917	0
6918	0
6919	0
6920	0
6921	0
6922	0
6923	0
6924	0
6925	0
6926	0
6927	0
6928	0
6929	0
6930	1
6931	0
6932	0
6933	0
6934	0
6935	0
6936	0
6937	0
6938	0
6939	0
6940	0
6941	0
6942	2
6943	0
6944	0
6945	0
6946	0
6947	0
6948	0
6949	0
6950	0
6951	0
6952	0
6953	0
6954	0
6955	0
6956	1
6957	0
6958	0
6959	0
6960	0
6961	0
6962	0
6963	0
6964	0
6965	2
6966	0
6967	0
6968	1
6969	0
6970	0
6971	0
6972	0
6973	1
6974	0
6975	0
6976	0
6977	0
6978	1
6979	0
6980	0
6981	0
6982	0
6983	0
6984	0
6985	0
6986	1
6987	0
6988	0
6989	0
6990	0
6991	0
6992	1
6993	0
6994	0
6995	0
6996	1
6997	0
6998	1
6999	0
7000	0
7001	0
7002	0
7003	0
7004	0
7005	0
7006	0
7007	0
7008	0
7009	0
7010	0
7011	0
7012	0
7013	0
7014	0
7015	0
7016	0
7017	0
7018	0
7019	0
7020	0
7021	0
7022	1
7023	0
7024	0
7025	0
7026	0
7027	0
7028	0
7029	1
7030	0
7031	0
7032	0
7033	0
7034	0
7035	0
7036	0
7037	0
7038	0
7039	0
7040	0
7041	0
7042	0
7043	0
7044	0
7045	1
7046	0
7047	0
7048	0
7049	0
7050	0
7051	1
7052	0
7053	0
7054	0
7055	0
7056	0
7057	1
7058	1
7059	0
7060	0
7061	0
7062	0
7063	0
7064	0
7065	0
7066	0
7067	0
7068	0
7069	0
7070	0
7071	0
7072	1
7073	0
7074	0
7075	0
7076	1
7077	0
7078	1
7079	0
7080	0
7081	1
7082	0
7083	0
7084	1
7085	0
7086	0
7087	0
7088	1
7089	0
7090	0
7091	1
7092	0
7093	0
7094	0
7095	0
7096	0
7097	0
7098	0
7099	0
7100	0
7101	0
7102	0
7103	0
7104	0
7105	0
7106	0
7107	0
7108	0
7109	0
7110	0
7111	0
7112	0
7113	0
7114	0
7115	1
7116	0
7117	0
7118	0
7119	0
7120	0
7121	0
7122	0
7123	0
7124	0
7125	2
7126	0
7127	0
7128	0
7129	1
7130	1
7131	0
7132	0
7133	0
7134	0
7135	0
7136	0
7137	0
7138	0
7139	0
7140	0
7141	0
7142	0
7143	0
7144	1
7145	0
7146	0
7147	1
7148	0
7149	1
7150	0
7151	0
7152	1
7153	0
7154	0
7155	2
7156	0
7157	0
7158	0
7159	0
7160	0
7161	1
7162	0
7163	0
7164	0
7165	0
7166	0
7167	0
7168	1
7169	0
7170	1
7171	0
7172	0
7173	0
7174	1
7175	0
7176	1
7177	0
7178	0
7179	0
7180	0
7181	0
7182	0
7183	0
7184	0
7185	0
7186	0
7187	1
7188	1
7189	0
7190	0
7191	2
7192	0
7193	0
7194	0
7195	0
7196	0
7197	0
7198	1
7199	0
7200	0
7201	0
7202	0
7203	0
7204	1
7205	0
7206	1
7207	0
7208	0
7209	0
7210	1
7211	0
7212	0
7213	0
7214	1
7215	1
7216	0
7217	0
7218	0
7219	0
7220	0
7221	0
7222	0
7223	0
7224	0
7225	0
7226	0
7227	0
7228	0
7229	0
7230	0
7231	0
7232	0
7233	1
7234	0
7235	0
7236	0
7237	0
7238	0
7239	0
7240	0
7241	0
7242	0
7243	1
7244	0
7245	0
7246	1
7247	0
7248	0
7249	0
7250	0
7251	0
7252	0
7253	0
7254	0
7255	0
7256	0
7257	0
7258	0
7259	0
7260	0
7261	0
7262	1
7263	0
7264	0
7265	0
7266	0
7267	0
7268	0
7269	0
7270	0
7271	0
7272	0
7273	0
7274	0
7275	0
7276	0
7277	0
7278	1
7279	0
7280	0
7281	0
7282	0
7283	0
7284	0
7285	0
7286	0
7287	0
7288	2
7289	0
7290	0
7291	0
7292	0
7293	0
7294	0
7295	0
7296	0
7297	0
7298	1
7299	0
7300	0
7301	0
7302	0
7303	1
7304	0
7305	0
7306	0
7307	0
7308	1
7309	1
7310	0
7311	0
7312	0
7313	0
7314	0
7315	0
7316	0
7317	0
7318	0
7319	0
7320	0
7321	0
7322	0
7323	1
7324	0
7325	0
7326	0
7327	0
7328	1
7329	0
7330	1
7331	0
7332	0
7333	0
7334	0
7335	0
7336	0
7337	0
7338	0
7339	0
7340	0
7341	0
7342	0
7343	0
7344	0
7345	1
7346	0
7347	0
7348	0
7349	0
7350	0
7351	0
7352	0
7353	0
7354	0
7355	0
7356	0
7357	0
7358	0
7359	1
7360	0
7361	0
7362	0
7363	0
7364	0
7365	0
7366	0
7367	0
7368	0
7369	0
7370	0
7371	0
7372	0
7373	0
7374	0
7375	0
7376	0
7377	0
7378	0
7379	0
7380	0
7381	1
7382	0
7383	0
7384	0
7385	0
7386	0
7387	1
7388	0
7389	0
7390	0
7391	0
7392	0
7393	0
7394	0
7395	0
7396	0
7397	0
7398	0
7399	0
7400	0
7401	0
7402	0
7403	0
7404	0
7405	0
7406	0
7407	0
7408	0
7409	0
7410	0
7411	0
7412	0
7413	0
7414	0
7415	0
7416	0
7417	0
7418	0
7419	0
7420	1
7421	0
7422	0
7423	0
7424	0
7425	0
7426	0
7427	0
7428	0
7429	0
7430	0
7431	0
7432	0
7433	0
7434	0
7435	0
7436	0
7437	0
7438	0
7439	0
7440	0
7441	0
7442	0
7443	0
7444	0
7445	0
7446	0
7447	0
7448	0
7449	0
7450	0
7451	0
7452	0
7453	0
7454	0
7455	0
7456	0
7457	0
7458	0
7459	0
7460	0
7461	1
7462	0
7463	0
7464	0
7465	1
7466	0
7467	0
7468	0
7469	0
7470	0
7471	0
7472	0
7473	0
7474	1
7475	0
7476	0
7477	0
7478	0
7479	0
7480	1
7481	0
7482	0
7483	0
7484	0
7485	1
7486	0
7487	0
7488	0
7489	0
7490	0
7491	0
7492	1
7493	0
7494	0
7495	0
7496	0
7497	0
7498	0
7499	0
7500	0
7501	1
7502	0
7503	0
7504	0
7505	0
7506	0
7507	0
7508	0
7509	0
7510	0
7511	0
7512	0
7513	0
7514	0
7515	0
7516	1
7517	1
7518	1
7519	0
7520	0
7521	0
7522	0
7523	0
7524	0
7525	0
7526	0
7527	0
7528	1
7529	0
7530	0
7531	0
7532	0
7533	0
7534	0
7535	0
7536	0
7537	0
7538	1
7539	0
7540	0
7541	0
7542	0
7543	0
7544	0
7545	0
7546	0
7547	0
7548	0
7549	0
7550	0
7551	0
7552	1
7553	0
7554	0
7555	0
7556	0
7557	0
7558	0
7559	0
7560	0
7561	0
7562	0
7563	0
7564	0
7565	0
7566	0
7567	0
7568	0
7569	0
7570	0
7571	0
7572	0
7573	0
7574	0
7575	0
7576	0
7577	0
7578	0
7579	1
7580	0
7581	0
7582	0
7583	0
7584	0
7585	0
7586	0
7587	0
7588	0
7589	0
7590	0
7591	0
7592	0
7593	0
7594	0
7595	0
7596	0
7597	0
7598	0
7599	0
7600	0
7601	0
7602	0
7603	0
7604	0
7605	0
7606	2
7607	0
7608	0
7609	0
7610	0
7611	0
7612	0
7613	0
7614	0
7615	0
7616	0
7617	1
7618	1
7619	0
7620	0
7621	0
7622	0
7623	0
7624	0
7625	0
7626	0
7627	0
7628	0
7629	0
7630	0
7631	0
7632	0
7633	0
7634	0
7635	0
7636	0
7637	0
7638	0
7639	0
7640	2
7641	0
7642	0
7643	0
7644	0
7645	0
7646	0
7647	0
7648	0
7649	0
7650	0
7651	0
7652	0
7653	0
7654	0
7655	0
7656	0
7657	0
7658	0
7659	0
7660	0
7661	0
7662	0
7663	0
7664	0
7665	0
7666	0
7667	0
7668	0
7669	0
7670	0
7671	0
7672	0
7673	0
7674	0
7675	0
7676	0
7677	0
7678	0
7679	0
7680	1
7681	0
7682	0
7683	0
7684	0
7685	0
7686	0
7687	0
7688	1
7689	0
7690	0
7691	0
7692	0
7693	0
7694	0
7695	0
7696	0
7697	0
7698	0
7699	0
7700	1
7701	1
7702	0
7703	0
7704	1
7705	1
7706	0
7707	0
7708	0
7709	0
7710	0
7711	0
7712	0
7713	0
7714	1
7715	0
7716	0
7717	0
7718	0
7719	0
7720	0
7721	0
7722	0
7723	1
7724	0
7725	0
7726	0
7727	1
7728	0
7729	0
7730	0
7731	0
7732	0
7733	0
7734	0
7735	0
7736	0
7737	0
7738	0
7739	0
7740	0
7741	0
7742	0
7743	0
7744	0
7745	0
7746	0
7747	0
7748	0
7749	0
7750	0
7751	0
7752	0
7753	0
7754	0
7755	0
7756	0
7757	0
7758	0
7759	0
7760	0
7761	0
7762	0
7763	0
7764	0
7765	0
7766	1
7767	1
7768	1
7769	1
7770	0
7771	0
7772	0
7773	1
7774	0
7775	0
7776	0
7777	0
7778	0
7779	0
7780	0
7781	0
7782	0
7783	0
7784	0
7785	0
7786	0
7787	0
7788	0
7789	0
7790	0
7791	0
7792	0
7793	1
7794	1
7795	0
7796	0
7797	0
7798	0
7799	0
7800	0
7801	0
7802	1
7803	0
7804	0
7805	0
7806	0
7807	0
7808	0
7809	0
7810	0
7811	0
7812	0
7813	0
7814	0
7815	0
7816	0
7817	1
7818	0
7819	1
7820	0
7821	1
7822	0
7823	0
7824	0
7825	0
7826	0
7827	1
7828	0
7829	0
7830	0
7831	0
7832	0
7833	0
7834	0
7835	0
7836	0
7837	0
7838	0
7839	0
7840	0
7841	0
7842	0
7843	0
7844	0
7845	0
7846	0
7847	0
7848	0
7849	0
7850	0
7851	0
7852	0
7853	0
7854	0
7855	0
7856	0
7857	0
7858	0
7859	0
7860	0
7861	0
7862	0
7863	0
7864	0
7865	0
7866	0
7867	0
7868	0
7869	0
7870	0
7871	0
7872	0
7873	0
7874	0
7875	0
7876	0
7877	0
7878	0
7879	0
7880	0
7881	0
7882	0
7883	0
7884	0
7885	0
7886	0
7887	0
7888	0
7889	0
7890	0
7891	0
7892	0
7893	0
7894	0
7895	0
7896	0
7897	0
7898	0
7899	0
7900	0
7901	0
7902	0
7903	0
7904	0
7905	0
7906	0
7907	0
7908	0
7909	0
7910	0
7911	0
7912	0
7913	0
7914	0
7915	0
7916	0
7917	0
7918	0
7919	0
7920	0
7921	0
7922	0
7923	0
7924	0
7925	0
7926	0
7927	0
7928	0
7929	0
7930	0
7931	0
7932	0
7933	0
7934	0
7935	0
7936	0
7937	0
7938	0
7939	0
7940	0
7941	0
7942	0
7943	0
7944	0
7945	0
7946	0
7947	0
7948	0
7949	0
7950	0
7951	0
7952	0
7953	0
7954	0
7955	0
7956	0
7957	0
7958	0
7959	0
7960	0
7961	0
7962	0
7963	0
7964	0
7965	0
7966	0
7967	0
7968	0
7969	0
7970	0
7971	0
7972	0
7973	0
7974	0
7975	0
7976	0
7977	0
7978	0
7979	0
7980	0
7981	0
7982	0
7983	0
7984	0
7985	0
7986	0
7987	0
7988	0
7989	0
7990	0
7991	0
7992	0
7993	0
7994	0
7995	0
7996	0
7997	0
7998	0
7999	0
8000	0
8001	0
8002	0
8003	0
8004	0
8005	0
8006	0
8007	0
8008	0
8009	0
8010	0
8011	0
8012	0
8013	0
8014	0
8015	0
8016	0
8017	0
8018	0
8019	0
8020	0
8021	0
8022	0
8023	0
8024	0
8025	0
8026	0
8027	0
8028	0
8029	0
8030	0
8031	0
8032	0
8033	0
8034	0
8035	0
8036	0
8037	0
8038	0
8039	0
8040	0
8041	0
8042	0
8043	0
8044	0
8045	0
8046	0
8047	0
8048	0
8049	0
8050	0
8051	0
8052	0
8053	0
8054	0
8055	0
8056	0
8057	0
8058	0
8059	0
8060	0
8061	0
8062	0
8063	0
8064	0
8065	0
8066	0
8067	0
8068	0
8069	0
8070	0
8071	0
8072	0
8073	0
8074	0
8075	0
8076	0
8077	0
8078	0
8079	0
8080	0
8081	0
8082	0
8083	0
8084	0
8085	0
8086	0
8087	0
8088	0
8089	0
8090	0
8091	0
8092	0
8093	0
8094	0
8095	0
8096	0
8097	0
8098	0
8099	0
8100	0
8101	0
8102	0
8103	0
8104	0
8105	0
8106	0
8107	0
8108	0
8109	0
8110	0
8111	0
8112	0
8113	0
8114	0
8115	0
8116	0
8117	0
8118	0
8119	0
8120	0
8121	0
8122	0
8123	0
8124	0
8125	0
8126	0
8127	0
8128	0
8129	0
8130	0
8131	0
8132	0
8133	0
8134	0
8135	0
8136	0
8137	0
8138	0
8139	0
8140	0
8141	0
8142	0
8143	0
8144	0
8145	0
8146	0
8147	0
8148	0
8149	0
8150	0
8151	0
8152	0
8153	0
8154	0
8155	0
8156	0
8157	0
8158	0
8159	0
8160	0
8161	0
8162	0
8163	0
8164	0
8165	0
8166	0
8167	0
8168	0
8169	0
8170	0
8171	0
8172	0
8173	0
8174	0
8175	0
8176	0
8177	0
8178	0
8179	0
8180	0
8181	0
8182	0
8183	0
8184	0
8185	0
8186	0
8187	0
8188	0
8189	0
8190	0
8191	0
