0	0
1	0
2	0
3	0
4	0
5	0
6	0
7	0
8	0
9	0
10	0
11	0
12	0
13	0
14	0
15	0
16	0
17	0
18	0
19	0
20	0
21	0
22	0
23	0
24	0
25	0
26	0
27	0
28	0
29	0
30	0
31	0
32	0
33	0
34	0
35	0
36	0
37	0
38	0
39	0
40	0
41	0
42	0
43	0
44	0
45	0
46	0
47	0
48	0
49	0
50	0
51	0
52	0
53	0
54	0
55	0
56	0
57	0
58	0
59	0
60	0
61	0
62	0
63	0
64	0
65	0
66	0
67	0
68	0
69	0
70	0
71	0
72	0
73	0
74	1
75	1
76	0
77	4
78	7
79	6
80	12
81	8
82	23
83	14
84	38
85	27
86	32
87	32
88	34
89	35
90	34
91	35
92	28
93	29
94	37
95	28
96	32
97	37
98	40
99	34
100	28
101	34
102	26
103	33
104	31
105	47
106	37
107	27
108	36
109	36
110	50
111	39
112	36
113	37
114	34
115	39
116	45
117	43
118	37
119	48
120	60
121	49
122	29
123	46
124	44
125	42
126	49
127	48
128	50
129	52
130	46
131	52
132	55
133	42
134	45
135	50
136	44
137	62
138	60
139	35
140	47
141	50
142	54
143	64
144	48
145	57
146	48
147	60
148	46
149	71
150	54
151	57
152	65
153	42
154	46
155	45
156	45
157	51
158	46
159	51
160	56
161	48
162	39
163	47
164	48
165	48
166	49
167	38
168	49
169	52
170	50
171	40
172	42
173	60
174	45
175	50
176	47
177	47
178	55
179	56
180	53
181	43
182	37
183	51
184	50
185	49
186	48
187	42
188	50
189	48
190	57
191	53
192	49
193	47
194	37
195	38
196	47
197	56
198	43
199	48
200	47
201	55
202	48
203	40
204	39
205	49
206	65
207	54
208	56
209	46
210	47
211	48
212	54
213	46
214	39
215	43
216	49
217	59
218	56
219	52
220	56
221	55
222	62
223	62
224	66
225	54
226	43
227	57
228	56
229	43
230	61
231	63
232	66
233	63
234	69
235	57
236	63
237	52
238	67
239	68
240	71
241	64
242	67
243	62
244	70
245	77
246	73
247	73
248	79
249	77
250	66
251	72
252	86
253	54
254	90
255	87
256	75
257	75
258	79
259	76
260	83
261	74
262	72
263	81
264	80
265	74
266	89
267	69
268	85
269	91
270	87
271	77
272	76
273	78
274	88
275	77
276	96
277	99
278	98
279	95
280	81
281	90
282	94
283	91
284	95
285	93
286	93
287	83
288	86
289	91
290	92
291	94
292	108
293	97
294	79
295	89
296	106
297	94
298	91
299	106
300	82
301	96
302	82
303	94
304	96
305	90
306	90
307	84
308	88
309	107
310	81
311	102
312	106
313	109
314	112
315	86
316	99
317	84
318	102
319	74
320	100
321	92
322	86
323	98
324	110
325	99
326	93
327	108
328	89
329	123
330	85
331	82
332	98
333	96
334	82
335	89
336	78
337	95
338	104
339	106
340	100
341	112
342	84
343	82
344	91
345	104
346	91
347	95
348	93
349	85
350	90
351	71
352	102
353	85
354	92
355	88
356	98
357	115
358	89
359	111
360	100
361	93
362	113
363	114
364	84
365	101
366	69
367	106
368	88
369	90
370	90
371	92
372	86
373	84
374	84
375	92
376	89
377	86
378	85
379	83
380	99
381	81
382	84
383	91
384	98
385	93
386	76
387	92
388	94
389	111
390	98
391	87
392	83
393	102
394	75
395	84
396	95
397	77
398	94
399	94
400	97
401	92
402	99
403	91
404	92
405	82
406	100
407	90
408	86
409	94
410	87
411	108
412	85
413	92
414	96
415	87
416	81
417	106
418	95
419	109
420	97
421	95
422	101
423	91
424	101
425	91
426	109
427	91
428	89
429	105
430	102
431	108
432	69
433	84
434	94
435	106
436	87
437	103
438	103
439	100
440	106
441	98
442	107
443	97
444	97
445	106
446	110
447	109
448	94
449	89
450	104
451	101
452	96
453	97
454	105
455	91
456	107
457	103
458	91
459	91
460	98
461	96
462	94
463	90
464	96
465	103
466	95
467	103
468	98
469	108
470	89
471	104
472	83
473	92
474	91
475	103
476	114
477	83
478	97
479	107
480	96
481	115
482	105
483	102
484	88
485	107
486	105
487	120
488	93
489	93
490	93
491	93
492	89
493	102
494	117
495	106
496	84
497	116
498	96
499	101
500	86
501	102
502	108
503	101
504	91
505	88
506	104
507	106
508	95
509	103
510	98
511	104
512	100
513	96
514	100
515	94
516	84
517	95
518	113
519	90
520	101
521	86
522	79
523	100
524	97
525	92
526	92
527	110
528	106
529	99
530	107
531	88
532	105
533	77
534	101
535	106
536	115
537	82
538	109
539	108
540	96
541	98
542	110
543	84
544	105
545	111
546	87
547	92
548	98
549	105
550	99
551	93
552	109
553	102
554	95
555	106
556	93
557	110
558	103
559	110
560	107
561	105
562	112
563	107
564	109
565	79
566	94
567	112
568	105
569	105
570	115
571	104
572	97
573	97
574	99
575	99
576	90
577	113
578	107
579	86
580	107
581	87
582	99
583	122
584	113
585	95
586	101
587	105
588	113
589	117
590	106
591	124
592	117
593	120
594	110
595	108
596	114
597	106
598	95
599	111
600	113
601	122
602	96
603	105
604	105
605	127
606	101
607	111
608	119
609	129
610	101
611	152
612	116
613	116
614	112
615	123
616	126
617	115
618	106
619	108
620	115
621	111
622	94
623	119
624	90
625	107
626	105
627	124
628	132
629	120
630	126
631	123
632	110
633	139
634	122
635	120
636	136
637	133
638	129
639	138
640	114
641	131
642	125
643	138
644	129
645	121
646	147
647	140
648	124
649	136
650	134
651	114
652	129
653	128
654	146
655	137
656	129
657	135
658	120
659	156
660	148
661	121
662	114
663	129
664	145
665	122
666	143
667	129
668	129
669	148
670	137
671	135
672	138
673	139
674	136
675	127
676	133
677	140
678	130
679	143
680	146
681	151
682	117
683	141
684	153
685	164
686	136
687	131
688	112
689	135
690	143
691	147
692	150
693	155
694	139
695	153
696	141
697	158
698	153
699	140
700	147
701	147
702	128
703	139
704	150
705	125
706	129
707	155
708	131
709	147
710	147
711	139
712	152
713	139
714	109
715	100
716	142
717	141
718	141
719	133
720	130
721	108
722	138
723	128
724	124
725	155
726	125
727	129
728	125
729	107
730	135
731	140
732	140
733	132
734	110
735	114
736	142
737	120
738	116
739	126
740	105
741	123
742	119
743	121
744	145
745	125
746	133
747	104
748	125
749	155
750	127
751	113
752	115
753	135
754	116
755	141
756	108
757	131
758	126
759	120
760	116
761	121
762	114
763	122
764	121
765	99
766	100
767	112
768	113
769	121
770	124
771	85
772	118
773	126
774	114
775	98
776	120
777	106
778	125
779	115
780	104
781	127
782	104
783	110
784	103
785	98
786	114
787	111
788	96
789	124
790	103
791	103
792	99
793	123
794	108
795	113
796	102
797	96
798	116
799	93
800	124
801	98
802	118
803	112
804	109
805	87
806	106
807	100
808	91
809	118
810	122
811	106
812	117
813	103
814	120
815	99
816	112
817	93
818	126
819	123
820	102
821	90
822	111
823	133
824	113
825	111
826	118
827	129
828	123
829	115
830	114
831	121
832	117
833	107
834	132
835	119
836	133
837	119
838	121
839	132
840	116
841	135
842	138
843	115
844	123
845	131
846	145
847	96
848	120
849	154
850	142
851	127
852	138
853	132
854	126
855	136
856	153
857	142
858	127
859	152
860	156
861	149
862	144
863	142
864	139
865	156
866	150
867	174
868	137
869	148
870	146
871	155
872	147
873	154
874	183
875	145
876	156
877	149
878	152
879	171
880	172
881	161
882	182
883	182
884	160
885	157
886	182
887	182
888	182
889	159
890	165
891	192
892	181
893	192
894	211
895	168
896	207
897	189
898	180
899	199
900	167
901	169
902	199
903	207
904	181
905	216
906	187
907	220
908	197
909	204
910	189
911	198
912	213
913	255
914	210
915	235
916	223
917	238
918	203
919	233
920	200
921	264
922	241
923	248
924	273
925	247
926	235
927	235
928	248
929	275
930	270
931	245
932	280
933	263
934	264
935	256
936	286
937	259
938	279
939	272
940	264
941	266
942	276
943	281
944	274
945	309
946	285
947	331
948	284
949	309
950	298
951	321
952	296
953	321
954	269
955	306
956	282
957	352
958	282
959	292
960	339
961	350
962	333
963	332
964	336
965	326
966	353
967	324
968	378
969	322
970	379
971	372
972	346
973	357
974	344
975	373
976	361
977	361
978	379
979	306
980	374
981	392
982	423
983	381
984	396
985	370
986	363
987	374
988	383
989	406
990	370
991	390
992	397
993	377
994	365
995	392
996	403
997	366
998	397
999	389
1000	438
1001	399
1002	428
1003	419
1004	402
1005	387
1006	456
1007	418
1008	415
1009	423
1010	437
1011	421
1012	460
1013	434
1014	440
1015	449
1016	447
1017	428
1018	446
1019	386
1020	505
1021	446
1022	436
1023	451
1024	444
1025	470
1026	438
1027	459
1028	456
1029	473
1030	454
1031	472
1032	455
1033	517
1034	478
1035	476
1036	426
1037	500
1038	457
1039	493
1040	456
1041	486
1042	451
1043	481
1044	434
1045	494
1046	460
1047	475
1048	513
1049	507
1050	453
1051	538
1052	512
1053	489
1054	442
1055	481
1056	542
1057	503
1058	507
1059	526
1060	519
1061	500
1062	502
1063	514
1064	509
1065	495
1066	543
1067	494
1068	519
1069	478
1070	491
1071	479
1072	517
1073	474
1074	545
1075	523
1076	484
1077	467
1078	539
1079	455
1080	564
1081	560
1082	499
1083	556
1084	514
1085	515
1086	507
1087	496
1088	499
1089	534
1090	563
1091	522
1092	477
1093	482
1094	520
1095	514
1096	465
1097	524
1098	508
1099	530
1100	551
1101	527
1102	497
1103	521
1104	523
1105	533
1106	486
1107	540
1108	497
1109	477
1110	487
1111	520
1112	502
1113	529
1114	501
1115	546
1116	553
1117	531
1118	492
1119	516
1120	503
1121	470
1122	517
1123	508
1124	503
1125	501
1126	522
1127	494
1128	503
1129	498
1130	483
1131	471
1132	480
1133	507
1134	491
1135	502
1136	506
1137	486
1138	485
1139	450
1140	490
1141	507
1142	488
1143	507
1144	457
1145	464
1146	467
1147	501
1148	501
1149	487
1150	496
1151	471
1152	515
1153	433
1154	491
1155	465
1156	455
1157	449
1158	468
1159	477
1160	455
1161	466
1162	477
1163	463
1164	469
1165	439
1166	468
1167	480
1168	469
1169	467
1170	479
1171	477
1172	432
1173	487
1174	438
1175	449
1176	451
1177	425
1178	486
1179	449
1180	473
1181	451
1182	469
1183	454
1184	491
1185	444
1186	438
1187	469
1188	435
1189	436
1190	447
1191	463
1192	447
1193	431
1194	470
1195	444
1196	506
1197	435
1198	429
1199	457
1200	441
1201	448
1202	466
1203	449
1204	452
1205	426
1206	468
1207	405
1208	446
1209	451
1210	423
1211	451
1212	480
1213	468
1214	450
1215	425
1216	464
1217	435
1218	448
1219	462
1220	473
1221	415
1222	467
1223	444
1224	440
1225	446
1226	396
1227	435
1228	438
1229	478
1230	415
1231	457
1232	449
1233	444
1234	422
1235	429
1236	450
1237	433
1238	437
1239	427
1240	432
1241	424
1242	442
1243	444
1244	445
1245	411
1246	455
1247	444
1248	454
1249	427
1250	457
1251	443
1252	444
1253	402
1254	443
1255	422
1256	454
1257	460
1258	409
1259	444
1260	437
1261	441
1262	448
1263	450
1264	422
1265	444
1266	437
1267	442
1268	419
1269	432
1270	442
1271	455
1272	407
1273	417
1274	440
1275	398
1276	485
1277	453
1278	424
1279	438
1280	424
1281	438
1282	463
1283	393
1284	443
1285	427
1286	458
1287	420
1288	452
1289	438
1290	438
1291	425
1292	427
1293	424
1294	435
1295	407
1296	439
1297	426
1298	445
1299	430
1300	433
1301	439
1302	443
1303	409
1304	458
1305	425
1306	472
1307	421
1308	445
1309	485
1310	462
1311	406
1312	421
1313	433
1314	419
1315	451
1316	415
1317	423
1318	414
1319	441
1320	487
1321	420
1322	461
1323	430
1324	434
1325	399
1326	417
1327	456
1328	446
1329	450
1330	435
1331	448
1332	464
1333	466
1334	426
1335	424
1336	398
1337	436
1338	432
1339	445
1340	449
1341	441
1342	435
1343	479
1344	467
1345	469
1346	433
1347	437
1348	463
1349	470
1350	449
1351	429
1352	461
1353	433
1354	440
1355	407
1356	432
1357	437
1358	461
1359	410
1360	443
1361	425
1362	445
1363	446
1364	453
1365	477
1366	452
1367	486
1368	478
1369	456
1370	401
1371	446
1372	452
1373	473
1374	434
1375	427
1376	465
1377	452
1378	476
1379	445
1380	453
1381	449
1382	476
1383	451
1384	410
1385	441
1386	444
1387	464
1388	437
1389	453
1390	442
1391	450
1392	480
1393	464
1394	474
1395	440
1396	451
1397	474
1398	493
1399	439
1400	447
1401	445
1402	492
1403	425
1404	420
1405	470
1406	477
1407	482
1408	490
1409	441
1410	483
1411	425
1412	458
1413	441
1414	513
1415	469
1416	439
1417	417
1418	463
1419	494
1420	475
1421	442
1422	479
1423	442
1424	485
1425	473
1426	434
1427	438
1428	464
1429	443
1430	449
1431	448
1432	452
1433	446
1434	446
1435	470
1436	451
1437	476
1438	469
1439	418
1440	468
1441	490
1442	508
1443	445
1444	461
1445	448
1446	478
1447	400
1448	428
1449	462
1450	485
1451	453
1452	470
1453	441
1454	485
1455	473
1456	423
1457	472
1458	493
1459	454
1460	462
1461	500
1462	450
1463	451
1464	460
1465	466
1466	450
1467	441
1468	463
1469	466
1470	464
1471	471
1472	458
1473	463
1474	521
1475	498
1476	399
1477	481
1478	489
1479	491
1480	444
1481	448
1482	479
1483	510
1484	482
1485	449
1486	482
1487	477
1488	432
1489	445
1490	453
1491	484
1492	444
1493	484
1494	473
1495	449
1496	480
1497	451
1498	482
1499	499
1500	465
1501	463
1502	475
1503	478
1504	478
1505	459
1506	482
1507	445
1508	423
1509	414
1510	426
1511	439
1512	434
1513	495
1514	443
1515	473
1516	448
1517	436
1518	468
1519	456
1520	429
1521	490
1522	476
1523	448
1524	431
1525	474
1526	476
1527	437
1528	420
1529	477
1530	480
1531	461
1532	414
1533	431
1534	440
1535	444
1536	461
1537	457
1538	452
1539	443
1540	462
1541	468
1542	429
1543	488
1544	435
1545	465
1546	440
1547	443
1548	478
1549	436
1550	461
1551	456
1552	459
1553	442
1554	473
1555	468
1556	471
1557	451
1558	464
1559	484
1560	429
1561	450
1562	470
1563	497
1564	441
1565	443
1566	448
1567	470
1568	443
1569	423
1570	422
1571	430
1572	430
1573	449
1574	456
1575	468
1576	451
1577	478
1578	420
1579	457
1580	438
1581	453
1582	408
1583	435
1584	404
1585	443
1586	435
1587	469
1588	421
1589	452
1590	459
1591	431
1592	455
1593	439
1594	436
1595	416
1596	488
1597	413
1598	426
1599	416
1600	435
1601	422
1602	430
1603	439
1604	427
1605	429
1606	468
1607	453
1608	460
1609	433
1610	437
1611	469
1612	417
1613	425
1614	448
1615	456
1616	457
1617	459
1618	476
1619	443
1620	431
1621	424
1622	465
1623	454
1624	436
1625	428
1626	450
1627	445
1628	458
1629	420
1630	413
1631	433
1632	430
1633	405
1634	441
1635	453
1636	445
1637	416
1638	431
1639	390
1640	448
1641	448
1642	435
1643	397
1644	411
1645	435
1646	438
1647	424
1648	390
1649	440
1650	439
1651	421
1652	432
1653	454
1654	414
1655	406
1656	444
1657	397
1658	415
1659	440
1660	448
1661	422
1662	420
1663	418
1664	419
1665	433
1666	393
1667	430
1668	411
1669	410
1670	400
1671	434
1672	439
1673	428
1674	443
1675	436
1676	406
1677	419
1678	431
1679	425
1680	402
1681	396
1682	428
1683	448
1684	421
1685	426
1686	442
1687	400
1688	434
1689	398
1690	427
1691	430
1692	413
1693	422
1694	425
1695	441
1696	380
1697	408
1698	408
1699	374
1700	442
1701	423
1702	414
1703	396
1704	433
1705	413
1706	401
1707	387
1708	417
1709	423
1710	430
1711	422
1712	419
1713	410
1714	444
1715	400
1716	435
1717	422
1718	421
1719	435
1720	424
1721	447
1722	421
1723	403
1724	395
1725	453
1726	408
1727	421
1728	378
1729	402
1730	395
1731	393
1732	449
1733	396
1734	404
1735	430
1736	414
1737	412
1738	382
1739	427
1740	417
1741	398
1742	420
1743	407
1744	398
1745	428
1746	386
1747	452
1748	435
1749	420
1750	433
1751	399
1752	421
1753	394
1754	409
1755	386
1756	374
1757	394
1758	371
1759	373
1760	423
1761	445
1762	428
1763	403
1764	425
1765	474
1766	426
1767	462
1768	437
1769	429
1770	397
1771	410
1772	433
1773	400
1774	440
1775	407
1776	428
1777	416
1778	387
1779	398
1780	447
1781	416
1782	414
1783	426
1784	415
1785	405
1786	396
1787	394
1788	424
1789	423
1790	406
1791	417
1792	387
1793	431
1794	440
1795	422
1796	384
1797	412
1798	379
1799	431
1800	393
1801	416
1802	404
1803	428
1804	403
1805	421
1806	407
1807	405
1808	425
1809	409
1810	441
1811	432
1812	427
1813	410
1814	411
1815	403
1816	411
1817	426
1818	421
1819	446
1820	424
1821	422
1822	404
1823	431
1824	410
1825	377
1826	416
1827	412
1828	401
1829	423
1830	413
1831	411
1832	377
1833	382
1834	434
1835	437
1836	370
1837	445
1838	450
1839	362
1840	405
1841	379
1842	426
1843	388
1844	384
1845	421
1846	417
1847	415
1848	435
1849	404
1850	413
1851	410
1852	423
1853	406
1854	419
1855	417
1856	398
1857	430
1858	416
1859	443
1860	411
1861	387
1862	386
1863	434
1864	443
1865	420
1866	407
1867	386
1868	391
1869	407
1870	419
1871	379
1872	406
1873	440
1874	438
1875	414
1876	410
1877	438
1878	431
1879	425
1880	434
1881	415
1882	452
1883	425
1884	454
1885	400
1886	423
1887	429
1888	411
1889	439
1890	448
1891	428
1892	428
1893	424
1894	452
1895	457
1896	450
1897	435
1898	448
1899	433
1900	418
1901	438
1902	458
1903	450
1904	453
1905	437
1906	411
1907	455
1908	461
1909	420
1910	434
1911	454
1912	459
1913	448
1914	489
1915	441
1916	429
1917	453
1918	469
1919	442
1920	431
1921	416
1922	405
1923	489
1924	426
1925	489
1926	473
1927	474
1928	496
1929	488
1930	464
1931	500
1932	500
1933	532
1934	454
1935	479
1936	505
1937	501
1938	480
1939	501
1940	489
1941	484
1942	496
1943	495
1944	484
1945	485
1946	485
1947	506
1948	510
1949	519
1950	489
1951	492
1952	489
1953	539
1954	504
1955	509
1956	476
1957	492
1958	533
1959	503
1960	542
1961	499
1962	523
1963	535
1964	527
1965	551
1966	547
1967	509
1968	519
1969	542
1970	519
1971	583
1972	548
1973	559
1974	592
1975	580
1976	513
1977	561
1978	516
1979	549
1980	564
1981	581
1982	569
1983	578
1984	586
1985	566
1986	595
1987	585
1988	561
1989	590
1990	604
1991	589
1992	577
1993	583
1994	627
1995	666
1996	650
1997	608
1998	632
1999	625
2000	633
2001	644
2002	571
2003	617
2004	633
2005	663
2006	608
2007	641
2008	625
2009	684
2010	647
2011	704
2012	634
2013	666
2014	627
2015	628
2016	683
2017	696
2018	687
2019	701
2020	718
2021	719
2022	698
2023	695
2024	703
2025	707
2026	766
2027	676
2028	673
2029	680
2030	719
2031	725
2032	733
2033	750
2034	790
2035	726
2036	756
2037	775
2038	695
2039	734
2040	733
2041	716
2042	734
2043	745
2044	753
2045	768
2046	729
2047	703
2048	807
2049	775
2050	795
2051	807
2052	786
2053	822
2054	760
2055	816
2056	749
2057	809
2058	813
2059	857
2060	876
2061	838
2062	863
2063	819
2064	899
2065	882
2066	864
2067	871
2068	860
2069	882
2070	841
2071	907
2072	854
2073	868
2074	894
2075	851
2076	942
2077	818
2078	952
2079	944
2080	923
2081	899
2082	944
2083	893
2084	893
2085	949
2086	925
2087	968
2088	936
2089	954
2090	952
2091	997
2092	940
2093	937
2094	967
2095	949
2096	964
2097	969
2098	926
2099	951
2100	1064
2101	988
2102	995
2103	1039
2104	980
2105	1071
2106	1025
2107	1017
2108	1003
2109	1032
2110	979
2111	1012
2112	1014
2113	1060
2114	1042
2115	1042
2116	1044
2117	1034
2118	1044
2119	1107
2120	1050
2121	1042
2122	1039
2123	1139
2124	1061
2125	1099
2126	1098
2127	1104
2128	1037
2129	1131
2130	1078
2131	1075
2132	1158
2133	1127
2134	1119
2135	1110
2136	1132
2137	1121
2138	1147
2139	1179
2140	1221
2141	1100
2142	1171
2143	1102
2144	1149
2145	1121
2146	1193
2147	1182
2148	1131
2149	1169
2150	1150
2151	1143
2152	1164
2153	1183
2154	1189
2155	1185
2156	1193
2157	1141
2158	1146
2159	1127
2160	1182
2161	1237
2162	1188
2163	1280
2164	1198
2165	1236
2166	1237
2167	1189
2168	1216
2169	1221
2170	1183
2171	1245
2172	1246
2173	1228
2174	1278
2175	1260
2176	1260
2177	1239
2178	1284
2179	1225
2180	1186
2181	1265
2182	1274
2183	1259
2184	1257
2185	1212
2186	1297
2187	1311
2188	1291
2189	1215
2190	1268
2191	1247
2192	1251
2193	1262
2194	1345
2195	1271
2196	1247
2197	1273
2198	1250
2199	1211
2200	1331
2201	1260
2202	1311
2203	1244
2204	1282
2205	1346
2206	1258
2207	1247
2208	1328
2209	1214
2210	1285
2211	1283
2212	1321
2213	1294
2214	1255
2215	1336
2216	1320
2217	1341
2218	1283
2219	1305
2220	1369
2221	1323
2222	1296
2223	1306
2224	1297
2225	1336
2226	1252
2227	1375
2228	1323
2229	1320
2230	1346
2231	1341
2232	1300
2233	1343
2234	1349
2235	1299
2236	1291
2237	1356
2238	1328
2239	1311
2240	1361
2241	1331
2242	1310
2243	1323
2244	1350
2245	1288
2246	1302
2247	1317
2248	1348
2249	1396
2250	1321
2251	1389
2252	1314
2253	1399
2254	1380
2255	1264
2256	1308
2257	1350
2258	1373
2259	1377
2260	1369
2261	1336
2262	1386
2263	1377
2264	1394
2265	1374
2266	1385
2267	1355
2268	1349
2269	1400
2270	1341
2271	1360
2272	1344
2273	1425
2274	1310
2275	1395
2276	1379
2277	1308
2278	1328
2279	1381
2280	1353
2281	1344
2282	1305
2283	1292
2284	1372
2285	1400
2286	1370
2287	1393
2288	1315
2289	1320
2290	1354
2291	1379
2292	1412
2293	1353
2294	1396
2295	1380
2296	1357
2297	1369
2298	1354
2299	1308
2300	1368
2301	1329
2302	1397
2303	1376
2304	1359
2305	1322
2306	1350
2307	1365
2308	1361
2309	1330
2310	1329
2311	1323
2312	1405
2313	1413
2314	1331
2315	1314
2316	1328
2317	1359
2318	1371
2319	1342
2320	1408
2321	1327
2322	1273
2323	1305
2324	1396
2325	1359
2326	1346
2327	1365
2328	1350
2329	1269
2330	1326
2331	1314
2332	1345
2333	1377
2334	1356
2335	1352
2336	1274
2337	1316
2338	1332
2339	1322
2340	1316
2341	1313
2342	1353
2343	1341
2344	1301
2345	1310
2346	1274
2347	1257
2348	1357
2349	1301
2350	1281
2351	1348
2352	1290
2353	1252
2354	1420
2355	1271
2356	1317
2357	1266
2358	1334
2359	1293
2360	1269
2361	1337
2362	1369
2363	1275
2364	1331
2365	1269
2366	1318
2367	1290
2368	1287
2369	1267
2370	1350
2371	1252
2372	1278
2373	1328
2374	1234
2375	1291
2376	1325
2377	1294
2378	1241
2379	1260
2380	1286
2381	1314
2382	1319
2383	1341
2384	1304
2385	1300
2386	1299
2387	1325
2388	1244
2389	1239
2390	1413
2391	1223
2392	1258
2393	1350
2394	1271
2395	1249
2396	1248
2397	1324
2398	1295
2399	1275
2400	1295
2401	1305
2402	1290
2403	1260
2404	1279
2405	1279
2406	1301
2407	1292
2408	1261
2409	1205
2410	1264
2411	1278
2412	1216
2413	1210
2414	1259
2415	1244
2416	1256
2417	1280
2418	1225
2419	1256
2420	1319
2421	1274
2422	1222
2423	1317
2424	1285
2425	1226
2426	1263
2427	1263
2428	1211
2429	1258
2430	1226
2431	1216
2432	1314
2433	1198
2434	1272
2435	1244
2436	1256
2437	1258
2438	1221
2439	1296
2440	1228
2441	1243
2442	1279
2443	1258
2444	1273
2445	1313
2446	1212
2447	1285
2448	1274
2449	1243
2450	1216
2451	1285
2452	1237
2453	1257
2454	1260
2455	1262
2456	1217
2457	1277
2458	1250
2459	1259
2460	1178
2461	1265
2462	1252
2463	1138
2464	1184
2465	1217
2466	1212
2467	1198
2468	1218
2469	1244
2470	1193
2471	1223
2472	1190
2473	1208
2474	1157
2475	1244
2476	1253
2477	1210
2478	1192
2479	1255
2480	1273
2481	1221
2482	1180
2483	1220
2484	1191
2485	1168
2486	1217
2487	1269
2488	1290
2489	1225
2490	1232
2491	1235
2492	1227
2493	1180
2494	1156
2495	1227
2496	1130
2497	1225
2498	1232
2499	1166
2500	1180
2501	1235
2502	1201
2503	1276
2504	1126
2505	1197
2506	1217
2507	1289
2508	1194
2509	1244
2510	1182
2511	1192
2512	1220
2513	1207
2514	1171
2515	1145
2516	1206
2517	1232
2518	1237
2519	1215
2520	1251
2521	1211
2522	1256
2523	1171
2524	1194
2525	1219
2526	1195
2527	1148
2528	1164
2529	1153
2530	1168
2531	1161
2532	1186
2533	1174
2534	1196
2535	1140
2536	1197
2537	1112
2538	1173
2539	1190
2540	1167
2541	1203
2542	1197
2543	1105
2544	1200
2545	1158
2546	1224
2547	1216
2548	1185
2549	1158
2550	1156
2551	1096
2552	1164
2553	1141
2554	1179
2555	1194
2556	1198
2557	1099
2558	1134
2559	1171
2560	1132
2561	1163
2562	1188
2563	1129
2564	1135
2565	1145
2566	1115
2567	1148
2568	1169
2569	1140
2570	1091
2571	1199
2572	1174
2573	1165
2574	1088
2575	1178
2576	1102
2577	1129
2578	1149
2579	1098
2580	1149
2581	1155
2582	1071
2583	1104
2584	1158
2585	1165
2586	1069
2587	1140
2588	1112
2589	1127
2590	1121
2591	1157
2592	1160
2593	1146
2594	1142
2595	1154
2596	1099
2597	1102
2598	1133
2599	1160
2600	1108
2601	1127
2602	1117
2603	1105
2604	1122
2605	1077
2606	1185
2607	1134
2608	1138
2609	1121
2610	1119
2611	1090
2612	1067
2613	1125
2614	1101
2615	1069
2616	1059
2617	1086
2618	1108
2619	1131
2620	1112
2621	1072
2622	1079
2623	1048
2624	1056
2625	1050
2626	1084
2627	1088
2628	1059
2629	1071
2630	1086
2631	1106
2632	1074
2633	1125
2634	1119
2635	1125
2636	1054
2637	1086
2638	1082
2639	1072
2640	1047
2641	1108
2642	1065
2643	1027
2644	1090
2645	1101
2646	1076
2647	1119
2648	1103
2649	1049
2650	1072
2651	1063
2652	1081
2653	1056
2654	1077
2655	1045
2656	1122
2657	1060
2658	1057
2659	1029
2660	1139
2661	1035
2662	1059
2663	1013
2664	1105
2665	1129
2666	1078
2667	1064
2668	1072
2669	1068
2670	1019
2671	1071
2672	1031
2673	1004
2674	1009
2675	1077
2676	993
2677	1041
2678	1012
2679	1077
2680	1043
2681	1026
2682	1077
2683	1077
2684	970
2685	1019
2686	1060
2687	1085
2688	1077
2689	1077
2690	1001
2691	1016
2692	990
2693	1000
2694	1051
2695	1017
2696	1076
2697	980
2698	1073
2699	1017
2700	978
2701	980
2702	1030
2703	988
2704	1092
2705	1055
2706	1049
2707	1056
2708	1066
2709	1011
2710	983
2711	1009
2712	1005
2713	988
2714	1002
2715	999
2716	1007
2717	1014
2718	1050
2719	1024
2720	994
2721	1011
2722	1019
2723	993
2724	1025
2725	1027
2726	1039
2727	977
2728	1004
2729	1006
2730	966
2731	1032
2732	1033
2733	1017
2734	1057
2735	995
2736	1035
2737	1005
2738	1009
2739	1028
2740	996
2741	994
2742	1002
2743	1024
2744	964
2745	984
2746	987
2747	1022
2748	1029
2749	996
2750	952
2751	986
2752	1027
2753	981
2754	1049
2755	955
2756	896
2757	1004
2758	1008
2759	982
2760	982
2761	1043
2762	980
2763	989
2764	952
2765	985
2766	977
2767	959
2768	907
2769	906
2770	925
2771	955
2772	1003
2773	961
2774	980
2775	982
2776	954
2777	932
2778	982
2779	950
2780	1005
2781	1032
2782	948
2783	935
2784	930
2785	991
2786	961
2787	975
2788	982
2789	964
2790	1011
2791	956
2792	920
2793	897
2794	926
2795	921
2796	937
2797	882
2798	967
2799	964
2800	909
2801	906
2802	900
2803	965
2804	950
2805	990
2806	1003
2807	912
2808	932
2809	1003
2810	948
2811	906
2812	921
2813	940
2814	934
2815	949
2816	942
2817	972
2818	936
2819	907
2820	969
2821	993
2822	930
2823	902
2824	993
2825	942
2826	937
2827	939
2828	982
2829	935
2830	957
2831	937
2832	920
2833	889
2834	884
2835	896
2836	945
2837	843
2838	914
2839	971
2840	930
2841	887
2842	923
2843	914
2844	946
2845	915
2846	893
2847	886
2848	929
2849	922
2850	859
2851	921
2852	877
2853	929
2854	906
2855	930
2856	879
2857	884
2858	907
2859	873
2860	850
2861	901
2862	899
2863	931
2864	917
2865	874
2866	863
2867	895
2868	898
2869	896
2870	924
2871	927
2872	881
2873	878
2874	934
2875	961
2876	886
2877	907
2878	862
2879	868
2880	862
2881	899
2882	864
2883	833
2884	843
2885	895
2886	874
2887	863
2888	845
2889	856
2890	837
2891	901
2892	868
2893	900
2894	876
2895	896
2896	852
2897	891
2898	907
2899	842
2900	834
2901	854
2902	905
2903	817
2904	840
2905	866
2906	861
2907	859
2908	820
2909	900
2910	841
2911	889
2912	824
2913	873
2914	909
2915	869
2916	864
2917	871
2918	883
2919	862
2920	869
2921	780
2922	879
2923	826
2924	829
2925	834
2926	891
2927	871
2928	878
2929	816
2930	883
2931	780
2932	841
2933	811
2934	769
2935	855
2936	856
2937	842
2938	879
2939	850
2940	816
2941	855
2942	826
2943	828
2944	859
2945	821
2946	839
2947	840
2948	823
2949	802
2950	821
2951	788
2952	846
2953	851
2954	842
2955	856
2956	843
2957	821
2958	770
2959	890
2960	826
2961	797
2962	833
2963	783
2964	831
2965	772
2966	772
2967	748
2968	836
2969	804
2970	811
2971	783
2972	829
2973	776
2974	812
2975	751
2976	780
2977	794
2978	802
2979	830
2980	789
2981	826
2982	778
2983	766
2984	747
2985	774
2986	827
2987	784
2988	776
2989	803
2990	787
2991	794
2992	808
2993	805
2994	784
2995	807
2996	821
2997	818
2998	803
2999	800
3000	791
3001	775
3002	714
3003	800
3004	761
3005	810
3006	782
3007	817
3008	746
3009	808
3010	771
3011	775
3012	744
3013	774
3014	796
3015	766
3016	778
3017	740
3018	746
3019	747
3020	790
3021	743
3022	790
3023	721
3024	749
3025	797
3026	763
3027	778
3028	727
3029	772
3030	789
3031	750
3032	772
3033	723
3034	735
3035	718
3036	733
3037	713
3038	750
3039	760
3040	735
3041	662
3042	760
3043	741
3044	698
3045	725
3046	725
3047	784
3048	770
3049	752
3050	739
3051	750
3052	727
3053	738
3054	724
3055	752
3056	740
3057	713
3058	744
3059	700
3060	710
3061	726
3062	728
3063	745
3064	703
3065	713
3066	745
3067	677
3068	719
3069	708
3070	713
3071	676
3072	736
3073	690
3074	730
3075	680
3076	715
3077	746
3078	757
3079	725
3080	762
3081	727
3082	707
3083	717
3084	743
3085	713
3086	712
3087	682
3088	760
3089	682
3090	720
3091	700
3092	719
3093	717
3094	678
3095	706
3096	713
3097	704
3098	720
3099	712
3100	701
3101	751
3102	669
3103	695
3104	742
3105	656
3106	693
3107	731
3108	715
3109	664
3110	695
3111	734
3112	688
3113	669
3114	747
3115	665
3116	685
3117	684
3118	680
3119	688
3120	651
3121	693
3122	622
3123	688
3124	631
3125	675
3126	704
3127	691
3128	673
3129	635
3130	730
3131	726
3132	690
3133	682
3134	714
3135	639
3136	673
3137	705
3138	696
3139	632
3140	701
3141	680
3142	688
3143	647
3144	659
3145	647
3146	616
3147	664
3148	669
3149	674
3150	690
3151	605
3152	627
3153	665
3154	647
3155	649
3156	660
3157	671
3158	715
3159	688
3160	646
3161	659
3162	647
3163	645
3164	652
3165	659
3166	615
3167	639
3168	630
3169	651
3170	681
3171	623
3172	597
3173	618
3174	639
3175	651
3176	635
3177	651
3178	653
3179	615
3180	615
3181	635
3182	688
3183	595
3184	642
3185	592
3186	647
3187	673
3188	638
3189	629
3190	657
3191	616
3192	574
3193	633
3194	639
3195	624
3196	596
3197	620
3198	641
3199	646
3200	606
3201	623
3202	624
3203	646
3204	649
3205	624
3206	634
3207	610
3208	611
3209	616
3210	598
3211	633
3212	619
3213	621
3214	639
3215	636
3216	608
3217	591
3218	616
3219	623
3220	648
3221	565
3222	609
3223	626
3224	576
3225	571
3226	611
3227	600
3228	605
3229	615
3230	611
3231	577
3232	570
3233	587
3234	548
3235	588
3236	573
3237	589
3238	615
3239	592
3240	629
3241	568
3242	543
3243	576
3244	579
3245	603
3246	602
3247	581
3248	639
3249	562
3250	589
3251	593
3252	623
3253	532
3254	596
3255	550
3256	579
3257	574
3258	562
3259	539
3260	605
3261	550
3262	584
3263	575
3264	519
3265	573
3266	584
3267	609
3268	601
3269	572
3270	567
3271	546
3272	573
3273	559
3274	568
3275	594
3276	515
3277	518
3278	564
3279	582
3280	540
3281	539
3282	522
3283	594
3284	521
3285	570
3286	564
3287	570
3288	574
3289	570
3290	558
3291	528
3292	565
3293	530
3294	580
3295	549
3296	533
3297	548
3298	532
3299	543
3300	551
3301	577
3302	531
3303	505
3304	576
3305	525
3306	538
3307	494
3308	581
3309	523
3310	522
3311	501
3312	542
3313	527
3314	516
3315	542
3316	535
3317	518
3318	554
3319	537
3320	504
3321	569
3322	489
3323	547
3324	549
3325	526
3326	566
3327	546
3328	552
3329	525
3330	549
3331	529
3332	517
3333	545
3334	552
3335	530
3336	542
3337	544
3338	526
3339	533
3340	493
3341	547
3342	527
3343	545
3344	540
3345	546
3346	475
3347	517
3348	505
3349	515
3350	530
3351	488
3352	493
3353	535
3354	523
3355	528
3356	481
3357	495
3358	485
3359	493
3360	470
3361	550
3362	466
3363	518
3364	522
3365	491
3366	462
3367	488
3368	519
3369	540
3370	515
3371	487
3372	496
3373	507
3374	523
3375	482
3376	502
3377	498
3378	523
3379	491
3380	488
3381	493
3382	477
3383	488
3384	450
3385	454
3386	502
3387	455
3388	471
3389	486
3390	491
3391	502
3392	484
3393	525
3394	446
3395	465
3396	508
3397	472
3398	484
3399	444
3400	474
3401	473
3402	466
3403	509
3404	485
3405	498
3406	478
3407	540
3408	498
3409	438
3410	479
3411	471
3412	453
3413	481
3414	424
3415	481
3416	470
3417	435
3418	486
3419	480
3420	485
3421	473
3422	482
3423	444
3424	481
3425	446
3426	459
3427	465
3428	433
3429	478
3430	442
3431	458
3432	431
3433	496
3434	449
3435	437
3436	448
3437	495
3438	441
3439	459
3440	453
3441	432
3442	440
3443	457
3444	412
3445	454
3446	440
3447	467
3448	466
3449	398
3450	424
3451	418
3452	416
3453	440
3454	457
3455	451
3456	416
3457	466
3458	454
3459	370
3460	438
3461	433
3462	443
3463	443
3464	438
3465	394
3466	411
3467	416
3468	399
3469	435
3470	432
3471	392
3472	458
3473	398
3474	441
3475	460
3476	394
3477	422
3478	391
3479	439
3480	398
3481	439
3482	382
3483	412
3484	449
3485	389
3486	436
3487	412
3488	439
3489	404
3490	417
3491	396
3492	413
3493	422
3494	396
3495	400
3496	399
3497	395
3498	438
3499	388
3500	399
3501	464
3502	402
3503	426
3504	392
3505	420
3506	373
3507	408
3508	443
3509	444
3510	425
3511	408
3512	397
3513	409
3514	399
3515	392
3516	393
3517	361
3518	440
3519	386
3520	407
3521	416
3522	398
3523	409
3524	448
3525	369
3526	383
3527	413
3528	412
3529	407
3530	366
3531	402
3532	402
3533	376
3534	361
3535	406
3536	377
3537	420
3538	387
3539	364
3540	385
3541	369
3542	379
3543	385
3544	360
3545	367
3546	365
3547	334
3548	390
3549	332
3550	367
3551	384
3552	382
3553	385
3554	408
3555	365
3556	399
3557	365
3558	386
3559	377
3560	354
3561	418
3562	373
3563	405
3564	337
3565	373
3566	358
3567	370
3568	383
3569	336
3570	388
3571	379
3572	350
3573	384
3574	344
3575	364
3576	398
3577	373
3578	363
3579	364
3580	375
3581	328
3582	392
3583	371
3584	381
3585	358
3586	356
3587	397
3588	396
3589	338
3590	354
3591	355
3592	351
3593	346
3594	364
3595	371
3596	372
3597	360
3598	327
3599	365
3600	344
3601	357
3602	324
3603	365
3604	334
3605	330
3606	347
3607	363
3608	345
3609	339
3610	333
3611	363
3612	314
3613	342
3614	346
3615	349
3616	326
3617	331
3618	318
3619	333
3620	302
3621	349
3622	355
3623	330
3624	314
3625	329
3626	310
3627	337
3628	317
3629	362
3630	332
3631	330
3632	358
3633	328
3634	350
3635	318
3636	358
3637	325
3638	312
3639	354
3640	326
3641	337
3642	356
3643	356
3644	302
3645	300
3646	331
3647	294
3648	298
3649	315
3650	287
3651	333
3652	341
3653	309
3654	292
3655	338
3656	305
3657	306
3658	293
3659	317
3660	312
3661	281
3662	291
3663	307
3664	308
3665	316
3666	318
3667	326
3668	295
3669	262
3670	278
3671	292
3672	323
3673	307
3674	305
3675	276
3676	282
3677	304
3678	301
3679	301
3680	313
3681	293
3682	310
3683	301
3684	292
3685	307
3686	279
3687	277
3688	306
3689	316
3690	289
3691	278
3692	277
3693	279
3694	320
3695	281
3696	250
3697	288
3698	302
3699	269
3700	275
3701	247
3702	293
3703	287
3704	283
3705	277
3706	275
3707	287
3708	256
3709	272
3710	265
3711	298
3712	285
3713	284
3714	260
3715	287
3716	255
3717	295
3718	262
3719	273
3720	287
3721	275
3722	247
3723	267
3724	296
3725	241
3726	282
3727	253
3728	259
3729	297
3730	280
3731	262
3732	276
3733	263
3734	239
3735	260
3736	246
3737	277
3738	295
3739	258
3740	280
3741	269
3742	299
3743	284
3744	276
3745	258
3746	254
3747	270
3748	256
3749	264
3750	240
3751	265
3752	257
3753	250
3754	276
3755	238
3756	270
3757	257
3758	249
3759	236
3760	265
3761	244
3762	256
3763	273
3764	264
3765	260
3766	260
3767	211
3768	247
3769	240
3770	263
3771	234
3772	255
3773	255
3774	252
3775	250
3776	246
3777	238
3778	259
3779	238
3780	247
3781	233
3782	232
3783	229
3784	239
3785	253
3786	256
3787	232
3788	219
3789	228
3790	228
3791	227
3792	233
3793	234
3794	225
3795	253
3796	223
3797	252
3798	234
3799	238
3800	226
3801	240
3802	260
3803	235
3804	238
3805	235
3806	211
3807	202
3808	225
3809	239
3810	207
3811	259
3812	240
3813	196
3814	207
3815	231
3816	246
3817	218
3818	223
3819	222
3820	206
3821	198
3822	208
3823	244
3824	213
3825	222
3826	233
3827	207
3828	205
3829	208
3830	218
3831	206
3832	217
3833	209
3834	224
3835	211
3836	217
3837	224
3838	204
3839	250
3840	200
3841	209
3842	205
3843	223
3844	243
3845	209
3846	213
3847	203
3848	200
3849	229
3850	203
3851	212
3852	194
3853	204
3854	208
3855	203
3856	182
3857	199
3858	207
3859	181
3860	197
3861	205
3862	193
3863	204
3864	213
3865	192
3866	158
3867	217
3868	201
3869	226
3870	207
3871	199
3872	212
3873	200
3874	188
3875	185
3876	186
3877	197
3878	191
3879	186
3880	198
3881	186
3882	179
3883	166
3884	171
3885	209
3886	201
3887	177
3888	173
3889	187
3890	154
3891	195
3892	189
3893	196
3894	181
3895	175
3896	205
3897	155
3898	179
3899	159
3900	189
3901	165
3902	179
3903	181
3904	172
3905	168
3906	188
3907	179
3908	199
3909	159
3910	170
3911	181
3912	183
3913	162
3914	155
3915	174
3916	145
3917	162
3918	148
3919	164
3920	168
3921	170
3922	159
3923	172
3924	147
3925	172
3926	181
3927	159
3928	157
3929	181
3930	159
3931	170
3932	170
3933	149
3934	171
3935	167
3936	140
3937	189
3938	143
3939	164
3940	181
3941	181
3942	149
3943	149
3944	157
3945	145
3946	168
3947	146
3948	166
3949	150
3950	167
3951	145
3952	142
3953	153
3954	160
3955	154
3956	132
3957	142
3958	153
3959	150
3960	159
3961	145
3962	150
3963	143
3964	151
3965	163
3966	154
3967	167
3968	141
3969	142
3970	143
3971	133
3972	122
3973	159
3974	154
3975	143
3976	149
3977	149
3978	159
3979	129
3980	146
3981	141
3982	123
3983	129
3984	151
3985	128
3986	143
3987	146
3988	109
3989	133
3990	128
3991	135
3992	131
3993	148
3994	118
3995	137
3996	136
3997	145
3998	122
3999	131
4000	124
4001	132
4002	132
4003	138
4004	142
4005	141
4006	126
4007	117
4008	102
4009	139
4010	122
4011	130
4012	148
4013	136
4014	123
4015	113
4016	122
4017	120
4018	142
4019	133
4020	129
4021	110
4022	113
4023	117
4024	136
4025	121
4026	116
4027	116
4028	112
4029	121
4030	115
4031	121
4032	125
4033	123
4034	108
4035	108
4036	108
4037	121
4038	114
4039	129
4040	112
4041	109
4042	108
4043	113
4044	118
4045	104
4046	96
4047	101
4048	96
4049	107
4050	88
4051	109
4052	110
4053	125
4054	99
4055	107
4056	103
4057	97
4058	121
4059	115
4060	111
4061	96
4062	108
4063	104
4064	100
4065	112
4066	109
4067	84
4068	104
4069	103
4070	106
4071	106
4072	84
4073	101
4074	84
4075	108
4076	105
4077	94
4078	104
4079	102
4080	109
4081	104
4082	91
4083	105
4084	89
4085	91
4086	90
4087	108
4088	103
4089	85
4090	89
4091	111
4092	82
4093	86
4094	88
4095	94
4096	87
4097	106
4098	101
4099	84
4100	93
4101	91
4102	99
4103	99
4104	87
4105	103
4106	91
4107	92
4108	90
4109	67
4110	99
4111	89
4112	88
4113	86
4114	95
4115	83
4116	91
4117	86
4118	90
4119	91
4120	87
4121	87
4122	78
4123	90
4124	93
4125	98
4126	93
4127	81
4128	104
4129	73
4130	69
4131	79
4132	65
4133	76
4134	100
4135	95
4136	74
4137	75
4138	69
4139	77
4140	84
4141	84
4142	78
4143	78
4144	64
4145	96
4146	73
4147	77
4148	79
4149	78
4150	77
4151	78
4152	66
4153	69
4154	58
4155	71
4156	59
4157	76
4158	66
4159	75
4160	72
4161	73
4162	83
4163	63
4164	87
4165	69
4166	63
4167	74
4168	70
4169	62
4170	75
4171	69
4172	59
4173	54
4174	84
4175	70
4176	64
4177	67
4178	59
4179	63
4180	79
4181	63
4182	72
4183	76
4184	64
4185	64
4186	73
4187	59
4188	61
4189	56
4190	71
4191	58
4192	49
4193	66
4194	55
4195	66
4196	56
4197	72
4198	53
4199	71
4200	64
4201	63
4202	62
4203	64
4204	52
4205	57
4206	59
4207	58
4208	64
4209	62
4210	44
4211	61
4212	47
4213	41
4214	52
4215	63
4216	56
4217	48
4218	52
4219	62
4220	59
4221	68
4222	58
4223	60
4224	58
4225	46
4226	43
4227	48
4228	68
4229	48
4230	42
4231	56
4232	55
4233	43
4234	57
4235	50
4236	56
4237	56
4238	42
4239	52
4240	57
4241	48
4242	41
4243	52
4244	49
4245	42
4246	52
4247	45
4248	45
4249	45
4250	51
4251	57
4252	55
4253	60
4254	61
4255	55
4256	47
4257	49
4258	46
4259	50
4260	39
4261	36
4262	37
4263	48
4264	57
4265	38
4266	43
4267	62
4268	38
4269	47
4270	37
4271	45
4272	39
4273	42
4274	44
4275	41
4276	28
4277	41
4278	49
4279	33
4280	55
4281	41
4282	41
4283	33
4284	44
4285	39
4286	35
4287	40
4288	42
4289	50
4290	41
4291	33
4292	37
4293	43
4294	34
4295	49
4296	42
4297	33
4298	47
4299	42
4300	37
4301	35
4302	37
4303	36
4304	35
4305	30
4306	32
4307	23
4308	23
4309	43
4310	29
4311	46
4312	33
4313	32
4314	35
4315	24
4316	26
4317	45
4318	37
4319	30
4320	34
4321	30
4322	39
4323	34
4324	34
4325	23
4326	36
4327	32
4328	30
4329	37
4330	42
4331	24
4332	35
4333	23
4334	27
4335	32
4336	31
4337	34
4338	32
4339	42
4340	26
4341	26
4342	23
4343	30
4344	28
4345	25
4346	30
4347	33
4348	34
4349	36
4350	31
4351	21
4352	23
4353	35
4354	38
4355	27
4356	34
4357	26
4358	30
4359	34
4360	32
4361	25
4362	27
4363	21
4364	25
4365	31
4366	31
4367	32
4368	29
4369	26
4370	36
4371	27
4372	29
4373	28
4374	29
4375	25
4376	28
4377	28
4378	22
4379	26
4380	16
4381	30
4382	17
4383	16
4384	27
4385	31
4386	20
4387	24
4388	27
4389	21
4390	25
4391	23
4392	24
4393	20
4394	24
4395	23
4396	22
4397	24
4398	18
4399	14
4400	23
4401	15
4402	21
4403	18
4404	26
4405	25
4406	24
4407	16
4408	23
4409	20
4410	22
4411	20
4412	16
4413	23
4414	16
4415	22
4416	17
4417	28
4418	18
4419	17
4420	15
4421	21
4422	16
4423	16
4424	11
4425	18
4426	21
4427	16
4428	19
4429	13
4430	18
4431	18
4432	21
4433	13
4434	12
4435	17
4436	25
4437	21
4438	20
4439	11
4440	19
4441	23
4442	15
4443	25
4444	18
4445	14
4446	27
4447	19
4448	21
4449	18
4450	22
4451	12
4452	10
4453	18
4454	14
4455	19
4456	15
4457	17
4458	20
4459	8
4460	16
4461	24
4462	19
4463	12
4464	17
4465	15
4466	17
4467	15
4468	13
4469	15
4470	15
4471	14
4472	19
4473	12
4474	16
4475	13
4476	15
4477	20
4478	14
4479	14
4480	12
4481	20
4482	15
4483	12
4484	11
4485	20
4486	16
4487	16
4488	19
4489	15
4490	22
4491	15
4492	16
4493	12
4494	17
4495	11
4496	19
4497	12
4498	17
4499	14
4500	18
4501	14
4502	15
4503	19
4504	10
4505	21
4506	14
4507	18
4508	15
4509	17
4510	10
4511	15
4512	18
4513	13
4514	13
4515	13
4516	15
4517	13
4518	13
4519	16
4520	13
4521	15
4522	12
4523	7
4524	6
4525	10
4526	13
4527	13
4528	13
4529	12
4530	12
4531	10
4532	12
4533	13
4534	14
4535	12
4536	13
4537	13
4538	16
4539	10
4540	12
4541	17
4542	15
4543	14
4544	6
4545	15
4546	10
4547	15
4548	13
4549	9
4550	17
4551	8
4552	10
4553	18
4554	14
4555	7
4556	11
4557	11
4558	12
4559	13
4560	15
4561	11
4562	12
4563	9
4564	9
4565	19
4566	5
4567	12
4568	8
4569	10
4570	13
4571	9
4572	18
4573	11
4574	14
4575	12
4576	8
4577	13
4578	11
4579	10
4580	11
4581	12
4582	12
4583	9
4584	11
4585	10
4586	12
4587	9
4588	19
4589	11
4590	3
4591	10
4592	3
4593	16
4594	18
4595	10
4596	2
4597	10
4598	8
4599	6
4600	11
4601	13
4602	14
4603	14
4604	13
4605	12
4606	18
4607	16
4608	10
4609	10
4610	12
4611	17
4612	8
4613	21
4614	12
4615	14
4616	9
4617	7
4618	13
4619	12
4620	16
4621	17
4622	10
4623	14
4624	7
4625	6
4626	7
4627	16
4628	11
4629	5
4630	17
4631	15
4632	11
4633	10
4634	11
4635	8
4636	12
4637	7
4638	6
4639	5
4640	13
4641	10
4642	11
4643	6
4644	8
4645	10
4646	8
4647	9
4648	11
4649	10
4650	11
4651	13
4652	12
4653	14
4654	9
4655	10
4656	9
4657	10
4658	9
4659	10
4660	7
4661	9
4662	12
4663	8
4664	4
4665	15
4666	5
4667	16
4668	9
4669	9
4670	18
4671	11
4672	14
4673	12
4674	13
4675	8
4676	9
4677	8
4678	11
4679	14
4680	9
4681	7
4682	14
4683	8
4684	8
4685	9
4686	10
4687	8
4688	11
4689	12
4690	6
4691	8
4692	11
4693	14
4694	11
4695	9
4696	7
4697	10
4698	11
4699	12
4700	17
4701	9
4702	5
4703	10
4704	10
4705	7
4706	10
4707	10
4708	6
4709	8
4710	5
4711	11
4712	10
4713	11
4714	9
4715	13
4716	9
4717	11
4718	11
4719	10
4720	3
4721	7
4722	13
4723	14
4724	4
4725	9
4726	9
4727	11
4728	8
4729	8
4730	8
4731	7
4732	12
4733	11
4734	11
4735	15
4736	16
4737	12
4738	11
4739	11
4740	3
4741	6
4742	11
4743	9
4744	8
4745	12
4746	11
4747	12
4748	14
4749	7
4750	15
4751	13
4752	10
4753	16
4754	15
4755	10
4756	12
4757	11
4758	5
4759	6
4760	8
4761	11
4762	15
4763	9
4764	10
4765	12
4766	6
4767	6
4768	12
4769	10
4770	12
4771	7
4772	6
4773	12
4774	9
4775	10
4776	13
4777	7
4778	6
4779	10
4780	8
4781	6
4782	10
4783	9
4784	10
4785	11
4786	15
4787	7
4788	13
4789	15
4790	8
4791	12
4792	6
4793	14
4794	14
4795	10
4796	7
4797	6
4798	19
4799	9
4800	12
4801	9
4802	13
4803	15
4804	14
4805	14
4806	9
4807	14
4808	7
4809	8
4810	10
4811	11
4812	11
4813	16
4814	5
4815	5
4816	9
4817	12
4818	13
4819	12
4820	15
4821	13
4822	8
4823	6
4824	16
4825	11
4826	11
4827	15
4828	11
4829	14
4830	12
4831	13
4832	12
4833	7
4834	13
4835	8
4836	8
4837	12
4838	10
4839	15
4840	12
4841	4
4842	12
4843	12
4844	6
4845	13
4846	11
4847	15
4848	11
4849	10
4850	11
4851	12
4852	12
4853	12
4854	9
4855	13
4856	9
4857	14
4858	12
4859	9
4860	14
4861	7
4862	15
4863	9
4864	8
4865	10
4866	13
4867	17
4868	13
4869	12
4870	16
4871	6
4872	7
4873	12
4874	8
4875	9
4876	10
4877	7
4878	13
4879	5
4880	11
4881	11
4882	10
4883	10
4884	11
4885	11
4886	9
4887	11
4888	10
4889	12
4890	8
4891	13
4892	11
4893	13
4894	11
4895	13
4896	3
4897	14
4898	5
4899	10
4900	11
4901	7
4902	4
4903	12
4904	4
4905	8
4906	8
4907	16
4908	14
4909	11
4910	16
4911	10
4912	10
4913	9
4914	14
4915	9
4916	9
4917	11
4918	17
4919	11
4920	13
4921	11
4922	12
4923	9
4924	11
4925	14
4926	16
4927	18
4928	11
4929	6
4930	12
4931	7
4932	8
4933	8
4934	6
4935	14
4936	12
4937	9
4938	10
4939	14
4940	9
4941	10
4942	9
4943	13
4944	9
4945	14
4946	13
4947	6
4948	10
4949	12
4950	8
4951	5
4952	17
4953	10
4954	11
4955	5
4956	11
4957	10
4958	6
4959	12
4960	10
4961	13
4962	7
4963	10
4964	11
4965	11
4966	7
4967	11
4968	13
4969	9
4970	13
4971	6
4972	6
4973	14
4974	15
4975	13
4976	16
4977	12
4978	12
4979	13
4980	14
4981	11
4982	10
4983	12
4984	15
4985	9
4986	5
4987	10
4988	15
4989	9
4990	10
4991	6
4992	9
4993	8
4994	11
4995	9
4996	6
4997	15
4998	9
4999	8
5000	9
5001	13
5002	9
5003	3
5004	12
5005	7
5006	10
5007	3
5008	10
5009	7
5010	12
5011	3
5012	9
5013	8
5014	9
5015	10
5016	8
5017	11
5018	9
5019	8
5020	9
5021	10
5022	7
5023	9
5024	7
5025	10
5026	12
5027	12
5028	11
5029	12
5030	10
5031	16
5032	5
5033	12
5034	5
5035	5
5036	9
5037	13
5038	15
5039	5
5040	5
5041	8
5042	15
5043	11
5044	12
5045	13
5046	6
5047	14
5048	9
5049	5
5050	10
5051	6
5052	10
5053	8
5054	9
5055	5
5056	10
5057	10
5058	8
5059	7
5060	6
5061	10
5062	6
5063	11
5064	4
5065	11
5066	8
5067	8
5068	15
5069	7
5070	10
5071	5
5072	11
5073	6
5074	12
5075	11
5076	9
5077	7
5078	9
5079	7
5080	5
5081	9
5082	9
5083	9
5084	4
5085	7
5086	8
5087	7
5088	9
5089	10
5090	11
5091	9
5092	7
5093	10
5094	7
5095	8
5096	7
5097	7
5098	13
5099	12
5100	10
5101	10
5102	5
5103	5
5104	3
5105	4
5106	3
5107	8
5108	3
5109	10
5110	10
5111	7
5112	7
5113	10
5114	6
5115	6
5116	9
5117	4
5118	1
5119	11
5120	5
5121	9
5122	3
5123	5
5124	6
5125	9
5126	6
5127	2
5128	8
5129	8
5130	6
5131	3
5132	5
5133	11
5134	6
5135	9
5136	4
5137	13
5138	6
5139	8
5140	6
5141	3
5142	6
5143	8
5144	5
5145	6
5146	8
5147	10
5148	6
5149	9
5150	9
5151	7
5152	12
5153	8
5154	10
5155	3
5156	3
5157	6
5158	4
5159	6
5160	5
5161	7
5162	3
5163	13
5164	7
5165	7
5166	11
5167	5
5168	5
5169	7
5170	6
5171	3
5172	7
5173	10
5174	6
5175	1
5176	5
5177	8
5178	3
5179	6
5180	5
5181	8
5182	3
5183	9
5184	8
5185	5
5186	5
5187	7
5188	8
5189	8
5190	8
5191	8
5192	10
5193	9
5194	8
5195	6
5196	6
5197	4
5198	8
5199	6
5200	4
5201	8
5202	3
5203	6
5204	5
5205	1
5206	5
5207	7
5208	5
5209	8
5210	6
5211	5
5212	6
5213	5
5214	7
5215	6
5216	2
5217	7
5218	5
5219	3
5220	8
5221	7
5222	5
5223	6
5224	4
5225	4
5226	7
5227	7
5228	7
5229	3
5230	4
5231	5
5232	6
5233	11
5234	4
5235	7
5236	3
5237	12
5238	5
5239	3
5240	11
5241	5
5242	8
5243	5
5244	7
5245	6
5246	9
5247	5
5248	7
5249	1
5250	4
5251	8
5252	1
5253	1
5254	6
5255	2
5256	10
5257	3
5258	2
5259	10
5260	4
5261	7
5262	7
5263	6
5264	11
5265	9
5266	6
5267	6
5268	4
5269	3
5270	4
5271	4
5272	3
5273	5
5274	6
5275	9
5276	7
5277	4
5278	6
5279	12
5280	1
5281	4
5282	6
5283	6
5284	4
5285	5
5286	5
5287	3
5288	6
5289	2
5290	6
5291	9
5292	4
5293	11
5294	1
5295	4
5296	3
5297	4
5298	3
5299	6
5300	5
5301	10
5302	6
5303	7
5304	1
5305	3
5306	1
5307	3
5308	7
5309	4
5310	2
5311	10
5312	3
5313	7
5314	5
5315	8
5316	4
5317	7
5318	4
5319	6
5320	5
5321	8
5322	4
5323	5
5324	6
5325	4
5326	3
5327	4
5328	9
5329	6
5330	4
5331	5
5332	3
5333	11
5334	7
5335	4
5336	6
5337	7
5338	4
5339	7
5340	0
5341	5
5342	5
5343	5
5344	4
5345	6
5346	4
5347	6
5348	8
5349	2
5350	7
5351	9
5352	6
5353	7
5354	5
5355	7
5356	10
5357	4
5358	4
5359	5
5360	8
5361	2
5362	3
5363	5
5364	8
5365	5
5366	3
5367	8
5368	6
5369	2
5370	2
5371	5
5372	4
5373	7
5374	4
5375	3
5376	3
5377	3
5378	5
5379	2
5380	9
5381	5
5382	11
5383	9
5384	3
5385	3
5386	5
5387	4
5388	1
5389	5
5390	6
5391	5
5392	5
5393	6
5394	6
5395	3
5396	2
5397	4
5398	4
5399	5
5400	3
5401	4
5402	3
5403	2
5404	2
5405	7
5406	6
5407	5
5408	4
5409	3
5410	8
5411	3
5412	9
5413	2
5414	4
5415	3
5416	3
5417	6
5418	1
5419	4
5420	5
5421	3
5422	5
5423	3
5424	4
5425	4
5426	2
5427	5
5428	3
5429	5
5430	4
5431	2
5432	4
5433	3
5434	9
5435	3
5436	1
5437	5
5438	4
5439	1
5440	7
5441	6
5442	3
5443	7
5444	6
5445	8
5446	1
5447	1
5448	6
5449	5
5450	5
5451	6
5452	6
5453	4
5454	6
5455	2
5456	7
5457	3
5458	7
5459	3
5460	5
5461	6
5462	7
5463	5
5464	5
5465	5
5466	6
5467	6
5468	2
5469	2
5470	5
5471	4
5472	6
5473	4
5474	3
5475	8
5476	3
5477	4
5478	6
5479	0
5480	2
5481	6
5482	4
5483	4
5484	5
5485	4
5486	4
5487	9
5488	8
5489	3
5490	2
5491	6
5492	5
5493	8
5494	3
5495	2
5496	3
5497	8
5498	2
5499	5
5500	3
5501	4
5502	5
5503	6
5504	2
5505	2
5506	5
5507	3
5508	4
5509	3
5510	5
5511	8
5512	4
5513	3
5514	1
5515	4
5516	3
5517	2
5518	5
5519	6
5520	2
5521	7
5522	3
5523	5
5524	4
5525	2
5526	3
5527	4
5528	4
5529	6
5530	3
5531	3
5532	3
5533	6
5534	3
5535	0
5536	4
5537	3
5538	6
5539	4
5540	5
5541	4
5542	7
5543	4
5544	0
5545	6
5546	4
5547	10
5548	6
5549	3
5550	1
5551	8
5552	2
5553	3
5554	3
5555	2
5556	5
5557	3
5558	3
5559	2
5560	3
5561	3
5562	2
5563	2
5564	4
5565	3
5566	7
5567	7
5568	6
5569	4
5570	4
5571	4
5572	3
5573	1
5574	2
5575	2
5576	4
5577	3
5578	4
5579	3
5580	5
5581	4
5582	3
5583	4
5584	4
5585	4
5586	4
5587	3
5588	1
5589	3
5590	6
5591	2
5592	4
5593	2
5594	2
5595	4
5596	2
5597	8
5598	7
5599	2
5600	4
5601	4
5602	1
5603	4
5604	3
5605	5
5606	3
5607	4
5608	6
5609	4
5610	6
5611	2
5612	1
5613	8
5614	3
5615	2
5616	2
5617	4
5618	6
5619	6
5620	3
5621	2
5622	2
5623	2
5624	2
5625	4
5626	6
5627	5
5628	1
5629	2
5630	5
5631	3
5632	2
5633	6
5634	5
5635	1
5636	7
5637	4
5638	3
5639	4
5640	3
5641	4
5642	6
5643	3
5644	0
5645	3
5646	3
5647	0
5648	3
5649	3
5650	3
5651	2
5652	2
5653	6
5654	3
5655	4
5656	4
5657	4
5658	1
5659	1
5660	4
5661	3
5662	5
5663	2
5664	7
5665	2
5666	6
5667	4
5668	1
5669	3
5670	5
5671	1
5672	4
5673	3
5674	4
5675	6
5676	1
5677	2
5678	5
5679	4
5680	3
5681	3
5682	4
5683	3
5684	3
5685	4
5686	3
5687	5
5688	2
5689	5
5690	4
5691	4
5692	1
5693	7
5694	1
5695	5
5696	1
5697	2
5698	3
5699	3
5700	4
5701	1
5702	2
5703	4
5704	1
5705	3
5706	2
5707	3
5708	2
5709	4
5710	2
5711	3
5712	5
5713	2
5714	5
5715	8
5716	4
5717	0
5718	5
5719	3
5720	1
5721	3
5722	2
5723	5
5724	3
5725	7
5726	3
5727	3
5728	6
5729	8
5730	4
5731	2
5732	1
5733	2
5734	6
5735	7
5736	2
5737	1
5738	3
5739	4
5740	3
5741	2
5742	3
5743	3
5744	0
5745	5
5746	5
5747	1
5748	4
5749	2
5750	4
5751	3
5752	1
5753	3
5754	2
5755	6
5756	4
5757	5
5758	3
5759	1
5760	2
5761	9
5762	1
5763	2
5764	8
5765	1
5766	1
5767	5
5768	1
5769	2
5770	2
5771	4
5772	6
5773	1
5774	2
5775	4
5776	1
5777	6
5778	6
5779	1
5780	4
5781	4
5782	2
5783	2
5784	3
5785	2
5786	7
5787	1
5788	2
5789	3
5790	6
5791	2
5792	2
5793	2
5794	4
5795	6
5796	3
5797	7
5798	1
5799	4
5800	3
5801	2
5802	4
5803	1
5804	3
5805	4
5806	1
5807	1
5808	6
5809	5
5810	3
5811	5
5812	1
5813	1
5814	3
5815	3
5816	2
5817	1
5818	3
5819	4
5820	0
5821	5
5822	2
5823	4
5824	2
5825	2
5826	2
5827	6
5828	1
5829	5
5830	3
5831	5
5832	2
5833	4
5834	4
5835	5
5836	3
5837	3
5838	4
5839	6
5840	0
5841	6
5842	2
5843	2
5844	4
5845	2
5846	3
5847	4
5848	0
5849	3
5850	3
5851	3
5852	2
5853	3
5854	1
5855	2
5856	1
5857	6
5858	4
5859	1
5860	3
5861	2
5862	1
5863	5
5864	0
5865	1
5866	5
5867	3
5868	2
5869	2
5870	4
5871	2
5872	4
5873	7
5874	3
5875	1
5876	4
5877	0
5878	2
5879	2
5880	2
5881	4
5882	1
5883	4
5884	4
5885	5
5886	5
5887	5
5888	0
5889	3
5890	7
5891	2
5892	1
5893	1
5894	4
5895	4
5896	3
5897	4
5898	1
5899	1
5900	0
5901	3
5902	1
5903	0
5904	0
5905	2
5906	3
5907	2
5908	4
5909	1
5910	3
5911	2
5912	2
5913	3
5914	4
5915	4
5916	1
5917	2
5918	1
5919	1
5920	2
5921	0
5922	4
5923	2
5924	1
5925	2
5926	2
5927	5
5928	5
5929	3
5930	1
5931	1
5932	4
5933	4
5934	1
5935	2
5936	2
5937	2
5938	3
5939	4
5940	5
5941	3
5942	4
5943	3
5944	1
5945	3
5946	1
5947	1
5948	2
5949	3
5950	2
5951	1
5952	3
5953	3
5954	0
5955	6
5956	2
5957	3
5958	1
5959	3
5960	3
5961	5
5962	2
5963	6
5964	2
5965	2
5966	5
5967	1
5968	1
5969	6
5970	2
5971	2
5972	3
5973	2
5974	1
5975	5
5976	4
5977	3
5978	4
5979	1
5980	3
5981	2
5982	3
5983	2
5984	0
5985	5
5986	1
5987	1
5988	1
5989	3
5990	2
5991	2
5992	4
5993	3
5994	2
5995	0
5996	3
5997	1
5998	2
5999	1
6000	1
6001	3
6002	3
6003	3
6004	1
6005	2
6006	3
6007	1
6008	2
6009	4
6010	1
6011	1
6012	0
6013	3
6014	3
6015	3
6016	5
6017	4
6018	1
6019	4
6020	4
6021	3
6022	2
6023	2
6024	0
6025	2
6026	2
6027	1
6028	3
6029	2
6030	3
6031	1
6032	1
6033	3
6034	3
6035	2
6036	2
6037	2
6038	2
6039	2
6040	2
6041	1
6042	3
6043	2
6044	3
6045	1
6046	2
6047	3
6048	3
6049	2
6050	1
6051	1
6052	3
6053	3
6054	2
6055	3
6056	3
6057	1
6058	2
6059	1
6060	0
6061	4
6062	2
6063	2
6064	1
6065	0
6066	1
6067	1
6068	1
6069	3
6070	5
6071	2
6072	1
6073	1
6074	1
6075	0
6076	2
6077	1
6078	2
6079	2
6080	1
6081	1
6082	1
6083	3
6084	0
6085	2
6086	3
6087	2
6088	2
6089	1
6090	4
6091	1
6092	0
6093	2
6094	1
6095	0
6096	1
6097	0
6098	3
6099	3
6100	3
6101	1
6102	5
6103	5
6104	0
6105	1
6106	1
6107	4
6108	4
6109	0
6110	0
6111	2
6112	3
6113	1
6114	1
6115	0
6116	1
6117	2
6118	1
6119	3
6120	1
6121	1
6122	2
6123	0
6124	4
6125	1
6126	1
6127	2
6128	1
6129	2
6130	0
6131	3
6132	1
6133	0
6134	3
6135	4
6136	3
6137	3
6138	0
6139	3
6140	2
6141	3
6142	2
6143	0
6144	1
6145	2
6146	2
6147	4
6148	1
6149	1
6150	1
6151	2
6152	1
6153	1
6154	2
6155	2
6156	0
6157	2
6158	2
6159	1
6160	0
6161	2
6162	1
6163	2
6164	1
6165	1
6166	1
6167	1
6168	1
6169	0
6170	0
6171	2
6172	1
6173	1
6174	1
6175	4
6176	2
6177	2
6178	2
6179	1
6180	3
6181	0
6182	0
6183	0
6184	1
6185	3
6186	4
6187	4
6188	1
6189	0
6190	2
6191	1
6192	1
6193	1
6194	2
6195	1
6196	1
6197	1
6198	1
6199	1
6200	1
6201	0
6202	3
6203	1
6204	1
6205	4
6206	5
6207	4
6208	0
6209	4
6210	0
6211	3
6212	3
6213	1
6214	2
6215	5
6216	2
6217	4
6218	1
6219	1
6220	4
6221	2
6222	1
6223	2
6224	1
6225	2
6226	2
6227	3
6228	2
6229	1
6230	0
6231	3
6232	4
6233	0
6234	3
6235	0
6236	2
6237	0
6238	0
6239	0
6240	0
6241	1
6242	1
6243	1
6244	1
6245	1
6246	2
6247	2
6248	2
6249	3
6250	2
6251	0
6252	3
6253	0
6254	3
6255	1
6256	3
6257	2
6258	0
6259	3
6260	0
6261	1
6262	1
6263	1
6264	2
6265	2
6266	2
6267	1
6268	1
6269	3
6270	2
6271	2
6272	0
6273	0
6274	1
6275	1
6276	0
6277	1
6278	1
6279	0
6280	1
6281	0
6282	2
6283	1
6284	4
6285	1
6286	1
6287	2
6288	0
6289	3
6290	0
6291	2
6292	0
6293	2
6294	1
6295	1
6296	1
6297	1
6298	2
6299	2
6300	1
6301	0
6302	2
6303	1
6304	0
6305	0
6306	1
6307	0
6308	2
6309	3
6310	3
6311	0
6312	1
6313	1
6314	1
6315	2
6316	2
6317	2
6318	2
6319	0
6320	1
6321	4
6322	2
6323	0
6324	1
6325	3
6326	3
6327	2
6328	1
6329	1
6330	1
6331	1
6332	0
6333	0
6334	1
6335	1
6336	1
6337	2
6338	1
6339	2
6340	0
6341	1
6342	0
6343	1
6344	1
6345	2
6346	1
6347	2
6348	1
6349	1
6350	3
6351	1
6352	2
6353	2
6354	2
6355	2
6356	2
6357	2
6358	2
6359	1
6360	0
6361	3
6362	0
6363	1
6364	0
6365	5
6366	1
6367	2
6368	0
6369	4
6370	1
6371	2
6372	1
6373	0
6374	1
6375	2
6376	1
6377	2
6378	0
6379	1
6380	0
6381	2
6382	1
6383	2
6384	2
6385	4
6386	1
6387	1
6388	3
6389	0
6390	1
6391	3
6392	0
6393	1
6394	3
6395	0
6396	3
6397	0
6398	3
6399	0
6400	0
6401	2
6402	1
6403	2
6404	3
6405	0
6406	2
6407	1
6408	1
6409	1
6410	0
6411	1
6412	1
6413	0
6414	1
6415	3
6416	2
6417	0
6418	5
6419	0
6420	1
6421	2
6422	0
6423	0
6424	1
6425	2
6426	2
6427	1
6428	3
6429	1
6430	0
6431	0
6432	0
6433	1
6434	0
6435	0
6436	1
6437	1
6438	2
6439	0
6440	1
6441	2
6442	1
6443	1
6444	0
6445	0
6446	0
6447	2
6448	1
6449	2
6450	1
6451	5
6452	2
6453	1
6454	0
6455	0
6456	0
6457	0
6458	1
6459	1
6460	0
6461	2
6462	3
6463	3
6464	1
6465	2
6466	3
6467	1
6468	1
6469	0
6470	1
6471	0
6472	2
6473	2
6474	1
6475	2
6476	1
6477	0
6478	3
6479	1
6480	2
6481	1
6482	1
6483	3
6484	3
6485	1
6486	0
6487	2
6488	4
6489	1
6490	0
6491	0
6492	1
6493	0
6494	1
6495	0
6496	0
6497	4
6498	1
6499	0
6500	0
6501	1
6502	1
6503	2
6504	0
6505	2
6506	0
6507	3
6508	1
6509	2
6510	0
6511	1
6512	2
6513	1
6514	0
6515	0
6516	1
6517	1
6518	2
6519	0
6520	1
6521	0
6522	1
6523	0
6524	0
6525	4
6526	1
6527	2
6528	1
6529	1
6530	1
6531	0
6532	1
6533	1
6534	1
6535	1
6536	1
6537	0
6538	0
6539	0
6540	1
6541	3
6542	3
6543	0
6544	1
6545	0
6546	2
6547	1
6548	1
6549	1
6550	2
6551	1
6552	1
6553	1
6554	1
6555	0
6556	1
6557	2
6558	1
6559	1
6560	1
6561	1
6562	0
6563	3
6564	1
6565	0
6566	0
6567	0
6568	1
6569	1
6570	0
6571	0
6572	1
6573	1
6574	0
6575	1
6576	0
6577	0
6578	0
6579	2
6580	2
6581	0
6582	0
6583	0
6584	0
6585	0
6586	1
6587	2
6588	1
6589	3
6590	0
6591	3
6592	0
6593	0
6594	0
6595	1
6596	1
6597	1
6598	0
6599	0
6600	0
6601	1
6602	0
6603	0
6604	1
6605	0
6606	0
6607	1
6608	1
6609	1
6610	1
6611	2
6612	1
6613	1
6614	2
6615	1
6616	3
6617	3
6618	0
6619	1
6620	0
6621	1
6622	1
6623	0
6624	0
6625	0
6626	2
6627	0
6628	0
6629	0
6630	0
6631	0
6632	1
6633	0
6634	0
6635	1
6636	1
6637	0
6638	0
6639	0
6640	0
6641	0
6642	0
6643	2
6644	0
6645	1
6646	0
6647	2
6648	0
6649	2
6650	2
6651	0
6652	1
6653	1
6654	0
6655	0
6656	1
6657	0
6658	0
6659	3
6660	0
6661	0
6662	1
6663	0
6664	2
6665	0
6666	0
6667	1
6668	1
6669	0
6670	0
6671	0
6672	0
6673	0
6674	2
6675	0
6676	0
6677	1
6678	0
6679	2
6680	1
6681	0
6682	0
6683	1
6684	1
6685	2
6686	0
6687	1
6688	1
6689	2
6690	0
6691	0
6692	0
6693	1
6694	1
6695	0
6696	3
6697	1
6698	0
6699	0
6700	0
6701	1
6702	1
6703	1
6704	0
6705	0
6706	2
6707	0
6708	1
6709	1
6710	1
6711	2
6712	1
6713	0
6714	2
6715	0
6716	2
6717	0
6718	0
6719	1
6720	0
6721	2
6722	0
6723	0
6724	0
6725	0
6726	2
6727	1
6728	1
6729	0
6730	0
6731	1
6732	1
6733	2
6734	1
6735	0
6736	2
6737	2
6738	0
6739	1
6740	0
6741	0
6742	1
6743	1
6744	0
6745	1
6746	4
6747	0
6748	0
6749	1
6750	0
6751	1
6752	0
6753	1
6754	1
6755	0
6756	0
6757	1
6758	2
6759	0
6760	1
6761	0
6762	2
6763	0
6764	0
6765	2
6766	0
6767	0
6768	0
6769	2
6770	0
6771	2
6772	0
6773	1
6774	1
6775	0
6776	0
6777	1
6778	2
6779	0
6780	0
6781	0
6782	1
6783	3
6784	2
6785	2
6786	0
6787	0
6788	2
6789	0
6790	0
6791	0
6792	0
6793	0
6794	0
6795	2
6796	0
6797	2
6798	2
6799	1
6800	0
6801	0
6802	2
6803	2
6804	1
6805	0
6806	0
6807	0
6808	0
6809	0
6810	1
6811	0
6812	2
6813	0
6814	0
6815	0
6816	1
6817	0
6818	0
6819	0
6820	0
6821	0
6822	1
6823	1
6824	2
6825	2
6826	1
6827	0
6828	0
6829	0
6830	0
6831	0
6832	0
6833	2
6834	1
6835	2
6836	0
6837	0
6838	0
6839	0
6840	0
6841	0
6842	0
6843	2
6844	0
6845	0
6846	2
6847	0
6848	0
6849	0
6850	0
6851	0
6852	1
6853	0
6854	0
6855	0
6856	0
6857	1
6858	2
6859	0
6860	0
6861	2
6862	1
6863	0
6864	1
6865	1
6866	0
6867	1
6868	1
6869	2
6870	1
6871	0
6872	1
6873	2
6874	0
6875	0
6876	1
6877	0
6878	1
6879	0
6880	0
6881	2
6882	0
6883	0
6884	3
6885	0
6886	1
6887	0
6888	1
6889	1
6890	0
6891	0
6892	0
6893	0
6894	0
6895	1
6896	1
6897	1
6898	0
6899	0
6900	0
6901	1
6902	0
6903	1
6904	0
6905	0
6906	0
6907	0
6908	0
6909	0
6910	1
6911	1
6912	0
6913	1
6914	2
6915	0
6916	0
6917	0
6918	0
6919	1
6920	1
6921	2
6922	1
6923	0
6924	1
6925	0
6926	0
6927	1
6928	0
6929	0
6930	0
6931	0
6932	2
6933	1
6934	0
6935	2
6936	2
6937	0
6938	1
6939	0
6940	0
6941	1
6942	0
6943	1
6944	0
6945	1
6946	0
6947	1
6948	1
6949	0
6950	1
6951	1
6952	0
6953	0
6954	0
6955	0
6956	0
6957	0
6958	0
6959	0
6960	0
6961	0
6962	1
6963	1
6964	1
6965	1
6966	1
6967	0
6968	0
6969	1
6970	0
6971	1
6972	1
6973	0
6974	0
6975	1
6976	0
6977	1
6978	2
6979	1
6980	1
6981	0
6982	0
6983	1
6984	2
6985	0
6986	0
6987	0
6988	0
6989	1
6990	0
6991	0
6992	2
6993	0
6994	0
6995	0
6996	0
6997	0
6998	0
6999	0
7000	1
7001	1
7002	0
7003	0
7004	0
7005	0
7006	1
7007	1
7008	1
7009	0
7010	0
7011	1
7012	1
7013	1
7014	0
7015	0
7016	0
7017	0
7018	1
7019	0
7020	0
7021	1
7022	0
7023	0
7024	0
7025	2
7026	0
7027	0
7028	0
7029	0
7030	0
7031	3
7032	0
7033	1
7034	0
7035	0
7036	1
7037	0
7038	0
7039	0
7040	1
7041	0
7042	0
7043	0
7044	0
7045	0
7046	1
7047	1
7048	0
7049	0
7050	0
7051	1
7052	1
7053	0
7054	0
7055	0
7056	2
7057	0
7058	0
7059	0
7060	0
7061	0
7062	0
7063	0
7064	1
7065	0
7066	0
7067	0
7068	2
7069	0
7070	1
7071	0
7072	0
7073	0
7074	0
7075	0
7076	1
7077	1
7078	0
7079	0
7080	0
7081	1
7082	0
7083	2
7084	0
7085	0
7086	0
7087	2
7088	0
7089	1
7090	0
7091	0
7092	0
7093	1
7094	1
7095	0
7096	0
7097	0
7098	0
7099	0
7100	1
7101	0
7102	0
7103	1
7104	0
7105	0
7106	0
7107	0
7108	0
7109	0
7110	0
7111	0
7112	1
7113	1
7114	0
7115	0
7116	0
7117	1
7118	1
7119	2
7120	0
7121	1
7122	1
7123	0
7124	1
7125	0
7126	1
7127	0
7128	1
7129	0
7130	0
7131	0
7132	1
7133	0
7134	0
7135	0
7136	0
7137	1
7138	0
7139	0
7140	1
7141	1
7142	1
7143	0
7144	0
7145	0
7146	0
7147	1
7148	0
7149	0
7150	0
7151	0
7152	0
7153	0
7154	0
7155	0
7156	3
7157	0
7158	0
7159	0
7160	0
7161	0
7162	0
7163	0
7164	1
7165	0
7166	0
7167	1
7168	1
7169	1
7170	0
7171	0
7172	0
7173	1
7174	0
7175	0
7176	0
7177	0
7178	0
7179	0
7180	0
7181	0
7182	0
7183	0
7184	0
7185	0
7186	1
7187	0
7188	1
7189	0
7190	2
7191	0
7192	0
7193	0
7194	1
7195	0
7196	0
7197	0
7198	0
7199	0
7200	0
7201	1
7202	1
7203	0
7204	0
7205	1
7206	1
7207	1
7208	1
7209	0
7210	0
7211	1
7212	0
7213	0
7214	0
7215	0
7216	1
7217	0
7218	0
7219	0
7220	0
7221	0
7222	0
7223	0
7224	0
7225	0
7226	0
7227	0
7228	0
7229	0
7230	0
7231	0
7232	0
7233	0
7234	0
7235	0
7236	0
7237	0
7238	0
7239	0
7240	1
7241	0
7242	0
7243	0
7244	0
7245	0
7246	0
7247	0
7248	0
7249	0
7250	0
7251	0
7252	0
7253	0
7254	0
7255	0
7256	0
7257	0
7258	0
7259	0
7260	1
7261	1
7262	0
7263	0
7264	0
7265	1
7266	0
7267	0
7268	2
7269	1
7270	0
7271	1
7272	1
7273	0
7274	0
7275	0
7276	0
7277	1
7278	0
7279	0
7280	0
7281	1
7282	1
7283	0
7284	0
7285	0
7286	0
7287	0
7288	0
7289	0
7290	0
7291	0
7292	0
7293	0
7294	0
7295	0
7296	0
7297	1
7298	0
7299	0
7300	0
7301	0
7302	1
7303	0
7304	0
7305	1
7306	0
7307	0
7308	0
7309	0
7310	0
7311	0
7312	0
7313	0
7314	0
7315	0
7316	0
7317	0
7318	0
7319	0
7320	0
7321	0
7322	0
7323	0
7324	0
7325	0
7326	0
7327	0
7328	0
7329	0
7330	0
7331	0
7332	0
7333	0
7334	0
7335	0
7336	0
7337	0
7338	0
7339	0
7340	0
7341	0
7342	0
7343	0
7344	0
7345	0
7346	0
7347	0
7348	0
7349	0
7350	0
7351	0
7352	0
7353	0
7354	0
7355	0
7356	0
7357	0
7358	0
7359	1
7360	0
7361	0
7362	0
7363	0
7364	0
7365	0
7366	0
7367	0
7368	1
7369	0
7370	0
7371	0
7372	0
7373	0
7374	0
7375	0
7376	0
7377	0
7378	0
7379	0
7380	1
7381	0
7382	0
7383	0
7384	0
7385	0
7386	0
7387	0
7388	0
7389	0
7390	0
7391	0
7392	0
7393	0
7394	0
7395	0
7396	0
7397	0
7398	0
7399	0
7400	0
7401	0
7402	0
7403	0
7404	0
7405	0
7406	0
7407	0
7408	0
7409	0
7410	0
7411	1
7412	0
7413	0
7414	0
7415	0
7416	0
7417	0
7418	0
7419	0
7420	0
7421	0
7422	0
7423	0
7424	0
7425	0
7426	0
7427	0
7428	0
7429	0
7430	0
7431	0
7432	0
7433	0
7434	0
7435	0
7436	0
7437	0
7438	0
7439	0
7440	0
7441	0
7442	0
7443	0
7444	0
7445	0
7446	0
7447	0
7448	0
7449	0
7450	0
7451	0
7452	0
7453	0
7454	0
7455	0
7456	0
7457	0
7458	0
7459	0
7460	0
7461	0
7462	0
7463	0
7464	0
7465	0
7466	0
7467	0
7468	0
7469	0
7470	0
7471	0
7472	0
7473	0
7474	0
7475	0
7476	0
7477	0
7478	0
7479	0
7480	0
7481	0
7482	0
7483	0
7484	0
7485	0
7486	0
7487	0
7488	0
7489	0
7490	0
7491	0
7492	0
7493	0
7494	0
7495	0
7496	0
7497	0
7498	0
7499	0
7500	0
7501	0
7502	0
7503	0
7504	0
7505	0
7506	0
7507	0
7508	0
7509	0
7510	0
7511	0
7512	0
7513	0
7514	0
7515	0
7516	0
7517	0
7518	0
7519	0
7520	0
7521	0
7522	0
7523	0
7524	0
7525	0
7526	0
7527	0
7528	0
7529	0
7530	0
7531	0
7532	0
7533	1
7534	0
7535	0
7536	0
7537	0
7538	0
7539	0
7540	0
7541	0
7542	0
7543	0
7544	0
7545	0
7546	0
7547	0
7548	0
7549	0
7550	0
7551	0
7552	0
7553	0
7554	0
7555	0
7556	0
7557	0
7558	0
7559	0
7560	0
7561	0
7562	0
7563	0
7564	0
7565	0
7566	0
7567	0
7568	0
7569	0
7570	0
7571	0
7572	0
7573	0
7574	0
7575	0
7576	0
7577	0
7578	0
7579	0
7580	0
7581	0
7582	0
7583	0
7584	0
7585	0
7586	0
7587	0
7588	0
7589	0
7590	0
7591	0
7592	0
7593	0
7594	0
7595	0
7596	0
7597	0
7598	0
7599	0
7600	0
7601	0
7602	0
7603	0
7604	0
7605	0
7606	0
7607	0
7608	0
7609	0
7610	0
7611	0
7612	0
7613	0
7614	0
7615	0
7616	0
7617	0
7618	0
7619	0
7620	0
7621	0
7622	0
7623	0
7624	0
7625	0
7626	0
7627	0
7628	0
7629	0
7630	0
7631	0
7632	0
7633	0
7634	0
7635	0
7636	0
7637	0
7638	0
7639	0
7640	0
7641	0
7642	0
7643	0
7644	0
7645	0
7646	0
7647	0
7648	0
7649	0
7650	0
7651	0
7652	0
7653	0
7654	0
7655	0
7656	0
7657	0
7658	0
7659	0
7660	0
7661	0
7662	0
7663	0
7664	0
7665	0
7666	0
7667	0
7668	0
7669	0
7670	0
7671	0
7672	0
7673	0
7674	0
7675	0
7676	0
7677	0
7678	0
7679	0
7680	0
7681	0
7682	0
7683	0
7684	0
7685	0
7686	0
7687	0
7688	0
7689	0
7690	0
7691	0
7692	0
7693	0
7694	0
7695	0
7696	0
7697	0
7698	0
7699	0
7700	0
7701	0
7702	0
7703	0
7704	0
7705	0
7706	0
7707	0
7708	0
7709	0
7710	0
7711	0
7712	0
7713	0
7714	0
7715	0
7716	0
7717	0
7718	0
7719	0
7720	0
7721	0
7722	0
7723	0
7724	0
7725	0
7726	0
7727	0
7728	0
7729	0
7730	0
7731	0
7732	0
7733	0
7734	0
7735	0
7736	0
7737	0
7738	0
7739	0
7740	0
7741	0
7742	0
7743	0
7744	0
7745	0
7746	0
7747	0
7748	0
7749	0
7750	0
7751	0
7752	0
7753	0
7754	0
7755	0
7756	0
7757	0
7758	0
7759	0
7760	0
7761	0
7762	0
7763	0
7764	0
7765	0
7766	0
7767	0
7768	0
7769	0
7770	0
7771	0
7772	0
7773	0
7774	0
7775	0
7776	0
7777	0
7778	0
7779	0
7780	0
7781	0
7782	0
7783	0
7784	0
7785	0
7786	0
7787	0
7788	0
7789	0
7790	0
7791	0
7792	0
7793	0
7794	0
7795	0
7796	0
7797	0
7798	0
7799	0
7800	0
7801	0
7802	0
7803	0
7804	0
7805	0
7806	0
7807	0
7808	0
7809	0
7810	0
7811	0
7812	0
7813	0
7814	0
7815	0
7816	0
7817	0
7818	0
7819	0
7820	0
7821	0
7822	0
7823	0
7824	0
7825	0
7826	0
7827	0
7828	0
7829	0
7830	0
7831	0
7832	0
7833	0
7834	0
7835	0
7836	0
7837	0
7838	0
7839	0
7840	0
7841	0
7842	0
7843	0
7844	0
7845	0
7846	0
7847	0
7848	0
7849	0
7850	0
7851	0
7852	0
7853	0
7854	0
7855	0
7856	0
7857	0
7858	0
7859	0
7860	0
7861	0
7862	0
7863	0
7864	0
7865	0
7866	0
7867	0
7868	0
7869	0
7870	0
7871	0
7872	0
7873	0
7874	0
7875	0
7876	0
7877	0
7878	0
7879	0
7880	0
7881	0
7882	0
7883	0
7884	0
7885	0
7886	0
7887	0
7888	0
7889	0
7890	0
7891	0
7892	0
7893	0
7894	0
7895	0
7896	0
7897	0
7898	0
7899	0
7900	0
7901	0
7902	0
7903	0
7904	0
7905	0
7906	0
7907	0
7908	0
7909	0
7910	0
7911	0
7912	0
7913	0
7914	0
7915	0
7916	0
7917	0
7918	0
7919	0
7920	0
7921	0
7922	0
7923	0
7924	0
7925	0
7926	0
7927	0
7928	0
7929	0
7930	0
7931	0
7932	0
7933	0
7934	0
7935	0
7936	0
7937	0
7938	0
7939	0
7940	0
7941	0
7942	0
7943	0
7944	0
7945	0
7946	0
7947	0
7948	0
7949	0
7950	0
7951	0
7952	0
7953	0
7954	0
7955	0
7956	0
7957	0
7958	0
7959	0
7960	0
7961	0
7962	0
7963	0
7964	0
7965	0
7966	0
7967	0
7968	0
7969	0
7970	0
7971	0
7972	0
7973	0
7974	0
7975	0
7976	0
7977	0
7978	0
7979	0
7980	0
7981	0
7982	0
7983	0
7984	0
7985	0
7986	0
7987	0
7988	0
7989	0
7990	0
7991	0
7992	0
7993	0
7994	0
7995	0
7996	0
7997	0
7998	0
7999	0
8000	0
8001	0
8002	0
8003	0
8004	0
8005	0
8006	0
8007	0
8008	0
8009	0
8010	0
8011	0
8012	0
8013	0
8014	0
8015	0
8016	0
8017	0
8018	0
8019	0
8020	0
8021	0
8022	0
8023	0
8024	0
8025	0
8026	0
8027	0
8028	0
8029	0
8030	0
8031	0
8032	0
8033	0
8034	0
8035	0
8036	0
8037	0
8038	0
8039	0
8040	0
8041	0
8042	0
8043	0
8044	0
8045	0
8046	0
8047	0
8048	0
8049	0
8050	0
8051	0
8052	0
8053	0
8054	0
8055	0
8056	0
8057	0
8058	0
8059	0
8060	0
8061	0
8062	0
8063	0
8064	0
8065	0
8066	0
8067	0
8068	0
8069	0
8070	0
8071	0
8072	0
8073	0
8074	0
8075	0
8076	0
8077	0
8078	0
8079	0
8080	0
8081	0
8082	0
8083	0
8084	0
8085	0
8086	0
8087	0
8088	0
8089	0
8090	0
8091	0
8092	0
8093	0
8094	0
8095	0
8096	0
8097	0
8098	0
8099	0
8100	0
8101	0
8102	0
8103	0
8104	0
8105	0
8106	0
8107	0
8108	0
8109	0
8110	0
8111	0
8112	0
8113	0
8114	0
8115	0
8116	0
8117	0
8118	0
8119	0
8120	0
8121	0
8122	0
8123	0
8124	0
8125	0
8126	0
8127	0
8128	0
8129	0
8130	0
8131	0
8132	0
8133	0
8134	0
8135	0
8136	0
8137	0
8138	0
8139	0
8140	0
8141	0
8142	0
8143	0
8144	0
8145	0
8146	0
8147	0
8148	0
8149	0
8150	0
8151	0
8152	0
8153	0
8154	0
8155	0
8156	0
8157	0
8158	0
8159	0
8160	0
8161	0
8162	0
8163	0
8164	0
8165	0
8166	0
8167	0
8168	0
8169	0
8170	0
8171	0
8172	0
8173	0
8174	0
8175	0
8176	0
8177	0
8178	0
8179	0
8180	0
8181	0
8182	0
8183	0
8184	0
8185	0
8186	0
8187	0
8188	0
8189	0
8190	0
8191	0
