0	0
1	0
2	0
3	0
4	0
5	0
6	0
7	0
8	0
9	0
10	0
11	0
12	0
13	0
14	0
15	0
16	0
17	0
18	0
19	0
20	0
21	0
22	0
23	0
24	0
25	0
26	0
27	0
28	0
29	0
30	0
31	0
32	0
33	0
34	0
35	0
36	0
37	0
38	0
39	0
40	0
41	0
42	0
43	0
44	1
45	0
46	1
47	1
48	2
49	0
50	0
51	0
52	0
53	0
54	0
55	1
56	0
57	0
58	1
59	0
60	1
61	0
62	3
63	0
64	1
65	1
66	0
67	2
68	0
69	0
70	1
71	0
72	1
73	1
74	0
75	0
76	0
77	1
78	0
79	0
80	0
81	0
82	3
83	0
84	1
85	0
86	1
87	0
88	0
89	0
90	0
91	1
92	1
93	0
94	0
95	2
96	0
97	0
98	0
99	0
100	1
101	1
102	0
103	0
104	2
105	1
106	0
107	1
108	1
109	1
110	2
111	0
112	0
113	0
114	2
115	0
116	0
117	2
118	1
119	0
120	0
121	2
122	0
123	1
124	1
125	0
126	0
127	0
128	0
129	0
130	0
131	0
132	0
133	1
134	0
135	2
136	1
137	0
138	0
139	2
140	0
141	0
142	0
143	0
144	1
145	2
146	2
147	0
148	0
149	2
150	0
151	0
152	1
153	0
154	1
155	1
156	1
157	1
158	1
159	1
160	0
161	0
162	1
163	2
164	1
165	1
166	1
167	1
168	0
169	2
170	2
171	2
172	0
173	0
174	1
175	2
176	0
177	2
178	0
179	2
180	0
181	2
182	0
183	2
184	1
185	0
186	2
187	0
188	1
189	0
190	2
191	0
192	0
193	1
194	0
195	2
196	1
197	0
198	1
199	0
200	0
201	2
202	0
203	0
204	1
205	2
206	1
207	0
208	1
209	3
210	1
211	0
212	0
213	1
214	1
215	0
216	1
217	0
218	0
219	0
220	0
221	0
222	0
223	0
224	0
225	2
226	0
227	0
228	0
229	0
230	0
231	0
232	0
233	2
234	2
235	1
236	0
237	3
238	1
239	3
240	1
241	1
242	0
243	0
244	1
245	1
246	0
247	1
248	1
249	1
250	1
251	0
252	2
253	0
254	0
255	0
256	0
257	0
258	3
259	1
260	0
261	0
262	1
263	0
264	2
265	0
266	1
267	1
268	0
269	1
270	1
271	0
272	0
273	2
274	0
275	1
276	1
277	1
278	0
279	0
280	2
281	1
282	1
283	1
284	1
285	0
286	0
287	0
288	2
289	0
290	0
291	1
292	1
293	0
294	1
295	1
296	1
297	2
298	0
299	1
300	0
301	0
302	1
303	0
304	0
305	2
306	1
307	0
308	0
309	0
310	0
311	0
312	0
313	1
314	0
315	0
316	0
317	1
318	0
319	1
320	1
321	0
322	1
323	1
324	1
325	0
326	1
327	0
328	1
329	0
330	1
331	0
332	2
333	0
334	1
335	1
336	3
337	0
338	0
339	1
340	1
341	1
342	0
343	1
344	1
345	0
346	1
347	0
348	0
349	0
350	1
351	1
352	0
353	0
354	0
355	0
356	0
357	3
358	1
359	0
360	0
361	0
362	0
363	2
364	2
365	1
366	1
367	1
368	1
369	0
370	1
371	0
372	2
373	0
374	1
375	1
376	0
377	3
378	0
379	4
380	0
381	4
382	1
383	1
384	0
385	0
386	1
387	0
388	0
389	0
390	1
391	2
392	0
393	2
394	1
395	0
396	1
397	1
398	1
399	0
400	0
401	2
402	0
403	1
404	1
405	1
406	1
407	0
408	0
409	0
410	0
411	0
412	0
413	0
414	2
415	0
416	0
417	0
418	1
419	0
420	2
421	1
422	1
423	2
424	0
425	1
426	1
427	0
428	1
429	0
430	0
431	1
432	1
433	0
434	0
435	1
436	0
437	0
438	0
439	1
440	0
441	2
442	0
443	0
444	1
445	0
446	0
447	0
448	0
449	1
450	0
451	0
452	0
453	1
454	0
455	0
456	0
457	1
458	1
459	0
460	2
461	1
462	0
463	0
464	1
465	1
466	1
467	0
468	2
469	1
470	1
471	0
472	0
473	1
474	0
475	3
476	0
477	1
478	0
479	1
480	1
481	1
482	3
483	0
484	2
485	1
486	0
487	0
488	0
489	1
490	1
491	0
492	0
493	0
494	0
495	2
496	0
497	1
498	1
499	1
500	1
501	2
502	1
503	2
504	1
505	1
506	1
507	2
508	0
509	1
510	1
511	2
512	2
513	1
514	0
515	3
516	0
517	1
518	0
519	1
520	1
521	0
522	3
523	0
524	1
525	0
526	2
527	1
528	1
529	0
530	1
531	3
532	2
533	0
534	0
535	3
536	0
537	0
538	3
539	0
540	4
541	0
542	1
543	2
544	1
545	1
546	1
547	1
548	2
549	1
550	1
551	2
552	1
553	0
554	0
555	0
556	1
557	0
558	3
559	0
560	1
561	3
562	0
563	2
564	1
565	2
566	1
567	2
568	0
569	0
570	3
571	0
572	0
573	1
574	1
575	0
576	0
577	1
578	0
579	0
580	0
581	0
582	2
583	1
584	2
585	1
586	1
587	0
588	2
589	0
590	2
591	2
592	0
593	1
594	3
595	2
596	2
597	0
598	0
599	1
600	2
601	1
602	2
603	1
604	0
605	2
606	3
607	1
608	0
609	2
610	0
611	0
612	1
613	2
614	2
615	1
616	2
617	1
618	1
619	2
620	3
621	1
622	2
623	0
624	2
625	1
626	1
627	3
628	1
629	2
630	0
631	0
632	3
633	1
634	2
635	2
636	5
637	2
638	1
639	3
640	1
641	1
642	4
643	4
644	1
645	1
646	2
647	4
648	1
649	0
650	0
651	0
652	4
653	1
654	3
655	1
656	3
657	3
658	1
659	1
660	2
661	2
662	2
663	6
664	3
665	3
666	1
667	4
668	0
669	1
670	4
671	2
672	2
673	1
674	1
675	2
676	1
677	2
678	3
679	1
680	3
681	0
682	3
683	2
684	2
685	2
686	5
687	1
688	2
689	4
690	2
691	2
692	2
693	2
694	4
695	2
696	1
697	1
698	4
699	7
700	2
701	2
702	3
703	2
704	1
705	5
706	4
707	2
708	1
709	1
710	1
711	1
712	6
713	6
714	1
715	1
716	1
717	2
718	1
719	3
720	1
721	4
722	0
723	4
724	3
725	3
726	0
727	5
728	1
729	2
730	3
731	3
732	1
733	1
734	1
735	4
736	5
737	3
738	3
739	5
740	6
741	2
742	3
743	2
744	2
745	3
746	3
747	1
748	1
749	7
750	4
751	3
752	5
753	0
754	2
755	4
756	0
757	0
758	5
759	3
760	5
761	4
762	5
763	7
764	3
765	3
766	8
767	3
768	2
769	3
770	6
771	4
772	6
773	6
774	4
775	6
776	1
777	4
778	2
779	5
780	8
781	4
782	7
783	3
784	1
785	5
786	5
787	3
788	5
789	6
790	6
791	6
792	4
793	7
794	3
795	5
796	8
797	2
798	4
799	6
800	4
801	9
802	1
803	7
804	6
805	5
806	2
807	2
808	2
809	7
810	4
811	10
812	10
813	5
814	7
815	9
816	3
817	8
818	7
819	9
820	9
821	11
822	8
823	7
824	2
825	11
826	12
827	10
828	16
829	13
830	12
831	12
832	17
833	14
834	15
835	12
836	17
837	20
838	22
839	19
840	16
841	17
842	28
843	16
844	25
845	25
846	35
847	27
848	30
849	30
850	29
851	30
852	33
853	43
854	35
855	44
856	48
857	42
858	60
859	47
860	39
861	70
862	62
863	94
864	72
865	75
866	79
867	80
868	99
869	110
870	102
871	94
872	92
873	124
874	129
875	128
876	158
877	165
878	169
879	172
880	191
881	194
882	215
883	240
884	245
885	239
886	274
887	260
888	304
889	288
890	335
891	379
892	354
893	371
894	428
895	413
896	449
897	496
898	465
899	557
900	534
901	531
902	578
903	599
904	617
905	675
906	706
907	729
908	763
909	720
910	769
911	790
912	819
913	856
914	899
915	954
916	983
917	992
918	1062
919	1023
920	1110
921	1044
922	1114
923	1203
924	1229
925	1129
926	1257
927	1274
928	1324
929	1360
930	1363
931	1442
932	1437
933	1425
934	1596
935	1516
936	1480
937	1564
938	1634
939	1588
940	1519
941	1682
942	1593
943	1683
944	1752
945	1723
946	1772
947	1804
948	1750
949	1759
950	1794
951	1730
952	1790
953	1857
954	1855
955	1865
956	1793
957	1777
958	1869
959	1817
960	1783
961	1881
962	1736
963	1721
964	1808
965	1735
966	1733
967	1847
968	1771
969	1764
970	1735
971	1691
972	1725
973	1743
974	1677
975	1735
976	1656
977	1662
978	1638
979	1594
980	1682
981	1550
982	1632
983	1522
984	1559
985	1526
986	1467
987	1584
988	1438
989	1486
990	1449
991	1424
992	1334
993	1419
994	1374
995	1341
996	1353
997	1273
998	1315
999	1255
1000	1267
1001	1227
1002	1255
1003	1251
1004	1203
1005	1187
1006	1160
1007	1103
1008	1114
1009	1054
1010	1135
1011	1032
1012	1037
1013	1013
1014	1019
1015	911
1016	992
1017	1041
1018	905
1019	866
1020	921
1021	896
1022	853
1023	828
1024	874
1025	794
1026	854
1027	769
1028	781
1029	770
1030	753
1031	727
1032	778
1033	685
1034	709
1035	684
1036	699
1037	703
1038	709
1039	708
1040	624
1041	600
1042	591
1043	615
1044	573
1045	549
1046	620
1047	542
1048	605
1049	567
1050	584
1051	585
1052	529
1053	504
1054	515
1055	538
1056	468
1057	505
1058	515
1059	471
1060	460
1061	446
1062	470
1063	446
1064	472
1065	468
1066	456
1067	415
1068	482
1069	425
1070	425
1071	381
1072	391
1073	373
1074	363
1075	372
1076	395
1077	308
1078	342
1079	359
1080	328
1081	333
1082	318
1083	316
1084	352
1085	340
1086	349
1087	309
1088	312
1089	284
1090	326
1091	309
1092	295
1093	280
1094	277
1095	261
1096	294
1097	286
1098	264
1099	263
1100	273
1101	248
1102	266
1103	248
1104	249
1105	272
1106	246
1107	250
1108	214
1109	234
1110	239
1111	241
1112	258
1113	232
1114	229
1115	212
1116	226
1117	226
1118	233
1119	213
1120	190
1121	190
1122	177
1123	199
1124	186
1125	183
1126	195
1127	184
1128	200
1129	194
1130	169
1131	185
1132	184
1133	176
1134	164
1135	195
1136	148
1137	158
1138	172
1139	160
1140	178
1141	146
1142	153
1143	143
1144	170
1145	157
1146	157
1147	139
1148	154
1149	143
1150	168
1151	159
1152	140
1153	157
1154	131
1155	124
1156	128
1157	146
1158	129
1159	132
1160	154
1161	136
1162	123
1163	127
1164	125
1165	128
1166	118
1167	135
1168	123
1169	116
1170	118
1171	124
1172	104
1173	129
1174	114
1175	109
1176	108
1177	108
1178	118
1179	104
1180	129
1181	94
1182	115
1183	114
1184	99
1185	97
1186	97
1187	118
1188	92
1189	106
1190	105
1191	90
1192	96
1193	83
1194	91
1195	97
1196	107
1197	83
1198	89
1199	85
1200	89
1201	89
1202	85
1203	87
1204	99
1205	84
1206	83
1207	77
1208	83
1209	80
1210	65
1211	71
1212	78
1213	80
1214	88
1215	93
1216	70
1217	69
1218	95
1219	58
1220	56
1221	75
1222	65
1223	66
1224	76
1225	54
1226	73
1227	58
1228	65
1229	72
1230	47
1231	70
1232	52
1233	63
1234	66
1235	66
1236	63
1237	62
1238	67
1239	48
1240	53
1241	56
1242	82
1243	62
1244	61
1245	44
1246	58
1247	53
1248	61
1249	54
1250	46
1251	42
1252	50
1253	56
1254	46
1255	58
1256	43
1257	55
1258	46
1259	52
1260	42
1261	42
1262	55
1263	48
1264	49
1265	52
1266	50
1267	55
1268	37
1269	51
1270	50
1271	42
1272	45
1273	35
1274	38
1275	33
1276	35
1277	52
1278	37
1279	36
1280	43
1281	43
1282	40
1283	35
1284	34
1285	38
1286	36
1287	45
1288	39
1289	32
1290	30
1291	34
1292	27
1293	34
1294	35
1295	36
1296	36
1297	32
1298	31
1299	38
1300	25
1301	27
1302	31
1303	27
1304	38
1305	24
1306	25
1307	33
1308	29
1309	33
1310	29
1311	30
1312	34
1313	38
1314	27
1315	26
1316	29
1317	31
1318	25
1319	37
1320	29
1321	25
1322	37
1323	20
1324	32
1325	30
1326	32
1327	33
1328	33
1329	29
1330	28
1331	27
1332	22
1333	31
1334	28
1335	26
1336	34
1337	25
1338	26
1339	28
1340	28
1341	32
1342	25
1343	22
1344	33
1345	22
1346	35
1347	32
1348	28
1349	25
1350	27
1351	24
1352	24
1353	20
1354	24
1355	23
1356	17
1357	22
1358	20
1359	24
1360	20
1361	18
1362	22
1363	25
1364	22
1365	15
1366	22
1367	16
1368	24
1369	14
1370	22
1371	24
1372	26
1373	21
1374	25
1375	20
1376	11
1377	19
1378	16
1379	24
1380	24
1381	21
1382	28
1383	18
1384	29
1385	19
1386	18
1387	24
1388	29
1389	24
1390	23
1391	20
1392	20
1393	19
1394	27
1395	20
1396	28
1397	22
1398	21
1399	24
1400	19
1401	25
1402	8
1403	23
1404	22
1405	24
1406	13
1407	30
1408	17
1409	19
1410	21
1411	23
1412	20
1413	17
1414	18
1415	17
1416	15
1417	20
1418	23
1419	10
1420	17
1421	15
1422	15
1423	22
1424	19
1425	8
1426	15
1427	21
1428	11
1429	11
1430	17
1431	15
1432	17
1433	16
1434	12
1435	15
1436	16
1437	15
1438	17
1439	24
1440	17
1441	18
1442	15
1443	10
1444	24
1445	22
1446	17
1447	16
1448	14
1449	20
1450	13
1451	21
1452	26
1453	13
1454	16
1455	14
1456	13
1457	18
1458	16
1459	16
1460	14
1461	14
1462	17
1463	16
1464	20
1465	20
1466	13
1467	11
1468	5
1469	14
1470	18
1471	16
1472	21
1473	14
1474	10
1475	13
1476	14
1477	16
1478	17
1479	14
1480	11
1481	12
1482	11
1483	13
1484	19
1485	14
1486	11
1487	21
1488	17
1489	14
1490	16
1491	13
1492	13
1493	15
1494	11
1495	11
1496	17
1497	15
1498	17
1499	18
1500	21
1501	25
1502	12
1503	15
1504	17
1505	18
1506	22
1507	15
1508	13
1509	19
1510	14
1511	18
1512	15
1513	10
1514	15
1515	11
1516	13
1517	15
1518	17
1519	14
1520	11
1521	17
1522	19
1523	15
1524	15
1525	15
1526	19
1527	17
1528	14
1529	21
1530	5
1531	11
1532	11
1533	20
1534	18
1535	13
1536	19
1537	11
1538	10
1539	14
1540	16
1541	25
1542	20
1543	14
1544	13
1545	16
1546	12
1547	16
1548	19
1549	13
1550	9
1551	14
1552	14
1553	16
1554	20
1555	17
1556	13
1557	8
1558	16
1559	14
1560	8
1561	15
1562	8
1563	11
1564	12
1565	17
1566	17
1567	12
1568	13
1569	14
1570	13
1571	14
1572	19
1573	11
1574	16
1575	16
1576	18
1577	13
1578	19
1579	12
1580	22
1581	12
1582	12
1583	15
1584	17
1585	18
1586	9
1587	14
1588	15
1589	15
1590	17
1591	13
1592	14
1593	11
1594	17
1595	13
1596	21
1597	11
1598	9
1599	13
1600	13
1601	19
1602	11
1603	18
1604	13
1605	13
1606	6
1607	13
1608	8
1609	18
1610	9
1611	14
1612	9
1613	16
1614	12
1615	3
1616	12
1617	10
1618	13
1619	14
1620	17
1621	19
1622	8
1623	14
1624	11
1625	11
1626	10
1627	16
1628	8
1629	11
1630	14
1631	13
1632	11
1633	14
1634	5
1635	14
1636	11
1637	7
1638	11
1639	10
1640	11
1641	12
1642	14
1643	7
1644	10
1645	17
1646	8
1647	14
1648	10
1649	15
1650	6
1651	13
1652	7
1653	16
1654	12
1655	7
1656	19
1657	7
1658	12
1659	17
1660	13
1661	18
1662	9
1663	18
1664	14
1665	10
1666	13
1667	11
1668	6
1669	17
1670	4
1671	9
1672	6
1673	8
1674	9
1675	11
1676	10
1677	12
1678	7
1679	16
1680	8
1681	16
1682	10
1683	12
1684	8
1685	12
1686	13
1687	14
1688	11
1689	22
1690	14
1691	10
1692	13
1693	7
1694	8
1695	17
1696	11
1697	5
1698	8
1699	17
1700	9
1701	13
1702	12
1703	2
1704	13
1705	10
1706	12
1707	15
1708	11
1709	16
1710	10
1711	8
1712	9
1713	12
1714	11
1715	17
1716	12
1717	6
1718	13
1719	12
1720	11
1721	10
1722	12
1723	7
1724	10
1725	12
1726	11
1727	6
1728	10
1729	5
1730	18
1731	11
1732	7
1733	9
1734	9
1735	8
1736	16
1737	8
1738	12
1739	9
1740	10
1741	9
1742	9
1743	11
1744	8
1745	13
1746	9
1747	9
1748	10
1749	4
1750	9
1751	9
1752	13
1753	9
1754	9
1755	5
1756	14
1757	13
1758	9
1759	6
1760	5
1761	8
1762	9
1763	3
1764	11
1765	11
1766	11
1767	4
1768	9
1769	8
1770	12
1771	7
1772	11
1773	8
1774	10
1775	9
1776	8
1777	9
1778	2
1779	4
1780	11
1781	8
1782	6
1783	4
1784	9
1785	5
1786	11
1787	2
1788	2
1789	7
1790	6
1791	4
1792	10
1793	6
1794	6
1795	2
1796	5
1797	4
1798	7
1799	9
1800	7
1801	5
1802	3
1803	2
1804	5
1805	7
1806	10
1807	5
1808	5
1809	4
1810	4
1811	8
1812	9
1813	5
1814	7
1815	7
1816	5
1817	8
1818	3
1819	2
1820	3
1821	5
1822	4
1823	5
1824	4
1825	4
1826	6
1827	3
1828	5
1829	5
1830	7
1831	4
1832	4
1833	12
1834	3
1835	6
1836	9
1837	9
1838	6
1839	5
1840	7
1841	4
1842	6
1843	1
1844	2
1845	4
1846	7
1847	7
1848	2
1849	6
1850	4
1851	7
1852	4
1853	4
1854	6
1855	9
1856	5
1857	6
1858	3
1859	5
1860	4
1861	5
1862	4
1863	3
1864	3
1865	1
1866	5
1867	5
1868	3
1869	3
1870	5
1871	7
1872	3
1873	2
1874	7
1875	6
1876	5
1877	7
1878	5
1879	7
1880	3
1881	5
1882	6
1883	4
1884	1
1885	1
1886	5
1887	2
1888	5
1889	3
1890	4
1891	1
1892	4
1893	2
1894	7
1895	3
1896	6
1897	4
1898	5
1899	7
1900	5
1901	4
1902	2
1903	2
1904	5
1905	4
1906	2
1907	5
1908	3
1909	2
1910	4
1911	2
1912	7
1913	6
1914	3
1915	4
1916	4
1917	5
1918	6
1919	2
1920	5
1921	3
1922	9
1923	3
1924	5
1925	4
1926	2
1927	4
1928	2
1929	8
1930	5
1931	1
1932	3
1933	3
1934	6
1935	6
1936	3
1937	4
1938	2
1939	1
1940	1
1941	1
1942	2
1943	2
1944	2
1945	2
1946	6
1947	2
1948	2
1949	3
1950	4
1951	3
1952	2
1953	1
1954	3
1955	1
1956	4
1957	1
1958	7
1959	4
1960	6
1961	4
1962	3
1963	1
1964	4
1965	3
1966	3
1967	2
1968	6
1969	1
1970	5
1971	2
1972	3
1973	2
1974	2
1975	0
1976	3
1977	2
1978	2
1979	4
1980	2
1981	2
1982	2
1983	4
1984	0
1985	4
1986	1
1987	1
1988	5
1989	1
1990	4
1991	1
1992	4
1993	4
1994	4
1995	3
1996	2
1997	1
1998	2
1999	4
2000	2
2001	5
2002	4
2003	1
2004	2
2005	1
2006	3
2007	2
2008	0
2009	2
2010	6
2011	2
2012	1
2013	0
2014	4
2015	5
2016	3
2017	1
2018	5
2019	1
2020	3
2021	2
2022	1
2023	3
2024	4
2025	2
2026	0
2027	2
2028	4
2029	3
2030	2
2031	3
2032	3
2033	3
2034	1
2035	2
2036	2
2037	3
2038	0
2039	3
2040	2
2041	1
2042	1
2043	6
2044	3
2045	4
2046	2
2047	1
2048	4
2049	3
2050	1
2051	2
2052	3
2053	1
2054	0
2055	3
2056	0
2057	6
2058	2
2059	1
2060	5
2061	6
2062	6
2063	1
2064	2
2065	4
2066	1
2067	2
2068	5
2069	2
2070	1
2071	1
2072	2
2073	1
2074	2
2075	0
2076	0
2077	1
2078	3
2079	2
2080	1
2081	0
2082	1
2083	2
2084	2
2085	1
2086	2
2087	2
2088	1
2089	0
2090	2
2091	2
2092	3
2093	2
2094	2
2095	0
2096	4
2097	0
2098	0
2099	1
2100	2
2101	4
2102	1
2103	2
2104	1
2105	2
2106	1
2107	4
2108	1
2109	0
2110	3
2111	2
2112	1
2113	3
2114	0
2115	3
2116	0
2117	2
2118	1
2119	3
2120	5
2121	0
2122	1
2123	1
2124	1
2125	1
2126	1
2127	1
2128	1
2129	2
2130	3
2131	1
2132	2
2133	2
2134	2
2135	0
2136	2
2137	0
2138	1
2139	3
2140	4
2141	1
2142	1
2143	0
2144	2
2145	3
2146	3
2147	3
2148	3
2149	3
2150	0
2151	0
2152	3
2153	2
2154	0
2155	0
2156	2
2157	0
2158	3
2159	0
2160	2
2161	2
2162	1
2163	3
2164	3
2165	1
2166	0
2167	1
2168	1
2169	1
2170	3
2171	1
2172	1
2173	3
2174	1
2175	2
2176	2
2177	3
2178	2
2179	1
2180	2
2181	1
2182	3
2183	3
2184	2
2185	1
2186	1
2187	0
2188	0
2189	2
2190	2
2191	0
2192	2
2193	1
2194	2
2195	1
2196	1
2197	1
2198	1
2199	0
2200	1
2201	2
2202	2
2203	4
2204	5
2205	2
2206	1
2207	0
2208	0
2209	2
2210	1
2211	3
2212	0
2213	1
2214	2
2215	1
2216	0
2217	1
2218	1
2219	2
2220	0
2221	2
2222	0
2223	2
2224	1
2225	2
2226	0
2227	1
2228	0
2229	1
2230	1
2231	0
2232	1
2233	0
2234	0
2235	3
2236	2
2237	2
2238	1
2239	0
2240	1
2241	0
2242	2
2243	0
2244	2
2245	2
2246	1
2247	1
2248	0
2249	0
2250	2
2251	0
2252	0
2253	0
2254	2
2255	3
2256	0
2257	3
2258	1
2259	1
2260	4
2261	1
2262	2
2263	2
2264	2
2265	0
2266	0
2267	2
2268	2
2269	0
2270	2
2271	0
2272	0
2273	2
2274	3
2275	0
2276	2
2277	0
2278	1
2279	0
2280	1
2281	0
2282	0
2283	1
2284	1
2285	2
2286	0
2287	2
2288	1
2289	2
2290	1
2291	0
2292	0
2293	0
2294	2
2295	2
2296	2
2297	2
2298	3
2299	2
2300	0
2301	2
2302	2
2303	2
2304	0
2305	1
2306	1
2307	0
2308	0
2309	0
2310	0
2311	2
2312	1
2313	1
2314	2
2315	0
2316	0
2317	1
2318	3
2319	1
2320	0
2321	0
2322	0
2323	2
2324	0
2325	0
2326	2
2327	1
2328	1
2329	0
2330	1
2331	1
2332	1
2333	1
2334	2
2335	2
2336	1
2337	0
2338	1
2339	0
2340	0
2341	0
2342	0
2343	0
2344	1
2345	0
2346	2
2347	1
2348	0
2349	0
2350	2
2351	0
2352	0
2353	1
2354	2
2355	1
2356	1
2357	1
2358	0
2359	1
2360	1
2361	1
2362	1
2363	1
2364	3
2365	4
2366	1
2367	1
2368	0
2369	1
2370	0
2371	0
2372	1
2373	1
2374	1
2375	1
2376	0
2377	2
2378	2
2379	1
2380	1
2381	1
2382	1
2383	1
2384	1
2385	2
2386	1
2387	0
2388	3
2389	3
2390	2
2391	2
2392	3
2393	0
2394	0
2395	2
2396	0
2397	0
2398	4
2399	0
2400	1
2401	1
2402	0
2403	0
2404	1
2405	0
2406	0
2407	1
2408	1
2409	0
2410	1
2411	0
2412	1
2413	1
2414	0
2415	0
2416	0
2417	1
2418	0
2419	1
2420	1
2421	1
2422	0
2423	0
2424	0
2425	0
2426	0
2427	0
2428	1
2429	1
2430	0
2431	0
2432	0
2433	1
2434	0
2435	0
2436	1
2437	0
2438	0
2439	1
2440	0
2441	0
2442	1
2443	0
2444	0
2445	3
2446	0
2447	1
2448	0
2449	1
2450	0
2451	1
2452	0
2453	0
2454	0
2455	0
2456	1
2457	0
2458	3
2459	1
2460	1
2461	0
2462	0
2463	1
2464	0
2465	0
2466	0
2467	1
2468	1
2469	1
2470	2
2471	0
2472	2
2473	0
2474	1
2475	0
2476	1
2477	0
2478	2
2479	0
2480	0
2481	1
2482	1
2483	3
2484	2
2485	1
2486	0
2487	0
2488	3
2489	0
2490	0
2491	0
2492	0
2493	2
2494	2
2495	1
2496	1
2497	2
2498	0
2499	0
2500	1
2501	1
2502	1
2503	0
2504	0
2505	0
2506	0
2507	2
2508	0
2509	1
2510	1
2511	0
2512	1
2513	0
2514	0
2515	0
2516	0
2517	1
2518	0
2519	0
2520	0
2521	1
2522	0
2523	3
2524	1
2525	0
2526	1
2527	0
2528	0
2529	1
2530	0
2531	1
2532	0
2533	2
2534	0
2535	1
2536	1
2537	0
2538	0
2539	1
2540	1
2541	0
2542	0
2543	1
2544	0
2545	0
2546	0
2547	0
2548	0
2549	0
2550	1
2551	1
2552	0
2553	1
2554	0
2555	0
2556	0
2557	0
2558	0
2559	0
2560	0
2561	0
2562	1
2563	1
2564	1
2565	0
2566	0
2567	0
2568	1
2569	0
2570	0
2571	0
2572	1
2573	0
2574	1
2575	1
2576	0
2577	2
2578	2
2579	0
2580	1
2581	0
2582	2
2583	0
2584	0
2585	1
2586	0
2587	0
2588	0
2589	1
2590	0
2591	1
2592	1
2593	0
2594	0
2595	0
2596	0
2597	0
2598	0
2599	0
2600	2
2601	1
2602	1
2603	0
2604	1
2605	1
2606	1
2607	1
2608	2
2609	0
2610	0
2611	0
2612	3
2613	0
2614	1
2615	0
2616	1
2617	1
2618	0
2619	0
2620	0
2621	0
2622	0
2623	0
2624	1
2625	0
2626	0
2627	0
2628	0
2629	0
2630	2
2631	0
2632	0
2633	0
2634	0
2635	1
2636	0
2637	0
2638	2
2639	0
2640	2
2641	0
2642	0
2643	2
2644	1
2645	1
2646	0
2647	0
2648	0
2649	1
2650	0
2651	2
2652	1
2653	0
2654	0
2655	0
2656	2
2657	0
2658	1
2659	1
2660	0
2661	0
2662	1
2663	0
2664	1
2665	0
2666	0
2667	1
2668	4
2669	0
2670	0
2671	2
2672	0
2673	0
2674	0
2675	0
2676	0
2677	0
2678	1
2679	0
2680	0
2681	1
2682	1
2683	0
2684	0
2685	0
2686	0
2687	1
2688	1
2689	0
2690	0
2691	0
2692	0
2693	0
2694	0
2695	3
2696	0
2697	0
2698	2
2699	0
2700	0
2701	1
2702	1
2703	0
2704	1
2705	1
2706	1
2707	0
2708	0
2709	0
2710	1
2711	1
2712	1
2713	0
2714	0
2715	1
2716	0
2717	1
2718	0
2719	0
2720	1
2721	0
2722	1
2723	1
2724	0
2725	0
2726	0
2727	0
2728	0
2729	0
2730	0
2731	0
2732	1
2733	0
2734	0
2735	0
2736	0
2737	0
2738	1
2739	1
2740	2
2741	0
2742	1
2743	0
2744	0
2745	0
2746	0
2747	1
2748	0
2749	0
2750	0
2751	2
2752	0
2753	0
2754	0
2755	1
2756	0
2757	1
2758	0
2759	0
2760	1
2761	0
2762	0
2763	0
2764	1
2765	0
2766	0
2767	0
2768	1
2769	0
2770	0
2771	1
2772	0
2773	1
2774	0
2775	0
2776	0
2777	0
2778	0
2779	1
2780	1
2781	1
2782	2
2783	0
2784	0
2785	3
2786	1
2787	1
2788	0
2789	0
2790	2
2791	0
2792	1
2793	0
2794	3
2795	1
2796	2
2797	0
2798	1
2799	0
2800	0
2801	0
2802	0
2803	1
2804	1
2805	2
2806	1
2807	0
2808	0
2809	2
2810	1
2811	0
2812	0
2813	1
2814	1
2815	0
2816	0
2817	1
2818	0
2819	1
2820	0
2821	1
2822	0
2823	0
2824	0
2825	0
2826	0
2827	1
2828	0
2829	0
2830	0
2831	0
2832	0
2833	0
2834	2
2835	2
2836	1
2837	0
2838	0
2839	0
2840	1
2841	0
2842	0
2843	2
2844	0
2845	0
2846	1
2847	1
2848	1
2849	0
2850	0
2851	0
2852	1
2853	0
2854	0
2855	1
2856	0
2857	0
2858	0
2859	1
2860	1
2861	3
2862	1
2863	3
2864	0
2865	0
2866	1
2867	0
2868	3
2869	1
2870	0
2871	0
2872	1
2873	1
2874	0
2875	0
2876	0
2877	0
2878	0
2879	0
2880	1
2881	0
2882	2
2883	0
2884	0
2885	2
2886	0
2887	0
2888	0
2889	0
2890	2
2891	2
2892	0
2893	0
2894	0
2895	0
2896	0
2897	1
2898	1
2899	1
2900	1
2901	0
2902	0
2903	1
2904	0
2905	0
2906	0
2907	0
2908	0
2909	2
2910	1
2911	1
2912	0
2913	1
2914	1
2915	1
2916	1
2917	1
2918	2
2919	0
2920	1
2921	2
2922	0
2923	0
2924	0
2925	1
2926	0
2927	0
2928	2
2929	0
2930	0
2931	2
2932	1
2933	1
2934	0
2935	0
2936	1
2937	1
2938	0
2939	0
2940	0
2941	1
2942	0
2943	2
2944	0
2945	2
2946	1
2947	0
2948	1
2949	0
2950	1
2951	2
2952	0
2953	2
2954	0
2955	0
2956	0
2957	1
2958	0
2959	1
2960	2
2961	0
2962	0
2963	0
2964	1
2965	0
2966	0
2967	0
2968	0
2969	0
2970	1
2971	0
2972	0
2973	1
2974	0
2975	0
2976	0
2977	0
2978	1
2979	0
2980	0
2981	1
2982	0
2983	0
2984	1
2985	1
2986	1
2987	1
2988	1
2989	1
2990	0
2991	3
2992	0
2993	0
2994	1
2995	0
2996	0
2997	0
2998	0
2999	1
3000	1
3001	0
3002	1
3003	0
3004	1
3005	0
3006	0
3007	0
3008	0
3009	0
3010	1
3011	2
3012	0
3013	1
3014	0
3015	1
3016	0
3017	1
3018	0
3019	1
3020	0
3021	1
3022	0
3023	0
3024	2
3025	1
3026	0
3027	0
3028	0
3029	1
3030	0
3031	0
3032	1
3033	2
3034	2
3035	0
3036	1
3037	0
3038	1
3039	0
3040	2
3041	1
3042	1
3043	0
3044	1
3045	0
3046	0
3047	4
3048	0
3049	0
3050	0
3051	0
3052	0
3053	1
3054	2
3055	0
3056	0
3057	0
3058	0
3059	1
3060	0
3061	2
3062	0
3063	0
3064	0
3065	0
3066	0
3067	0
3068	0
3069	0
3070	0
3071	0
3072	0
3073	0
3074	0
3075	0
3076	1
3077	0
3078	1
3079	0
3080	0
3081	0
3082	0
3083	0
3084	1
3085	2
3086	0
3087	0
3088	0
3089	0
3090	0
3091	0
3092	0
3093	0
3094	0
3095	1
3096	0
3097	0
3098	1
3099	0
3100	1
3101	0
3102	1
3103	0
3104	0
3105	0
3106	2
3107	0
3108	0
3109	1
3110	0
3111	3
3112	1
3113	0
3114	0
3115	0
3116	0
3117	0
3118	0
3119	1
3120	0
3121	1
3122	1
3123	0
3124	2
3125	0
3126	0
3127	0
3128	1
3129	1
3130	0
3131	1
3132	1
3133	1
3134	0
3135	1
3136	0
3137	2
3138	1
3139	0
3140	1
3141	0
3142	0
3143	0
3144	1
3145	0
3146	0
3147	0
3148	1
3149	1
3150	2
3151	0
3152	0
3153	0
3154	1
3155	1
3156	0
3157	1
3158	0
3159	0
3160	0
3161	0
3162	1
3163	0
3164	0
3165	1
3166	0
3167	0
3168	1
3169	1
3170	0
3171	0
3172	1
3173	0
3174	1
3175	0
3176	0
3177	0
3178	0
3179	1
3180	0
3181	0
3182	0
3183	0
3184	0
3185	0
3186	0
3187	0
3188	0
3189	0
3190	0
3191	0
3192	0
3193	0
3194	1
3195	0
3196	0
3197	0
3198	0
3199	0
3200	0
3201	0
3202	0
3203	0
3204	0
3205	0
3206	1
3207	1
3208	0
3209	0
3210	0
3211	0
3212	2
3213	0
3214	1
3215	0
3216	0
3217	0
3218	1
3219	1
3220	0
3221	0
3222	1
3223	0
3224	0
3225	1
3226	0
3227	0
3228	0
3229	0
3230	2
3231	1
3232	0
3233	1
3234	0
3235	1
3236	0
3237	0
3238	0
3239	1
3240	0
3241	1
3242	0
3243	0
3244	0
3245	1
3246	1
3247	1
3248	1
3249	0
3250	1
3251	0
3252	0
3253	0
3254	0
3255	1
3256	0
3257	0
3258	0
3259	0
3260	0
3261	0
3262	1
3263	0
3264	1
3265	0
3266	0
3267	1
3268	0
3269	0
3270	0
3271	0
3272	1
3273	2
3274	1
3275	0
3276	0
3277	0
3278	0
3279	0
3280	0
3281	0
3282	0
3283	0
3284	0
3285	0
3286	0
3287	0
3288	0
3289	0
3290	0
3291	0
3292	0
3293	0
3294	0
3295	0
3296	0
3297	0
3298	0
3299	0
3300	0
3301	0
3302	0
3303	0
3304	0
3305	1
3306	1
3307	0
3308	0
3309	0
3310	2
3311	1
3312	1
3313	0
3314	0
3315	0
3316	0
3317	1
3318	0
3319	0
3320	0
3321	0
3322	1
3323	0
3324	0
3325	0
3326	0
3327	1
3328	0
3329	0
3330	0
3331	0
3332	0
3333	0
3334	0
3335	1
3336	0
3337	0
3338	0
3339	0
3340	0
3341	0
3342	0
3343	0
3344	0
3345	1
3346	0
3347	1
3348	0
3349	0
3350	0
3351	0
3352	1
3353	0
3354	0
3355	0
3356	0
3357	0
3358	0
3359	0
3360	0
3361	0
3362	0
3363	0
3364	0
3365	0
3366	0
3367	1
3368	0
3369	0
3370	0
3371	1
3372	0
3373	0
3374	0
3375	0
3376	0
3377	0
3378	0
3379	1
3380	0
3381	0
3382	0
3383	0
3384	0
3385	0
3386	0
3387	0
3388	0
3389	0
3390	0
3391	1
3392	1
3393	1
3394	0
3395	0
3396	0
3397	1
3398	0
3399	0
3400	0
3401	0
3402	0
3403	0
3404	0
3405	0
3406	0
3407	0
3408	1
3409	0
3410	0
3411	0
3412	1
3413	0
3414	0
3415	0
3416	0
3417	0
3418	1
3419	0
3420	0
3421	0
3422	0
3423	0
3424	0
3425	1
3426	0
3427	0
3428	0
3429	0
3430	0
3431	0
3432	0
3433	0
3434	0
3435	0
3436	0
3437	0
3438	0
3439	0
3440	1
3441	0
3442	1
3443	1
3444	1
3445	1
3446	1
3447	1
3448	0
3449	0
3450	1
3451	0
3452	0
3453	1
3454	0
3455	0
3456	1
3457	0
3458	0
3459	0
3460	1
3461	0
3462	0
3463	0
3464	0
3465	0
3466	0
3467	0
3468	0
3469	0
3470	0
3471	0
3472	2
3473	0
3474	0
3475	0
3476	0
3477	1
3478	0
3479	0
3480	0
3481	0
3482	0
3483	0
3484	0
3485	0
3486	0
3487	0
3488	0
3489	0
3490	0
3491	2
3492	0
3493	0
3494	0
3495	1
3496	0
3497	1
3498	1
3499	0
3500	0
3501	0
3502	0
3503	0
3504	0
3505	0
3506	0
3507	0
3508	0
3509	0
3510	0
3511	0
3512	0
3513	0
3514	0
3515	0
3516	0
3517	0
3518	0
3519	0
3520	1
3521	0
3522	0
3523	0
3524	0
3525	0
3526	1
3527	0
3528	0
3529	0
3530	0
3531	0
3532	1
3533	0
3534	0
3535	0
3536	0
3537	0
3538	0
3539	1
3540	0
3541	0
3542	1
3543	0
3544	1
3545	1
3546	0
3547	0
3548	0
3549	0
3550	0
3551	0
3552	1
3553	0
3554	0
3555	0
3556	0
3557	0
3558	0
3559	0
3560	0
3561	0
3562	0
3563	0
3564	0
3565	1
3566	0
3567	1
3568	0
3569	1
3570	0
3571	0
3572	1
3573	0
3574	0
3575	0
3576	1
3577	1
3578	0
3579	0
3580	0
3581	0
3582	0
3583	0
3584	0
3585	0
3586	1
3587	0
3588	0
3589	0
3590	0
3591	0
3592	0
3593	1
3594	0
3595	0
3596	0
3597	0
3598	0
3599	0
3600	0
3601	0
3602	0
3603	1
3604	2
3605	0
3606	0
3607	0
3608	1
3609	1
3610	0
3611	1
3612	0
3613	0
3614	0
3615	0
3616	0
3617	2
3618	2
3619	0
3620	0
3621	0
3622	0
3623	0
3624	0
3625	0
3626	0
3627	1
3628	0
3629	1
3630	1
3631	0
3632	0
3633	0
3634	2
3635	0
3636	0
3637	0
3638	0
3639	1
3640	0
3641	1
3642	0
3643	0
3644	0
3645	0
3646	0
3647	0
3648	0
3649	0
3650	0
3651	0
3652	1
3653	0
3654	0
3655	0
3656	0
3657	0
3658	1
3659	0
3660	0
3661	0
3662	0
3663	0
3664	0
3665	0
3666	0
3667	0
3668	0
3669	0
3670	1
3671	0
3672	0
3673	0
3674	1
3675	0
3676	0
3677	2
3678	0
3679	1
3680	0
3681	1
3682	0
3683	0
3684	0
3685	0
3686	0
3687	0
3688	0
3689	0
3690	0
3691	0
3692	0
3693	1
3694	0
3695	0
3696	0
3697	0
3698	0
3699	0
3700	0
3701	1
3702	0
3703	1
3704	1
3705	1
3706	1
3707	0
3708	0
3709	0
3710	0
3711	1
3712	0
3713	0
3714	0
3715	0
3716	0
3717	0
3718	0
3719	0
3720	0
3721	0
3722	0
3723	0
3724	0
3725	0
3726	0
3727	0
3728	0
3729	0
3730	0
3731	0
3732	1
3733	0
3734	0
3735	0
3736	0
3737	0
3738	0
3739	0
3740	0
3741	0
3742	1
3743	0
3744	0
3745	2
3746	0
3747	0
3748	0
3749	0
3750	0
3751	0
3752	0
3753	0
3754	1
3755	0
3756	0
3757	0
3758	0
3759	0
3760	1
3761	1
3762	1
3763	0
3764	0
3765	0
3766	0
3767	0
3768	0
3769	0
3770	0
3771	2
3772	0
3773	1
3774	0
3775	1
3776	0
3777	0
3778	0
3779	0
3780	0
3781	0
3782	0
3783	0
3784	0
3785	0
3786	0
3787	0
3788	0
3789	0
3790	0
3791	0
3792	0
3793	0
3794	0
3795	0
3796	0
3797	0
3798	0
3799	0
3800	0
3801	0
3802	0
3803	0
3804	0
3805	0
3806	0
3807	1
3808	0
3809	0
3810	0
3811	0
3812	1
3813	0
3814	0
3815	0
3816	0
3817	1
3818	0
3819	0
3820	0
3821	0
3822	0
3823	0
3824	1
3825	0
3826	1
3827	0
3828	0
3829	0
3830	0
3831	0
3832	0
3833	0
3834	0
3835	0
3836	0
3837	0
3838	0
3839	0
3840	0
3841	0
3842	0
3843	0
3844	0
3845	1
3846	0
3847	0
3848	0
3849	0
3850	0
3851	0
3852	0
3853	0
3854	0
3855	1
3856	0
3857	0
3858	0
3859	0
3860	0
3861	0
3862	0
3863	0
3864	1
3865	0
3866	0
3867	0
3868	0
3869	1
3870	0
3871	0
3872	0
3873	2
3874	0
3875	0
3876	0
3877	0
3878	0
3879	0
3880	0
3881	0
3882	0
3883	0
3884	0
3885	0
3886	0
3887	0
3888	0
3889	0
3890	0
3891	0
3892	0
3893	1
3894	0
3895	0
3896	0
3897	1
3898	1
3899	0
3900	0
3901	0
3902	0
3903	1
3904	1
3905	0
3906	0
3907	0
3908	1
3909	0
3910	0
3911	0
3912	0
3913	0
3914	0
3915	1
3916	0
3917	0
3918	0
3919	0
3920	1
3921	0
3922	0
3923	0
3924	0
3925	0
3926	1
3927	0
3928	0
3929	0
3930	0
3931	0
3932	0
3933	0
3934	0
3935	0
3936	0
3937	0
3938	0
3939	1
3940	0
3941	0
3942	0
3943	1
3944	0
3945	0
3946	0
3947	1
3948	1
3949	0
3950	0
3951	0
3952	0
3953	0
3954	0
3955	0
3956	0
3957	0
3958	0
3959	0
3960	0
3961	0
3962	0
3963	0
3964	1
3965	0
3966	0
3967	0
3968	0
3969	0
3970	0
3971	1
3972	0
3973	0
3974	2
3975	0
3976	0
3977	1
3978	0
3979	0
3980	2
3981	0
3982	0
3983	0
3984	0
3985	1
3986	0
3987	0
3988	0
3989	0
3990	0
3991	1
3992	0
3993	0
3994	0
3995	0
3996	0
3997	0
3998	0
3999	0
4000	1
4001	0
4002	0
4003	1
4004	1
4005	0
4006	0
4007	0
4008	0
4009	0
4010	0
4011	0
4012	0
4013	1
4014	1
4015	1
4016	0
4017	0
4018	0
4019	0
4020	0
4021	0
4022	0
4023	1
4024	1
4025	1
4026	0
4027	0
4028	0
4029	0
4030	0
4031	0
4032	0
4033	0
4034	0
4035	0
4036	0
4037	1
4038	1
4039	0
4040	0
4041	1
4042	0
4043	0
4044	0
4045	1
4046	0
4047	0
4048	0
4049	0
4050	1
4051	1
4052	1
4053	1
4054	0
4055	0
4056	0
4057	1
4058	0
4059	0
4060	0
4061	0
4062	0
4063	0
4064	1
4065	1
4066	0
4067	0
4068	0
4069	0
4070	0
4071	0
4072	0
4073	0
4074	0
4075	0
4076	0
4077	2
4078	0
4079	1
4080	0
4081	0
4082	0
4083	0
4084	0
4085	0
4086	0
4087	2
4088	0
4089	0
4090	1
4091	0
4092	0
4093	0
4094	0
4095	0
4096	1
4097	0
4098	0
4099	0
4100	1
4101	0
4102	0
4103	0
4104	0
4105	0
4106	1
4107	0
4108	0
4109	0
4110	0
4111	1
4112	0
4113	0
4114	0
4115	0
4116	0
4117	0
4118	0
4119	0
4120	0
4121	1
4122	1
4123	1
4124	1
4125	0
4126	0
4127	0
4128	0
4129	0
4130	2
4131	0
4132	0
4133	0
4134	0
4135	0
4136	0
4137	0
4138	0
4139	0
4140	0
4141	0
4142	1
4143	0
4144	0
4145	0
4146	1
4147	0
4148	0
4149	1
4150	0
4151	0
4152	0
4153	0
4154	0
4155	1
4156	0
4157	0
4158	0
4159	0
4160	0
4161	0
4162	1
4163	1
4164	0
4165	1
4166	0
4167	0
4168	0
4169	0
4170	0
4171	0
4172	0
4173	0
4174	0
4175	0
4176	0
4177	1
4178	0
4179	0
4180	1
4181	0
4182	0
4183	1
4184	0
4185	1
4186	0
4187	0
4188	0
4189	0
4190	1
4191	0
4192	0
4193	0
4194	0
4195	1
4196	0
4197	0
4198	0
4199	0
4200	0
4201	0
4202	0
4203	0
4204	0
4205	0
4206	0
4207	1
4208	0
4209	0
4210	0
4211	0
4212	0
4213	0
4214	0
4215	0
4216	0
4217	0
4218	0
4219	0
4220	0
4221	0
4222	0
4223	0
4224	0
4225	0
4226	0
4227	0
4228	0
4229	0
4230	1
4231	0
4232	0
4233	0
4234	0
4235	0
4236	0
4237	0
4238	0
4239	0
4240	1
4241	0
4242	0
4243	0
4244	0
4245	0
4246	0
4247	0
4248	0
4249	1
4250	1
4251	0
4252	0
4253	0
4254	0
4255	0
4256	0
4257	0
4258	0
4259	0
4260	0
4261	0
4262	0
4263	1
4264	0
4265	0
4266	0
4267	0
4268	0
4269	0
4270	0
4271	0
4272	0
4273	2
4274	0
4275	0
4276	2
4277	0
4278	0
4279	0
4280	0
4281	0
4282	0
4283	0
4284	1
4285	1
4286	1
4287	0
4288	1
4289	0
4290	0
4291	0
4292	0
4293	0
4294	0
4295	0
4296	0
4297	0
4298	1
4299	0
4300	0
4301	0
4302	0
4303	1
4304	2
4305	0
4306	0
4307	0
4308	0
4309	0
4310	0
4311	0
4312	0
4313	1
4314	0
4315	0
4316	0
4317	0
4318	0
4319	0
4320	0
4321	0
4322	1
4323	0
4324	0
4325	1
4326	0
4327	0
4328	0
4329	0
4330	0
4331	0
4332	1
4333	1
4334	0
4335	0
4336	0
4337	0
4338	0
4339	0
4340	0
4341	0
4342	0
4343	0
4344	0
4345	0
4346	0
4347	0
4348	0
4349	0
4350	0
4351	0
4352	0
4353	0
4354	0
4355	2
4356	0
4357	0
4358	0
4359	0
4360	0
4361	0
4362	0
4363	0
4364	0
4365	0
4366	0
4367	0
4368	0
4369	0
4370	0
4371	0
4372	0
4373	0
4374	0
4375	0
4376	0
4377	0
4378	0
4379	1
4380	0
4381	0
4382	0
4383	0
4384	0
4385	0
4386	1
4387	0
4388	1
4389	1
4390	0
4391	0
4392	0
4393	0
4394	0
4395	0
4396	0
4397	0
4398	0
4399	0
4400	0
4401	0
4402	0
4403	0
4404	0
4405	0
4406	0
4407	0
4408	0
4409	2
4410	0
4411	0
4412	0
4413	0
4414	0
4415	0
4416	1
4417	0
4418	1
4419	0
4420	0
4421	0
4422	0
4423	1
4424	0
4425	0
4426	0
4427	0
4428	0
4429	1
4430	0
4431	0
4432	0
4433	0
4434	0
4435	0
4436	0
4437	1
4438	0
4439	0
4440	1
4441	0
4442	0
4443	0
4444	1
4445	0
4446	0
4447	0
4448	1
4449	0
4450	0
4451	0
4452	0
4453	1
4454	0
4455	0
4456	0
4457	0
4458	0
4459	0
4460	0
4461	0
4462	0
4463	0
4464	0
4465	0
4466	1
4467	0
4468	1
4469	0
4470	0
4471	1
4472	0
4473	0
4474	0
4475	0
4476	0
4477	1
4478	0
4479	0
4480	0
4481	1
4482	1
4483	0
4484	0
4485	0
4486	0
4487	0
4488	0
4489	0
4490	0
4491	0
4492	1
4493	0
4494	0
4495	1
4496	1
4497	0
4498	0
4499	0
4500	0
4501	0
4502	0
4503	0
4504	0
4505	0
4506	0
4507	0
4508	0
4509	0
4510	0
4511	0
4512	0
4513	0
4514	0
4515	0
4516	0
4517	0
4518	1
4519	0
4520	0
4521	0
4522	0
4523	0
4524	0
4525	0
4526	1
4527	0
4528	0
4529	0
4530	0
4531	1
4532	0
4533	0
4534	0
4535	0
4536	1
4537	1
4538	0
4539	0
4540	0
4541	0
4542	0
4543	0
4544	0
4545	0
4546	0
4547	0
4548	0
4549	0
4550	0
4551	0
4552	0
4553	0
4554	0
4555	0
4556	0
4557	0
4558	0
4559	0
4560	1
4561	1
4562	0
4563	0
4564	0
4565	0
4566	0
4567	0
4568	0
4569	0
4570	0
4571	0
4572	0
4573	0
4574	0
4575	0
4576	0
4577	0
4578	0
4579	0
4580	0
4581	0
4582	0
4583	0
4584	0
4585	0
4586	0
4587	0
4588	0
4589	1
4590	1
4591	0
4592	0
4593	0
4594	0
4595	0
4596	0
4597	0
4598	0
4599	0
4600	0
4601	0
4602	0
4603	0
4604	0
4605	0
4606	1
4607	0
4608	0
4609	0
4610	0
4611	1
4612	0
4613	1
4614	0
4615	0
4616	0
4617	0
4618	0
4619	0
4620	1
4621	0
4622	0
4623	0
4624	0
4625	0
4626	0
4627	0
4628	0
4629	0
4630	0
4631	0
4632	0
4633	0
4634	0
4635	1
4636	0
4637	0
4638	0
4639	0
4640	0
4641	1
4642	1
4643	0
4644	0
4645	0
4646	0
4647	0
4648	1
4649	0
4650	0
4651	0
4652	0
4653	2
4654	0
4655	0
4656	0
4657	0
4658	0
4659	0
4660	0
4661	0
4662	1
4663	0
4664	1
4665	0
4666	0
4667	0
4668	0
4669	0
4670	0
4671	0
4672	0
4673	2
4674	1
4675	0
4676	0
4677	0
4678	0
4679	0
4680	1
4681	0
4682	1
4683	0
4684	0
4685	0
4686	0
4687	0
4688	0
4689	0
4690	0
4691	0
4692	0
4693	0
4694	0
4695	0
4696	1
4697	0
4698	0
4699	0
4700	1
4701	0
4702	1
4703	1
4704	0
4705	0
4706	0
4707	1
4708	0
4709	1
4710	1
4711	1
4712	0
4713	0
4714	0
4715	0
4716	0
4717	0
4718	0
4719	0
4720	0
4721	0
4722	0
4723	1
4724	0
4725	0
4726	0
4727	0
4728	0
4729	0
4730	1
4731	0
4732	2
4733	0
4734	0
4735	0
4736	0
4737	0
4738	0
4739	0
4740	0
4741	0
4742	0
4743	0
4744	0
4745	0
4746	1
4747	0
4748	1
4749	0
4750	0
4751	0
4752	0
4753	0
4754	0
4755	0
4756	0
4757	0
4758	0
4759	0
4760	0
4761	0
4762	0
4763	0
4764	0
4765	0
4766	0
4767	1
4768	0
4769	1
4770	0
4771	0
4772	0
4773	0
4774	1
4775	0
4776	1
4777	0
4778	0
4779	0
4780	0
4781	1
4782	0
4783	0
4784	0
4785	0
4786	0
4787	0
4788	0
4789	0
4790	0
4791	0
4792	0
4793	0
4794	0
4795	1
4796	0
4797	0
4798	0
4799	0
4800	1
4801	0
4802	0
4803	0
4804	0
4805	1
4806	0
4807	1
4808	1
4809	0
4810	0
4811	0
4812	0
4813	0
4814	0
4815	0
4816	0
4817	0
4818	1
4819	0
4820	0
4821	0
4822	0
4823	0
4824	0
4825	1
4826	0
4827	0
4828	0
4829	0
4830	0
4831	1
4832	0
4833	0
4834	0
4835	0
4836	0
4837	0
4838	1
4839	0
4840	0
4841	0
4842	0
4843	0
4844	0
4845	0
4846	0
4847	0
4848	0
4849	0
4850	1
4851	1
4852	0
4853	0
4854	0
4855	0
4856	1
4857	0
4858	0
4859	0
4860	0
4861	0
4862	1
4863	0
4864	0
4865	0
4866	1
4867	0
4868	0
4869	0
4870	0
4871	0
4872	0
4873	0
4874	0
4875	0
4876	0
4877	2
4878	0
4879	0
4880	0
4881	0
4882	0
4883	0
4884	0
4885	0
4886	1
4887	0
4888	0
4889	0
4890	0
4891	0
4892	0
4893	1
4894	0
4895	0
4896	0
4897	1
4898	0
4899	0
4900	0
4901	0
4902	0
4903	1
4904	0
4905	0
4906	0
4907	0
4908	0
4909	0
4910	0
4911	0
4912	0
4913	0
4914	0
4915	0
4916	0
4917	0
4918	0
4919	1
4920	0
4921	0
4922	0
4923	0
4924	0
4925	0
4926	1
4927	0
4928	0
4929	1
4930	0
4931	0
4932	0
4933	0
4934	0
4935	0
4936	0
4937	0
4938	0
4939	0
4940	0
4941	0
4942	0
4943	0
4944	0
4945	0
4946	0
4947	0
4948	0
4949	0
4950	0
4951	0
4952	0
4953	1
4954	0
4955	0
4956	0
4957	0
4958	0
4959	0
4960	0
4961	0
4962	0
4963	0
4964	0
4965	0
4966	1
4967	0
4968	0
4969	0
4970	0
4971	1
4972	0
4973	0
4974	0
4975	0
4976	0
4977	0
4978	0
4979	0
4980	0
4981	0
4982	0
4983	1
4984	0
4985	0
4986	2
4987	0
4988	0
4989	0
4990	1
4991	0
4992	0
4993	0
4994	0
4995	0
4996	0
4997	0
4998	0
4999	0
5000	0
5001	0
5002	0
5003	0
5004	0
5005	0
5006	0
5007	0
5008	0
5009	0
5010	1
5011	0
5012	0
5013	0
5014	0
5015	0
5016	0
5017	0
5018	0
5019	0
5020	1
5021	0
5022	0
5023	0
5024	0
5025	1
5026	0
5027	0
5028	0
5029	0
5030	0
5031	1
5032	0
5033	0
5034	0
5035	0
5036	0
5037	0
5038	0
5039	0
5040	0
5041	0
5042	0
5043	0
5044	0
5045	0
5046	0
5047	0
5048	0
5049	0
5050	0
5051	0
5052	0
5053	0
5054	0
5055	0
5056	0
5057	0
5058	0
5059	1
5060	0
5061	0
5062	1
5063	0
5064	0
5065	0
5066	0
5067	1
5068	0
5069	0
5070	1
5071	3
5072	0
5073	0
5074	1
5075	0
5076	1
5077	0
5078	0
5079	0
5080	0
5081	0
5082	0
5083	1
5084	0
5085	0
5086	1
5087	0
5088	0
5089	0
5090	0
5091	0
5092	0
5093	0
5094	0
5095	0
5096	0
5097	0
5098	0
5099	0
5100	0
5101	0
5102	0
5103	1
5104	0
5105	0
5106	1
5107	0
5108	0
5109	0
5110	1
5111	0
5112	0
5113	0
5114	0
5115	0
5116	0
5117	0
5118	0
5119	0
5120	0
5121	0
5122	0
5123	0
5124	1
5125	0
5126	1
5127	0
5128	0
5129	0
5130	0
5131	0
5132	0
5133	0
5134	0
5135	1
5136	0
5137	0
5138	0
5139	1
5140	0
5141	0
5142	0
5143	1
5144	0
5145	0
5146	0
5147	0
5148	0
5149	0
5150	1
5151	0
5152	1
5153	1
5154	0
5155	0
5156	0
5157	0
5158	0
5159	0
5160	0
5161	0
5162	0
5163	0
5164	0
5165	0
5166	0
5167	0
5168	1
5169	0
5170	0
5171	0
5172	0
5173	0
5174	0
5175	1
5176	1
5177	0
5178	0
5179	0
5180	0
5181	0
5182	0
5183	0
5184	0
5185	0
5186	0
5187	0
5188	0
5189	0
5190	0
5191	0
5192	0
5193	0
5194	0
5195	0
5196	0
5197	0
5198	0
5199	1
5200	0
5201	0
5202	1
5203	1
5204	0
5205	0
5206	0
5207	0
5208	0
5209	0
5210	0
5211	0
5212	1
5213	0
5214	0
5215	0
5216	0
5217	0
5218	0
5219	2
5220	0
5221	0
5222	0
5223	0
5224	0
5225	0
5226	0
5227	1
5228	0
5229	0
5230	1
5231	0
5232	0
5233	0
5234	0
5235	0
5236	0
5237	0
5238	0
5239	0
5240	0
5241	0
5242	0
5243	0
5244	0
5245	1
5246	0
5247	0
5248	0
5249	0
5250	0
5251	0
5252	0
5253	0
5254	0
5255	0
5256	0
5257	0
5258	1
5259	0
5260	0
5261	0
5262	1
5263	1
5264	0
5265	0
5266	0
5267	0
5268	0
5269	0
5270	0
5271	0
5272	0
5273	0
5274	0
5275	0
5276	0
5277	2
5278	0
5279	0
5280	0
5281	1
5282	0
5283	0
5284	0
5285	0
5286	0
5287	0
5288	0
5289	0
5290	0
5291	1
5292	0
5293	0
5294	0
5295	1
5296	0
5297	0
5298	0
5299	0
5300	0
5301	0
5302	0
5303	1
5304	0
5305	0
5306	0
5307	0
5308	0
5309	1
5310	0
5311	0
5312	0
5313	0
5314	0
5315	0
5316	0
5317	0
5318	0
5319	0
5320	0
5321	0
5322	0
5323	1
5324	0
5325	0
5326	0
5327	0
5328	0
5329	0
5330	0
5331	0
5332	0
5333	0
5334	0
5335	0
5336	0
5337	0
5338	0
5339	0
5340	0
5341	0
5342	0
5343	0
5344	0
5345	0
5346	0
5347	0
5348	1
5349	0
5350	0
5351	0
5352	0
5353	0
5354	0
5355	0
5356	0
5357	0
5358	0
5359	0
5360	0
5361	0
5362	0
5363	2
5364	0
5365	0
5366	0
5367	1
5368	0
5369	0
5370	1
5371	0
5372	0
5373	0
5374	0
5375	0
5376	0
5377	0
5378	0
5379	0
5380	0
5381	0
5382	0
5383	0
5384	0
5385	0
5386	0
5387	0
5388	0
5389	0
5390	0
5391	1
5392	0
5393	0
5394	0
5395	0
5396	1
5397	0
5398	0
5399	0
5400	0
5401	0
5402	0
5403	0
5404	0
5405	0
5406	1
5407	0
5408	2
5409	1
5410	1
5411	0
5412	0
5413	0
5414	0
5415	0
5416	0
5417	0
5418	0
5419	0
5420	0
5421	0
5422	0
5423	0
5424	1
5425	0
5426	0
5427	0
5428	0
5429	0
5430	0
5431	1
5432	0
5433	0
5434	0
5435	0
5436	0
5437	1
5438	0
5439	0
5440	0
5441	0
5442	0
5443	0
5444	0
5445	1
5446	0
5447	0
5448	0
5449	0
5450	0
5451	0
5452	0
5453	0
5454	0
5455	0
5456	1
5457	0
5458	0
5459	0
5460	0
5461	0
5462	0
5463	0
5464	0
5465	0
5466	0
5467	0
5468	0
5469	0
5470	0
5471	0
5472	0
5473	0
5474	0
5475	0
5476	0
5477	0
5478	0
5479	0
5480	0
5481	0
5482	0
5483	0
5484	0
5485	0
5486	0
5487	0
5488	0
5489	0
5490	0
5491	0
5492	1
5493	0
5494	0
5495	0
5496	0
5497	0
5498	0
5499	0
5500	1
5501	0
5502	0
5503	0
5504	0
5505	0
5506	1
5507	0
5508	0
5509	0
5510	0
5511	0
5512	0
5513	0
5514	0
5515	0
5516	0
5517	0
5518	0
5519	0
5520	0
5521	0
5522	0
5523	0
5524	0
5525	0
5526	0
5527	1
5528	0
5529	0
5530	0
5531	1
5532	0
5533	0
5534	0
5535	0
5536	0
5537	0
5538	0
5539	0
5540	0
5541	0
5542	0
5543	0
5544	0
5545	0
5546	0
5547	0
5548	0
5549	1
5550	0
5551	0
5552	0
5553	1
5554	0
5555	1
5556	1
5557	0
5558	0
5559	1
5560	0
5561	0
5562	1
5563	0
5564	0
5565	0
5566	0
5567	0
5568	0
5569	0
5570	1
5571	0
5572	0
5573	0
5574	1
5575	0
5576	0
5577	0
5578	0
5579	0
5580	1
5581	0
5582	0
5583	1
5584	0
5585	0
5586	0
5587	0
5588	0
5589	0
5590	0
5591	0
5592	0
5593	0
5594	0
5595	1
5596	0
5597	0
5598	1
5599	0
5600	0
5601	0
5602	1
5603	0
5604	0
5605	0
5606	1
5607	0
5608	0
5609	0
5610	0
5611	0
5612	0
5613	0
5614	0
5615	0
5616	0
5617	0
5618	0
5619	0
5620	0
5621	0
5622	0
5623	1
5624	2
5625	0
5626	0
5627	0
5628	0
5629	0
5630	0
5631	0
5632	0
5633	1
5634	0
5635	0
5636	0
5637	1
5638	0
5639	0
5640	0
5641	0
5642	0
5643	0
5644	1
5645	0
5646	0
5647	0
5648	0
5649	0
5650	1
5651	0
5652	0
5653	1
5654	0
5655	0
5656	0
5657	1
5658	0
5659	0
5660	0
5661	0
5662	0
5663	1
5664	1
5665	1
5666	0
5667	0
5668	1
5669	0
5670	0
5671	0
5672	0
5673	0
5674	0
5675	1
5676	1
5677	1
5678	0
5679	0
5680	0
5681	0
5682	0
5683	0
5684	0
5685	0
5686	2
5687	0
5688	0
5689	0
5690	0
5691	0
5692	0
5693	0
5694	0
5695	1
5696	0
5697	0
5698	0
5699	0
5700	0
5701	0
5702	1
5703	1
5704	0
5705	0
5706	0
5707	0
5708	0
5709	0
5710	0
5711	0
5712	0
5713	0
5714	0
5715	0
5716	0
5717	0
5718	0
5719	0
5720	0
5721	0
5722	0
5723	0
5724	1
5725	0
5726	0
5727	0
5728	0
5729	0
5730	0
5731	0
5732	0
5733	0
5734	0
5735	0
5736	0
5737	0
5738	0
5739	1
5740	0
5741	0
5742	0
5743	0
5744	0
5745	1
5746	1
5747	0
5748	0
5749	0
5750	0
5751	0
5752	1
5753	0
5754	0
5755	1
5756	0
5757	0
5758	0
5759	0
5760	0
5761	0
5762	0
5763	0
5764	0
5765	0
5766	0
5767	0
5768	0
5769	0
5770	0
5771	0
5772	0
5773	0
5774	0
5775	0
5776	0
5777	0
5778	0
5779	1
5780	0
5781	0
5782	1
5783	0
5784	0
5785	0
5786	0
5787	0
5788	1
5789	0
5790	0
5791	0
5792	0
5793	0
5794	0
5795	0
5796	0
5797	0
5798	0
5799	0
5800	0
5801	0
5802	0
5803	0
5804	0
5805	0
5806	0
5807	0
5808	0
5809	0
5810	0
5811	0
5812	0
5813	0
5814	0
5815	0
5816	0
5817	0
5818	0
5819	0
5820	1
5821	0
5822	0
5823	0
5824	0
5825	1
5826	0
5827	0
5828	1
5829	0
5830	1
5831	1
5832	0
5833	0
5834	0
5835	0
5836	1
5837	1
5838	0
5839	0
5840	1
5841	0
5842	0
5843	1
5844	0
5845	1
5846	0
5847	0
5848	0
5849	0
5850	0
5851	0
5852	0
5853	0
5854	0
5855	0
5856	0
5857	0
5858	0
5859	0
5860	0
5861	0
5862	0
5863	0
5864	0
5865	1
5866	0
5867	0
5868	0
5869	0
5870	0
5871	1
5872	0
5873	0
5874	1
5875	0
5876	1
5877	1
5878	0
5879	0
5880	0
5881	0
5882	0
5883	0
5884	0
5885	0
5886	0
5887	0
5888	0
5889	0
5890	0
5891	0
5892	0
5893	0
5894	0
5895	1
5896	0
5897	0
5898	0
5899	0
5900	0
5901	0
5902	0
5903	0
5904	1
5905	0
5906	0
5907	0
5908	0
5909	0
5910	0
5911	0
5912	0
5913	0
5914	0
5915	0
5916	0
5917	0
5918	0
5919	0
5920	0
5921	0
5922	0
5923	0
5924	0
5925	0
5926	0
5927	1
5928	0
5929	0
5930	0
5931	0
5932	0
5933	0
5934	1
5935	0
5936	1
5937	0
5938	0
5939	1
5940	0
5941	0
5942	0
5943	0
5944	0
5945	1
5946	0
5947	0
5948	0
5949	0
5950	0
5951	0
5952	0
5953	0
5954	0
5955	0
5956	0
5957	0
5958	0
5959	0
5960	0
5961	1
5962	0
5963	0
5964	0
5965	0
5966	0
5967	0
5968	1
5969	1
5970	0
5971	0
5972	0
5973	0
5974	0
5975	0
5976	0
5977	0
5978	0
5979	0
5980	0
5981	0
5982	0
5983	0
5984	0
5985	0
5986	0
5987	0
5988	1
5989	0
5990	0
5991	0
5992	0
5993	0
5994	1
5995	1
5996	0
5997	0
5998	1
5999	0
6000	0
6001	0
6002	0
6003	1
6004	0
6005	0
6006	0
6007	0
6008	0
6009	0
6010	0
6011	0
6012	1
6013	0
6014	0
6015	0
6016	0
6017	0
6018	0
6019	0
6020	0
6021	0
6022	0
6023	0
6024	0
6025	0
6026	0
6027	0
6028	0
6029	1
6030	0
6031	0
6032	0
6033	0
6034	0
6035	0
6036	0
6037	0
6038	0
6039	0
6040	0
6041	0
6042	0
6043	0
6044	0
6045	0
6046	0
6047	0
6048	1
6049	0
6050	0
6051	0
6052	0
6053	0
6054	0
6055	0
6056	0
6057	0
6058	0
6059	0
6060	0
6061	0
6062	0
6063	0
6064	0
6065	0
6066	1
6067	0
6068	0
6069	0
6070	1
6071	0
6072	0
6073	0
6074	0
6075	0
6076	0
6077	0
6078	0
6079	0
6080	0
6081	0
6082	0
6083	0
6084	0
6085	0
6086	1
6087	0
6088	0
6089	0
6090	0
6091	0
6092	0
6093	0
6094	0
6095	0
6096	0
6097	0
6098	0
6099	0
6100	0
6101	0
6102	0
6103	0
6104	1
6105	0
6106	0
6107	0
6108	0
6109	0
6110	0
6111	1
6112	0
6113	0
6114	0
6115	0
6116	0
6117	1
6118	0
6119	0
6120	0
6121	0
6122	0
6123	1
6124	0
6125	0
6126	0
6127	0
6128	0
6129	0
6130	0
6131	0
6132	0
6133	0
6134	0
6135	0
6136	1
6137	0
6138	0
6139	0
6140	0
6141	0
6142	0
6143	0
6144	0
6145	1
6146	0
6147	0
6148	0
6149	0
6150	0
6151	0
6152	0
6153	0
6154	0
6155	0
6156	0
6157	0
6158	0
6159	0
6160	0
6161	0
6162	0
6163	0
6164	0
6165	0
6166	0
6167	0
6168	0
6169	0
6170	0
6171	0
6172	0
6173	0
6174	0
6175	0
6176	0
6177	0
6178	1
6179	0
6180	0
6181	0
6182	0
6183	0
6184	0
6185	0
6186	0
6187	0
6188	0
6189	0
6190	0
6191	0
6192	0
6193	1
6194	0
6195	1
6196	0
6197	0
6198	0
6199	0
6200	0
6201	0
6202	1
6203	0
6204	0
6205	1
6206	0
6207	1
6208	0
6209	0
6210	0
6211	0
6212	0
6213	1
6214	1
6215	0
6216	0
6217	0
6218	0
6219	0
6220	0
6221	0
6222	0
6223	0
6224	1
6225	1
6226	0
6227	0
6228	0
6229	0
6230	0
6231	0
6232	0
6233	0
6234	0
6235	0
6236	0
6237	0
6238	1
6239	1
6240	0
6241	0
6242	0
6243	0
6244	0
6245	2
6246	0
6247	0
6248	0
6249	0
6250	0
6251	0
6252	0
6253	0
6254	0
6255	0
6256	0
6257	1
6258	0
6259	0
6260	0
6261	0
6262	0
6263	0
6264	1
6265	0
6266	0
6267	0
6268	1
6269	0
6270	0
6271	1
6272	0
6273	0
6274	0
6275	0
6276	1
6277	0
6278	0
6279	0
6280	0
6281	0
6282	0
6283	0
6284	0
6285	0
6286	0
6287	0
6288	0
6289	0
6290	0
6291	0
6292	0
6293	1
6294	0
6295	0
6296	0
6297	0
6298	0
6299	0
6300	0
6301	0
6302	0
6303	0
6304	0
6305	0
6306	0
6307	0
6308	0
6309	0
6310	0
6311	0
6312	0
6313	0
6314	0
6315	0
6316	0
6317	0
6318	0
6319	0
6320	0
6321	0
6322	0
6323	1
6324	1
6325	0
6326	0
6327	0
6328	0
6329	0
6330	0
6331	0
6332	0
6333	0
6334	0
6335	0
6336	0
6337	0
6338	0
6339	0
6340	0
6341	0
6342	0
6343	0
6344	0
6345	0
6346	0
6347	0
6348	0
6349	0
6350	0
6351	0
6352	0
6353	0
6354	0
6355	0
6356	0
6357	0
6358	0
6359	0
6360	0
6361	1
6362	0
6363	0
6364	1
6365	0
6366	1
6367	1
6368	0
6369	0
6370	0
6371	0
6372	0
6373	0
6374	0
6375	0
6376	0
6377	0
6378	0
6379	0
6380	0
6381	0
6382	0
6383	0
6384	0
6385	0
6386	0
6387	0
6388	0
6389	0
6390	0
6391	0
6392	0
6393	0
6394	1
6395	0
6396	0
6397	0
6398	0
6399	0
6400	0
6401	0
6402	0
6403	0
6404	0
6405	0
6406	2
6407	0
6408	0
6409	1
6410	0
6411	0
6412	0
6413	1
6414	0
6415	0
6416	0
6417	0
6418	0
6419	0
6420	1
6421	0
6422	0
6423	0
6424	0
6425	0
6426	0
6427	0
6428	0
6429	0
6430	0
6431	0
6432	0
6433	0
6434	0
6435	0
6436	0
6437	0
6438	0
6439	0
6440	0
6441	0
6442	0
6443	0
6444	0
6445	0
6446	1
6447	0
6448	0
6449	0
6450	0
6451	0
6452	0
6453	0
6454	0
6455	0
6456	0
6457	0
6458	1
6459	0
6460	0
6461	0
6462	0
6463	0
6464	0
6465	0
6466	0
6467	0
6468	0
6469	0
6470	0
6471	0
6472	0
6473	0
6474	0
6475	0
6476	0
6477	0
6478	0
6479	0
6480	0
6481	0
6482	0
6483	0
6484	0
6485	0
6486	0
6487	0
6488	0
6489	0
6490	0
6491	0
6492	0
6493	0
6494	0
6495	0
6496	0
6497	0
6498	0
6499	0
6500	0
6501	0
6502	0
6503	0
6504	0
6505	0
6506	0
6507	0
6508	0
6509	0
6510	0
6511	0
6512	1
6513	0
6514	0
6515	0
6516	0
6517	0
6518	0
6519	0
6520	0
6521	0
6522	0
6523	0
6524	1
6525	0
6526	0
6527	0
6528	0
6529	0
6530	0
6531	1
6532	0
6533	0
6534	0
6535	0
6536	0
6537	0
6538	0
6539	0
6540	0
6541	0
6542	0
6543	0
6544	1
6545	0
6546	1
6547	0
6548	0
6549	0
6550	0
6551	0
6552	0
6553	0
6554	0
6555	1
6556	0
6557	0
6558	1
6559	0
6560	0
6561	0
6562	0
6563	1
6564	1
6565	1
6566	1
6567	0
6568	0
6569	0
6570	0
6571	0
6572	1
6573	0
6574	0
6575	0
6576	0
6577	0
6578	0
6579	1
6580	1
6581	0
6582	1
6583	0
6584	0
6585	0
6586	0
6587	0
6588	0
6589	0
6590	1
6591	0
6592	0
6593	0
6594	0
6595	0
6596	0
6597	0
6598	0
6599	0
6600	0
6601	0
6602	0
6603	0
6604	0
6605	1
6606	0
6607	0
6608	0
6609	0
6610	0
6611	0
6612	0
6613	0
6614	0
6615	0
6616	0
6617	0
6618	0
6619	0
6620	0
6621	0
6622	0
6623	0
6624	0
6625	0
6626	0
6627	0
6628	0
6629	0
6630	0
6631	0
6632	0
6633	0
6634	0
6635	0
6636	0
6637	0
6638	0
6639	0
6640	0
6641	0
6642	1
6643	0
6644	0
6645	0
6646	0
6647	0
6648	1
6649	0
6650	0
6651	0
6652	0
6653	1
6654	0
6655	1
6656	0
6657	0
6658	0
6659	0
6660	0
6661	1
6662	0
6663	0
6664	0
6665	0
6666	0
6667	0
6668	0
6669	0
6670	0
6671	0
6672	0
6673	0
6674	0
6675	0
6676	0
6677	0
6678	1
6679	0
6680	0
6681	0
6682	0
6683	0
6684	0
6685	0
6686	1
6687	0
6688	0
6689	0
6690	1
6691	0
6692	1
6693	0
6694	0
6695	0
6696	0
6697	0
6698	0
6699	1
6700	0
6701	0
6702	0
6703	0
6704	0
6705	0
6706	0
6707	0
6708	0
6709	0
6710	0
6711	0
6712	0
6713	0
6714	0
6715	0
6716	0
6717	0
6718	0
6719	0
6720	0
6721	1
6722	0
6723	0
6724	0
6725	1
6726	0
6727	0
6728	0
6729	0
6730	0
6731	0
6732	0
6733	0
6734	1
6735	0
6736	0
6737	0
6738	0
6739	0
6740	1
6741	0
6742	0
6743	0
6744	0
6745	0
6746	0
6747	0
6748	0
6749	1
6750	0
6751	0
6752	0
6753	0
6754	0
6755	0
6756	0
6757	0
6758	0
6759	0
6760	0
6761	1
6762	0
6763	0
6764	0
6765	0
6766	0
6767	0
6768	0
6769	1
6770	0
6771	1
6772	1
6773	0
6774	0
6775	0
6776	0
6777	0
6778	0
6779	1
6780	0
6781	0
6782	0
6783	0
6784	0
6785	0
6786	0
6787	0
6788	1
6789	0
6790	0
6791	0
6792	0
6793	0
6794	0
6795	0
6796	0
6797	0
6798	1
6799	0
6800	0
6801	0
6802	0
6803	0
6804	0
6805	0
6806	1
6807	0
6808	0
6809	0
6810	0
6811	0
6812	0
6813	0
6814	0
6815	0
6816	0
6817	0
6818	0
6819	0
6820	0
6821	1
6822	0
6823	0
6824	1
6825	0
6826	0
6827	1
6828	0
6829	0
6830	0
6831	0
6832	0
6833	0
6834	0
6835	1
6836	0
6837	0
6838	1
6839	0
6840	2
6841	1
6842	0
6843	0
6844	0
6845	0
6846	0
6847	0
6848	0
6849	0
6850	0
6851	0
6852	0
6853	0
6854	1
6855	0
6856	0
6857	0
6858	0
6859	0
6860	0
6861	1
6862	0
6863	0
6864	0
6865	0
6866	0
6867	0
6868	0
6869	0
6870	0
6871	0
6872	0
6873	0
6874	0
6875	1
6876	0
6877	1
6878	0
6879	0
6880	0
6881	0
6882	0
6883	0
6884	0
6885	0
6886	0
6887	0
6888	0
6889	0
6890	0
6891	0
6892	0
6893	0
6894	1
6895	0
6896	0
6897	0
6898	0
6899	0
6900	0
6901	1
6902	0
6903	1
6904	0
6905	0
6906	1
6907	0
6908	0
6909	0
6910	0
6911	0
6912	0
6913	0
6914	0
6915	0
6916	0
6917	0
6918	0
6919	1
6920	0
6921	0
6922	1
6923	0
6924	0
6925	0
6926	0
6927	0
6928	0
6929	0
6930	0
6931	0
6932	0
6933	0
6934	0
6935	0
6936	0
6937	0
6938	0
6939	0
6940	1
6941	0
6942	0
6943	0
6944	0
6945	0
6946	0
6947	0
6948	0
6949	1
6950	0
6951	0
6952	0
6953	0
6954	0
6955	1
6956	0
6957	0
6958	0
6959	0
6960	0
6961	0
6962	1
6963	0
6964	1
6965	0
6966	0
6967	0
6968	0
6969	0
6970	1
6971	0
6972	0
6973	0
6974	0
6975	0
6976	0
6977	0
6978	1
6979	0
6980	0
6981	0
6982	0
6983	0
6984	0
6985	0
6986	0
6987	0
6988	0
6989	0
6990	0
6991	0
6992	0
6993	0
6994	0
6995	0
6996	0
6997	0
6998	1
6999	0
7000	0
7001	0
7002	0
7003	1
7004	0
7005	0
7006	0
7007	0
7008	0
7009	0
7010	0
7011	0
7012	0
7013	0
7014	0
7015	1
7016	0
7017	0
7018	0
7019	0
7020	0
7021	0
7022	0
7023	1
7024	0
7025	0
7026	0
7027	0
7028	0
7029	0
7030	0
7031	0
7032	0
7033	1
7034	0
7035	0
7036	0
7037	0
7038	0
7039	0
7040	0
7041	0
7042	0
7043	0
7044	2
7045	0
7046	0
7047	0
7048	0
7049	0
7050	0
7051	0
7052	0
7053	0
7054	0
7055	1
7056	0
7057	1
7058	0
7059	0
7060	1
7061	0
7062	0
7063	0
7064	1
7065	0
7066	0
7067	0
7068	0
7069	0
7070	0
7071	0
7072	0
7073	0
7074	0
7075	0
7076	0
7077	0
7078	0
7079	0
7080	0
7081	0
7082	0
7083	0
7084	0
7085	0
7086	0
7087	0
7088	0
7089	0
7090	0
7091	0
7092	0
7093	0
7094	0
7095	0
7096	0
7097	0
7098	0
7099	0
7100	0
7101	0
7102	0
7103	0
7104	0
7105	0
7106	0
7107	0
7108	0
7109	1
7110	0
7111	0
7112	1
7113	0
7114	0
7115	0
7116	0
7117	0
7118	0
7119	0
7120	0
7121	0
7122	0
7123	0
7124	0
7125	0
7126	1
7127	0
7128	0
7129	0
7130	0
7131	0
7132	0
7133	0
7134	0
7135	0
7136	0
7137	0
7138	1
7139	0
7140	0
7141	0
7142	0
7143	0
7144	1
7145	0
7146	0
7147	0
7148	0
7149	0
7150	0
7151	0
7152	0
7153	0
7154	0
7155	0
7156	0
7157	0
7158	0
7159	0
7160	0
7161	0
7162	0
7163	0
7164	0
7165	0
7166	0
7167	1
7168	0
7169	0
7170	0
7171	0
7172	0
7173	0
7174	0
7175	0
7176	0
7177	0
7178	0
7179	0
7180	0
7181	0
7182	0
7183	0
7184	0
7185	0
7186	1
7187	0
7188	0
7189	0
7190	0
7191	0
7192	0
7193	1
7194	0
7195	0
7196	0
7197	0
7198	0
7199	0
7200	0
7201	1
7202	0
7203	0
7204	0
7205	0
7206	1
7207	0
7208	0
7209	0
7210	1
7211	0
7212	0
7213	0
7214	0
7215	0
7216	0
7217	1
7218	0
7219	1
7220	0
7221	0
7222	0
7223	0
7224	0
7225	0
7226	0
7227	0
7228	1
7229	0
7230	0
7231	0
7232	0
7233	1
7234	0
7235	0
7236	1
7237	0
7238	0
7239	0
7240	0
7241	0
7242	0
7243	0
7244	0
7245	0
7246	0
7247	0
7248	0
7249	0
7250	0
7251	0
7252	0
7253	0
7254	0
7255	1
7256	2
7257	0
7258	0
7259	0
7260	0
7261	0
7262	0
7263	0
7264	0
7265	0
7266	0
7267	1
7268	0
7269	0
7270	0
7271	0
7272	1
7273	0
7274	0
7275	0
7276	0
7277	0
7278	0
7279	0
7280	0
7281	0
7282	0
7283	0
7284	0
7285	0
7286	0
7287	0
7288	0
7289	0
7290	1
7291	0
7292	0
7293	0
7294	0
7295	0
7296	0
7297	0
7298	0
7299	0
7300	0
7301	0
7302	1
7303	0
7304	0
7305	0
7306	0
7307	0
7308	0
7309	0
7310	0
7311	0
7312	0
7313	0
7314	0
7315	0
7316	0
7317	0
7318	0
7319	1
7320	0
7321	0
7322	0
7323	0
7324	0
7325	0
7326	1
7327	0
7328	0
7329	0
7330	0
7331	0
7332	0
7333	0
7334	0
7335	0
7336	0
7337	0
7338	0
7339	0
7340	0
7341	0
7342	0
7343	0
7344	0
7345	0
7346	0
7347	0
7348	0
7349	0
7350	1
7351	0
7352	0
7353	1
7354	0
7355	0
7356	0
7357	0
7358	0
7359	0
7360	0
7361	0
7362	0
7363	0
7364	0
7365	0
7366	0
7367	0
7368	0
7369	0
7370	0
7371	1
7372	0
7373	0
7374	0
7375	0
7376	0
7377	0
7378	0
7379	0
7380	0
7381	0
7382	1
7383	0
7384	0
7385	1
7386	0
7387	0
7388	0
7389	0
7390	0
7391	0
7392	0
7393	0
7394	1
7395	0
7396	2
7397	0
7398	0
7399	0
7400	0
7401	0
7402	0
7403	1
7404	0
7405	0
7406	0
7407	0
7408	0
7409	0
7410	0
7411	0
7412	0
7413	0
7414	0
7415	0
7416	0
7417	0
7418	0
7419	0
7420	0
7421	0
7422	0
7423	0
7424	0
7425	0
7426	0
7427	0
7428	0
7429	0
7430	0
7431	0
7432	0
7433	0
7434	0
7435	0
7436	0
7437	0
7438	0
7439	0
7440	0
7441	0
7442	0
7443	0
7444	0
7445	0
7446	0
7447	0
7448	0
7449	1
7450	0
7451	0
7452	1
7453	0
7454	0
7455	0
7456	0
7457	1
7458	0
7459	0
7460	0
7461	0
7462	0
7463	0
7464	1
7465	0
7466	0
7467	0
7468	0
7469	0
7470	0
7471	0
7472	0
7473	0
7474	0
7475	0
7476	1
7477	0
7478	0
7479	0
7480	1
7481	0
7482	0
7483	0
7484	0
7485	0
7486	0
7487	1
7488	2
7489	0
7490	0
7491	0
7492	0
7493	0
7494	0
7495	1
7496	0
7497	0
7498	1
7499	0
7500	0
7501	0
7502	0
7503	0
7504	0
7505	0
7506	1
7507	1
7508	0
7509	0
7510	0
7511	0
7512	1
7513	0
7514	1
7515	0
7516	0
7517	0
7518	0
7519	0
7520	0
7521	0
7522	0
7523	0
7524	0
7525	0
7526	0
7527	0
7528	0
7529	0
7530	0
7531	0
7532	0
7533	0
7534	0
7535	0
7536	0
7537	0
7538	0
7539	0
7540	0
7541	0
7542	0
7543	0
7544	0
7545	0
7546	0
7547	0
7548	0
7549	0
7550	0
7551	0
7552	0
7553	0
7554	0
7555	0
7556	0
7557	0
7558	0
7559	0
7560	0
7561	0
7562	0
7563	0
7564	0
7565	0
7566	0
7567	0
7568	0
7569	0
7570	0
7571	0
7572	0
7573	0
7574	0
7575	0
7576	0
7577	0
7578	0
7579	0
7580	0
7581	0
7582	0
7583	0
7584	0
7585	0
7586	0
7587	0
7588	0
7589	0
7590	0
7591	0
7592	0
7593	0
7594	0
7595	0
7596	0
7597	0
7598	0
7599	0
7600	0
7601	0
7602	0
7603	0
7604	0
7605	0
7606	0
7607	0
7608	0
7609	0
7610	0
7611	0
7612	0
7613	0
7614	0
7615	0
7616	0
7617	0
7618	0
7619	0
7620	0
7621	0
7622	0
7623	0
7624	0
7625	0
7626	0
7627	0
7628	0
7629	0
7630	0
7631	0
7632	0
7633	0
7634	0
7635	0
7636	0
7637	0
7638	0
7639	0
7640	0
7641	0
7642	0
7643	0
7644	0
7645	0
7646	0
7647	0
7648	0
7649	0
7650	0
7651	0
7652	0
7653	0
7654	0
7655	0
7656	0
7657	0
7658	0
7659	0
7660	0
7661	0
7662	0
7663	0
7664	0
7665	0
7666	0
7667	0
7668	0
7669	0
7670	0
7671	0
7672	0
7673	0
7674	0
7675	0
7676	0
7677	0
7678	0
7679	0
7680	0
7681	0
7682	0
7683	0
7684	0
7685	0
7686	0
7687	0
7688	0
7689	0
7690	0
7691	0
7692	0
7693	0
7694	0
7695	0
7696	0
7697	0
7698	0
7699	0
7700	0
7701	0
7702	0
7703	0
7704	0
7705	0
7706	0
7707	0
7708	0
7709	0
7710	0
7711	0
7712	0
7713	0
7714	0
7715	0
7716	0
7717	0
7718	0
7719	0
7720	0
7721	0
7722	0
7723	0
7724	0
7725	0
7726	0
7727	0
7728	0
7729	0
7730	0
7731	0
7732	0
7733	0
7734	0
7735	0
7736	0
7737	0
7738	0
7739	0
7740	0
7741	0
7742	0
7743	0
7744	0
7745	0
7746	0
7747	0
7748	0
7749	0
7750	0
7751	0
7752	0
7753	0
7754	0
7755	0
7756	0
7757	0
7758	0
7759	0
7760	0
7761	0
7762	0
7763	0
7764	0
7765	0
7766	0
7767	0
7768	0
7769	0
7770	0
7771	0
7772	0
7773	0
7774	0
7775	0
7776	0
7777	0
7778	0
7779	0
7780	0
7781	0
7782	0
7783	0
7784	0
7785	0
7786	0
7787	0
7788	0
7789	0
7790	0
7791	0
7792	0
7793	0
7794	0
7795	0
7796	0
7797	0
7798	0
7799	0
7800	0
7801	0
7802	0
7803	0
7804	0
7805	0
7806	0
7807	0
7808	0
7809	0
7810	0
7811	0
7812	0
7813	0
7814	0
7815	0
7816	0
7817	0
7818	0
7819	0
7820	0
7821	0
7822	0
7823	0
7824	0
7825	0
7826	0
7827	0
7828	0
7829	0
7830	0
7831	0
7832	0
7833	0
7834	0
7835	0
7836	0
7837	0
7838	0
7839	0
7840	0
7841	0
7842	0
7843	0
7844	0
7845	0
7846	0
7847	0
7848	0
7849	0
7850	0
7851	0
7852	0
7853	0
7854	0
7855	0
7856	0
7857	0
7858	0
7859	0
7860	0
7861	0
7862	0
7863	0
7864	0
7865	0
7866	0
7867	0
7868	0
7869	0
7870	0
7871	0
7872	0
7873	0
7874	0
7875	0
7876	0
7877	0
7878	0
7879	0
7880	0
7881	0
7882	0
7883	0
7884	0
7885	0
7886	0
7887	0
7888	0
7889	0
7890	0
7891	0
7892	0
7893	0
7894	0
7895	0
7896	0
7897	0
7898	0
7899	0
7900	0
7901	0
7902	0
7903	0
7904	0
7905	0
7906	0
7907	0
7908	0
7909	0
7910	0
7911	0
7912	0
7913	0
7914	0
7915	0
7916	0
7917	0
7918	0
7919	0
7920	0
7921	0
7922	0
7923	0
7924	0
7925	0
7926	0
7927	0
7928	0
7929	0
7930	0
7931	0
7932	0
7933	0
7934	0
7935	0
7936	0
7937	0
7938	0
7939	0
7940	0
7941	0
7942	0
7943	0
7944	0
7945	0
7946	0
7947	0
7948	0
7949	0
7950	0
7951	0
7952	0
7953	0
7954	0
7955	0
7956	0
7957	0
7958	0
7959	0
7960	0
7961	0
7962	0
7963	0
7964	0
7965	0
7966	0
7967	0
7968	0
7969	0
7970	0
7971	0
7972	0
7973	0
7974	0
7975	0
7976	0
7977	0
7978	0
7979	0
7980	0
7981	0
7982	0
7983	0
7984	0
7985	0
7986	0
7987	0
7988	0
7989	0
7990	0
7991	0
7992	0
7993	0
7994	0
7995	0
7996	0
7997	0
7998	0
7999	0
8000	0
8001	0
8002	0
8003	0
8004	0
8005	0
8006	0
8007	0
8008	0
8009	0
8010	0
8011	0
8012	0
8013	0
8014	0
8015	0
8016	0
8017	0
8018	0
8019	0
8020	0
8021	0
8022	0
8023	0
8024	0
8025	0
8026	0
8027	0
8028	0
8029	0
8030	0
8031	0
8032	0
8033	0
8034	0
8035	0
8036	0
8037	0
8038	0
8039	0
8040	0
8041	0
8042	0
8043	0
8044	0
8045	0
8046	0
8047	0
8048	0
8049	0
8050	0
8051	0
8052	0
8053	0
8054	0
8055	0
8056	0
8057	0
8058	0
8059	0
8060	0
8061	0
8062	0
8063	0
8064	0
8065	0
8066	0
8067	0
8068	0
8069	0
8070	0
8071	0
8072	0
8073	0
8074	0
8075	0
8076	0
8077	0
8078	0
8079	0
8080	0
8081	0
8082	0
8083	0
8084	0
8085	0
8086	0
8087	0
8088	0
8089	0
8090	0
8091	0
8092	0
8093	0
8094	0
8095	0
8096	0
8097	0
8098	0
8099	0
8100	0
8101	0
8102	0
8103	0
8104	0
8105	0
8106	0
8107	0
8108	0
8109	0
8110	0
8111	0
8112	0
8113	0
8114	0
8115	0
8116	0
8117	0
8118	0
8119	0
8120	0
8121	0
8122	0
8123	0
8124	0
8125	0
8126	0
8127	0
8128	0
8129	0
8130	0
8131	0
8132	0
8133	0
8134	0
8135	0
8136	0
8137	0
8138	0
8139	0
8140	0
8141	0
8142	0
8143	0
8144	0
8145	0
8146	0
8147	0
8148	0
8149	0
8150	0
8151	0
8152	0
8153	0
8154	0
8155	0
8156	0
8157	0
8158	0
8159	0
8160	0
8161	0
8162	0
8163	0
8164	0
8165	0
8166	0
8167	0
8168	0
8169	0
8170	0
8171	0
8172	0
8173	0
8174	0
8175	0
8176	0
8177	0
8178	0
8179	0
8180	0
8181	0
8182	0
8183	0
8184	0
8185	0
8186	0
8187	0
8188	0
8189	0
8190	0
8191	0
