0	3
1	0
2	0
3	0
4	0
5	0
6	0
7	0
8	0
9	0
10	0
11	0
12	1
13	0
14	0
15	0
16	0
17	0
18	0
19	0
20	0
21	0
22	0
23	0
24	0
25	1
26	0
27	0
28	0
29	0
30	0
31	0
32	10
33	8
34	19
35	24
36	25
37	32
38	30
39	38
40	44
41	31
42	34
43	31
44	33
45	36
46	33
47	32
48	27
49	41
50	29
51	26
52	47
53	39
54	39
55	45
56	43
57	43
58	46
59	44
60	38
61	40
62	51
63	44
64	42
65	54
66	52
67	51
68	42
69	56
70	39
71	36
72	49
73	48
74	35
75	48
76	52
77	43
78	56
79	53
80	37
81	51
82	49
83	46
84	45
85	52
86	38
87	32
88	37
89	50
90	55
91	38
92	45
93	39
94	48
95	47
96	49
97	49
98	40
99	56
100	34
101	41
102	50
103	47
104	47
105	42
106	43
107	41
108	50
109	37
110	43
111	51
112	45
113	48
114	28
115	52
116	40
117	40
118	36
119	44
120	46
121	40
122	40
123	35
124	46
125	38
126	47
127	44
128	36
129	44
130	43
131	41
132	43
133	32
134	36
135	53
136	48
137	41
138	47
139	28
140	40
141	48
142	43
143	41
144	41
145	37
146	42
147	42
148	55
149	48
150	41
151	48
152	42
153	46
154	58
155	54
156	51
157	49
158	58
159	51
160	60
161	63
162	46
163	53
164	40
165	57
166	49
167	60
168	54
169	57
170	55
171	67
172	72
173	57
174	60
175	56
176	69
177	53
178	73
179	75
180	50
181	72
182	67
183	57
184	76
185	81
186	63
187	61
188	75
189	62
190	71
191	62
192	90
193	69
194	82
195	69
196	54
197	53
198	74
199	76
200	82
201	76
202	86
203	78
204	72
205	76
206	72
207	77
208	81
209	91
210	102
211	83
212	101
213	78
214	73
215	82
216	81
217	81
218	68
219	94
220	92
221	77
222	84
223	93
224	97
225	71
226	95
227	81
228	93
229	90
230	87
231	93
232	78
233	83
234	87
235	90
236	78
237	103
238	82
239	92
240	79
241	89
242	88
243	92
244	86
245	75
246	78
247	93
248	88
249	97
250	87
251	88
252	85
253	87
254	68
255	76
256	99
257	83
258	79
259	94
260	80
261	80
262	90
263	117
264	101
265	101
266	96
267	82
268	103
269	84
270	86
271	118
272	95
273	98
274	78
275	91
276	81
277	97
278	84
279	115
280	64
281	91
282	102
283	98
284	87
285	87
286	102
287	87
288	78
289	87
290	84
291	93
292	101
293	83
294	74
295	80
296	102
297	86
298	84
299	90
300	81
301	80
302	89
303	85
304	98
305	96
306	84
307	82
308	89
309	73
310	90
311	90
312	90
313	79
314	92
315	103
316	91
317	100
318	96
319	86
320	95
321	98
322	107
323	87
324	80
325	73
326	90
327	102
328	94
329	96
330	106
331	86
332	110
333	106
334	95
335	80
336	79
337	90
338	78
339	95
340	99
341	88
342	92
343	93
344	92
345	101
346	106
347	65
348	85
349	77
350	109
351	120
352	81
353	94
354	90
355	95
356	103
357	83
358	92
359	103
360	93
361	95
362	93
363	81
364	99
365	104
366	97
367	97
368	89
369	91
370	79
371	73
372	95
373	91
374	91
375	79
376	97
377	85
378	85
379	92
380	113
381	82
382	87
383	104
384	97
385	97
386	100
387	83
388	97
389	93
390	82
391	86
392	105
393	82
394	86
395	109
396	86
397	89
398	84
399	95
400	89
401	87
402	96
403	78
404	88
405	96
406	99
407	85
408	86
409	82
410	96
411	102
412	95
413	89
414	104
415	99
416	95
417	99
418	94
419	108
420	82
421	87
422	88
423	97
424	94
425	67
426	103
427	85
428	94
429	90
430	94
431	90
432	86
433	103
434	79
435	70
436	85
437	81
438	85
439	80
440	87
441	97
442	94
443	107
444	114
445	99
446	92
447	82
448	94
449	105
450	115
451	100
452	113
453	99
454	90
455	82
456	92
457	90
458	85
459	88
460	99
461	90
462	90
463	90
464	111
465	100
466	101
467	112
468	104
469	106
470	90
471	90
472	108
473	79
474	79
475	98
476	84
477	97
478	98
479	81
480	95
481	96
482	95
483	94
484	88
485	103
486	100
487	85
488	116
489	92
490	98
491	90
492	105
493	78
494	90
495	95
496	91
497	95
498	110
499	93
500	104
501	104
502	84
503	95
504	85
505	119
506	97
507	96
508	109
509	89
510	86
511	102
512	85
513	99
514	99
515	97
516	103
517	100
518	83
519	101
520	96
521	97
522	101
523	101
524	117
525	111
526	90
527	106
528	95
529	104
530	97
531	87
532	131
533	98
534	101
535	94
536	119
537	100
538	108
539	106
540	110
541	90
542	110
543	89
544	115
545	101
546	126
547	104
548	104
549	108
550	127
551	108
552	110
553	128
554	111
555	113
556	108
557	115
558	99
559	112
560	106
561	112
562	111
563	93
564	109
565	103
566	112
567	99
568	134
569	123
570	140
571	131
572	123
573	113
574	113
575	127
576	121
577	119
578	113
579	126
580	106
581	116
582	129
583	136
584	119
585	133
586	138
587	140
588	135
589	136
590	118
591	136
592	112
593	126
594	133
595	108
596	123
597	123
598	121
599	125
600	143
601	116
602	124
603	123
604	134
605	125
606	129
607	122
608	126
609	118
610	150
611	143
612	147
613	145
614	140
615	133
616	150
617	122
618	136
619	124
620	127
621	133
622	136
623	138
624	148
625	134
626	134
627	137
628	126
629	134
630	142
631	142
632	154
633	137
634	139
635	144
636	151
637	126
638	115
639	130
640	139
641	121
642	166
643	136
644	148
645	147
646	134
647	142
648	134
649	136
650	144
651	131
652	125
653	126
654	113
655	151
656	140
657	122
658	139
659	132
660	141
661	135
662	123
663	126
664	119
665	133
666	128
667	116
668	120
669	131
670	124
671	127
672	121
673	118
674	124
675	135
676	125
677	98
678	116
679	107
680	120
681	120
682	113
683	132
684	116
685	127
686	111
687	121
688	96
689	107
690	110
691	121
692	114
693	115
694	94
695	90
696	117
697	121
698	122
699	127
700	106
701	132
702	105
703	100
704	126
705	110
706	109
707	111
708	99
709	103
710	143
711	108
712	105
713	118
714	99
715	99
716	107
717	91
718	120
719	101
720	95
721	102
722	100
723	101
724	97
725	93
726	80
727	116
728	116
729	105
730	105
731	93
732	102
733	110
734	101
735	96
736	116
737	101
738	109
739	113
740	94
741	106
742	92
743	97
744	108
745	118
746	90
747	117
748	98
749	104
750	86
751	106
752	97
753	96
754	103
755	81
756	102
757	118
758	103
759	100
760	90
761	101
762	88
763	97
764	93
765	94
766	98
767	89
768	104
769	90
770	104
771	93
772	109
773	103
774	104
775	100
776	89
777	97
778	104
779	100
780	107
781	102
782	102
783	119
784	106
785	103
786	103
787	115
788	122
789	104
790	106
791	90
792	99
793	91
794	108
795	126
796	128
797	136
798	120
799	97
800	120
801	117
802	133
803	110
804	115
805	118
806	121
807	125
808	123
809	107
810	124
811	108
812	122
813	112
814	126
815	130
816	121
817	124
818	147
819	136
820	122
821	114
822	128
823	121
824	135
825	138
826	143
827	119
828	137
829	132
830	145
831	127
832	148
833	144
834	151
835	162
836	120
837	172
838	154
839	161
840	141
841	147
842	136
843	154
844	151
845	152
846	147
847	169
848	148
849	162
850	175
851	175
852	175
853	149
854	178
855	178
856	188
857	183
858	176
859	182
860	170
861	186
862	188
863	185
864	197
865	195
866	201
867	203
868	173
869	172
870	197
871	192
872	197
873	188
874	215
875	216
876	209
877	239
878	208
879	205
880	208
881	223
882	210
883	218
884	226
885	228
886	204
887	236
888	226
889	244
890	235
891	222
892	261
893	234
894	270
895	240
896	264
897	258
898	271
899	256
900	236
901	238
902	254
903	274
904	279
905	280
906	284
907	286
908	292
909	302
910	280
911	286
912	260
913	293
914	299
915	310
916	296
917	305
918	295
919	329
920	300
921	311
922	294
923	319
924	329
925	319
926	320
927	301
928	364
929	347
930	310
931	368
932	367
933	322
934	381
935	369
936	343
937	350
938	336
939	294
940	351
941	360
942	363
943	366
944	343
945	363
946	336
947	353
948	353
949	354
950	386
951	358
952	391
953	368
954	414
955	392
956	364
957	369
958	397
959	386
960	394
961	401
962	384
963	397
964	377
965	419
966	383
967	369
968	427
969	466
970	414
971	431
972	406
973	452
974	358
975	437
976	455
977	424
978	406
979	461
980	416
981	445
982	481
983	442
984	477
985	459
986	456
987	434
988	419
989	459
990	444
991	452
992	469
993	445
994	440
995	489
996	485
997	464
998	467
999	488
1000	444
1001	478
1002	465
1003	451
1004	487
1005	513
1006	486
1007	463
1008	490
1009	478
1010	451
1011	470
1012	452
1013	464
1014	484
1015	480
1016	532
1017	444
1018	485
1019	460
1020	459
1021	466
1022	461
1023	485
1024	482
1025	483
1026	459
1027	486
1028	494
1029	517
1030	485
1031	497
1032	490
1033	473
1034	516
1035	468
1036	492
1037	535
1038	520
1039	500
1040	482
1041	474
1042	466
1043	473
1044	493
1045	511
1046	528
1047	520
1048	544
1049	488
1050	472
1051	504
1052	462
1053	476
1054	479
1055	506
1056	497
1057	515
1058	502
1059	499
1060	523
1061	473
1062	486
1063	459
1064	511
1065	479
1066	519
1067	485
1068	538
1069	481
1070	449
1071	475
1072	486
1073	511
1074	538
1075	522
1076	476
1077	449
1078	534
1079	485
1080	511
1081	506
1082	499
1083	483
1084	493
1085	495
1086	485
1087	501
1088	442
1089	504
1090	534
1091	483
1092	465
1093	521
1094	506
1095	493
1096	475
1097	475
1098	491
1099	481
1100	475
1101	492
1102	518
1103	442
1104	479
1105	471
1106	470
1107	499
1108	510
1109	481
1110	478
1111	461
1112	471
1113	464
1114	467
1115	474
1116	458
1117	419
1118	483
1119	478
1120	452
1121	458
1122	451
1123	481
1124	434
1125	437
1126	454
1127	448
1128	449
1129	479
1130	490
1131	463
1132	453
1133	453
1134	449
1135	482
1136	478
1137	433
1138	452
1139	455
1140	461
1141	484
1142	447
1143	428
1144	438
1145	454
1146	440
1147	459
1148	440
1149	454
1150	441
1151	439
1152	410
1153	422
1154	451
1155	431
1156	439
1157	437
1158	458
1159	469
1160	437
1161	439
1162	435
1163	413
1164	453
1165	469
1166	465
1167	447
1168	449
1169	401
1170	464
1171	415
1172	449
1173	442
1174	433
1175	438
1176	423
1177	487
1178	445
1179	456
1180	420
1181	429
1182	422
1183	450
1184	410
1185	399
1186	475
1187	398
1188	419
1189	433
1190	460
1191	421
1192	438
1193	440
1194	474
1195	404
1196	368
1197	443
1198	425
1199	411
1200	423
1201	417
1202	418
1203	413
1204	446
1205	433
1206	423
1207	391
1208	434
1209	449
1210	423
1211	406
1212	396
1213	437
1214	386
1215	434
1216	413
1217	403
1218	433
1219	410
1220	402
1221	404
1222	429
1223	386
1224	420
1225	405
1226	370
1227	421
1228	427
1229	413
1230	379
1231	397
1232	431
1233	406
1234	423
1235	389
1236	423
1237	416
1238	444
1239	406
1240	413
1241	424
1242	432
1243	364
1244	385
1245	409
1246	455
1247	422
1248	430
1249	393
1250	438
1251	446
1252	419
1253	438
1254	380
1255	416
1256	405
1257	423
1258	396
1259	388
1260	419
1261	433
1262	403
1263	460
1264	383
1265	384
1266	414
1267	382
1268	399
1269	392
1270	408
1271	435
1272	426
1273	413
1274	423
1275	425
1276	416
1277	428
1278	406
1279	460
1280	405
1281	419
1282	433
1283	416
1284	450
1285	438
1286	390
1287	404
1288	376
1289	414
1290	436
1291	443
1292	420
1293	375
1294	441
1295	397
1296	418
1297	458
1298	427
1299	418
1300	409
1301	388
1302	429
1303	434
1304	442
1305	457
1306	438
1307	404
1308	415
1309	433
1310	438
1311	426
1312	413
1313	454
1314	433
1315	397
1316	458
1317	424
1318	405
1319	404
1320	394
1321	437
1322	438
1323	396
1324	407
1325	441
1326	440
1327	438
1328	371
1329	448
1330	462
1331	443
1332	440
1333	459
1334	410
1335	413
1336	431
1337	426
1338	461
1339	441
1340	458
1341	420
1342	437
1343	437
1344	432
1345	418
1346	432
1347	428
1348	414
1349	420
1350	419
1351	427
1352	453
1353	397
1354	433
1355	466
1356	485
1357	418
1358	433
1359	451
1360	457
1361	475
1362	420
1363	449
1364	461
1365	436
1366	436
1367	383
1368	448
1369	463
1370	500
1371	403
1372	483
1373	441
1374	435
1375	422
1376	412
1377	457
1378	431
1379	482
1380	441
1381	454
1382	434
1383	388
1384	462
1385	438
1386	468
1387	477
1388	465
1389	422
1390	446
1391	412
1392	451
1393	470
1394	439
1395	434
1396	434
1397	437
1398	440
1399	452
1400	463
1401	449
1402	467
1403	429
1404	448
1405	445
1406	441
1407	432
1408	445
1409	448
1410	497
1411	457
1412	450
1413	439
1414	439
1415	457
1416	431
1417	478
1418	419
1419	465
1420	401
1421	442
1422	435
1423	442
1424	447
1425	407
1426	473
1427	468
1428	466
1429	459
1430	435
1431	424
1432	439
1433	470
1434	461
1435	436
1436	455
1437	432
1438	439
1439	469
1440	452
1441	463
1442	444
1443	480
1444	427
1445	456
1446	477
1447	431
1448	406
1449	428
1450	467
1451	438
1452	423
1453	469
1454	451
1455	487
1456	426
1457	446
1458	481
1459	425
1460	459
1461	434
1462	433
1463	429
1464	468
1465	463
1466	453
1467	458
1468	486
1469	432
1470	403
1471	430
1472	490
1473	445
1474	465
1475	409
1476	452
1477	452
1478	442
1479	432
1480	480
1481	421
1482	434
1483	446
1484	410
1485	430
1486	460
1487	390
1488	447
1489	451
1490	448
1491	473
1492	416
1493	439
1494	458
1495	457
1496	451
1497	450
1498	429
1499	464
1500	456
1501	436
1502	442
1503	441
1504	441
1505	421
1506	472
1507	446
1508	430
1509	451
1510	426
1511	409
1512	451
1513	444
1514	439
1515	412
1516	447
1517	463
1518	462
1519	420
1520	438
1521	415
1522	432
1523	444
1524	446
1525	410
1526	462
1527	404
1528	448
1529	439
1530	421
1531	476
1532	437
1533	468
1534	481
1535	436
1536	464
1537	448
1538	410
1539	431
1540	436
1541	432
1542	452
1543	430
1544	453
1545	463
1546	439
1547	457
1548	417
1549	416
1550	419
1551	493
1552	440
1553	430
1554	444
1555	439
1556	440
1557	420
1558	412
1559	429
1560	468
1561	427
1562	428
1563	441
1564	421
1565	425
1566	402
1567	433
1568	452
1569	465
1570	464
1571	448
1572	401
1573	454
1574	409
1575	407
1576	455
1577	425
1578	441
1579	479
1580	459
1581	435
1582	439
1583	431
1584	432
1585	398
1586	400
1587	419
1588	424
1589	432
1590	430
1591	417
1592	405
1593	422
1594	457
1595	437
1596	412
1597	413
1598	410
1599	406
1600	408
1601	419
1602	427
1603	416
1604	374
1605	394
1606	402
1607	450
1608	423
1609	396
1610	439
1611	480
1612	407
1613	412
1614	402
1615	418
1616	424
1617	424
1618	440
1619	368
1620	403
1621	409
1622	418
1623	393
1624	428
1625	429
1626	415
1627	413
1628	405
1629	405
1630	422
1631	424
1632	454
1633	434
1634	405
1635	371
1636	390
1637	380
1638	405
1639	391
1640	387
1641	405
1642	421
1643	424
1644	432
1645	401
1646	436
1647	415
1648	397
1649	427
1650	419
1651	414
1652	470
1653	392
1654	394
1655	410
1656	387
1657	382
1658	421
1659	403
1660	429
1661	404
1662	421
1663	396
1664	397
1665	383
1666	397
1667	409
1668	412
1669	456
1670	382
1671	439
1672	425
1673	408
1674	364
1675	444
1676	382
1677	385
1678	425
1679	361
1680	429
1681	377
1682	423
1683	439
1684	409
1685	414
1686	439
1687	400
1688	430
1689	377
1690	411
1691	404
1692	445
1693	408
1694	386
1695	429
1696	416
1697	407
1698	425
1699	404
1700	419
1701	401
1702	423
1703	423
1704	436
1705	435
1706	372
1707	409
1708	437
1709	375
1710	415
1711	357
1712	394
1713	413
1714	386
1715	410
1716	406
1717	388
1718	393
1719	397
1720	415
1721	401
1722	384
1723	420
1724	418
1725	392
1726	424
1727	454
1728	379
1729	392
1730	426
1731	399
1732	399
1733	422
1734	412
1735	373
1736	385
1737	408
1738	387
1739	429
1740	395
1741	397
1742	388
1743	408
1744	374
1745	439
1746	426
1747	363
1748	390
1749	434
1750	385
1751	364
1752	410
1753	411
1754	373
1755	418
1756	364
1757	400
1758	401
1759	379
1760	348
1761	389
1762	401
1763	339
1764	372
1765	396
1766	391
1767	390
1768	397
1769	386
1770	393
1771	422
1772	406
1773	410
1774	393
1775	397
1776	377
1777	416
1778	385
1779	420
1780	430
1781	409
1782	375
1783	386
1784	372
1785	351
1786	380
1787	387
1788	381
1789	417
1790	370
1791	421
1792	381
1793	367
1794	383
1795	363
1796	364
1797	422
1798	412
1799	424
1800	380
1801	391
1802	396
1803	408
1804	406
1805	381
1806	371
1807	383
1808	397
1809	441
1810	422
1811	383
1812	440
1813	391
1814	364
1815	399
1816	419
1817	368
1818	413
1819	411
1820	382
1821	398
1822	381
1823	390
1824	423
1825	400
1826	397
1827	415
1828	400
1829	426
1830	409
1831	382
1832	380
1833	381
1834	374
1835	396
1836	408
1837	427
1838	383
1839	387
1840	370
1841	366
1842	418
1843	423
1844	401
1845	413
1846	377
1847	406
1848	390
1849	424
1850	396
1851	387
1852	407
1853	416
1854	415
1855	393
1856	386
1857	399
1858	411
1859	406
1860	397
1861	422
1862	407
1863	429
1864	390
1865	419
1866	434
1867	424
1868	406
1869	439
1870	419
1871	412
1872	431
1873	391
1874	388
1875	433
1876	423
1877	394
1878	392
1879	390
1880	412
1881	414
1882	415
1883	424
1884	436
1885	447
1886	399
1887	405
1888	416
1889	432
1890	416
1891	409
1892	402
1893	414
1894	385
1895	408
1896	393
1897	422
1898	455
1899	455
1900	414
1901	428
1902	443
1903	449
1904	397
1905	416
1906	396
1907	430
1908	365
1909	408
1910	420
1911	409
1912	420
1913	407
1914	468
1915	438
1916	415
1917	425
1918	432
1919	425
1920	468
1921	438
1922	428
1923	436
1924	419
1925	421
1926	447
1927	450
1928	462
1929	455
1930	428
1931	445
1932	469
1933	446
1934	504
1935	429
1936	444
1937	487
1938	454
1939	440
1940	470
1941	503
1942	476
1943	491
1944	481
1945	480
1946	481
1947	508
1948	484
1949	510
1950	490
1951	471
1952	472
1953	455
1954	517
1955	449
1956	488
1957	530
1958	493
1959	520
1960	500
1961	519
1962	491
1963	551
1964	518
1965	500
1966	589
1967	529
1968	496
1969	466
1970	578
1971	508
1972	547
1973	541
1974	530
1975	543
1976	551
1977	544
1978	521
1979	578
1980	558
1981	561
1982	548
1983	617
1984	574
1985	552
1986	558
1987	563
1988	594
1989	581
1990	603
1991	608
1992	555
1993	605
1994	606
1995	564
1996	571
1997	607
1998	642
1999	644
2000	585
2001	610
2002	624
2003	642
2004	652
2005	595
2006	674
2007	645
2008	641
2009	585
2010	616
2011	616
2012	621
2013	633
2014	629
2015	692
2016	678
2017	678
2018	682
2019	683
2020	673
2021	649
2022	679
2023	697
2024	691
2025	690
2026	687
2027	681
2028	739
2029	725
2030	712
2031	679
2032	719
2033	718
2034	666
2035	724
2036	740
2037	709
2038	759
2039	742
2040	727
2041	753
2042	741
2043	775
2044	791
2045	832
2046	787
2047	786
2048	745
2049	798
2050	804
2051	839
2052	796
2053	758
2054	831
2055	784
2056	818
2057	770
2058	840
2059	856
2060	866
2061	861
2062	804
2063	827
2064	875
2065	841
2066	860
2067	916
2068	857
2069	882
2070	887
2071	848
2072	839
2073	849
2074	889
2075	905
2076	935
2077	926
2078	904
2079	934
2080	865
2081	902
2082	966
2083	877
2084	900
2085	877
2086	969
2087	932
2088	1017
2089	944
2090	1003
2091	1068
2092	959
2093	950
2094	1006
2095	1005
2096	942
2097	901
2098	949
2099	981
2100	999
2101	977
2102	998
2103	1055
2104	1031
2105	958
2106	965
2107	1051
2108	988
2109	1033
2110	1046
2111	1082
2112	1067
2113	1044
2114	1095
2115	1072
2116	1109
2117	1149
2118	1044
2119	995
2120	1064
2121	1051
2122	1055
2123	1135
2124	1113
2125	1108
2126	1061
2127	1098
2128	1085
2129	1211
2130	1117
2131	1127
2132	1138
2133	1134
2134	1169
2135	1173
2136	1163
2137	1142
2138	1147
2139	1189
2140	1138
2141	1141
2142	1229
2143	1205
2144	1189
2145	1164
2146	1143
2147	1139
2148	1166
2149	1215
2150	1175
2151	1179
2152	1191
2153	1190
2154	1193
2155	1168
2156	1239
2157	1188
2158	1235
2159	1183
2160	1207
2161	1145
2162	1154
2163	1250
2164	1256
2165	1270
2166	1286
2167	1274
2168	1228
2169	1217
2170	1248
2171	1225
2172	1265
2173	1250
2174	1191
2175	1302
2176	1220
2177	1280
2178	1273
2179	1280
2180	1238
2181	1248
2182	1231
2183	1224
2184	1281
2185	1322
2186	1175
2187	1226
2188	1220
2189	1252
2190	1254
2191	1281
2192	1286
2193	1261
2194	1314
2195	1289
2196	1297
2197	1344
2198	1262
2199	1321
2200	1316
2201	1329
2202	1297
2203	1350
2204	1269
2205	1305
2206	1246
2207	1296
2208	1350
2209	1350
2210	1319
2211	1346
2212	1359
2213	1303
2214	1269
2215	1266
2216	1321
2217	1265
2218	1321
2219	1287
2220	1333
2221	1292
2222	1304
2223	1322
2224	1313
2225	1337
2226	1338
2227	1235
2228	1278
2229	1316
2230	1288
2231	1322
2232	1294
2233	1362
2234	1296
2235	1411
2236	1298
2237	1307
2238	1297
2239	1361
2240	1346
2241	1296
2242	1360
2243	1352
2244	1278
2245	1304
2246	1327
2247	1266
2248	1357
2249	1347
2250	1292
2251	1359
2252	1356
2253	1345
2254	1357
2255	1379
2256	1382
2257	1376
2258	1350
2259	1359
2260	1304
2261	1366
2262	1295
2263	1330
2264	1348
2265	1354
2266	1333
2267	1381
2268	1317
2269	1354
2270	1349
2271	1330
2272	1333
2273	1348
2274	1315
2275	1413
2276	1342
2277	1326
2278	1331
2279	1343
2280	1352
2281	1344
2282	1345
2283	1284
2284	1296
2285	1332
2286	1303
2287	1319
2288	1434
2289	1382
2290	1334
2291	1363
2292	1366
2293	1297
2294	1286
2295	1415
2296	1350
2297	1281
2298	1290
2299	1326
2300	1354
2301	1396
2302	1331
2303	1357
2304	1348
2305	1297
2306	1314
2307	1320
2308	1315
2309	1362
2310	1298
2311	1339
2312	1290
2313	1356
2314	1309
2315	1331
2316	1290
2317	1375
2318	1318
2319	1284
2320	1314
2321	1269
2322	1374
2323	1342
2324	1311
2325	1274
2326	1334
2327	1310
2328	1253
2329	1364
2330	1324
2331	1302
2332	1375
2333	1334
2334	1364
2335	1281
2336	1325
2337	1336
2338	1338
2339	1299
2340	1300
2341	1347
2342	1269
2343	1292
2344	1276
2345	1352
2346	1264
2347	1285
2348	1312
2349	1218
2350	1253
2351	1291
2352	1239
2353	1298
2354	1330
2355	1299
2356	1309
2357	1359
2358	1305
2359	1313
2360	1255
2361	1337
2362	1300
2363	1248
2364	1240
2365	1306
2366	1293
2367	1294
2368	1282
2369	1260
2370	1279
2371	1275
2372	1251
2373	1288
2374	1296
2375	1326
2376	1312
2377	1262
2378	1306
2379	1272
2380	1299
2381	1325
2382	1220
2383	1328
2384	1272
2385	1320
2386	1309
2387	1227
2388	1277
2389	1229
2390	1213
2391	1212
2392	1253
2393	1279
2394	1245
2395	1247
2396	1297
2397	1275
2398	1262
2399	1258
2400	1280
2401	1317
2402	1260
2403	1266
2404	1178
2405	1256
2406	1306
2407	1271
2408	1300
2409	1247
2410	1226
2411	1264
2412	1265
2413	1279
2414	1230
2415	1228
2416	1271
2417	1227
2418	1233
2419	1244
2420	1134
2421	1309
2422	1272
2423	1233
2424	1196
2425	1257
2426	1196
2427	1176
2428	1260
2429	1209
2430	1215
2431	1215
2432	1252
2433	1239
2434	1208
2435	1272
2436	1258
2437	1252
2438	1227
2439	1257
2440	1211
2441	1248
2442	1262
2443	1213
2444	1227
2445	1229
2446	1223
2447	1221
2448	1192
2449	1229
2450	1245
2451	1177
2452	1201
2453	1261
2454	1200
2455	1211
2456	1257
2457	1219
2458	1239
2459	1234
2460	1165
2461	1151
2462	1201
2463	1115
2464	1233
2465	1225
2466	1207
2467	1164
2468	1221
2469	1214
2470	1202
2471	1209
2472	1210
2473	1268
2474	1146
2475	1167
2476	1311
2477	1266
2478	1135
2479	1216
2480	1152
2481	1204
2482	1138
2483	1166
2484	1168
2485	1265
2486	1177
2487	1225
2488	1187
2489	1156
2490	1211
2491	1244
2492	1230
2493	1219
2494	1154
2495	1215
2496	1208
2497	1154
2498	1247
2499	1202
2500	1177
2501	1190
2502	1228
2503	1241
2504	1194
2505	1148
2506	1166
2507	1205
2508	1165
2509	1154
2510	1145
2511	1175
2512	1206
2513	1120
2514	1182
2515	1156
2516	1215
2517	1124
2518	1208
2519	1169
2520	1213
2521	1206
2522	1143
2523	1166
2524	1189
2525	1201
2526	1171
2527	1222
2528	1194
2529	1141
2530	1146
2531	1088
2532	1151
2533	1180
2534	1183
2535	1144
2536	1180
2537	1088
2538	1191
2539	1118
2540	1160
2541	1151
2542	1120
2543	1126
2544	1147
2545	1209
2546	1148
2547	1135
2548	1172
2549	1177
2550	1141
2551	1141
2552	1170
2553	1096
2554	1151
2555	1157
2556	1127
2557	1133
2558	1142
2559	1124
2560	1070
2561	1145
2562	1130
2563	1101
2564	1142
2565	1137
2566	1107
2567	1138
2568	1100
2569	1108
2570	1117
2571	1110
2572	1128
2573	1121
2574	1114
2575	1151
2576	1089
2577	1140
2578	1091
2579	1136
2580	1146
2581	1135
2582	1127
2583	1073
2584	1090
2585	1153
2586	1163
2587	1106
2588	1141
2589	1192
2590	1053
2591	1128
2592	1119
2593	1117
2594	1132
2595	1127
2596	1083
2597	1206
2598	1115
2599	1084
2600	1094
2601	1129
2602	1129
2603	1106
2604	1148
2605	1095
2606	1106
2607	1117
2608	1075
2609	1085
2610	1103
2611	1014
2612	1031
2613	1113
2614	1141
2615	1088
2616	1081
2617	1084
2618	1087
2619	1096
2620	1103
2621	1077
2622	999
2623	1057
2624	1079
2625	1065
2626	1139
2627	1023
2628	1068
2629	1022
2630	1061
2631	1102
2632	1041
2633	1110
2634	1059
2635	1045
2636	1040
2637	994
2638	1098
2639	1075
2640	1111
2641	1081
2642	1098
2643	1006
2644	1048
2645	1109
2646	1125
2647	1068
2648	1030
2649	1120
2650	1081
2651	1041
2652	1061
2653	1088
2654	1065
2655	1074
2656	1137
2657	1015
2658	1023
2659	1028
2660	1042
2661	1074
2662	992
2663	1092
2664	1022
2665	1068
2666	1021
2667	1104
2668	1073
2669	1170
2670	1027
2671	1027
2672	1000
2673	1007
2674	1015
2675	1012
2676	1087
2677	1036
2678	1039
2679	1066
2680	1010
2681	1038
2682	985
2683	1021
2684	1033
2685	1019
2686	1063
2687	1061
2688	1055
2689	1001
2690	1053
2691	1103
2692	1091
2693	1001
2694	1026
2695	1093
2696	1032
2697	1065
2698	967
2699	1015
2700	1016
2701	1098
2702	1022
2703	1026
2704	1009
2705	994
2706	1026
2707	974
2708	999
2709	1051
2710	1023
2711	998
2712	1045
2713	974
2714	1031
2715	1011
2716	1012
2717	1051
2718	1042
2719	1015
2720	1008
2721	1025
2722	988
2723	997
2724	991
2725	1035
2726	1000
2727	1036
2728	1032
2729	1043
2730	980
2731	991
2732	1012
2733	1010
2734	1036
2735	1003
2736	1017
2737	1002
2738	955
2739	981
2740	1005
2741	1010
2742	956
2743	966
2744	1006
2745	1011
2746	981
2747	999
2748	986
2749	996
2750	976
2751	942
2752	994
2753	988
2754	993
2755	999
2756	993
2757	1025
2758	945
2759	945
2760	953
2761	964
2762	933
2763	1025
2764	940
2765	945
2766	910
2767	970
2768	920
2769	957
2770	970
2771	919
2772	920
2773	1002
2774	967
2775	993
2776	935
2777	948
2778	971
2779	1006
2780	969
2781	950
2782	939
2783	979
2784	977
2785	1009
2786	892
2787	961
2788	936
2789	953
2790	978
2791	913
2792	962
2793	968
2794	925
2795	951
2796	955
2797	1026
2798	954
2799	963
2800	957
2801	938
2802	913
2803	950
2804	940
2805	973
2806	969
2807	1028
2808	979
2809	985
2810	961
2811	1003
2812	923
2813	949
2814	963
2815	898
2816	919
2817	944
2818	910
2819	899
2820	963
2821	934
2822	988
2823	988
2824	874
2825	927
2826	971
2827	904
2828	898
2829	943
2830	955
2831	887
2832	950
2833	864
2834	950
2835	925
2836	940
2837	924
2838	883
2839	877
2840	926
2841	909
2842	946
2843	925
2844	897
2845	928
2846	943
2847	912
2848	849
2849	910
2850	927
2851	857
2852	920
2853	891
2854	943
2855	868
2856	870
2857	932
2858	844
2859	833
2860	909
2861	893
2862	876
2863	912
2864	911
2865	926
2866	928
2867	887
2868	810
2869	867
2870	913
2871	908
2872	877
2873	885
2874	911
2875	924
2876	878
2877	887
2878	913
2879	872
2880	907
2881	860
2882	920
2883	860
2884	877
2885	865
2886	887
2887	841
2888	889
2889	866
2890	907
2891	899
2892	800
2893	862
2894	873
2895	876
2896	899
2897	868
2898	780
2899	809
2900	798
2901	765
2902	838
2903	910
2904	819
2905	872
2906	843
2907	833
2908	867
2909	813
2910	894
2911	833
2912	876
2913	878
2914	834
2915	866
2916	860
2917	875
2918	804
2919	861
2920	857
2921	837
2922	896
2923	855
2924	805
2925	821
2926	861
2927	879
2928	898
2929	833
2930	822
2931	792
2932	798
2933	826
2934	799
2935	843
2936	867
2937	842
2938	861
2939	842
2940	845
2941	842
2942	775
2943	825
2944	843
2945	893
2946	890
2947	828
2948	819
2949	784
2950	780
2951	810
2952	816
2953	768
2954	787
2955	806
2956	860
2957	822
2958	825
2959	800
2960	824
2961	812
2962	820
2963	798
2964	774
2965	804
2966	869
2967	806
2968	771
2969	802
2970	796
2971	770
2972	838
2973	810
2974	844
2975	824
2976	787
2977	776
2978	766
2979	851
2980	805
2981	788
2982	797
2983	795
2984	818
2985	844
2986	784
2987	794
2988	770
2989	839
2990	785
2991	779
2992	771
2993	760
2994	805
2995	820
2996	802
2997	773
2998	811
2999	747
3000	764
3001	720
3002	790
3003	753
3004	759
3005	774
3006	808
3007	814
3008	758
3009	730
3010	767
3011	781
3012	775
3013	795
3014	790
3015	758
3016	770
3017	792
3018	776
3019	725
3020	746
3021	752
3022	779
3023	760
3024	721
3025	739
3026	784
3027	751
3028	787
3029	731
3030	774
3031	778
3032	727
3033	726
3034	789
3035	804
3036	762
3037	749
3038	739
3039	751
3040	745
3041	745
3042	759
3043	771
3044	725
3045	718
3046	781
3047	740
3048	758
3049	778
3050	752
3051	763
3052	711
3053	795
3054	776
3055	759
3056	805
3057	706
3058	735
3059	780
3060	731
3061	710
3062	770
3063	753
3064	746
3065	746
3066	729
3067	733
3068	693
3069	734
3070	719
3071	743
3072	722
3073	712
3074	712
3075	720
3076	738
3077	741
3078	719
3079	705
3080	763
3081	690
3082	708
3083	732
3084	715
3085	729
3086	734
3087	685
3088	724
3089	703
3090	722
3091	691
3092	702
3093	769
3094	675
3095	738
3096	753
3097	730
3098	745
3099	723
3100	722
3101	684
3102	730
3103	709
3104	713
3105	694
3106	747
3107	726
3108	661
3109	671
3110	729
3111	668
3112	696
3113	715
3114	675
3115	662
3116	716
3117	693
3118	661
3119	684
3120	737
3121	693
3122	649
3123	721
3124	693
3125	662
3126	651
3127	708
3128	696
3129	646
3130	665
3131	693
3132	673
3133	655
3134	694
3135	669
3136	671
3137	617
3138	626
3139	658
3140	693
3141	660
3142	643
3143	673
3144	718
3145	701
3146	669
3147	736
3148	605
3149	678
3150	676
3151	683
3152	685
3153	663
3154	660
3155	632
3156	681
3157	666
3158	604
3159	617
3160	639
3161	646
3162	654
3163	677
3164	675
3165	675
3166	666
3167	622
3168	664
3169	663
3170	635
3171	671
3172	637
3173	637
3174	647
3175	608
3176	663
3177	701
3178	644
3179	695
3180	639
3181	681
3182	623
3183	712
3184	592
3185	626
3186	645
3187	668
3188	615
3189	679
3190	606
3191	598
3192	628
3193	646
3194	639
3195	649
3196	619
3197	592
3198	647
3199	648
3200	619
3201	645
3202	625
3203	631
3204	612
3205	613
3206	591
3207	656
3208	641
3209	644
3210	666
3211	619
3212	624
3213	657
3214	616
3215	628
3216	613
3217	656
3218	656
3219	574
3220	574
3221	596
3222	664
3223	618
3224	629
3225	628
3226	623
3227	599
3228	620
3229	615
3230	608
3231	590
3232	560
3233	632
3234	602
3235	608
3236	586
3237	608
3238	635
3239	575
3240	623
3241	587
3242	609
3243	623
3244	614
3245	604
3246	647
3247	580
3248	547
3249	625
3250	615
3251	606
3252	585
3253	591
3254	586
3255	596
3256	595
3257	585
3258	576
3259	586
3260	592
3261	577
3262	557
3263	572
3264	609
3265	615
3266	621
3267	605
3268	612
3269	599
3270	559
3271	591
3272	578
3273	566
3274	573
3275	565
3276	574
3277	545
3278	550
3279	610
3280	531
3281	601
3282	585
3283	525
3284	594
3285	604
3286	517
3287	575
3288	593
3289	540
3290	571
3291	560
3292	557
3293	557
3294	598
3295	587
3296	538
3297	598
3298	538
3299	519
3300	528
3301	561
3302	578
3303	553
3304	554
3305	537
3306	549
3307	554
3308	520
3309	551
3310	600
3311	524
3312	536
3313	568
3314	562
3315	559
3316	509
3317	544
3318	589
3319	551
3320	520
3321	549
3322	559
3323	527
3324	531
3325	532
3326	533
3327	488
3328	511
3329	541
3330	536
3331	536
3332	551
3333	570
3334	497
3335	527
3336	512
3337	493
3338	597
3339	521
3340	542
3341	490
3342	547
3343	559
3344	527
3345	502
3346	529
3347	502
3348	535
3349	559
3350	504
3351	535
3352	547
3353	525
3354	508
3355	533
3356	544
3357	497
3358	460
3359	495
3360	528
3361	518
3362	506
3363	465
3364	528
3365	497
3366	535
3367	541
3368	539
3369	481
3370	522
3371	543
3372	537
3373	512
3374	535
3375	518
3376	490
3377	503
3378	518
3379	471
3380	538
3381	515
3382	468
3383	502
3384	497
3385	488
3386	491
3387	473
3388	476
3389	519
3390	492
3391	489
3392	501
3393	519
3394	480
3395	463
3396	514
3397	486
3398	492
3399	486
3400	483
3401	537
3402	486
3403	498
3404	447
3405	482
3406	517
3407	468
3408	474
3409	489
3410	500
3411	466
3412	527
3413	473
3414	460
3415	467
3416	457
3417	495
3418	531
3419	476
3420	456
3421	466
3422	482
3423	523
3424	497
3425	468
3426	468
3427	503
3428	457
3429	478
3430	470
3431	459
3432	444
3433	495
3434	426
3435	447
3436	456
3437	431
3438	472
3439	435
3440	414
3441	440
3442	444
3443	466
3444	489
3445	499
3446	436
3447	446
3448	460
3449	459
3450	478
3451	464
3452	422
3453	455
3454	457
3455	433
3456	480
3457	419
3458	448
3459	436
3460	437
3461	473
3462	435
3463	439
3464	479
3465	442
3466	452
3467	429
3468	409
3469	460
3470	467
3471	427
3472	421
3473	460
3474	441
3475	452
3476	456
3477	461
3478	419
3479	425
3480	433
3481	412
3482	399
3483	435
3484	419
3485	409
3486	447
3487	426
3488	404
3489	406
3490	425
3491	424
3492	448
3493	444
3494	438
3495	418
3496	406
3497	405
3498	429
3499	436
3500	410
3501	431
3502	441
3503	436
3504	449
3505	399
3506	423
3507	435
3508	422
3509	423
3510	438
3511	448
3512	433
3513	432
3514	428
3515	429
3516	413
3517	418
3518	415
3519	422
3520	397
3521	416
3522	403
3523	389
3524	421
3525	425
3526	446
3527	399
3528	417
3529	402
3530	376
3531	399
3532	384
3533	380
3534	376
3535	375
3536	410
3537	402
3538	443
3539	369
3540	401
3541	423
3542	402
3543	360
3544	384
3545	398
3546	384
3547	394
3548	366
3549	358
3550	372
3551	390
3552	404
3553	389
3554	387
3555	349
3556	368
3557	374
3558	382
3559	368
3560	399
3561	422
3562	391
3563	366
3564	372
3565	393
3566	386
3567	393
3568	396
3569	369
3570	384
3571	397
3572	380
3573	355
3574	324
3575	346
3576	364
3577	383
3578	364
3579	361
3580	391
3581	374
3582	360
3583	366
3584	326
3585	379
3586	372
3587	361
3588	407
3589	393
3590	397
3591	348
3592	393
3593	365
3594	376
3595	366
3596	383
3597	354
3598	374
3599	379
3600	352
3601	360
3602	379
3603	401
3604	357
3605	391
3606	346
3607	352
3608	380
3609	347
3610	352
3611	364
3612	367
3613	316
3614	342
3615	328
3616	343
3617	322
3618	342
3619	362
3620	366
3621	343
3622	352
3623	338
3624	355
3625	319
3626	350
3627	353
3628	352
3629	357
3630	321
3631	337
3632	358
3633	303
3634	355
3635	364
3636	324
3637	348
3638	335
3639	373
3640	338
3641	347
3642	295
3643	356
3644	303
3645	306
3646	307
3647	306
3648	290
3649	331
3650	318
3651	326
3652	342
3653	345
3654	326
3655	340
3656	334
3657	353
3658	324
3659	352
3660	337
3661	356
3662	343
3663	336
3664	302
3665	318
3666	329
3667	297
3668	333
3669	303
3670	298
3671	329
3672	308
3673	312
3674	342
3675	331
3676	334
3677	302
3678	314
3679	296
3680	294
3681	298
3682	274
3683	348
3684	307
3685	320
3686	313
3687	297
3688	306
3689	300
3690	336
3691	302
3692	316
3693	321
3694	324
3695	296
3696	268
3697	324
3698	281
3699	320
3700	307
3701	275
3702	300
3703	284
3704	297
3705	289
3706	305
3707	313
3708	302
3709	297
3710	307
3711	277
3712	292
3713	291
3714	296
3715	272
3716	295
3717	327
3718	263
3719	284
3720	294
3721	289
3722	303
3723	272
3724	265
3725	293
3726	287
3727	279
3728	283
3729	265
3730	284
3731	271
3732	282
3733	278
3734	272
3735	256
3736	276
3737	270
3738	297
3739	269
3740	280
3741	297
3742	319
3743	274
3744	261
3745	253
3746	267
3747	282
3748	268
3749	285
3750	257
3751	257
3752	271
3753	283
3754	245
3755	264
3756	273
3757	275
3758	270
3759	263
3760	235
3761	264
3762	259
3763	226
3764	253
3765	281
3766	228
3767	251
3768	260
3769	266
3770	255
3771	290
3772	258
3773	249
3774	240
3775	269
3776	249
3777	305
3778	234
3779	255
3780	248
3781	264
3782	264
3783	247
3784	259
3785	249
3786	254
3787	254
3788	235
3789	265
3790	275
3791	266
3792	255
3793	244
3794	240
3795	254
3796	234
3797	230
3798	227
3799	260
3800	222
3801	275
3802	246
3803	231
3804	230
3805	238
3806	235
3807	222
3808	268
3809	217
3810	229
3811	265
3812	267
3813	244
3814	243
3815	245
3816	263
3817	244
3818	240
3819	235
3820	221
3821	237
3822	232
3823	254
3824	271
3825	246
3826	224
3827	243
3828	215
3829	218
3830	223
3831	245
3832	245
3833	226
3834	235
3835	227
3836	224
3837	213
3838	225
3839	223
3840	226
3841	244
3842	229
3843	220
3844	217
3845	226
3846	208
3847	217
3848	226
3849	222
3850	206
3851	216
3852	233
3853	207
3854	221
3855	213
3856	218
3857	213
3858	237
3859	193
3860	190
3861	263
3862	211
3863	224
3864	209
3865	212
3866	225
3867	203
3868	239
3869	220
3870	238
3871	190
3872	199
3873	223
3874	225
3875	176
3876	212
3877	207
3878	229
3879	191
3880	205
3881	197
3882	205
3883	220
3884	185
3885	200
3886	190
3887	200
3888	195
3889	193
3890	221
3891	183
3892	195
3893	172
3894	192
3895	191
3896	191
3897	196
3898	183
3899	179
3900	173
3901	215
3902	197
3903	218
3904	191
3905	190
3906	180
3907	209
3908	171
3909	180
3910	185
3911	182
3912	150
3913	180
3914	179
3915	188
3916	177
3917	182
3918	153
3919	168
3920	192
3921	178
3922	180
3923	191
3924	178
3925	181
3926	195
3927	171
3928	200
3929	167
3930	173
3931	153
3932	184
3933	173
3934	183
3935	199
3936	168
3937	184
3938	198
3939	180
3940	187
3941	174
3942	192
3943	204
3944	163
3945	160
3946	163
3947	163
3948	155
3949	162
3950	167
3951	163
3952	163
3953	162
3954	161
3955	162
3956	186
3957	164
3958	158
3959	149
3960	166
3961	154
3962	144
3963	172
3964	165
3965	153
3966	144
3967	165
3968	166
3969	179
3970	159
3971	159
3972	167
3973	149
3974	141
3975	158
3976	159
3977	147
3978	176
3979	172
3980	164
3981	154
3982	147
3983	138
3984	131
3985	149
3986	143
3987	149
3988	160
3989	126
3990	151
3991	158
3992	147
3993	140
3994	129
3995	150
3996	145
3997	141
3998	151
3999	140
4000	151
4001	153
4002	135
4003	128
4004	165
4005	137
4006	113
4007	124
4008	128
4009	146
4010	146
4011	141
4012	143
4013	142
4014	149
4015	136
4016	142
4017	119
4018	137
4019	137
4020	148
4021	152
4022	135
4023	130
4024	125
4025	138
4026	122
4027	126
4028	118
4029	136
4030	138
4031	148
4032	135
4033	133
4034	127
4035	133
4036	131
4037	117
4038	135
4039	132
4040	113
4041	134
4042	126
4043	96
4044	127
4045	122
4046	127
4047	131
4048	138
4049	126
4050	143
4051	139
4052	130
4053	104
4054	116
4055	115
4056	119
4057	131
4058	133
4059	123
4060	133
4061	119
4062	119
4063	116
4064	144
4065	105
4066	116
4067	121
4068	105
4069	132
4070	129
4071	115
4072	105
4073	108
4074	103
4075	104
4076	112
4077	106
4078	103
4079	94
4080	110
4081	110
4082	98
4083	105
4084	114
4085	117
4086	114
4087	118
4088	128
4089	106
4090	84
4091	114
4092	86
4093	108
4094	113
4095	93
4096	110
4097	94
4098	116
4099	89
4100	105
4101	109
4102	111
4103	117
4104	111
4105	89
4106	105
4107	112
4108	102
4109	90
4110	100
4111	90
4112	95
4113	104
4114	87
4115	98
4116	103
4117	105
4118	93
4119	86
4120	103
4121	97
4122	90
4123	98
4124	94
4125	85
4126	110
4127	97
4128	86
4129	94
4130	97
4131	100
4132	91
4133	105
4134	91
4135	92
4136	86
4137	81
4138	84
4139	86
4140	106
4141	86
4142	113
4143	79
4144	91
4145	90
4146	96
4147	83
4148	77
4149	100
4150	88
4151	93
4152	85
4153	78
4154	75
4155	89
4156	79
4157	98
4158	89
4159	77
4160	84
4161	82
4162	74
4163	59
4164	71
4165	92
4166	89
4167	75
4168	88
4169	97
4170	86
4171	83
4172	84
4173	67
4174	81
4175	68
4176	67
4177	67
4178	77
4179	77
4180	77
4181	72
4182	65
4183	67
4184	72
4185	66
4186	75
4187	56
4188	61
4189	82
4190	82
4191	83
4192	76
4193	78
4194	77
4195	72
4196	66
4197	64
4198	61
4199	75
4200	56
4201	61
4202	63
4203	63
4204	61
4205	83
4206	74
4207	52
4208	67
4209	66
4210	68
4211	73
4212	74
4213	66
4214	58
4215	70
4216	51
4217	58
4218	63
4219	65
4220	58
4221	71
4222	67
4223	67
4224	62
4225	67
4226	46
4227	61
4228	59
4229	71
4230	62
4231	65
4232	55
4233	54
4234	66
4235	63
4236	57
4237	61
4238	56
4239	44
4240	57
4241	66
4242	54
4243	67
4244	59
4245	59
4246	68
4247	61
4248	61
4249	54
4250	52
4251	49
4252	60
4253	54
4254	50
4255	50
4256	63
4257	59
4258	46
4259	57
4260	60
4261	51
4262	49
4263	51
4264	70
4265	52
4266	57
4267	46
4268	44
4269	43
4270	52
4271	54
4272	54
4273	40
4274	53
4275	44
4276	54
4277	48
4278	35
4279	50
4280	54
4281	55
4282	61
4283	54
4284	45
4285	55
4286	33
4287	48
4288	44
4289	48
4290	52
4291	56
4292	49
4293	44
4294	55
4295	44
4296	41
4297	49
4298	42
4299	52
4300	45
4301	38
4302	42
4303	44
4304	38
4305	43
4306	45
4307	48
4308	30
4309	43
4310	40
4311	44
4312	52
4313	45
4314	34
4315	31
4316	42
4317	42
4318	34
4319	35
4320	39
4321	37
4322	42
4323	29
4324	30
4325	33
4326	36
4327	34
4328	37
4329	39
4330	40
4331	30
4332	33
4333	45
4334	32
4335	42
4336	41
4337	30
4338	24
4339	31
4340	29
4341	32
4342	36
4343	35
4344	31
4345	25
4346	28
4347	49
4348	43
4349	24
4350	23
4351	28
4352	27
4353	19
4354	34
4355	33
4356	29
4357	31
4358	29
4359	22
4360	28
4361	31
4362	32
4363	36
4364	34
4365	32
4366	34
4367	27
4368	44
4369	22
4370	35
4371	33
4372	27
4373	33
4374	29
4375	28
4376	27
4377	24
4378	30
4379	28
4380	38
4381	23
4382	31
4383	26
4384	30
4385	19
4386	27
4387	33
4388	30
4389	31
4390	26
4391	24
4392	33
4393	25
4394	27
4395	23
4396	33
4397	26
4398	27
4399	29
4400	23
4401	16
4402	27
4403	24
4404	27
4405	22
4406	23
4407	27
4408	22
4409	25
4410	26
4411	12
4412	25
4413	18
4414	25
4415	24
4416	22
4417	28
4418	30
4419	24
4420	18
4421	19
4422	19
4423	21
4424	23
4425	16
4426	21
4427	15
4428	20
4429	21
4430	32
4431	29
4432	18
4433	24
4434	19
4435	25
4436	23
4437	23
4438	25
4439	19
4440	12
4441	24
4442	20
4443	22
4444	18
4445	24
4446	24
4447	21
4448	19
4449	20
4450	12
4451	9
4452	25
4453	18
4454	17
4455	21
4456	17
4457	23
4458	19
4459	14
4460	19
4461	17
4462	14
4463	14
4464	16
4465	18
4466	24
4467	16
4468	16
4469	19
4470	16
4471	17
4472	24
4473	11
4474	13
4475	25
4476	17
4477	19
4478	15
4479	16
4480	16
4481	20
4482	18
4483	15
4484	15
4485	18
4486	20
4487	17
4488	9
4489	17
4490	20
4491	19
4492	18
4493	15
4494	12
4495	17
4496	14
4497	16
4498	24
4499	16
4500	23
4501	16
4502	14
4503	13
4504	11
4505	13
4506	14
4507	13
4508	21
4509	15
4510	16
4511	14
4512	12
4513	13
4514	10
4515	14
4516	17
4517	10
4518	20
4519	15
4520	11
4521	6
4522	10
4523	17
4524	11
4525	13
4526	12
4527	13
4528	6
4529	19
4530	12
4531	9
4532	17
4533	15
4534	11
4535	13
4536	12
4537	10
4538	8
4539	11
4540	11
4541	13
4542	14
4543	18
4544	16
4545	13
4546	9
4547	17
4548	8
4549	13
4550	9
4551	17
4552	22
4553	11
4554	9
4555	5
4556	15
4557	10
4558	9
4559	10
4560	23
4561	8
4562	11
4563	17
4564	17
4565	14
4566	10
4567	14
4568	5
4569	11
4570	9
4571	8
4572	8
4573	11
4574	7
4575	11
4576	13
4577	8
4578	9
4579	11
4580	15
4581	11
4582	12
4583	13
4584	10
4585	13
4586	6
4587	16
4588	14
4589	13
4590	6
4591	15
4592	9
4593	15
4594	8
4595	15
4596	7
4597	14
4598	16
4599	15
4600	11
4601	10
4602	20
4603	3
4604	8
4605	14
4606	14
4607	12
4608	13
4609	12
4610	7
4611	7
4612	13
4613	17
4614	12
4615	10
4616	7
4617	12
4618	17
4619	9
4620	10
4621	5
4622	11
4623	12
4624	4
4625	10
4626	12
4627	12
4628	8
4629	13
4630	4
4631	14
4632	8
4633	16
4634	10
4635	11
4636	10
4637	14
4638	14
4639	9
4640	9
4641	16
4642	6
4643	11
4644	5
4645	10
4646	12
4647	11
4648	4
4649	4
4650	10
4651	8
4652	10
4653	8
4654	14
4655	9
4656	10
4657	7
4658	13
4659	11
4660	9
4661	14
4662	5
4663	4
4664	12
4665	10
4666	6
4667	13
4668	7
4669	16
4670	10
4671	9
4672	7
4673	6
4674	12
4675	13
4676	9
4677	8
4678	4
4679	8
4680	10
4681	2
4682	8
4683	8
4684	12
4685	12
4686	6
4687	9
4688	14
4689	8
4690	11
4691	14
4692	13
4693	0
4694	14
4695	13
4696	8
4697	15
4698	12
4699	5
4700	4
4701	10
4702	12
4703	11
4704	10
4705	10
4706	11
4707	8
4708	8
4709	8
4710	16
4711	8
4712	11
4713	13
4714	5
4715	7
4716	17
4717	10
4718	10
4719	11
4720	8
4721	13
4722	6
4723	6
4724	9
4725	11
4726	12
4727	18
4728	11
4729	8
4730	14
4731	11
4732	9
4733	7
4734	8
4735	7
4736	10
4737	9
4738	9
4739	6
4740	8
4741	9
4742	9
4743	10
4744	11
4745	5
4746	6
4747	9
4748	13
4749	12
4750	12
4751	17
4752	7
4753	12
4754	12
4755	7
4756	15
4757	7
4758	6
4759	7
4760	8
4761	13
4762	8
4763	11
4764	15
4765	9
4766	9
4767	9
4768	9
4769	8
4770	5
4771	9
4772	14
4773	11
4774	8
4775	11
4776	6
4777	10
4778	10
4779	11
4780	5
4781	8
4782	17
4783	10
4784	11
4785	8
4786	4
4787	8
4788	8
4789	8
4790	6
4791	8
4792	8
4793	15
4794	13
4795	6
4796	10
4797	3
4798	9
4799	8
4800	15
4801	14
4802	8
4803	4
4804	6
4805	5
4806	7
4807	6
4808	19
4809	11
4810	6
4811	11
4812	14
4813	9
4814	6
4815	5
4816	7
4817	7
4818	15
4819	13
4820	8
4821	6
4822	10
4823	9
4824	11
4825	9
4826	10
4827	7
4828	10
4829	15
4830	14
4831	11
4832	15
4833	5
4834	7
4835	14
4836	11
4837	7
4838	7
4839	4
4840	14
4841	17
4842	19
4843	7
4844	16
4845	10
4846	8
4847	10
4848	17
4849	8
4850	7
4851	10
4852	14
4853	7
4854	12
4855	8
4856	10
4857	11
4858	6
4859	12
4860	5
4861	12
4862	10
4863	13
4864	11
4865	11
4866	8
4867	10
4868	11
4869	6
4870	17
4871	10
4872	11
4873	10
4874	8
4875	8
4876	14
4877	10
4878	9
4879	9
4880	12
4881	14
4882	9
4883	12
4884	15
4885	18
4886	11
4887	6
4888	15
4889	13
4890	7
4891	17
4892	6
4893	13
4894	10
4895	18
4896	8
4897	11
4898	10
4899	11
4900	6
4901	9
4902	15
4903	10
4904	10
4905	6
4906	15
4907	11
4908	10
4909	10
4910	12
4911	7
4912	14
4913	13
4914	6
4915	10
4916	12
4917	10
4918	12
4919	7
4920	8
4921	7
4922	11
4923	9
4924	14
4925	8
4926	10
4927	5
4928	14
4929	13
4930	10
4931	5
4932	11
4933	7
4934	14
4935	5
4936	19
4937	8
4938	13
4939	11
4940	10
4941	13
4942	7
4943	7
4944	12
4945	7
4946	5
4947	11
4948	13
4949	8
4950	14
4951	13
4952	12
4953	11
4954	8
4955	12
4956	13
4957	9
4958	10
4959	12
4960	6
4961	12
4962	12
4963	11
4964	6
4965	11
4966	10
4967	9
4968	7
4969	13
4970	13
4971	13
4972	11
4973	9
4974	9
4975	6
4976	8
4977	13
4978	10
4979	8
4980	19
4981	17
4982	7
4983	10
4984	12
4985	12
4986	12
4987	6
4988	18
4989	10
4990	13
4991	13
4992	14
4993	12
4994	12
4995	7
4996	9
4997	7
4998	8
4999	11
5000	8
5001	13
5002	12
5003	13
5004	9
5005	15
5006	8
5007	5
5008	5
5009	11
5010	14
5011	5
5012	10
5013	19
5014	7
5015	9
5016	13
5017	10
5018	6
5019	10
5020	10
5021	13
5022	12
5023	17
5024	15
5025	15
5026	14
5027	13
5028	11
5029	16
5030	16
5031	11
5032	9
5033	14
5034	10
5035	16
5036	10
5037	6
5038	10
5039	13
5040	11
5041	9
5042	14
5043	12
5044	12
5045	10
5046	9
5047	13
5048	8
5049	7
5050	4
5051	13
5052	9
5053	11
5054	15
5055	10
5056	11
5057	6
5058	14
5059	10
5060	6
5061	7
5062	12
5063	14
5064	16
5065	11
5066	8
5067	4
5068	9
5069	12
5070	7
5071	13
5072	5
5073	9
5074	7
5075	12
5076	11
5077	12
5078	9
5079	9
5080	12
5081	12
5082	6
5083	5
5084	14
5085	10
5086	10
5087	10
5088	11
5089	10
5090	13
5091	12
5092	9
5093	8
5094	14
5095	8
5096	11
5097	5
5098	7
5099	4
5100	12
5101	9
5102	8
5103	6
5104	8
5105	6
5106	11
5107	10
5108	9
5109	10
5110	9
5111	8
5112	10
5113	8
5114	13
5115	6
5116	9
5117	11
5118	6
5119	8
5120	8
5121	8
5122	3
5123	3
5124	7
5125	8
5126	3
5127	6
5128	7
5129	11
5130	6
5131	8
5132	3
5133	9
5134	6
5135	7
5136	4
5137	7
5138	7
5139	8
5140	13
5141	6
5142	8
5143	5
5144	11
5145	15
5146	3
5147	8
5148	7
5149	8
5150	5
5151	11
5152	8
5153	8
5154	8
5155	4
5156	5
5157	9
5158	9
5159	7
5160	8
5161	13
5162	6
5163	10
5164	9
5165	7
5166	10
5167	4
5168	5
5169	12
5170	7
5171	9
5172	10
5173	8
5174	14
5175	5
5176	6
5177	7
5178	12
5179	10
5180	9
5181	6
5182	10
5183	5
5184	7
5185	6
5186	6
5187	4
5188	7
5189	6
5190	8
5191	11
5192	9
5193	9
5194	15
5195	12
5196	4
5197	6
5198	6
5199	6
5200	9
5201	8
5202	13
5203	8
5204	6
5205	10
5206	4
5207	8
5208	10
5209	9
5210	9
5211	5
5212	6
5213	6
5214	10
5215	12
5216	6
5217	9
5218	8
5219	5
5220	10
5221	8
5222	7
5223	6
5224	4
5225	9
5226	5
5227	9
5228	6
5229	7
5230	10
5231	6
5232	8
5233	4
5234	4
5235	11
5236	6
5237	4
5238	12
5239	10
5240	4
5241	8
5242	10
5243	6
5244	3
5245	7
5246	6
5247	12
5248	3
5249	9
5250	2
5251	8
5252	3
5253	5
5254	8
5255	0
5256	8
5257	6
5258	6
5259	6
5260	11
5261	4
5262	3
5263	5
5264	2
5265	7
5266	1
5267	6
5268	6
5269	5
5270	7
5271	6
5272	6
5273	7
5274	7
5275	8
5276	10
5277	6
5278	9
5279	4
5280	4
5281	3
5282	7
5283	8
5284	5
5285	7
5286	10
5287	7
5288	8
5289	2
5290	4
5291	6
5292	8
5293	11
5294	3
5295	6
5296	5
5297	6
5298	6
5299	2
5300	5
5301	6
5302	12
5303	8
5304	6
5305	7
5306	7
5307	7
5308	6
5309	4
5310	3
5311	6
5312	9
5313	1
5314	8
5315	4
5316	6
5317	8
5318	6
5319	7
5320	2
5321	6
5322	1
5323	5
5324	7
5325	4
5326	6
5327	7
5328	5
5329	2
5330	1
5331	10
5332	6
5333	5
5334	5
5335	5
5336	0
5337	4
5338	7
5339	6
5340	3
5341	6
5342	5
5343	4
5344	3
5345	5
5346	4
5347	4
5348	7
5349	4
5350	6
5351	5
5352	4
5353	4
5354	6
5355	7
5356	4
5357	7
5358	5
5359	4
5360	7
5361	5
5362	6
5363	6
5364	4
5365	4
5366	6
5367	1
5368	4
5369	3
5370	9
5371	7
5372	7
5373	6
5374	5
5375	7
5376	5
5377	2
5378	7
5379	0
5380	8
5381	1
5382	6
5383	4
5384	3
5385	6
5386	3
5387	7
5388	6
5389	6
5390	4
5391	6
5392	8
5393	6
5394	8
5395	7
5396	4
5397	5
5398	7
5399	5
5400	9
5401	5
5402	4
5403	8
5404	4
5405	3
5406	3
5407	7
5408	5
5409	7
5410	4
5411	2
5412	9
5413	5
5414	9
5415	6
5416	13
5417	7
5418	2
5419	2
5420	8
5421	6
5422	3
5423	7
5424	2
5425	7
5426	7
5427	3
5428	8
5429	5
5430	2
5431	7
5432	6
5433	4
5434	8
5435	5
5436	8
5437	2
5438	2
5439	8
5440	7
5441	4
5442	2
5443	3
5444	4
5445	2
5446	7
5447	2
5448	5
5449	1
5450	3
5451	5
5452	6
5453	6
5454	5
5455	7
5456	5
5457	3
5458	3
5459	4
5460	10
5461	4
5462	3
5463	7
5464	5
5465	2
5466	3
5467	6
5468	4
5469	8
5470	4
5471	7
5472	3
5473	3
5474	4
5475	3
5476	5
5477	7
5478	1
5479	7
5480	4
5481	5
5482	6
5483	2
5484	6
5485	5
5486	4
5487	1
5488	5
5489	2
5490	2
5491	3
5492	5
5493	0
5494	6
5495	5
5496	5
5497	7
5498	4
5499	4
5500	7
5501	6
5502	4
5503	7
5504	4
5505	5
5506	5
5507	4
5508	8
5509	4
5510	5
5511	8
5512	1
5513	1
5514	5
5515	9
5516	6
5517	3
5518	7
5519	2
5520	5
5521	3
5522	2
5523	6
5524	4
5525	5
5526	5
5527	8
5528	3
5529	3
5530	5
5531	5
5532	2
5533	6
5534	3
5535	8
5536	2
5537	6
5538	3
5539	5
5540	2
5541	3
5542	4
5543	5
5544	6
5545	6
5546	3
5547	2
5548	3
5549	1
5550	1
5551	6
5552	2
5553	2
5554	4
5555	8
5556	2
5557	1
5558	6
5559	3
5560	2
5561	4
5562	3
5563	6
5564	2
5565	1
5566	5
5567	5
5568	4
5569	3
5570	3
5571	3
5572	6
5573	2
5574	5
5575	5
5576	3
5577	3
5578	4
5579	1
5580	7
5581	1
5582	8
5583	3
5584	6
5585	3
5586	6
5587	4
5588	5
5589	4
5590	6
5591	6
5592	3
5593	3
5594	3
5595	3
5596	9
5597	1
5598	3
5599	6
5600	4
5601	7
5602	5
5603	4
5604	4
5605	6
5606	4
5607	6
5608	5
5609	8
5610	4
5611	5
5612	6
5613	2
5614	5
5615	4
5616	3
5617	1
5618	3
5619	3
5620	7
5621	2
5622	4
5623	6
5624	2
5625	3
5626	3
5627	3
5628	4
5629	3
5630	3
5631	3
5632	1
5633	3
5634	4
5635	2
5636	4
5637	3
5638	6
5639	4
5640	9
5641	2
5642	5
5643	3
5644	4
5645	3
5646	2
5647	6
5648	2
5649	6
5650	4
5651	6
5652	4
5653	3
5654	4
5655	7
5656	4
5657	2
5658	7
5659	6
5660	5
5661	6
5662	1
5663	2
5664	3
5665	3
5666	5
5667	2
5668	3
5669	7
5670	5
5671	5
5672	2
5673	4
5674	2
5675	1
5676	5
5677	4
5678	6
5679	5
5680	2
5681	5
5682	6
5683	4
5684	2
5685	6
5686	4
5687	7
5688	4
5689	2
5690	5
5691	5
5692	4
5693	8
5694	2
5695	4
5696	8
5697	4
5698	4
5699	3
5700	2
5701	3
5702	7
5703	1
5704	0
5705	0
5706	4
5707	5
5708	4
5709	7
5710	6
5711	3
5712	3
5713	0
5714	4
5715	2
5716	4
5717	8
5718	4
5719	7
5720	3
5721	3
5722	4
5723	0
5724	6
5725	2
5726	3
5727	3
5728	4
5729	2
5730	3
5731	4
5732	3
5733	5
5734	2
5735	6
5736	6
5737	4
5738	2
5739	1
5740	2
5741	3
5742	6
5743	4
5744	3
5745	2
5746	3
5747	1
5748	3
5749	5
5750	1
5751	7
5752	2
5753	6
5754	2
5755	2
5756	2
5757	7
5758	1
5759	1
5760	6
5761	5
5762	3
5763	2
5764	2
5765	2
5766	4
5767	2
5768	6
5769	4
5770	2
5771	5
5772	4
5773	3
5774	2
5775	5
5776	3
5777	3
5778	6
5779	2
5780	1
5781	6
5782	4
5783	5
5784	3
5785	3
5786	5
5787	4
5788	7
5789	2
5790	6
5791	4
5792	3
5793	4
5794	3
5795	5
5796	1
5797	6
5798	4
5799	5
5800	4
5801	0
5802	4
5803	2
5804	4
5805	2
5806	3
5807	3
5808	4
5809	6
5810	2
5811	8
5812	1
5813	2
5814	3
5815	2
5816	3
5817	4
5818	1
5819	5
5820	4
5821	4
5822	1
5823	2
5824	4
5825	1
5826	2
5827	1
5828	5
5829	4
5830	2
5831	5
5832	3
5833	3
5834	2
5835	4
5836	5
5837	2
5838	4
5839	2
5840	5
5841	3
5842	2
5843	1
5844	6
5845	4
5846	4
5847	1
5848	4
5849	2
5850	3
5851	1
5852	3
5853	6
5854	4
5855	1
5856	2
5857	3
5858	4
5859	2
5860	4
5861	0
5862	3
5863	5
5864	4
5865	2
5866	2
5867	3
5868	2
5869	4
5870	1
5871	4
5872	1
5873	2
5874	6
5875	0
5876	5
5877	4
5878	2
5879	6
5880	1
5881	3
5882	2
5883	7
5884	7
5885	2
5886	1
5887	3
5888	3
5889	4
5890	0
5891	7
5892	3
5893	5
5894	4
5895	3
5896	4
5897	0
5898	3
5899	5
5900	1
5901	4
5902	3
5903	1
5904	3
5905	1
5906	2
5907	2
5908	3
5909	3
5910	2
5911	1
5912	4
5913	4
5914	2
5915	3
5916	3
5917	2
5918	6
5919	4
5920	8
5921	5
5922	0
5923	1
5924	3
5925	2
5926	2
5927	1
5928	1
5929	2
5930	2
5931	1
5932	4
5933	2
5934	3
5935	6
5936	1
5937	3
5938	2
5939	2
5940	1
5941	6
5942	1
5943	3
5944	2
5945	3
5946	7
5947	3
5948	1
5949	1
5950	3
5951	1
5952	4
5953	3
5954	1
5955	2
5956	2
5957	0
5958	4
5959	2
5960	3
5961	4
5962	2
5963	4
5964	5
5965	1
5966	6
5967	3
5968	3
5969	1
5970	1
5971	4
5972	1
5973	5
5974	8
5975	2
5976	1
5977	2
5978	3
5979	3
5980	0
5981	1
5982	4
5983	2
5984	2
5985	2
5986	2
5987	3
5988	2
5989	2
5990	8
5991	6
5992	2
5993	4
5994	0
5995	4
5996	3
5997	4
5998	3
5999	6
6000	1
6001	2
6002	1
6003	2
6004	1
6005	5
6006	4
6007	3
6008	5
6009	2
6010	2
6011	2
6012	1
6013	5
6014	5
6015	3
6016	3
6017	3
6018	3
6019	3
6020	1
6021	0
6022	4
6023	3
6024	2
6025	2
6026	1
6027	5
6028	2
6029	7
6030	1
6031	6
6032	1
6033	3
6034	2
6035	4
6036	4
6037	2
6038	5
6039	4
6040	2
6041	2
6042	2
6043	4
6044	3
6045	2
6046	1
6047	2
6048	1
6049	2
6050	2
6051	5
6052	2
6053	1
6054	3
6055	4
6056	0
6057	2
6058	2
6059	2
6060	3
6061	1
6062	1
6063	3
6064	2
6065	4
6066	2
6067	4
6068	2
6069	2
6070	3
6071	3
6072	2
6073	3
6074	1
6075	1
6076	6
6077	1
6078	3
6079	1
6080	3
6081	2
6082	0
6083	3
6084	4
6085	3
6086	5
6087	2
6088	1
6089	2
6090	1
6091	3
6092	3
6093	1
6094	0
6095	3
6096	2
6097	5
6098	3
6099	0
6100	2
6101	3
6102	2
6103	2
6104	4
6105	1
6106	2
6107	0
6108	0
6109	3
6110	3
6111	1
6112	1
6113	5
6114	4
6115	4
6116	4
6117	3
6118	2
6119	1
6120	5
6121	1
6122	2
6123	3
6124	3
6125	1
6126	2
6127	2
6128	3
6129	3
6130	1
6131	2
6132	1
6133	2
6134	3
6135	2
6136	3
6137	4
6138	2
6139	3
6140	3
6141	3
6142	1
6143	3
6144	4
6145	1
6146	4
6147	3
6148	3
6149	2
6150	1
6151	0
6152	0
6153	2
6154	3
6155	3
6156	0
6157	4
6158	0
6159	0
6160	2
6161	2
6162	0
6163	3
6164	2
6165	0
6166	2
6167	3
6168	2
6169	1
6170	2
6171	0
6172	4
6173	1
6174	0
6175	1
6176	1
6177	5
6178	4
6179	3
6180	2
6181	1
6182	1
6183	2
6184	4
6185	1
6186	1
6187	3
6188	4
6189	1
6190	1
6191	1
6192	1
6193	3
6194	0
6195	0
6196	1
6197	1
6198	4
6199	0
6200	2
6201	1
6202	2
6203	2
6204	3
6205	3
6206	0
6207	1
6208	1
6209	1
6210	4
6211	2
6212	2
6213	1
6214	1
6215	1
6216	1
6217	0
6218	1
6219	3
6220	3
6221	0
6222	1
6223	2
6224	3
6225	2
6226	3
6227	1
6228	0
6229	0
6230	2
6231	2
6232	1
6233	0
6234	2
6235	0
6236	0
6237	1
6238	2
6239	1
6240	2
6241	2
6242	3
6243	2
6244	1
6245	1
6246	1
6247	2
6248	1
6249	2
6250	1
6251	0
6252	2
6253	1
6254	2
6255	2
6256	1
6257	0
6258	2
6259	1
6260	0
6261	0
6262	4
6263	0
6264	2
6265	1
6266	2
6267	0
6268	6
6269	2
6270	1
6271	1
6272	2
6273	3
6274	2
6275	1
6276	4
6277	3
6278	2
6279	1
6280	0
6281	2
6282	2
6283	2
6284	2
6285	2
6286	5
6287	1
6288	1
6289	2
6290	3
6291	2
6292	2
6293	2
6294	1
6295	2
6296	1
6297	0
6298	1
6299	2
6300	2
6301	4
6302	0
6303	6
6304	3
6305	1
6306	1
6307	1
6308	2
6309	3
6310	1
6311	1
6312	2
6313	1
6314	2
6315	2
6316	1
6317	2
6318	4
6319	1
6320	1
6321	2
6322	2
6323	4
6324	0
6325	0
6326	2
6327	2
6328	1
6329	0
6330	2
6331	1
6332	0
6333	1
6334	0
6335	1
6336	0
6337	0
6338	0
6339	2
6340	4
6341	2
6342	1
6343	2
6344	1
6345	2
6346	3
6347	2
6348	2
6349	3
6350	1
6351	0
6352	2
6353	1
6354	1
6355	1
6356	4
6357	0
6358	0
6359	1
6360	0
6361	1
6362	1
6363	4
6364	1
6365	0
6366	3
6367	2
6368	1
6369	0
6370	3
6371	1
6372	2
6373	4
6374	3
6375	3
6376	1
6377	2
6378	0
6379	4
6380	1
6381	5
6382	2
6383	1
6384	3
6385	1
6386	0
6387	4
6388	0
6389	1
6390	0
6391	1
6392	0
6393	0
6394	2
6395	1
6396	1
6397	2
6398	1
6399	0
6400	2
6401	2
6402	1
6403	0
6404	2
6405	0
6406	0
6407	2
6408	0
6409	2
6410	0
6411	1
6412	1
6413	3
6414	3
6415	2
6416	0
6417	0
6418	1
6419	0
6420	1
6421	4
6422	3
6423	3
6424	0
6425	3
6426	2
6427	1
6428	2
6429	4
6430	0
6431	1
6432	1
6433	2
6434	1
6435	1
6436	5
6437	3
6438	1
6439	0
6440	0
6441	1
6442	1
6443	1
6444	1
6445	1
6446	1
6447	0
6448	1
6449	0
6450	2
6451	3
6452	4
6453	1
6454	1
6455	0
6456	2
6457	0
6458	1
6459	3
6460	1
6461	3
6462	2
6463	3
6464	1
6465	0
6466	0
6467	3
6468	2
6469	3
6470	1
6471	1
6472	2
6473	2
6474	0
6475	1
6476	2
6477	1
6478	0
6479	2
6480	2
6481	3
6482	2
6483	0
6484	1
6485	3
6486	1
6487	1
6488	2
6489	1
6490	0
6491	2
6492	1
6493	0
6494	2
6495	3
6496	3
6497	1
6498	1
6499	0
6500	0
6501	1
6502	3
6503	3
6504	2
6505	0
6506	0
6507	1
6508	0
6509	0
6510	2
6511	1
6512	0
6513	0
6514	3
6515	1
6516	1
6517	0
6518	1
6519	2
6520	0
6521	0
6522	2
6523	2
6524	1
6525	2
6526	2
6527	1
6528	2
6529	2
6530	1
6531	0
6532	1
6533	0
6534	4
6535	0
6536	0
6537	1
6538	1
6539	1
6540	1
6541	0
6542	1
6543	1
6544	2
6545	0
6546	1
6547	0
6548	1
6549	2
6550	1
6551	3
6552	1
6553	1
6554	1
6555	1
6556	0
6557	1
6558	0
6559	2
6560	2
6561	2
6562	0
6563	1
6564	3
6565	2
6566	3
6567	0
6568	1
6569	0
6570	1
6571	0
6572	0
6573	3
6574	2
6575	1
6576	1
6577	1
6578	2
6579	3
6580	2
6581	0
6582	0
6583	0
6584	2
6585	1
6586	1
6587	0
6588	0
6589	2
6590	2
6591	0
6592	0
6593	2
6594	4
6595	1
6596	0
6597	4
6598	1
6599	1
6600	1
6601	0
6602	0
6603	2
6604	0
6605	1
6606	1
6607	0
6608	2
6609	2
6610	1
6611	1
6612	1
6613	5
6614	1
6615	1
6616	1
6617	0
6618	2
6619	1
6620	1
6621	0
6622	0
6623	1
6624	0
6625	0
6626	0
6627	2
6628	2
6629	1
6630	1
6631	1
6632	1
6633	1
6634	1
6635	1
6636	0
6637	1
6638	3
6639	0
6640	1
6641	0
6642	1
6643	1
6644	3
6645	1
6646	1
6647	1
6648	2
6649	0
6650	1
6651	0
6652	0
6653	0
6654	1
6655	2
6656	0
6657	3
6658	0
6659	0
6660	1
6661	0
6662	2
6663	1
6664	1
6665	1
6666	1
6667	1
6668	1
6669	1
6670	2
6671	2
6672	2
6673	0
6674	2
6675	0
6676	1
6677	0
6678	2
6679	0
6680	1
6681	2
6682	1
6683	0
6684	0
6685	1
6686	1
6687	2
6688	2
6689	0
6690	1
6691	1
6692	4
6693	0
6694	1
6695	2
6696	0
6697	2
6698	2
6699	2
6700	0
6701	3
6702	3
6703	3
6704	0
6705	0
6706	1
6707	0
6708	1
6709	0
6710	0
6711	0
6712	0
6713	2
6714	0
6715	0
6716	4
6717	0
6718	0
6719	3
6720	0
6721	1
6722	0
6723	3
6724	1
6725	0
6726	1
6727	1
6728	1
6729	2
6730	1
6731	0
6732	1
6733	1
6734	0
6735	2
6736	0
6737	1
6738	2
6739	1
6740	1
6741	1
6742	0
6743	0
6744	1
6745	1
6746	1
6747	0
6748	0
6749	2
6750	0
6751	1
6752	1
6753	2
6754	1
6755	1
6756	0
6757	1
6758	0
6759	2
6760	0
6761	0
6762	0
6763	3
6764	0
6765	0
6766	2
6767	0
6768	2
6769	0
6770	2
6771	0
6772	1
6773	0
6774	1
6775	1
6776	1
6777	0
6778	1
6779	0
6780	0
6781	0
6782	0
6783	0
6784	5
6785	2
6786	0
6787	0
6788	0
6789	0
6790	0
6791	0
6792	0
6793	0
6794	1
6795	0
6796	1
6797	2
6798	1
6799	3
6800	2
6801	0
6802	1
6803	1
6804	1
6805	2
6806	1
6807	2
6808	0
6809	0
6810	0
6811	0
6812	2
6813	0
6814	1
6815	0
6816	0
6817	0
6818	0
6819	1
6820	1
6821	1
6822	2
6823	0
6824	1
6825	1
6826	1
6827	1
6828	3
6829	0
6830	2
6831	0
6832	2
6833	1
6834	0
6835	0
6836	1
6837	3
6838	0
6839	2
6840	0
6841	0
6842	0
6843	0
6844	1
6845	0
6846	0
6847	1
6848	3
6849	1
6850	0
6851	2
6852	0
6853	1
6854	0
6855	0
6856	0
6857	1
6858	0
6859	2
6860	2
6861	0
6862	1
6863	2
6864	0
6865	1
6866	0
6867	1
6868	1
6869	0
6870	1
6871	0
6872	1
6873	1
6874	0
6875	0
6876	1
6877	1
6878	1
6879	0
6880	1
6881	0
6882	0
6883	0
6884	1
6885	0
6886	0
6887	0
6888	3
6889	2
6890	0
6891	0
6892	0
6893	1
6894	0
6895	2
6896	0
6897	0
6898	1
6899	0
6900	0
6901	0
6902	3
6903	1
6904	2
6905	0
6906	0
6907	0
6908	0
6909	1
6910	0
6911	1
6912	0
6913	1
6914	1
6915	1
6916	1
6917	1
6918	0
6919	2
6920	1
6921	0
6922	0
6923	0
6924	0
6925	1
6926	1
6927	2
6928	0
6929	1
6930	0
6931	0
6932	0
6933	2
6934	0
6935	0
6936	0
6937	0
6938	0
6939	0
6940	2
6941	2
6942	0
6943	1
6944	1
6945	0
6946	1
6947	1
6948	1
6949	2
6950	0
6951	0
6952	0
6953	1
6954	0
6955	2
6956	1
6957	0
6958	0
6959	1
6960	1
6961	1
6962	0
6963	1
6964	3
6965	0
6966	1
6967	0
6968	1
6969	0
6970	1
6971	0
6972	1
6973	0
6974	0
6975	3
6976	1
6977	0
6978	0
6979	1
6980	2
6981	0
6982	1
6983	0
6984	2
6985	1
6986	2
6987	1
6988	0
6989	0
6990	0
6991	1
6992	0
6993	0
6994	0
6995	0
6996	2
6997	0
6998	0
6999	0
7000	0
7001	0
7002	0
7003	1
7004	0
7005	3
7006	0
7007	0
7008	0
7009	0
7010	0
7011	1
7012	0
7013	0
7014	0
7015	1
7016	0
7017	0
7018	0
7019	0
7020	0
7021	0
7022	1
7023	0
7024	1
7025	0
7026	1
7027	0
7028	0
7029	1
7030	0
7031	0
7032	3
7033	0
7034	0
7035	0
7036	1
7037	0
7038	0
7039	1
7040	1
7041	1
7042	1
7043	0
7044	0
7045	0
7046	2
7047	0
7048	1
7049	0
7050	0
7051	0
7052	3
7053	2
7054	0
7055	0
7056	0
7057	0
7058	0
7059	0
7060	0
7061	0
7062	0
7063	0
7064	1
7065	0
7066	0
7067	0
7068	2
7069	0
7070	0
7071	0
7072	0
7073	0
7074	0
7075	0
7076	2
7077	0
7078	0
7079	0
7080	1
7081	0
7082	0
7083	0
7084	0
7085	1
7086	0
7087	1
7088	1
7089	1
7090	0
7091	0
7092	0
7093	2
7094	0
7095	0
7096	0
7097	0
7098	1
7099	0
7100	0
7101	2
7102	0
7103	1
7104	0
7105	1
7106	0
7107	0
7108	1
7109	2
7110	0
7111	0
7112	0
7113	1
7114	0
7115	0
7116	0
7117	1
7118	0
7119	0
7120	0
7121	1
7122	0
7123	0
7124	1
7125	0
7126	1
7127	0
7128	0
7129	1
7130	0
7131	0
7132	0
7133	0
7134	0
7135	0
7136	1
7137	0
7138	0
7139	0
7140	0
7141	0
7142	0
7143	1
7144	0
7145	0
7146	0
7147	0
7148	0
7149	0
7150	0
7151	0
7152	0
7153	0
7154	0
7155	0
7156	0
7157	2
7158	0
7159	0
7160	1
7161	0
7162	1
7163	0
7164	0
7165	0
7166	0
7167	0
7168	0
7169	0
7170	0
7171	0
7172	0
7173	0
7174	0
7175	0
7176	1
7177	1
7178	0
7179	0
7180	0
7181	0
7182	0
7183	0
7184	0
7185	0
7186	0
7187	0
7188	2
7189	0
7190	0
7191	0
7192	0
7193	0
7194	0
7195	0
7196	0
7197	1
7198	1
7199	0
7200	0
7201	0
7202	0
7203	0
7204	1
7205	0
7206	0
7207	0
7208	0
7209	0
7210	1
7211	0
7212	0
7213	0
7214	1
7215	0
7216	1
7217	0
7218	0
7219	0
7220	1
7221	2
7222	0
7223	0
7224	0
7225	0
7226	0
7227	0
7228	1
7229	0
7230	0
7231	0
7232	0
7233	0
7234	1
7235	0
7236	0
7237	1
7238	0
7239	1
7240	1
7241	0
7242	0
7243	1
7244	1
7245	1
7246	0
7247	0
7248	0
7249	1
7250	0
7251	0
7252	0
7253	0
7254	0
7255	0
7256	0
7257	1
7258	1
7259	0
7260	1
7261	0
7262	1
7263	1
7264	0
7265	0
7266	1
7267	0
7268	0
7269	0
7270	1
7271	1
7272	0
7273	0
7274	0
7275	0
7276	1
7277	0
7278	0
7279	0
7280	1
7281	1
7282	0
7283	0
7284	1
7285	0
7286	1
7287	0
7288	1
7289	0
7290	0
7291	0
7292	0
7293	0
7294	0
7295	0
7296	1
7297	0
7298	0
7299	0
7300	0
7301	0
7302	0
7303	0
7304	0
7305	0
7306	0
7307	0
7308	0
7309	0
7310	0
7311	0
7312	1
7313	0
7314	0
7315	0
7316	0
7317	0
7318	1
7319	0
7320	0
7321	0
7322	0
7323	1
7324	0
7325	0
7326	0
7327	0
7328	0
7329	0
7330	0
7331	1
7332	0
7333	0
7334	0
7335	0
7336	0
7337	0
7338	1
7339	0
7340	0
7341	0
7342	0
7343	0
7344	1
7345	2
7346	1
7347	0
7348	0
7349	2
7350	0
7351	1
7352	0
7353	1
7354	0
7355	0
7356	0
7357	0
7358	2
7359	0
7360	0
7361	1
7362	0
7363	0
7364	1
7365	0
7366	0
7367	1
7368	0
7369	0
7370	0
7371	0
7372	0
7373	1
7374	1
7375	0
7376	0
7377	1
7378	0
7379	0
7380	0
7381	0
7382	0
7383	0
7384	0
7385	0
7386	0
7387	1
7388	1
7389	1
7390	0
7391	0
7392	0
7393	0
7394	1
7395	0
7396	0
7397	0
7398	0
7399	1
7400	1
7401	0
7402	0
7403	0
7404	1
7405	0
7406	0
7407	0
7408	0
7409	0
7410	0
7411	1
7412	0
7413	0
7414	0
7415	0
7416	1
7417	0
7418	0
7419	0
7420	0
7421	0
7422	1
7423	0
7424	0
7425	0
7426	0
7427	0
7428	0
7429	0
7430	0
7431	0
7432	0
7433	1
7434	0
7435	0
7436	0
7437	1
7438	0
7439	0
7440	0
7441	1
7442	0
7443	0
7444	0
7445	0
7446	0
7447	0
7448	1
7449	0
7450	0
7451	2
7452	0
7453	0
7454	1
7455	0
7456	0
7457	0
7458	0
7459	0
7460	0
7461	0
7462	1
7463	0
7464	0
7465	0
7466	0
7467	1
7468	0
7469	0
7470	0
7471	0
7472	0
7473	0
7474	0
7475	0
7476	0
7477	0
7478	0
7479	0
7480	2
7481	0
7482	0
7483	0
7484	0
7485	0
7486	0
7487	0
7488	0
7489	2
7490	0
7491	0
7492	1
7493	0
7494	0
7495	0
7496	0
7497	0
7498	0
7499	0
7500	0
7501	0
7502	0
7503	0
7504	0
7505	0
7506	0
7507	0
7508	0
7509	0
7510	0
7511	0
7512	0
7513	0
7514	0
7515	1
7516	0
7517	0
7518	1
7519	0
7520	0
7521	0
7522	0
7523	0
7524	0
7525	0
7526	0
7527	0
7528	0
7529	0
7530	0
7531	0
7532	0
7533	0
7534	0
7535	0
7536	0
7537	0
7538	0
7539	0
7540	0
7541	0
7542	0
7543	1
7544	0
7545	0
7546	0
7547	0
7548	0
7549	0
7550	0
7551	0
7552	0
7553	0
7554	0
7555	0
7556	0
7557	0
7558	0
7559	1
7560	0
7561	0
7562	1
7563	0
7564	0
7565	0
7566	0
7567	0
7568	0
7569	0
7570	0
7571	0
7572	0
7573	0
7574	0
7575	0
7576	0
7577	0
7578	0
7579	0
7580	0
7581	1
7582	0
7583	0
7584	0
7585	0
7586	0
7587	0
7588	0
7589	0
7590	0
7591	0
7592	0
7593	0
7594	0
7595	0
7596	0
7597	0
7598	0
7599	0
7600	0
7601	0
7602	0
7603	0
7604	0
7605	0
7606	0
7607	0
7608	0
7609	0
7610	0
7611	0
7612	0
7613	0
7614	0
7615	0
7616	0
7617	0
7618	0
7619	0
7620	0
7621	0
7622	0
7623	0
7624	0
7625	0
7626	0
7627	0
7628	0
7629	0
7630	0
7631	0
7632	0
7633	0
7634	0
7635	0
7636	0
7637	0
7638	0
7639	0
7640	0
7641	0
7642	0
7643	0
7644	0
7645	0
7646	0
7647	0
7648	0
7649	0
7650	0
7651	0
7652	0
7653	0
7654	0
7655	0
7656	0
7657	0
7658	0
7659	0
7660	0
7661	0
7662	0
7663	0
7664	0
7665	0
7666	0
7667	0
7668	0
7669	0
7670	0
7671	0
7672	0
7673	0
7674	0
7675	0
7676	0
7677	0
7678	0
7679	0
7680	0
7681	0
7682	0
7683	0
7684	0
7685	0
7686	0
7687	0
7688	0
7689	0
7690	0
7691	0
7692	0
7693	0
7694	0
7695	0
7696	0
7697	0
7698	0
7699	0
7700	0
7701	0
7702	0
7703	0
7704	0
7705	0
7706	0
7707	0
7708	0
7709	0
7710	0
7711	0
7712	0
7713	0
7714	0
7715	0
7716	0
7717	0
7718	0
7719	0
7720	0
7721	0
7722	0
7723	0
7724	0
7725	0
7726	0
7727	0
7728	0
7729	0
7730	0
7731	0
7732	0
7733	0
7734	0
7735	0
7736	0
7737	0
7738	0
7739	0
7740	0
7741	0
7742	0
7743	0
7744	0
7745	0
7746	0
7747	0
7748	0
7749	0
7750	0
7751	0
7752	0
7753	0
7754	0
7755	0
7756	0
7757	0
7758	0
7759	0
7760	0
7761	0
7762	0
7763	0
7764	0
7765	0
7766	0
7767	0
7768	0
7769	0
7770	0
7771	0
7772	0
7773	0
7774	0
7775	0
7776	0
7777	0
7778	0
7779	0
7780	0
7781	0
7782	0
7783	0
7784	0
7785	0
7786	0
7787	0
7788	0
7789	0
7790	0
7791	0
7792	0
7793	0
7794	0
7795	0
7796	0
7797	0
7798	0
7799	0
7800	0
7801	0
7802	0
7803	0
7804	0
7805	0
7806	0
7807	0
7808	0
7809	0
7810	0
7811	0
7812	0
7813	0
7814	1
7815	0
7816	0
7817	0
7818	0
7819	0
7820	0
7821	0
7822	0
7823	0
7824	0
7825	0
7826	0
7827	0
7828	0
7829	0
7830	0
7831	0
7832	0
7833	0
7834	0
7835	0
7836	0
7837	0
7838	0
7839	0
7840	0
7841	0
7842	0
7843	0
7844	0
7845	0
7846	0
7847	0
7848	0
7849	0
7850	0
7851	0
7852	0
7853	0
7854	0
7855	0
7856	0
7857	0
7858	0
7859	0
7860	0
7861	0
7862	0
7863	0
7864	0
7865	0
7866	0
7867	0
7868	0
7869	0
7870	0
7871	0
7872	0
7873	0
7874	0
7875	0
7876	0
7877	0
7878	0
7879	0
7880	0
7881	0
7882	0
7883	0
7884	0
7885	0
7886	0
7887	0
7888	0
7889	0
7890	0
7891	0
7892	0
7893	0
7894	0
7895	0
7896	0
7897	0
7898	0
7899	0
7900	0
7901	0
7902	0
7903	0
7904	0
7905	0
7906	0
7907	0
7908	0
7909	0
7910	0
7911	0
7912	0
7913	0
7914	0
7915	0
7916	0
7917	0
7918	0
7919	0
7920	0
7921	0
7922	0
7923	0
7924	0
7925	0
7926	0
7927	0
7928	0
7929	0
7930	0
7931	0
7932	0
7933	0
7934	0
7935	0
7936	0
7937	0
7938	0
7939	0
7940	0
7941	0
7942	0
7943	0
7944	0
7945	0
7946	0
7947	0
7948	0
7949	0
7950	0
7951	0
7952	0
7953	0
7954	0
7955	0
7956	0
7957	0
7958	0
7959	0
7960	0
7961	0
7962	0
7963	0
7964	0
7965	0
7966	0
7967	0
7968	0
7969	0
7970	0
7971	0
7972	0
7973	0
7974	0
7975	0
7976	0
7977	0
7978	0
7979	0
7980	0
7981	0
7982	0
7983	0
7984	0
7985	0
7986	0
7987	0
7988	0
7989	0
7990	0
7991	0
7992	0
7993	0
7994	0
7995	0
7996	0
7997	0
7998	0
7999	0
8000	0
8001	0
8002	0
8003	0
8004	0
8005	0
8006	0
8007	0
8008	0
8009	0
8010	0
8011	0
8012	0
8013	0
8014	0
8015	0
8016	0
8017	0
8018	0
8019	0
8020	0
8021	0
8022	0
8023	0
8024	0
8025	0
8026	0
8027	0
8028	0
8029	0
8030	0
8031	0
8032	0
8033	0
8034	0
8035	0
8036	0
8037	0
8038	0
8039	0
8040	0
8041	0
8042	0
8043	0
8044	0
8045	0
8046	0
8047	0
8048	0
8049	0
8050	0
8051	0
8052	0
8053	0
8054	0
8055	0
8056	0
8057	0
8058	0
8059	0
8060	0
8061	0
8062	0
8063	0
8064	0
8065	0
8066	0
8067	0
8068	0
8069	0
8070	0
8071	0
8072	0
8073	0
8074	0
8075	0
8076	0
8077	0
8078	0
8079	0
8080	0
8081	0
8082	0
8083	0
8084	0
8085	0
8086	0
8087	0
8088	0
8089	0
8090	0
8091	0
8092	0
8093	0
8094	0
8095	0
8096	0
8097	0
8098	0
8099	0
8100	0
8101	0
8102	0
8103	0
8104	0
8105	0
8106	0
8107	0
8108	0
8109	0
8110	0
8111	0
8112	0
8113	0
8114	0
8115	0
8116	0
8117	0
8118	0
8119	0
8120	0
8121	0
8122	0
8123	0
8124	0
8125	0
8126	0
8127	0
8128	0
8129	0
8130	0
8131	0
8132	0
8133	0
8134	0
8135	0
8136	0
8137	0
8138	0
8139	0
8140	0
8141	0
8142	0
8143	0
8144	0
8145	0
8146	0
8147	0
8148	0
8149	0
8150	0
8151	0
8152	0
8153	0
8154	0
8155	0
8156	0
8157	0
8158	0
8159	0
8160	0
8161	0
8162	0
8163	0
8164	0
8165	0
8166	0
8167	0
8168	0
8169	0
8170	0
8171	0
8172	0
8173	0
8174	0
8175	0
8176	0
8177	0
8178	0
8179	0
8180	0
8181	0
8182	0
8183	0
8184	0
8185	0
8186	0
8187	0
8188	0
8189	0
8190	0
8191	0
