0	0
1	0
2	0
3	0
4	0
5	0
6	0
7	0
8	0
9	0
10	0
11	0
12	0
13	0
14	0
15	0
16	0
17	0
18	0
19	0
20	0
21	0
22	0
23	0
24	0
25	0
26	0
27	0
28	0
29	0
30	0
31	0
32	0
33	0
34	0
35	1
36	0
37	0
38	1
39	0
40	0
41	0
42	0
43	0
44	0
45	0
46	0
47	0
48	0
49	0
50	0
51	0
52	0
53	0
54	1
55	0
56	0
57	0
58	0
59	0
60	0
61	1
62	0
63	1
64	1
65	0
66	0
67	0
68	0
69	1
70	0
71	0
72	0
73	0
74	0
75	2
76	0
77	0
78	0
79	1
80	0
81	0
82	0
83	0
84	0
85	1
86	1
87	1
88	0
89	0
90	0
91	0
92	0
93	0
94	0
95	0
96	1
97	0
98	0
99	0
100	0
101	0
102	0
103	0
104	1
105	0
106	1
107	0
108	0
109	0
110	0
111	0
112	0
113	0
114	0
115	0
116	1
117	1
118	0
119	1
120	1
121	0
122	0
123	1
124	0
125	1
126	0
127	0
128	0
129	1
130	1
131	0
132	0
133	1
134	0
135	1
136	0
137	2
138	1
139	2
140	2
141	1
142	7
143	2
144	2
145	3
146	5
147	5
148	4
149	0
150	5
151	1
152	4
153	1
154	3
155	5
156	1
157	3
158	0
159	5
160	3
161	5
162	2
163	4
164	4
165	3
166	7
167	2
168	5
169	5
170	2
171	5
172	2
173	0
174	3
175	3
176	2
177	2
178	5
179	3
180	2
181	3
182	5
183	3
184	4
185	0
186	2
187	1
188	4
189	1
190	3
191	1
192	0
193	3
194	5
195	4
196	1
197	1
198	4
199	2
200	2
201	4
202	6
203	0
204	6
205	4
206	3
207	3
208	2
209	2
210	2
211	3
212	4
213	5
214	3
215	4
216	6
217	5
218	5
219	1
220	2
221	1
222	5
223	4
224	2
225	5
226	4
227	0
228	4
229	8
230	3
231	5
232	1
233	1
234	2
235	2
236	4
237	3
238	2
239	3
240	4
241	4
242	5
243	5
244	4
245	5
246	1
247	5
248	2
249	7
250	7
251	4
252	6
253	3
254	8
255	3
256	2
257	3
258	4
259	8
260	1
261	4
262	2
263	8
264	4
265	9
266	5
267	0
268	5
269	5
270	3
271	2
272	2
273	2
274	3
275	2
276	5
277	3
278	9
279	6
280	2
281	6
282	4
283	0
284	3
285	2
286	2
287	3
288	3
289	6
290	7
291	3
292	6
293	2
294	5
295	6
296	3
297	2
298	1
299	7
300	5
301	6
302	5
303	5
304	4
305	5
306	4
307	3
308	0
309	5
310	3
311	4
312	2
313	3
314	0
315	3
316	5
317	1
318	3
319	2
320	7
321	2
322	2
323	3
324	5
325	3
326	4
327	2
328	4
329	1
330	3
331	5
332	3
333	2
334	8
335	7
336	5
337	5
338	3
339	4
340	3
341	3
342	4
343	4
344	5
345	1
346	1
347	4
348	3
349	4
350	3
351	5
352	4
353	6
354	3
355	4
356	3
357	3
358	5
359	4
360	6
361	1
362	2
363	2
364	1
365	1
366	3
367	4
368	4
369	2
370	2
371	3
372	1
373	3
374	2
375	2
376	3
377	5
378	3
379	3
380	0
381	4
382	4
383	6
384	0
385	2
386	2
387	3
388	1
389	4
390	3
391	6
392	2
393	3
394	5
395	2
396	1
397	7
398	3
399	5
400	5
401	8
402	2
403	6
404	5
405	0
406	5
407	4
408	4
409	2
410	4
411	5
412	1
413	8
414	7
415	1
416	6
417	6
418	5
419	4
420	5
421	6
422	1
423	4
424	4
425	5
426	6
427	5
428	2
429	0
430	4
431	3
432	6
433	5
434	4
435	6
436	6
437	3
438	7
439	5
440	3
441	1
442	5
443	3
444	3
445	4
446	1
447	2
448	5
449	5
450	1
451	9
452	3
453	3
454	3
455	8
456	4
457	5
458	3
459	5
460	5
461	3
462	2
463	4
464	3
465	6
466	4
467	3
468	6
469	4
470	4
471	9
472	5
473	5
474	3
475	4
476	2
477	6
478	2
479	0
480	5
481	3
482	3
483	5
484	7
485	4
486	6
487	2
488	1
489	4
490	4
491	1
492	4
493	5
494	6
495	3
496	3
497	5
498	7
499	5
500	6
501	4
502	5
503	2
504	3
505	5
506	4
507	1
508	5
509	5
510	6
511	3
512	7
513	2
514	4
515	5
516	4
517	3
518	5
519	7
520	5
521	7
522	3
523	5
524	1
525	3
526	4
527	6
528	6
529	4
530	5
531	4
532	6
533	1
534	7
535	7
536	6
537	3
538	4
539	5
540	3
541	3
542	10
543	6
544	6
545	2
546	4
547	6
548	3
549	4
550	7
551	4
552	6
553	4
554	6
555	6
556	6
557	6
558	7
559	6
560	4
561	10
562	3
563	12
564	9
565	3
566	4
567	7
568	1
569	5
570	7
571	5
572	1
573	5
574	1
575	3
576	5
577	5
578	5
579	8
580	9
581	2
582	7
583	7
584	7
585	7
586	5
587	8
588	8
589	3
590	2
591	4
592	3
593	3
594	3
595	7
596	6
597	10
598	2
599	4
600	3
601	0
602	8
603	12
604	4
605	3
606	2
607	2
608	2
609	9
610	4
611	4
612	8
613	6
614	6
615	5
616	3
617	8
618	3
619	12
620	3
621	3
622	7
623	6
624	2
625	4
626	5
627	6
628	4
629	6
630	2
631	6
632	5
633	8
634	8
635	2
636	9
637	5
638	6
639	6
640	5
641	4
642	10
643	11
644	3
645	6
646	9
647	1
648	2
649	9
650	5
651	5
652	2
653	6
654	4
655	5
656	2
657	3
658	4
659	7
660	5
661	3
662	5
663	5
664	9
665	6
666	3
667	8
668	5
669	2
670	4
671	4
672	5
673	5
674	1
675	2
676	3
677	5
678	3
679	3
680	6
681	6
682	3
683	2
684	3
685	5
686	4
687	6
688	3
689	3
690	8
691	7
692	2
693	2
694	2
695	3
696	9
697	9
698	4
699	4
700	7
701	5
702	4
703	6
704	1
705	3
706	4
707	5
708	6
709	4
710	4
711	3
712	3
713	5
714	5
715	5
716	4
717	3
718	2
719	1
720	4
721	5
722	2
723	9
724	2
725	5
726	9
727	3
728	8
729	8
730	2
731	6
732	5
733	2
734	4
735	5
736	4
737	5
738	4
739	11
740	6
741	7
742	6
743	2
744	3
745	2
746	7
747	9
748	7
749	3
750	4
751	3
752	2
753	5
754	3
755	2
756	8
757	5
758	1
759	6
760	6
761	3
762	2
763	3
764	5
765	4
766	6
767	3
768	6
769	4
770	4
771	10
772	2
773	3
774	4
775	5
776	5
777	5
778	4
779	6
780	3
781	1
782	7
783	3
784	2
785	5
786	3
787	7
788	3
789	0
790	7
791	7
792	2
793	6
794	8
795	6
796	3
797	5
798	1
799	4
800	2
801	3
802	6
803	4
804	3
805	7
806	2
807	3
808	3
809	3
810	7
811	9
812	6
813	5
814	4
815	5
816	5
817	6
818	2
819	1
820	5
821	0
822	3
823	5
824	7
825	6
826	4
827	5
828	5
829	1
830	4
831	5
832	5
833	7
834	4
835	4
836	6
837	7
838	3
839	4
840	6
841	3
842	5
843	5
844	3
845	5
846	3
847	2
848	2
849	1
850	4
851	4
852	2
853	4
854	2
855	6
856	4
857	6
858	2
859	5
860	5
861	3
862	3
863	3
864	8
865	3
866	4
867	2
868	7
869	4
870	3
871	6
872	9
873	3
874	4
875	3
876	2
877	4
878	3
879	4
880	3
881	4
882	3
883	1
884	4
885	5
886	4
887	4
888	6
889	2
890	3
891	6
892	2
893	7
894	11
895	5
896	3
897	5
898	6
899	6
900	5
901	3
902	6
903	3
904	6
905	4
906	4
907	7
908	3
909	3
910	5
911	2
912	5
913	4
914	4
915	4
916	3
917	6
918	4
919	3
920	4
921	3
922	5
923	2
924	5
925	4
926	3
927	3
928	7
929	6
930	3
931	7
932	3
933	8
934	7
935	7
936	6
937	2
938	4
939	4
940	6
941	4
942	2
943	8
944	4
945	8
946	6
947	3
948	5
949	5
950	2
951	6
952	7
953	5
954	7
955	6
956	7
957	3
958	1
959	8
960	5
961	5
962	9
963	5
964	1
965	1
966	1
967	5
968	3
969	4
970	1
971	4
972	5
973	4
974	5
975	2
976	4
977	8
978	7
979	7
980	6
981	5
982	5
983	2
984	6
985	2
986	7
987	7
988	6
989	7
990	3
991	5
992	3
993	6
994	7
995	5
996	3
997	6
998	6
999	3
1000	5
1001	1
1002	3
1003	6
1004	10
1005	1
1006	8
1007	3
1008	2
1009	7
1010	7
1011	2
1012	4
1013	6
1014	6
1015	6
1016	8
1017	3
1018	4
1019	3
1020	4
1021	8
1022	5
1023	7
1024	5
1025	5
1026	4
1027	4
1028	8
1029	9
1030	1
1031	4
1032	7
1033	2
1034	6
1035	6
1036	4
1037	3
1038	3
1039	7
1040	6
1041	5
1042	5
1043	2
1044	9
1045	3
1046	5
1047	6
1048	5
1049	8
1050	7
1051	7
1052	2
1053	7
1054	3
1055	7
1056	6
1057	6
1058	3
1059	2
1060	4
1061	6
1062	3
1063	4
1064	2
1065	2
1066	8
1067	4
1068	5
1069	8
1070	2
1071	2
1072	6
1073	6
1074	3
1075	8
1076	5
1077	4
1078	6
1079	5
1080	4
1081	5
1082	5
1083	5
1084	1
1085	4
1086	7
1087	4
1088	6
1089	6
1090	4
1091	5
1092	4
1093	10
1094	9
1095	4
1096	5
1097	8
1098	7
1099	6
1100	5
1101	4
1102	3
1103	4
1104	7
1105	9
1106	8
1107	6
1108	5
1109	2
1110	3
1111	3
1112	4
1113	4
1114	2
1115	4
1116	5
1117	5
1118	3
1119	5
1120	5
1121	3
1122	6
1123	4
1124	4
1125	7
1126	5
1127	9
1128	7
1129	8
1130	5
1131	3
1132	4
1133	5
1134	5
1135	3
1136	5
1137	2
1138	3
1139	2
1140	8
1141	3
1142	10
1143	6
1144	8
1145	2
1146	3
1147	7
1148	5
1149	2
1150	4
1151	4
1152	1
1153	3
1154	5
1155	4
1156	6
1157	4
1158	2
1159	4
1160	4
1161	7
1162	6
1163	1
1164	6
1165	1
1166	4
1167	6
1168	3
1169	4
1170	4
1171	7
1172	1
1173	5
1174	6
1175	5
1176	4
1177	5
1178	5
1179	3
1180	7
1181	2
1182	4
1183	9
1184	5
1185	3
1186	1
1187	6
1188	7
1189	5
1190	5
1191	7
1192	4
1193	5
1194	2
1195	10
1196	7
1197	7
1198	6
1199	5
1200	2
1201	4
1202	5
1203	5
1204	1
1205	3
1206	8
1207	7
1208	3
1209	4
1210	4
1211	4
1212	5
1213	3
1214	4
1215	7
1216	6
1217	3
1218	2
1219	7
1220	6
1221	5
1222	4
1223	5
1224	5
1225	2
1226	4
1227	0
1228	2
1229	3
1230	4
1231	3
1232	2
1233	1
1234	9
1235	5
1236	1
1237	7
1238	6
1239	5
1240	6
1241	8
1242	3
1243	4
1244	9
1245	4
1246	4
1247	5
1248	4
1249	5
1250	5
1251	6
1252	6
1253	4
1254	3
1255	9
1256	7
1257	4
1258	7
1259	7
1260	6
1261	4
1262	9
1263	3
1264	0
1265	3
1266	6
1267	4
1268	2
1269	3
1270	3
1271	3
1272	7
1273	3
1274	4
1275	2
1276	4
1277	5
1278	3
1279	4
1280	6
1281	3
1282	2
1283	2
1284	0
1285	5
1286	2
1287	7
1288	3
1289	4
1290	6
1291	5
1292	3
1293	5
1294	3
1295	2
1296	1
1297	4
1298	7
1299	3
1300	6
1301	3
1302	2
1303	3
1304	6
1305	1
1306	0
1307	9
1308	5
1309	7
1310	4
1311	0
1312	5
1313	6
1314	4
1315	3
1316	3
1317	5
1318	6
1319	4
1320	3
1321	7
1322	4
1323	1
1324	3
1325	6
1326	4
1327	8
1328	5
1329	6
1330	3
1331	2
1332	1
1333	0
1334	5
1335	2
1336	4
1337	7
1338	5
1339	5
1340	3
1341	6
1342	2
1343	3
1344	4
1345	4
1346	3
1347	6
1348	2
1349	5
1350	7
1351	4
1352	4
1353	2
1354	4
1355	4
1356	4
1357	4
1358	6
1359	3
1360	3
1361	8
1362	3
1363	6
1364	3
1365	2
1366	2
1367	3
1368	4
1369	3
1370	4
1371	5
1372	2
1373	6
1374	3
1375	6
1376	3
1377	4
1378	3
1379	7
1380	1
1381	3
1382	3
1383	4
1384	1
1385	1
1386	4
1387	3
1388	3
1389	1
1390	2
1391	2
1392	3
1393	3
1394	3
1395	2
1396	8
1397	2
1398	3
1399	3
1400	3
1401	1
1402	2
1403	3
1404	2
1405	1
1406	4
1407	6
1408	1
1409	2
1410	2
1411	1
1412	4
1413	8
1414	2
1415	3
1416	5
1417	1
1418	7
1419	2
1420	3
1421	4
1422	3
1423	4
1424	5
1425	1
1426	2
1427	0
1428	2
1429	4
1430	5
1431	3
1432	6
1433	3
1434	6
1435	4
1436	4
1437	5
1438	5
1439	2
1440	4
1441	3
1442	3
1443	1
1444	7
1445	4
1446	3
1447	8
1448	11
1449	5
1450	4
1451	4
1452	2
1453	2
1454	6
1455	5
1456	3
1457	5
1458	4
1459	2
1460	2
1461	1
1462	0
1463	2
1464	3
1465	3
1466	3
1467	2
1468	7
1469	3
1470	1
1471	4
1472	3
1473	1
1474	2
1475	2
1476	1
1477	11
1478	3
1479	3
1480	1
1481	5
1482	4
1483	4
1484	3
1485	6
1486	3
1487	4
1488	8
1489	2
1490	2
1491	4
1492	5
1493	1
1494	4
1495	3
1496	4
1497	3
1498	3
1499	4
1500	0
1501	2
1502	3
1503	3
1504	6
1505	3
1506	8
1507	2
1508	3
1509	6
1510	0
1511	6
1512	7
1513	8
1514	4
1515	4
1516	3
1517	2
1518	2
1519	4
1520	1
1521	5
1522	3
1523	4
1524	3
1525	4
1526	3
1527	4
1528	1
1529	2
1530	1
1531	2
1532	3
1533	4
1534	4
1535	1
1536	2
1537	2
1538	3
1539	6
1540	5
1541	3
1542	0
1543	6
1544	5
1545	3
1546	3
1547	5
1548	3
1549	3
1550	3
1551	2
1552	4
1553	3
1554	5
1555	1
1556	0
1557	2
1558	6
1559	2
1560	6
1561	2
1562	3
1563	4
1564	6
1565	3
1566	3
1567	2
1568	8
1569	1
1570	3
1571	3
1572	3
1573	6
1574	1
1575	1
1576	6
1577	0
1578	4
1579	4
1580	3
1581	7
1582	8
1583	2
1584	3
1585	2
1586	6
1587	3
1588	2
1589	6
1590	4
1591	4
1592	5
1593	7
1594	4
1595	3
1596	5
1597	5
1598	3
1599	3
1600	5
1601	6
1602	1
1603	9
1604	2
1605	3
1606	3
1607	1
1608	2
1609	4
1610	3
1611	4
1612	0
1613	5
1614	3
1615	4
1616	6
1617	2
1618	5
1619	7
1620	3
1621	5
1622	4
1623	7
1624	3
1625	6
1626	5
1627	5
1628	3
1629	1
1630	6
1631	1
1632	5
1633	5
1634	4
1635	4
1636	5
1637	6
1638	3
1639	1
1640	3
1641	7
1642	5
1643	1
1644	4
1645	4
1646	4
1647	5
1648	5
1649	6
1650	8
1651	3
1652	2
1653	6
1654	11
1655	9
1656	1
1657	2
1658	6
1659	7
1660	5
1661	4
1662	4
1663	4
1664	3
1665	7
1666	6
1667	11
1668	6
1669	8
1670	2
1671	2
1672	3
1673	8
1674	8
1675	7
1676	3
1677	8
1678	4
1679	7
1680	5
1681	7
1682	8
1683	5
1684	5
1685	6
1686	8
1687	6
1688	5
1689	7
1690	6
1691	3
1692	6
1693	4
1694	5
1695	3
1696	8
1697	6
1698	11
1699	4
1700	8
1701	8
1702	4
1703	3
1704	9
1705	5
1706	7
1707	6
1708	7
1709	9
1710	8
1711	7
1712	6
1713	4
1714	9
1715	6
1716	14
1717	5
1718	8
1719	8
1720	8
1721	6
1722	8
1723	6
1724	8
1725	4
1726	7
1727	5
1728	8
1729	10
1730	11
1731	8
1732	9
1733	8
1734	7
1735	5
1736	8
1737	12
1738	11
1739	11
1740	20
1741	25
1742	33
1743	44
1744	64
1745	126
1746	147
1747	240
1748	326
1749	452
1750	585
1751	762
1752	874
1753	968
1754	1144
1755	1170
1756	1147
1757	1241
1758	1237
1759	1272
1760	1232
1761	1274
1762	1275
1763	1310
1764	1391
1765	1362
1766	1331
1767	1368
1768	1425
1769	1411
1770	1371
1771	1460
1772	1390
1773	1386
1774	1433
1775	1415
1776	1438
1777	1527
1778	1479
1779	1487
1780	1436
1781	1547
1782	1538
1783	1510
1784	1557
1785	1540
1786	1570
1787	1611
1788	1530
1789	1595
1790	1615
1791	1667
1792	1671
1793	1630
1794	1608
1795	1713
1796	1709
1797	1648
1798	1702
1799	1738
1800	1705
1801	1775
1802	1719
1803	1818
1804	1838
1805	1733
1806	1859
1807	1853
1808	1810
1809	1902
1810	1835
1811	1873
1812	1884
1813	1900
1814	1895
1815	1945
1816	1907
1817	1881
1818	2006
1819	1883
1820	1941
1821	1994
1822	1908
1823	1933
1824	2007
1825	1983
1826	2063
1827	2072
1828	2000
1829	2068
1830	2046
1831	2013
1832	2040
1833	2135
1834	2094
1835	2075
1836	2123
1837	2108
1838	2251
1839	2178
1840	2147
1841	2164
1842	2222
1843	2166
1844	2199
1845	2220
1846	2146
1847	2200
1848	2221
1849	2261
1850	2339
1851	2226
1852	2320
1853	2221
1854	2392
1855	2276
1856	2338
1857	2307
1858	2285
1859	2376
1860	2364
1861	2280
1862	2243
1863	2192
1864	2300
1865	2401
1866	2393
1867	2312
1868	2310
1869	2455
1870	2406
1871	2425
1872	2304
1873	2416
1874	2427
1875	2355
1876	2436
1877	2311
1878	2373
1879	2426
1880	2390
1881	2417
1882	2396
1883	2413
1884	2424
1885	2496
1886	2332
1887	2322
1888	2434
1889	2420
1890	2450
1891	2437
1892	2398
1893	2511
1894	2443
1895	2440
1896	2446
1897	2408
1898	2325
1899	2509
1900	2509
1901	2451
1902	2448
1903	2426
1904	2463
1905	2432
1906	2454
1907	2418
1908	2524
1909	2461
1910	2507
1911	2434
1912	2527
1913	2508
1914	2434
1915	2436
1916	2485
1917	2417
1918	2494
1919	2526
1920	2379
1921	2505
1922	2364
1923	2480
1924	2415
1925	2331
1926	2349
1927	2355
1928	2430
1929	2374
1930	2298
1931	2318
1932	2429
1933	2395
1934	2330
1935	2349
1936	2309
1937	2345
1938	2295
1939	2373
1940	2315
1941	2403
1942	2275
1943	2268
1944	2250
1945	2288
1946	2216
1947	2261
1948	2309
1949	2301
1950	2256
1951	2207
1952	2095
1953	2201
1954	2223
1955	2164
1956	2199
1957	2117
1958	2141
1959	2166
1960	2177
1961	2081
1962	2150
1963	2188
1964	2132
1965	2113
1966	2012
1967	2013
1968	2034
1969	2053
1970	2023
1971	1978
1972	2044
1973	2035
1974	2046
1975	1990
1976	1980
1977	1997
1978	1957
1979	2007
1980	1978
1981	1908
1982	1938
1983	1922
1984	1895
1985	1880
1986	1908
1987	1830
1988	1902
1989	1882
1990	1858
1991	1808
1992	1751
1993	1892
1994	1750
1995	1852
1996	1824
1997	1792
1998	1718
1999	1759
2000	1710
2001	1668
2002	1729
2003	1714
2004	1692
2005	1718
2006	1720
2007	1689
2008	1713
2009	1666
2010	1550
2011	1600
2012	1660
2013	1595
2014	1555
2015	1593
2016	1530
2017	1570
2018	1578
2019	1494
2020	1499
2021	1512
2022	1492
2023	1457
2024	1446
2025	1472
2026	1488
2027	1417
2028	1452
2029	1505
2030	1385
2031	1442
2032	1334
2033	1445
2034	1357
2035	1360
2036	1358
2037	1341
2038	1318
2039	1383
2040	1352
2041	1300
2042	1313
2043	1351
2044	1267
2045	1211
2046	1280
2047	1277
2048	1277
2049	1226
2050	1226
2051	1228
2052	1206
2053	1170
2054	1118
2055	1091
2056	1037
2057	1018
2058	877
2059	777
2060	658
2061	445
2062	328
2063	210
2064	131
2065	61
2066	43
2067	35
2068	28
2069	14
2070	8
2071	13
2072	14
2073	15
2074	12
2075	9
2076	8
2077	8
2078	10
2079	11
2080	7
2081	7
2082	8
2083	8
2084	4
2085	10
2086	7
2087	4
2088	8
2089	4
2090	6
2091	7
2092	5
2093	5
2094	3
2095	5
2096	2
2097	4
2098	5
2099	5
2100	1
2101	3
2102	5
2103	4
2104	0
2105	5
2106	8
2107	3
2108	5
2109	6
2110	6
2111	3
2112	10
2113	6
2114	5
2115	4
2116	2
2117	5
2118	4
2119	4
2120	5
2121	0
2122	2
2123	7
2124	5
2125	3
2126	2
2127	1
2128	3
2129	4
2130	1
2131	3
2132	1
2133	4
2134	5
2135	3
2136	2
2137	1
2138	2
2139	4
2140	2
2141	1
2142	2
2143	2
2144	3
2145	1
2146	1
2147	5
2148	3
2149	3
2150	4
2151	4
2152	8
2153	3
2154	1
2155	5
2156	2
2157	5
2158	2
2159	4
2160	2
2161	1
2162	3
2163	1
2164	3
2165	1
2166	0
2167	5
2168	0
2169	2
2170	0
2171	2
2172	3
2173	2
2174	4
2175	2
2176	0
2177	4
2178	0
2179	0
2180	2
2181	1
2182	2
2183	4
2184	2
2185	4
2186	4
2187	1
2188	4
2189	2
2190	3
2191	3
2192	1
2193	2
2194	0
2195	2
2196	4
2197	2
2198	2
2199	1
2200	2
2201	0
2202	1
2203	4
2204	0
2205	1
2206	0
2207	1
2208	1
2209	1
2210	0
2211	1
2212	2
2213	1
2214	1
2215	2
2216	1
2217	1
2218	0
2219	1
2220	1
2221	1
2222	0
2223	2
2224	1
2225	1
2226	1
2227	1
2228	1
2229	0
2230	1
2231	0
2232	2
2233	0
2234	1
2235	3
2236	2
2237	0
2238	3
2239	0
2240	0
2241	1
2242	0
2243	0
2244	1
2245	2
2246	0
2247	1
2248	0
2249	1
2250	1
2251	2
2252	2
2253	1
2254	3
2255	0
2256	1
2257	0
2258	2
2259	0
2260	1
2261	2
2262	0
2263	0
2264	0
2265	2
2266	1
2267	2
2268	1
2269	0
2270	3
2271	0
2272	1
2273	2
2274	1
2275	1
2276	1
2277	1
2278	1
2279	0
2280	0
2281	0
2282	0
2283	1
2284	2
2285	0
2286	1
2287	0
2288	2
2289	1
2290	1
2291	0
2292	1
2293	0
2294	1
2295	1
2296	3
2297	0
2298	2
2299	1
2300	0
2301	0
2302	1
2303	0
2304	0
2305	0
2306	1
2307	0
2308	1
2309	1
2310	0
2311	0
2312	1
2313	1
2314	1
2315	1
2316	0
2317	0
2318	2
2319	1
2320	1
2321	0
2322	0
2323	1
2324	1
2325	0
2326	0
2327	1
2328	1
2329	0
2330	1
2331	1
2332	0
2333	0
2334	0
2335	0
2336	1
2337	1
2338	1
2339	0
2340	0
2341	0
2342	1
2343	3
2344	1
2345	0
2346	0
2347	5
2348	3
2349	1
2350	1
2351	2
2352	0
2353	0
2354	0
2355	2
2356	1
2357	2
2358	1
2359	0
2360	0
2361	0
2362	2
2363	0
2364	1
2365	0
2366	1
2367	1
2368	0
2369	0
2370	2
2371	0
2372	1
2373	0
2374	1
2375	0
2376	0
2377	2
2378	0
2379	1
2380	1
2381	0
2382	1
2383	1
2384	1
2385	0
2386	1
2387	1
2388	0
2389	0
2390	0
2391	1
2392	1
2393	1
2394	1
2395	2
2396	0
2397	0
2398	0
2399	0
2400	2
2401	0
2402	3
2403	0
2404	0
2405	0
2406	0
2407	0
2408	0
2409	0
2410	0
2411	0
2412	2
2413	0
2414	1
2415	1
2416	0
2417	1
2418	0
2419	0
2420	0
2421	1
2422	1
2423	1
2424	1
2425	0
2426	1
2427	1
2428	1
2429	0
2430	0
2431	1
2432	0
2433	0
2434	0
2435	0
2436	0
2437	0
2438	0
2439	1
2440	0
2441	0
2442	0
2443	1
2444	1
2445	1
2446	0
2447	1
2448	0
2449	0
2450	0
2451	0
2452	1
2453	0
2454	0
2455	1
2456	1
2457	1
2458	0
2459	0
2460	0
2461	1
2462	0
2463	0
2464	0
2465	1
2466	0
2467	2
2468	1
2469	2
2470	0
2471	1
2472	0
2473	1
2474	1
2475	1
2476	0
2477	0
2478	1
2479	1
2480	1
2481	1
2482	2
2483	0
2484	0
2485	0
2486	1
2487	1
2488	0
2489	0
2490	2
2491	2
2492	1
2493	2
2494	1
2495	1
2496	1
2497	0
2498	1
2499	1
2500	0
2501	0
2502	0
2503	0
2504	0
2505	2
2506	1
2507	2
2508	1
2509	1
2510	0
2511	0
2512	0
2513	0
2514	0
2515	0
2516	0
2517	1
2518	0
2519	0
2520	0
2521	1
2522	1
2523	1
2524	2
2525	2
2526	1
2527	0
2528	1
2529	1
2530	0
2531	1
2532	2
2533	0
2534	2
2535	0
2536	0
2537	0
2538	0
2539	0
2540	1
2541	2
2542	0
2543	3
2544	1
2545	1
2546	1
2547	1
2548	2
2549	2
2550	3
2551	2
2552	1
2553	1
2554	0
2555	1
2556	3
2557	2
2558	0
2559	1
2560	1
2561	1
2562	1
2563	0
2564	1
2565	1
2566	2
2567	2
2568	2
2569	0
2570	1
2571	0
2572	3
2573	1
2574	0
2575	1
2576	0
2577	0
2578	5
2579	1
2580	1
2581	2
2582	7
2583	0
2584	1
2585	0
2586	1
2587	2
2588	2
2589	0
2590	2
2591	1
2592	2
2593	1
2594	1
2595	2
2596	1
2597	0
2598	1
2599	1
2600	0
2601	0
2602	0
2603	1
2604	3
2605	2
2606	0
2607	2
2608	1
2609	3
2610	1
2611	0
2612	0
2613	0
2614	2
2615	5
2616	0
2617	6
2618	1
2619	2
2620	3
2621	0
2622	0
2623	1
2624	3
2625	0
2626	1
2627	2
2628	1
2629	1
2630	1
2631	2
2632	4
2633	1
2634	2
2635	3
2636	5
2637	2
2638	2
2639	3
2640	1
2641	2
2642	5
2643	3
2644	1
2645	0
2646	0
2647	1
2648	2
2649	2
2650	0
2651	1
2652	1
2653	0
2654	1
2655	3
2656	1
2657	2
2658	1
2659	1
2660	2
2661	0
2662	1
2663	3
2664	2
2665	0
2666	1
2667	1
2668	2
2669	1
2670	3
2671	1
2672	1
2673	3
2674	2
2675	2
2676	1
2677	1
2678	2
2679	4
2680	5
2681	0
2682	2
2683	1
2684	3
2685	1
2686	0
2687	3
2688	1
2689	3
2690	3
2691	1
2692	2
2693	0
2694	1
2695	1
2696	0
2697	0
2698	1
2699	1
2700	2
2701	4
2702	2
2703	0
2704	0
2705	0
2706	0
2707	0
2708	2
2709	2
2710	1
2711	3
2712	3
2713	1
2714	2
2715	0
2716	0
2717	2
2718	2
2719	1
2720	3
2721	5
2722	2
2723	1
2724	2
2725	1
2726	0
2727	1
2728	3
2729	1
2730	2
2731	1
2732	1
2733	1
2734	1
2735	1
2736	1
2737	1
2738	1
2739	5
2740	3
2741	1
2742	4
2743	2
2744	0
2745	2
2746	3
2747	0
2748	2
2749	1
2750	1
2751	1
2752	4
2753	6
2754	0
2755	5
2756	2
2757	1
2758	1
2759	2
2760	1
2761	3
2762	2
2763	1
2764	2
2765	3
2766	1
2767	3
2768	1
2769	3
2770	2
2771	0
2772	3
2773	0
2774	0
2775	1
2776	3
2777	1
2778	4
2779	1
2780	2
2781	1
2782	2
2783	0
2784	6
2785	2
2786	2
2787	0
2788	2
2789	3
2790	3
2791	2
2792	0
2793	3
2794	0
2795	2
2796	3
2797	2
2798	0
2799	4
2800	4
2801	1
2802	2
2803	1
2804	2
2805	1
2806	3
2807	2
2808	1
2809	1
2810	4
2811	2
2812	4
2813	0
2814	1
2815	4
2816	0
2817	0
2818	0
2819	3
2820	0
2821	0
2822	1
2823	2
2824	2
2825	1
2826	0
2827	0
2828	1
2829	0
2830	3
2831	2
2832	4
2833	0
2834	0
2835	1
2836	3
2837	1
2838	3
2839	1
2840	2
2841	1
2842	1
2843	0
2844	0
2845	1
2846	3
2847	3
2848	0
2849	2
2850	2
2851	3
2852	0
2853	1
2854	3
2855	1
2856	1
2857	2
2858	1
2859	0
2860	0
2861	1
2862	2
2863	3
2864	2
2865	0
2866	4
2867	2
2868	0
2869	2
2870	2
2871	1
2872	1
2873	1
2874	0
2875	1
2876	6
2877	0
2878	1
2879	1
2880	2
2881	1
2882	5
2883	3
2884	4
2885	0
2886	1
2887	0
2888	0
2889	0
2890	0
2891	0
2892	0
2893	0
2894	2
2895	0
2896	4
2897	2
2898	3
2899	0
2900	1
2901	2
2902	0
2903	1
2904	1
2905	0
2906	1
2907	2
2908	0
2909	1
2910	2
2911	2
2912	1
2913	3
2914	0
2915	0
2916	2
2917	0
2918	1
2919	2
2920	1
2921	1
2922	0
2923	1
2924	2
2925	2
2926	0
2927	1
2928	0
2929	1
2930	3
2931	0
2932	2
2933	1
2934	1
2935	0
2936	2
2937	0
2938	2
2939	0
2940	3
2941	0
2942	0
2943	1
2944	3
2945	3
2946	1
2947	1
2948	0
2949	2
2950	0
2951	1
2952	1
2953	5
2954	1
2955	1
2956	1
2957	1
2958	0
2959	2
2960	3
2961	1
2962	1
2963	1
2964	1
2965	1
2966	2
2967	3
2968	1
2969	0
2970	1
2971	2
2972	1
2973	1
2974	0
2975	1
2976	3
2977	1
2978	1
2979	1
2980	0
2981	0
2982	1
2983	3
2984	0
2985	1
2986	0
2987	0
2988	2
2989	1
2990	0
2991	2
2992	0
2993	1
2994	0
2995	0
2996	0
2997	1
2998	0
2999	2
3000	2
3001	2
3002	1
3003	2
3004	2
3005	0
3006	3
3007	0
3008	1
3009	0
3010	3
3011	1
3012	0
3013	0
3014	1
3015	0
3016	0
3017	1
3018	0
3019	2
3020	0
3021	3
3022	1
3023	1
3024	2
3025	0
3026	1
3027	1
3028	0
3029	1
3030	3
3031	1
3032	1
3033	1
3034	1
3035	1
3036	1
3037	0
3038	0
3039	2
3040	1
3041	3
3042	0
3043	0
3044	1
3045	2
3046	3
3047	1
3048	0
3049	2
3050	1
3051	3
3052	1
3053	4
3054	1
3055	1
3056	1
3057	3
3058	3
3059	2
3060	0
3061	1
3062	0
3063	0
3064	0
3065	0
3066	2
3067	0
3068	1
3069	1
3070	0
3071	0
3072	1
3073	0
3074	1
3075	0
3076	1
3077	2
3078	0
3079	1
3080	0
3081	0
3082	1
3083	0
3084	1
3085	1
3086	0
3087	1
3088	3
3089	2
3090	0
3091	2
3092	0
3093	0
3094	1
3095	1
3096	1
3097	1
3098	1
3099	0
3100	0
3101	3
3102	1
3103	0
3104	0
3105	0
3106	1
3107	1
3108	2
3109	1
3110	2
3111	0
3112	2
3113	2
3114	2
3115	1
3116	1
3117	1
3118	0
3119	1
3120	1
3121	2
3122	0
3123	1
3124	0
3125	0
3126	0
3127	0
3128	1
3129	0
3130	1
3131	1
3132	0
3133	0
3134	1
3135	2
3136	1
3137	1
3138	1
3139	0
3140	1
3141	3
3142	1
3143	0
3144	0
3145	0
3146	0
3147	0
3148	0
3149	0
3150	1
3151	0
3152	1
3153	0
3154	0
3155	3
3156	0
3157	0
3158	1
3159	1
3160	2
3161	1
3162	1
3163	0
3164	0
3165	1
3166	0
3167	1
3168	1
3169	2
3170	2
3171	0
3172	0
3173	2
3174	1
3175	1
3176	1
3177	0
3178	1
3179	0
3180	2
3181	1
3182	1
3183	1
3184	2
3185	1
3186	1
3187	0
3188	0
3189	1
3190	0
3191	0
3192	1
3193	1
3194	0
3195	0
3196	2
3197	0
3198	1
3199	0
3200	1
3201	0
3202	4
3203	0
3204	1
3205	0
3206	0
3207	1
3208	4
3209	0
3210	1
3211	2
3212	1
3213	1
3214	2
3215	0
3216	1
3217	0
3218	2
3219	1
3220	2
3221	2
3222	2
3223	2
3224	6
3225	2
3226	1
3227	0
3228	0
3229	0
3230	1
3231	0
3232	1
3233	1
3234	0
3235	0
3236	1
3237	0
3238	1
3239	0
3240	0
3241	0
3242	0
3243	0
3244	1
3245	0
3246	0
3247	0
3248	1
3249	1
3250	1
3251	0
3252	2
3253	0
3254	1
3255	1
3256	0
3257	1
3258	0
3259	1
3260	1
3261	0
3262	0
3263	0
3264	2
3265	1
3266	2
3267	1
3268	0
3269	2
3270	1
3271	0
3272	3
3273	2
3274	1
3275	1
3276	0
3277	3
3278	0
3279	1
3280	2
3281	0
3282	0
3283	1
3284	1
3285	2
3286	0
3287	0
3288	1
3289	3
3290	2
3291	1
3292	3
3293	1
3294	0
3295	0
3296	2
3297	1
3298	0
3299	0
3300	2
3301	1
3302	1
3303	1
3304	1
3305	0
3306	0
3307	1
3308	2
3309	0
3310	0
3311	1
3312	1
3313	0
3314	0
3315	0
3316	0
3317	0
3318	0
3319	0
3320	4
3321	0
3322	1
3323	1
3324	1
3325	0
3326	0
3327	0
3328	4
3329	0
3330	0
3331	0
3332	1
3333	3
3334	1
3335	2
3336	0
3337	1
3338	2
3339	0
3340	0
3341	0
3342	2
3343	1
3344	0
3345	0
3346	2
3347	0
3348	1
3349	0
3350	1
3351	2
3352	0
3353	1
3354	2
3355	0
3356	1
3357	0
3358	1
3359	0
3360	1
3361	0
3362	0
3363	0
3364	0
3365	1
3366	1
3367	0
3368	1
3369	0
3370	1
3371	1
3372	0
3373	0
3374	0
3375	2
3376	0
3377	1
3378	0
3379	0
3380	0
3381	0
3382	1
3383	0
3384	1
3385	0
3386	0
3387	1
3388	1
3389	0
3390	0
3391	0
3392	1
3393	1
3394	0
3395	0
3396	0
3397	0
3398	1
3399	2
3400	1
3401	1
3402	1
3403	0
3404	1
3405	1
3406	1
3407	1
3408	1
3409	2
3410	1
3411	0
3412	0
3413	0
3414	0
3415	1
3416	1
3417	0
3418	0
3419	1
3420	2
3421	0
3422	1
3423	0
3424	0
3425	0
3426	2
3427	2
3428	0
3429	0
3430	0
3431	1
3432	0
3433	1
3434	1
3435	0
3436	0
3437	1
3438	1
3439	1
3440	1
3441	0
3442	0
3443	0
3444	0
3445	1
3446	2
3447	0
3448	1
3449	0
3450	2
3451	0
3452	0
3453	1
3454	1
3455	1
3456	0
3457	1
3458	1
3459	0
3460	0
3461	1
3462	0
3463	1
3464	0
3465	1
3466	1
3467	0
3468	1
3469	0
3470	0
3471	0
3472	0
3473	2
3474	2
3475	1
3476	0
3477	2
3478	2
3479	0
3480	0
3481	0
3482	2
3483	1
3484	1
3485	1
3486	0
3487	0
3488	2
3489	1
3490	0
3491	1
3492	0
3493	0
3494	1
3495	0
3496	0
3497	1
3498	1
3499	1
3500	0
3501	0
3502	0
3503	2
3504	1
3505	1
3506	2
3507	0
3508	0
3509	2
3510	0
3511	2
3512	0
3513	2
3514	0
3515	0
3516	1
3517	1
3518	0
3519	0
3520	2
3521	1
3522	0
3523	1
3524	0
3525	0
3526	0
3527	1
3528	0
3529	0
3530	1
3531	0
3532	0
3533	1
3534	0
3535	1
3536	0
3537	0
3538	1
3539	0
3540	0
3541	0
3542	0
3543	0
3544	1
3545	0
3546	0
3547	0
3548	2
3549	3
3550	0
3551	0
3552	2
3553	0
3554	1
3555	1
3556	0
3557	0
3558	0
3559	0
3560	1
3561	1
3562	1
3563	0
3564	0
3565	0
3566	0
3567	2
3568	1
3569	1
3570	0
3571	0
3572	0
3573	2
3574	0
3575	0
3576	2
3577	2
3578	2
3579	0
3580	0
3581	0
3582	1
3583	0
3584	0
3585	0
3586	1
3587	0
3588	2
3589	0
3590	0
3591	0
3592	1
3593	0
3594	0
3595	0
3596	0
3597	2
3598	0
3599	1
3600	0
3601	0
3602	2
3603	0
3604	0
3605	1
3606	0
3607	0
3608	0
3609	0
3610	0
3611	1
3612	0
3613	1
3614	0
3615	1
3616	0
3617	1
3618	1
3619	2
3620	0
3621	1
3622	0
3623	2
3624	0
3625	1
3626	1
3627	0
3628	0
3629	1
3630	2
3631	1
3632	0
3633	1
3634	0
3635	0
3636	0
3637	1
3638	0
3639	2
3640	0
3641	1
3642	1
3643	0
3644	0
3645	0
3646	1
3647	1
3648	0
3649	1
3650	0
3651	0
3652	0
3653	2
3654	1
3655	0
3656	2
3657	0
3658	0
3659	0
3660	2
3661	1
3662	0
3663	1
3664	0
3665	0
3666	0
3667	0
3668	1
3669	1
3670	0
3671	0
3672	0
3673	1
3674	1
3675	0
3676	0
3677	0
3678	0
3679	1
3680	0
3681	0
3682	0
3683	1
3684	0
3685	0
3686	1
3687	2
3688	2
3689	0
3690	2
3691	1
3692	2
3693	0
3694	0
3695	1
3696	0
3697	0
3698	1
3699	0
3700	0
3701	2
3702	0
3703	1
3704	1
3705	0
3706	1
3707	0
3708	0
3709	0
3710	1
3711	0
3712	0
3713	0
3714	0
3715	0
3716	1
3717	1
3718	2
3719	1
3720	1
3721	0
3722	0
3723	0
3724	0
3725	0
3726	0
3727	2
3728	1
3729	1
3730	0
3731	1
3732	0
3733	1
3734	0
3735	0
3736	0
3737	1
3738	1
3739	1
3740	3
3741	0
3742	1
3743	0
3744	0
3745	1
3746	0
3747	0
3748	0
3749	1
3750	0
3751	1
3752	1
3753	0
3754	2
3755	0
3756	0
3757	0
3758	0
3759	1
3760	0
3761	0
3762	1
3763	1
3764	1
3765	0
3766	0
3767	0
3768	0
3769	0
3770	0
3771	0
3772	0
3773	1
3774	0
3775	0
3776	2
3777	0
3778	0
3779	2
3780	1
3781	0
3782	0
3783	2
3784	0
3785	0
3786	0
3787	0
3788	0
3789	0
3790	0
3791	0
3792	0
3793	0
3794	2
3795	0
3796	1
3797	0
3798	0
3799	3
3800	0
3801	3
3802	0
3803	1
3804	0
3805	0
3806	0
3807	0
3808	0
3809	0
3810	1
3811	1
3812	2
3813	2
3814	0
3815	0
3816	0
3817	0
3818	0
3819	2
3820	0
3821	1
3822	2
3823	0
3824	0
3825	2
3826	0
3827	0
3828	0
3829	0
3830	0
3831	0
3832	2
3833	2
3834	0
3835	1
3836	0
3837	1
3838	1
3839	1
3840	1
3841	0
3842	0
3843	0
3844	1
3845	0
3846	2
3847	0
3848	0
3849	0
3850	0
3851	1
3852	1
3853	0
3854	0
3855	0
3856	0
3857	0
3858	0
3859	0
3860	0
3861	1
3862	1
3863	0
3864	0
3865	0
3866	1
3867	0
3868	1
3869	0
3870	0
3871	0
3872	0
3873	0
3874	0
3875	1
3876	0
3877	1
3878	0
3879	1
3880	0
3881	1
3882	0
3883	1
3884	0
3885	1
3886	0
3887	1
3888	0
3889	0
3890	0
3891	0
3892	1
3893	0
3894	1
3895	2
3896	0
3897	0
3898	0
3899	1
3900	0
3901	0
3902	0
3903	0
3904	0
3905	0
3906	1
3907	3
3908	0
3909	0
3910	0
3911	0
3912	1
3913	1
3914	0
3915	1
3916	1
3917	0
3918	1
3919	1
3920	0
3921	1
3922	0
3923	0
3924	0
3925	1
3926	0
3927	0
3928	1
3929	0
3930	1
3931	1
3932	0
3933	2
3934	1
3935	0
3936	1
3937	0
3938	0
3939	0
3940	1
3941	0
3942	0
3943	1
3944	0
3945	0
3946	1
3947	0
3948	0
3949	0
3950	1
3951	2
3952	0
3953	0
3954	1
3955	2
3956	0
3957	0
3958	0
3959	0
3960	1
3961	0
3962	0
3963	1
3964	0
3965	0
3966	1
3967	0
3968	0
3969	2
3970	0
3971	0
3972	3
3973	1
3974	1
3975	0
3976	0
3977	1
3978	0
3979	0
3980	0
3981	0
3982	1
3983	0
3984	0
3985	2
3986	0
3987	0
3988	0
3989	0
3990	0
3991	0
3992	1
3993	2
3994	0
3995	2
3996	0
3997	1
3998	0
3999	1
4000	0
4001	0
4002	0
4003	1
4004	0
4005	0
4006	0
4007	1
4008	0
4009	1
4010	1
4011	0
4012	0
4013	0
4014	1
4015	0
4016	0
4017	0
4018	1
4019	1
4020	0
4021	1
4022	0
4023	1
4024	0
4025	0
4026	0
4027	1
4028	0
4029	0
4030	0
4031	0
4032	1
4033	0
4034	1
4035	0
4036	0
4037	0
4038	1
4039	0
4040	1
4041	0
4042	0
4043	0
4044	1
4045	0
4046	0
4047	0
4048	0
4049	0
4050	0
4051	0
4052	1
4053	1
4054	1
4055	1
4056	0
4057	1
4058	0
4059	1
4060	0
4061	0
4062	0
4063	0
4064	0
4065	0
4066	1
4067	0
4068	0
4069	0
4070	0
4071	0
4072	0
4073	1
4074	1
4075	1
4076	0
4077	1
4078	1
4079	0
4080	1
4081	1
4082	0
4083	1
4084	0
4085	1
4086	1
4087	0
4088	0
4089	1
4090	0
4091	0
4092	1
4093	1
4094	0
4095	0
4096	1
4097	0
4098	0
4099	0
4100	0
4101	1
4102	0
4103	0
4104	0
4105	0
4106	1
4107	0
4108	0
4109	0
4110	1
4111	0
4112	0
4113	0
4114	0
4115	1
4116	0
4117	0
4118	2
4119	1
4120	1
4121	0
4122	2
4123	0
4124	0
4125	0
4126	1
4127	0
4128	3
4129	1
4130	2
4131	0
4132	0
4133	0
4134	0
4135	0
4136	1
4137	0
4138	0
4139	1
4140	0
4141	0
4142	0
4143	0
4144	0
4145	0
4146	0
4147	0
4148	0
4149	1
4150	0
4151	0
4152	2
4153	3
4154	0
4155	1
4156	0
4157	1
4158	0
4159	0
4160	1
4161	0
4162	0
4163	0
4164	1
4165	0
4166	1
4167	0
4168	0
4169	0
4170	0
4171	1
4172	2
4173	0
4174	0
4175	1
4176	1
4177	1
4178	0
4179	0
4180	0
4181	0
4182	0
4183	0
4184	0
4185	1
4186	0
4187	0
4188	0
4189	1
4190	0
4191	0
4192	0
4193	1
4194	0
4195	1
4196	0
4197	0
4198	1
4199	1
4200	0
4201	0
4202	2
4203	1
4204	0
4205	0
4206	1
4207	0
4208	1
4209	0
4210	1
4211	0
4212	1
4213	0
4214	0
4215	0
4216	0
4217	1
4218	0
4219	0
4220	0
4221	0
4222	0
4223	0
4224	1
4225	1
4226	0
4227	0
4228	0
4229	1
4230	0
4231	0
4232	0
4233	0
4234	0
4235	0
4236	0
4237	0
4238	1
4239	0
4240	1
4241	1
4242	0
4243	0
4244	2
4245	1
4246	0
4247	1
4248	0
4249	1
4250	1
4251	0
4252	0
4253	0
4254	1
4255	0
4256	1
4257	0
4258	0
4259	0
4260	1
4261	0
4262	0
4263	0
4264	0
4265	0
4266	1
4267	0
4268	2
4269	2
4270	1
4271	0
4272	0
4273	0
4274	0
4275	0
4276	1
4277	0
4278	0
4279	0
4280	0
4281	0
4282	0
4283	0
4284	1
4285	0
4286	0
4287	0
4288	1
4289	0
4290	0
4291	1
4292	1
4293	0
4294	1
4295	0
4296	0
4297	0
4298	0
4299	3
4300	1
4301	0
4302	2
4303	0
4304	0
4305	1
4306	0
4307	1
4308	0
4309	1
4310	0
4311	0
4312	1
4313	0
4314	0
4315	0
4316	1
4317	0
4318	0
4319	2
4320	0
4321	0
4322	0
4323	0
4324	0
4325	0
4326	0
4327	1
4328	0
4329	1
4330	0
4331	0
4332	0
4333	0
4334	0
4335	1
4336	0
4337	0
4338	0
4339	0
4340	0
4341	0
4342	0
4343	0
4344	1
4345	0
4346	0
4347	0
4348	0
4349	2
4350	1
4351	0
4352	0
4353	0
4354	0
4355	0
4356	1
4357	0
4358	0
4359	1
4360	1
4361	0
4362	0
4363	1
4364	0
4365	0
4366	1
4367	1
4368	1
4369	0
4370	0
4371	0
4372	1
4373	1
4374	0
4375	1
4376	0
4377	0
4378	0
4379	0
4380	0
4381	0
4382	1
4383	0
4384	0
4385	0
4386	0
4387	0
4388	0
4389	1
4390	0
4391	2
4392	0
4393	0
4394	0
4395	0
4396	0
4397	0
4398	0
4399	0
4400	0
4401	1
4402	0
4403	0
4404	0
4405	0
4406	0
4407	1
4408	0
4409	2
4410	0
4411	0
4412	0
4413	0
4414	0
4415	1
4416	0
4417	0
4418	0
4419	0
4420	0
4421	0
4422	2
4423	0
4424	0
4425	0
4426	0
4427	0
4428	0
4429	1
4430	0
4431	0
4432	1
4433	0
4434	1
4435	1
4436	0
4437	0
4438	0
4439	1
4440	0
4441	0
4442	1
4443	1
4444	0
4445	1
4446	0
4447	1
4448	1
4449	0
4450	0
4451	0
4452	0
4453	0
4454	1
4455	0
4456	0
4457	1
4458	1
4459	0
4460	0
4461	0
4462	0
4463	0
4464	1
4465	0
4466	0
4467	0
4468	0
4469	0
4470	0
4471	0
4472	1
4473	0
4474	0
4475	0
4476	0
4477	0
4478	0
4479	0
4480	0
4481	0
4482	0
4483	1
4484	0
4485	0
4486	0
4487	0
4488	0
4489	1
4490	0
4491	0
4492	1
4493	1
4494	0
4495	0
4496	0
4497	0
4498	0
4499	0
4500	0
4501	0
4502	0
4503	0
4504	0
4505	0
4506	0
4507	0
4508	0
4509	0
4510	0
4511	0
4512	0
4513	0
4514	0
4515	0
4516	1
4517	1
4518	0
4519	0
4520	0
4521	0
4522	0
4523	1
4524	0
4525	0
4526	0
4527	1
4528	1
4529	2
4530	0
4531	0
4532	2
4533	0
4534	0
4535	1
4536	0
4537	0
4538	2
4539	0
4540	1
4541	1
4542	1
4543	1
4544	0
4545	0
4546	1
4547	1
4548	1
4549	0
4550	1
4551	1
4552	1
4553	1
4554	0
4555	1
4556	0
4557	0
4558	0
4559	0
4560	1
4561	1
4562	0
4563	0
4564	1
4565	1
4566	1
4567	0
4568	0
4569	0
4570	0
4571	1
4572	0
4573	1
4574	0
4575	0
4576	0
4577	0
4578	1
4579	0
4580	0
4581	0
4582	0
4583	1
4584	0
4585	0
4586	2
4587	0
4588	1
4589	0
4590	0
4591	1
4592	0
4593	1
4594	0
4595	0
4596	1
4597	0
4598	0
4599	0
4600	1
4601	0
4602	1
4603	0
4604	0
4605	1
4606	1
4607	1
4608	0
4609	1
4610	0
4611	0
4612	1
4613	1
4614	0
4615	1
4616	0
4617	0
4618	0
4619	2
4620	0
4621	0
4622	0
4623	0
4624	0
4625	0
4626	0
4627	0
4628	0
4629	1
4630	0
4631	0
4632	1
4633	0
4634	0
4635	0
4636	0
4637	0
4638	0
4639	0
4640	0
4641	0
4642	0
4643	0
4644	0
4645	0
4646	1
4647	1
4648	0
4649	0
4650	1
4651	1
4652	0
4653	2
4654	0
4655	0
4656	0
4657	0
4658	1
4659	0
4660	0
4661	0
4662	0
4663	0
4664	0
4665	0
4666	0
4667	1
4668	0
4669	1
4670	0
4671	0
4672	0
4673	0
4674	0
4675	0
4676	1
4677	0
4678	0
4679	1
4680	0
4681	0
4682	0
4683	0
4684	0
4685	1
4686	0
4687	0
4688	1
4689	0
4690	0
4691	0
4692	0
4693	0
4694	1
4695	0
4696	1
4697	0
4698	0
4699	0
4700	0
4701	0
4702	0
4703	0
4704	0
4705	0
4706	1
4707	0
4708	0
4709	0
4710	0
4711	0
4712	0
4713	0
4714	0
4715	1
4716	0
4717	1
4718	0
4719	0
4720	1
4721	0
4722	0
4723	2
4724	0
4725	0
4726	1
4727	1
4728	1
4729	1
4730	0
4731	0
4732	0
4733	0
4734	0
4735	0
4736	0
4737	0
4738	0
4739	1
4740	0
4741	0
4742	0
4743	0
4744	0
4745	0
4746	0
4747	0
4748	1
4749	0
4750	0
4751	1
4752	0
4753	0
4754	0
4755	0
4756	0
4757	1
4758	0
4759	0
4760	1
4761	0
4762	0
4763	0
4764	0
4765	0
4766	0
4767	0
4768	0
4769	1
4770	0
4771	0
4772	1
4773	0
4774	0
4775	1
4776	1
4777	0
4778	0
4779	0
4780	0
4781	0
4782	1
4783	0
4784	0
4785	1
4786	1
4787	1
4788	0
4789	0
4790	1
4791	0
4792	0
4793	0
4794	0
4795	0
4796	0
4797	0
4798	1
4799	0
4800	0
4801	0
4802	0
4803	0
4804	0
4805	1
4806	1
4807	0
4808	1
4809	2
4810	0
4811	0
4812	1
4813	1
4814	0
4815	0
4816	0
4817	0
4818	0
4819	1
4820	0
4821	0
4822	1
4823	0
4824	0
4825	1
4826	1
4827	0
4828	0
4829	0
4830	0
4831	0
4832	0
4833	0
4834	0
4835	1
4836	0
4837	0
4838	1
4839	1
4840	0
4841	0
4842	0
4843	1
4844	0
4845	0
4846	1
4847	0
4848	1
4849	2
4850	0
4851	0
4852	1
4853	0
4854	0
4855	1
4856	0
4857	0
4858	1
4859	1
4860	0
4861	0
4862	1
4863	1
4864	1
4865	1
4866	1
4867	0
4868	0
4869	0
4870	0
4871	0
4872	2
4873	2
4874	0
4875	0
4876	2
4877	0
4878	0
4879	0
4880	0
4881	0
4882	1
4883	0
4884	1
4885	0
4886	2
4887	0
4888	0
4889	1
4890	0
4891	0
4892	1
4893	0
4894	0
4895	0
4896	0
4897	2
4898	0
4899	1
4900	1
4901	2
4902	0
4903	0
4904	0
4905	1
4906	0
4907	2
4908	2
4909	1
4910	2
4911	1
4912	0
4913	0
4914	0
4915	0
4916	5
4917	2
4918	0
4919	0
4920	1
4921	2
4922	0
4923	1
4924	1
4925	0
4926	1
4927	0
4928	2
4929	2
4930	0
4931	2
4932	0
4933	3
4934	0
4935	0
4936	0
4937	0
4938	1
4939	1
4940	1
4941	1
4942	0
4943	0
4944	0
4945	4
4946	1
4947	0
4948	0
4949	1
4950	1
4951	2
4952	0
4953	0
4954	0
4955	1
4956	1
4957	1
4958	0
4959	0
4960	0
4961	1
4962	1
4963	0
4964	2
4965	0
4966	0
4967	0
4968	0
4969	0
4970	0
4971	0
4972	0
4973	1
4974	1
4975	0
4976	1
4977	1
4978	0
4979	0
4980	0
4981	0
4982	2
4983	3
4984	2
4985	0
4986	0
4987	3
4988	1
4989	0
4990	3
4991	1
4992	2
4993	2
4994	0
4995	3
4996	1
4997	1
4998	0
4999	2
5000	0
5001	0
5002	1
5003	2
5004	0
5005	1
5006	0
5007	2
5008	2
5009	0
5010	2
5011	0
5012	0
5013	0
5014	0
5015	1
5016	3
5017	0
5018	2
5019	0
5020	1
5021	1
5022	3
5023	0
5024	0
5025	1
5026	2
5027	3
5028	0
5029	1
5030	0
5031	3
5032	2
5033	1
5034	1
5035	0
5036	1
5037	1
5038	3
5039	0
5040	1
5041	0
5042	0
5043	1
5044	2
5045	1
5046	0
5047	0
5048	0
5049	1
5050	0
5051	2
5052	1
5053	1
5054	0
5055	0
5056	1
5057	0
5058	0
5059	0
5060	0
5061	1
5062	1
5063	1
5064	0
5065	0
5066	0
5067	1
5068	3
5069	0
5070	1
5071	0
5072	1
5073	1
5074	0
5075	0
5076	2
5077	0
5078	2
5079	1
5080	1
5081	0
5082	1
5083	0
5084	0
5085	0
5086	1
5087	0
5088	2
5089	2
5090	1
5091	0
5092	2
5093	2
5094	1
5095	3
5096	1
5097	0
5098	1
5099	1
5100	2
5101	0
5102	1
5103	2
5104	1
5105	0
5106	1
5107	2
5108	1
5109	3
5110	1
5111	0
5112	4
5113	0
5114	2
5115	1
5116	0
5117	0
5118	1
5119	2
5120	0
5121	2
5122	1
5123	1
5124	0
5125	1
5126	2
5127	1
5128	2
5129	1
5130	3
5131	0
5132	2
5133	1
5134	1
5135	2
5136	1
5137	2
5138	1
5139	0
5140	1
5141	1
5142	1
5143	0
5144	0
5145	0
5146	3
5147	1
5148	1
5149	4
5150	0
5151	1
5152	0
5153	0
5154	0
5155	0
5156	1
5157	0
5158	0
5159	1
5160	0
5161	1
5162	0
5163	1
5164	0
5165	0
5166	0
5167	0
5168	2
5169	2
5170	0
5171	1
5172	0
5173	0
5174	1
5175	1
5176	1
5177	0
5178	1
5179	3
5180	0
5181	1
5182	1
5183	0
5184	1
5185	1
5186	0
5187	0
5188	1
5189	0
5190	0
5191	4
5192	1
5193	1
5194	1
5195	1
5196	0
5197	0
5198	1
5199	0
5200	0
5201	2
5202	1
5203	0
5204	0
5205	2
5206	0
5207	0
5208	3
5209	1
5210	2
5211	0
5212	0
5213	0
5214	0
5215	0
5216	1
5217	3
5218	0
5219	0
5220	1
5221	3
5222	0
5223	1
5224	0
5225	0
5226	0
5227	1
5228	0
5229	2
5230	2
5231	1
5232	2
5233	0
5234	1
5235	0
5236	2
5237	1
5238	0
5239	0
5240	0
5241	0
5242	1
5243	1
5244	1
5245	0
5246	0
5247	2
5248	0
5249	1
5250	2
5251	1
5252	0
5253	0
5254	1
5255	2
5256	0
5257	0
5258	0
5259	0
5260	2
5261	1
5262	0
5263	1
5264	1
5265	0
5266	3
5267	0
5268	0
5269	1
5270	0
5271	0
5272	0
5273	0
5274	0
5275	0
5276	0
5277	0
5278	1
5279	0
5280	0
5281	1
5282	1
5283	0
5284	1
5285	1
5286	1
5287	0
5288	1
5289	0
5290	0
5291	0
5292	0
5293	0
5294	1
5295	1
5296	0
5297	0
5298	0
5299	0
5300	0
5301	1
5302	3
5303	0
5304	0
5305	0
5306	0
5307	2
5308	2
5309	0
5310	0
5311	0
5312	1
5313	1
5314	1
5315	0
5316	1
5317	0
5318	0
5319	0
5320	1
5321	0
5322	2
5323	0
5324	0
5325	1
5326	0
5327	2
5328	1
5329	0
5330	0
5331	2
5332	0
5333	0
5334	0
5335	0
5336	0
5337	0
5338	0
5339	0
5340	0
5341	1
5342	0
5343	0
5344	0
5345	0
5346	0
5347	0
5348	0
5349	0
5350	0
5351	0
5352	0
5353	0
5354	1
5355	1
5356	0
5357	0
5358	2
5359	0
5360	0
5361	0
5362	0
5363	0
5364	0
5365	0
5366	0
5367	0
5368	0
5369	0
5370	1
5371	1
5372	2
5373	0
5374	0
5375	1
5376	0
5377	0
5378	0
5379	0
5380	0
5381	0
5382	1
5383	1
5384	0
5385	1
5386	1
5387	1
5388	0
5389	1
5390	2
5391	0
5392	0
5393	0
5394	0
5395	1
5396	0
5397	1
5398	0
5399	0
5400	0
5401	1
5402	1
5403	0
5404	2
5405	1
5406	1
5407	2
5408	2
5409	0
5410	0
5411	1
5412	0
5413	0
5414	0
5415	0
5416	0
5417	1
5418	0
5419	1
5420	1
5421	0
5422	0
5423	0
5424	1
5425	1
5426	0
5427	0
5428	2
5429	1
5430	1
5431	0
5432	1
5433	0
5434	0
5435	0
5436	0
5437	0
5438	1
5439	0
5440	0
5441	0
5442	0
5443	2
5444	0
5445	0
5446	0
5447	0
5448	1
5449	0
5450	1
5451	0
5452	0
5453	0
5454	0
5455	0
5456	0
5457	0
5458	0
5459	1
5460	0
5461	0
5462	1
5463	1
5464	0
5465	0
5466	0
5467	0
5468	0
5469	0
5470	0
5471	0
5472	0
5473	0
5474	0
5475	0
5476	0
5477	0
5478	0
5479	1
5480	0
5481	0
5482	2
5483	0
5484	0
5485	0
5486	1
5487	0
5488	1
5489	0
5490	0
5491	0
5492	0
5493	0
5494	1
5495	0
5496	0
5497	0
5498	0
5499	0
5500	0
5501	0
5502	0
5503	0
5504	0
5505	0
5506	0
5507	0
5508	0
5509	1
5510	0
5511	0
5512	0
5513	0
5514	1
5515	0
5516	0
5517	0
5518	0
5519	0
5520	0
5521	0
5522	0
5523	0
5524	0
5525	1
5526	0
5527	0
5528	0
5529	0
5530	0
5531	0
5532	0
5533	1
5534	0
5535	0
5536	0
5537	0
5538	1
5539	0
5540	1
5541	0
5542	1
5543	0
5544	0
5545	0
5546	1
5547	0
5548	0
5549	1
5550	1
5551	0
5552	0
5553	0
5554	0
5555	0
5556	0
5557	1
5558	2
5559	0
5560	1
5561	0
5562	0
5563	1
5564	0
5565	0
5566	0
5567	0
5568	1
5569	0
5570	0
5571	0
5572	1
5573	0
5574	0
5575	0
5576	0
5577	1
5578	0
5579	0
5580	0
5581	0
5582	0
5583	0
5584	0
5585	1
5586	2
5587	0
5588	0
5589	0
5590	0
5591	0
5592	0
5593	0
5594	0
5595	1
5596	0
5597	0
5598	0
5599	0
5600	0
5601	0
5602	0
5603	0
5604	1
5605	1
5606	0
5607	0
5608	0
5609	0
5610	0
5611	0
5612	0
5613	1
5614	0
5615	0
5616	0
5617	0
5618	0
5619	0
5620	2
5621	0
5622	0
5623	0
5624	0
5625	0
5626	0
5627	0
5628	1
5629	0
5630	0
5631	0
5632	0
5633	1
5634	0
5635	0
5636	1
5637	1
5638	0
5639	0
5640	1
5641	0
5642	0
5643	0
5644	0
5645	0
5646	0
5647	0
5648	0
5649	1
5650	0
5651	1
5652	0
5653	0
5654	0
5655	1
5656	0
5657	0
5658	0
5659	0
5660	0
5661	0
5662	0
5663	0
5664	0
5665	0
5666	0
5667	0
5668	1
5669	0
5670	0
5671	0
5672	1
5673	1
5674	0
5675	0
5676	0
5677	0
5678	0
5679	0
5680	0
5681	1
5682	0
5683	0
5684	0
5685	0
5686	0
5687	0
5688	0
5689	0
5690	0
5691	2
5692	0
5693	0
5694	0
5695	0
5696	0
5697	0
5698	0
5699	1
5700	2
5701	0
5702	1
5703	1
5704	0
5705	0
5706	1
5707	0
5708	0
5709	1
5710	0
5711	2
5712	1
5713	0
5714	1
5715	0
5716	0
5717	0
5718	0
5719	0
5720	0
5721	1
5722	0
5723	1
5724	0
5725	0
5726	0
5727	0
5728	1
5729	0
5730	0
5731	0
5732	1
5733	0
5734	3
5735	1
5736	1
5737	0
5738	0
5739	2
5740	0
5741	1
5742	1
5743	0
5744	0
5745	0
5746	0
5747	0
5748	0
5749	2
5750	0
5751	1
5752	1
5753	1
5754	0
5755	0
5756	2
5757	0
5758	0
5759	0
5760	1
5761	0
5762	0
5763	2
5764	0
5765	0
5766	1
5767	0
5768	0
5769	1
5770	1
5771	1
5772	0
5773	0
5774	1
5775	1
5776	1
5777	0
5778	1
5779	0
5780	0
5781	1
5782	1
5783	0
5784	1
5785	0
5786	1
5787	0
5788	1
5789	0
5790	2
5791	0
5792	0
5793	0
5794	0
5795	3
5796	1
5797	0
5798	1
5799	0
5800	0
5801	0
5802	0
5803	1
5804	0
5805	0
5806	0
5807	0
5808	0
5809	1
5810	3
5811	0
5812	1
5813	1
5814	0
5815	1
5816	0
5817	0
5818	0
5819	0
5820	1
5821	1
5822	0
5823	1
5824	0
5825	0
5826	1
5827	1
5828	0
5829	0
5830	0
5831	0
5832	0
5833	0
5834	1
5835	1
5836	0
5837	0
5838	0
5839	1
5840	1
5841	0
5842	0
5843	0
5844	0
5845	0
5846	0
5847	1
5848	2
5849	1
5850	0
5851	0
5852	0
5853	1
5854	3
5855	0
5856	0
5857	0
5858	0
5859	0
5860	0
5861	0
5862	1
5863	0
5864	0
5865	0
5866	0
5867	0
5868	0
5869	1
5870	0
5871	0
5872	0
5873	0
5874	0
5875	1
5876	0
5877	1
5878	0
5879	1
5880	2
5881	0
5882	0
5883	0
5884	0
5885	0
5886	0
5887	0
5888	0
5889	0
5890	0
5891	0
5892	0
5893	0
5894	1
5895	1
5896	0
5897	0
5898	1
5899	0
5900	0
5901	0
5902	1
5903	0
5904	0
5905	0
5906	1
5907	0
5908	0
5909	0
5910	0
5911	0
5912	0
5913	0
5914	0
5915	0
5916	0
5917	1
5918	0
5919	2
5920	0
5921	0
5922	0
5923	0
5924	0
5925	0
5926	0
5927	0
5928	0
5929	0
5930	0
5931	0
5932	0
5933	0
5934	0
5935	1
5936	0
5937	0
5938	0
5939	1
5940	0
5941	2
5942	0
5943	0
5944	0
5945	0
5946	2
5947	0
5948	0
5949	1
5950	1
5951	4
5952	1
5953	0
5954	0
5955	0
5956	0
5957	0
5958	0
5959	1
5960	0
5961	0
5962	0
5963	0
5964	1
5965	0
5966	0
5967	0
5968	0
5969	0
5970	1
5971	0
5972	0
5973	1
5974	0
5975	1
5976	1
5977	1
5978	0
5979	1
5980	0
5981	0
5982	0
5983	0
5984	0
5985	0
5986	0
5987	1
5988	1
5989	0
5990	0
5991	0
5992	0
5993	1
5994	0
5995	1
5996	0
5997	0
5998	0
5999	1
6000	0
6001	2
6002	0
6003	0
6004	0
6005	0
6006	0
6007	0
6008	0
6009	0
6010	0
6011	0
6012	1
6013	0
6014	0
6015	0
6016	0
6017	0
6018	0
6019	0
6020	0
6021	0
6022	0
6023	1
6024	0
6025	0
6026	1
6027	0
6028	0
6029	1
6030	0
6031	0
6032	0
6033	1
6034	0
6035	0
6036	0
6037	0
6038	0
6039	0
6040	0
6041	0
6042	0
6043	0
6044	0
6045	0
6046	0
6047	0
6048	0
6049	0
6050	0
6051	1
6052	0
6053	0
6054	0
6055	0
6056	0
6057	0
6058	0
6059	0
6060	0
6061	0
6062	0
6063	0
6064	0
6065	1
6066	0
6067	0
6068	3
6069	0
6070	0
6071	0
6072	0
6073	0
6074	0
6075	0
6076	0
6077	1
6078	0
6079	1
6080	0
6081	0
6082	0
6083	1
6084	1
6085	0
6086	0
6087	0
6088	0
6089	0
6090	0
6091	0
6092	0
6093	0
6094	0
6095	0
6096	0
6097	0
6098	0
6099	0
6100	0
6101	0
6102	0
6103	0
6104	1
6105	0
6106	0
6107	1
6108	0
6109	0
6110	0
6111	0
6112	1
6113	0
6114	0
6115	0
6116	0
6117	1
6118	0
6119	0
6120	0
6121	0
6122	0
6123	0
6124	1
6125	0
6126	1
6127	0
6128	0
6129	0
6130	0
6131	0
6132	1
6133	1
6134	2
6135	0
6136	0
6137	0
6138	0
6139	0
6140	0
6141	0
6142	1
6143	0
6144	0
6145	0
6146	1
6147	0
6148	0
6149	1
6150	0
6151	0
6152	0
6153	0
6154	0
6155	0
6156	0
6157	1
6158	0
6159	0
6160	0
6161	0
6162	0
6163	0
6164	0
6165	1
6166	0
6167	0
6168	0
6169	0
6170	1
6171	0
6172	0
6173	0
6174	0
6175	1
6176	0
6177	0
6178	0
6179	0
6180	0
6181	0
6182	0
6183	0
6184	0
6185	0
6186	1
6187	0
6188	0
6189	0
6190	0
6191	0
6192	0
6193	0
6194	0
6195	0
6196	0
6197	0
6198	0
6199	1
6200	0
6201	0
6202	0
6203	0
6204	0
6205	0
6206	0
6207	0
6208	0
6209	0
6210	0
6211	0
6212	0
6213	0
6214	0
6215	0
6216	0
6217	0
6218	0
6219	0
6220	1
6221	0
6222	0
6223	0
6224	0
6225	0
6226	0
6227	1
6228	0
6229	0
6230	1
6231	0
6232	0
6233	0
6234	0
6235	0
6236	0
6237	0
6238	0
6239	0
6240	0
6241	0
6242	0
6243	0
6244	0
6245	0
6246	0
6247	1
6248	0
6249	0
6250	0
6251	0
6252	0
6253	0
6254	0
6255	0
6256	0
6257	0
6258	0
6259	0
6260	0
6261	0
6262	0
6263	0
6264	0
6265	0
6266	0
6267	0
6268	0
6269	1
6270	0
6271	0
6272	0
6273	0
6274	0
6275	0
6276	0
6277	0
6278	0
6279	0
6280	0
6281	0
6282	0
6283	0
6284	0
6285	0
6286	0
6287	0
6288	0
6289	0
6290	0
6291	0
6292	0
6293	0
6294	0
6295	0
6296	0
6297	0
6298	0
6299	0
6300	0
6301	0
6302	0
6303	0
6304	0
6305	0
6306	0
6307	1
6308	0
6309	0
6310	0
6311	0
6312	0
6313	0
6314	0
6315	0
6316	0
6317	0
6318	0
6319	0
6320	0
6321	0
6322	0
6323	0
6324	0
6325	0
6326	0
6327	0
6328	0
6329	0
6330	0
6331	0
6332	0
6333	0
6334	0
6335	0
6336	0
6337	0
6338	1
6339	1
6340	0
6341	0
6342	0
6343	0
6344	1
6345	0
6346	0
6347	0
6348	0
6349	0
6350	0
6351	0
6352	0
6353	0
6354	0
6355	0
6356	2
6357	0
6358	0
6359	0
6360	0
6361	0
6362	0
6363	0
6364	0
6365	0
6366	0
6367	0
6368	0
6369	0
6370	0
6371	0
6372	0
6373	0
6374	0
6375	0
6376	0
6377	0
6378	0
6379	0
6380	0
6381	0
6382	0
6383	0
6384	0
6385	0
6386	0
6387	0
6388	0
6389	0
6390	1
6391	0
6392	0
6393	0
6394	0
6395	0
6396	0
6397	0
6398	0
6399	0
6400	0
6401	1
6402	0
6403	0
6404	0
6405	0
6406	0
6407	0
6408	0
6409	0
6410	0
6411	0
6412	0
6413	0
6414	0
6415	0
6416	0
6417	0
6418	0
6419	0
6420	1
6421	0
6422	0
6423	0
6424	0
6425	0
6426	0
6427	0
6428	0
6429	0
6430	0
6431	0
6432	0
6433	0
6434	0
6435	0
6436	1
6437	0
6438	0
6439	0
6440	0
6441	0
6442	0
6443	0
6444	0
6445	0
6446	0
6447	0
6448	0
6449	0
6450	0
6451	0
6452	0
6453	0
6454	0
6455	0
6456	0
6457	0
6458	0
6459	0
6460	0
6461	0
6462	0
6463	1
6464	0
6465	0
6466	0
6467	0
6468	0
6469	0
6470	0
6471	1
6472	0
6473	0
6474	0
6475	0
6476	0
6477	0
6478	0
6479	0
6480	0
6481	0
6482	0
6483	0
6484	0
6485	0
6486	0
6487	0
6488	0
6489	0
6490	0
6491	0
6492	0
6493	0
6494	0
6495	0
6496	0
6497	0
6498	0
6499	0
6500	0
6501	1
6502	0
6503	0
6504	0
6505	0
6506	0
6507	0
6508	0
6509	0
6510	0
6511	0
6512	0
6513	0
6514	0
6515	0
6516	0
6517	0
6518	0
6519	0
6520	0
6521	0
6522	0
6523	0
6524	0
6525	0
6526	1
6527	0
6528	0
6529	0
6530	0
6531	0
6532	0
6533	0
6534	0
6535	0
6536	0
6537	0
6538	0
6539	0
6540	0
6541	0
6542	0
6543	0
6544	0
6545	0
6546	0
6547	0
6548	0
6549	0
6550	0
6551	0
6552	0
6553	0
6554	0
6555	0
6556	0
6557	0
6558	0
6559	0
6560	0
6561	1
6562	0
6563	0
6564	0
6565	0
6566	0
6567	0
6568	0
6569	1
6570	0
6571	0
6572	0
6573	0
6574	0
6575	0
6576	0
6577	0
6578	0
6579	0
6580	0
6581	0
6582	0
6583	0
6584	1
6585	0
6586	0
6587	0
6588	0
6589	0
6590	0
6591	0
6592	1
6593	0
6594	0
6595	0
6596	0
6597	0
6598	0
6599	0
6600	0
6601	0
6602	0
6603	0
6604	0
6605	0
6606	0
6607	0
6608	0
6609	0
6610	0
6611	0
6612	0
6613	0
6614	0
6615	0
6616	0
6617	0
6618	0
6619	0
6620	0
6621	0
6622	0
6623	0
6624	0
6625	0
6626	0
6627	0
6628	0
6629	0
6630	0
6631	0
6632	0
6633	0
6634	0
6635	0
6636	0
6637	0
6638	0
6639	0
6640	0
6641	0
6642	0
6643	0
6644	0
6645	1
6646	0
6647	0
6648	0
6649	0
6650	0
6651	0
6652	0
6653	0
6654	0
6655	0
6656	0
6657	0
6658	0
6659	0
6660	0
6661	0
6662	0
6663	0
6664	0
6665	0
6666	0
6667	0
6668	0
6669	0
6670	0
6671	0
6672	0
6673	0
6674	0
6675	1
6676	0
6677	0
6678	0
6679	0
6680	0
6681	0
6682	0
6683	0
6684	0
6685	0
6686	1
6687	0
6688	0
6689	0
6690	0
6691	0
6692	0
6693	0
6694	0
6695	0
6696	0
6697	0
6698	0
6699	0
6700	0
6701	1
6702	0
6703	0
6704	0
6705	0
6706	0
6707	0
6708	1
6709	0
6710	0
6711	0
6712	1
6713	0
6714	0
6715	1
6716	0
6717	0
6718	0
6719	0
6720	0
6721	0
6722	0
6723	0
6724	0
6725	1
6726	0
6727	0
6728	0
6729	0
6730	0
6731	0
6732	0
6733	0
6734	0
6735	0
6736	0
6737	1
6738	0
6739	0
6740	0
6741	0
6742	0
6743	0
6744	0
6745	0
6746	0
6747	0
6748	0
6749	0
6750	0
6751	0
6752	0
6753	0
6754	0
6755	0
6756	0
6757	0
6758	0
6759	0
6760	0
6761	1
6762	1
6763	0
6764	0
6765	0
6766	0
6767	0
6768	0
6769	0
6770	0
6771	0
6772	0
6773	0
6774	0
6775	0
6776	0
6777	0
6778	0
6779	0
6780	0
6781	1
6782	0
6783	1
6784	0
6785	0
6786	0
6787	0
6788	0
6789	0
6790	0
6791	0
6792	0
6793	0
6794	0
6795	0
6796	0
6797	0
6798	0
6799	0
6800	0
6801	0
6802	0
6803	0
6804	1
6805	0
6806	0
6807	0
6808	0
6809	0
6810	0
6811	0
6812	0
6813	0
6814	0
6815	0
6816	0
6817	0
6818	0
6819	0
6820	0
6821	0
6822	0
6823	0
6824	0
6825	0
6826	0
6827	0
6828	1
6829	1
6830	0
6831	0
6832	0
6833	0
6834	0
6835	0
6836	0
6837	0
6838	0
6839	0
6840	0
6841	0
6842	0
6843	0
6844	0
6845	0
6846	1
6847	0
6848	0
6849	0
6850	0
6851	0
6852	1
6853	0
6854	0
6855	0
6856	0
6857	0
6858	0
6859	0
6860	0
6861	0
6862	0
6863	1
6864	0
6865	0
6866	0
6867	0
6868	0
6869	0
6870	0
6871	0
6872	0
6873	0
6874	0
6875	0
6876	0
6877	0
6878	0
6879	0
6880	0
6881	0
6882	1
6883	0
6884	0
6885	0
6886	0
6887	0
6888	0
6889	1
6890	0
6891	0
6892	0
6893	1
6894	0
6895	0
6896	0
6897	0
6898	0
6899	0
6900	0
6901	0
6902	0
6903	1
6904	0
6905	0
6906	0
6907	0
6908	0
6909	0
6910	0
6911	0
6912	0
6913	0
6914	0
6915	0
6916	0
6917	0
6918	1
6919	1
6920	0
6921	0
6922	0
6923	0
6924	0
6925	0
6926	0
6927	0
6928	0
6929	1
6930	0
6931	0
6932	0
6933	0
6934	0
6935	0
6936	0
6937	0
6938	0
6939	0
6940	0
6941	0
6942	0
6943	0
6944	0
6945	0
6946	0
6947	1
6948	0
6949	0
6950	0
6951	0
6952	0
6953	0
6954	0
6955	0
6956	0
6957	0
6958	0
6959	0
6960	0
6961	0
6962	0
6963	0
6964	1
6965	0
6966	0
6967	0
6968	0
6969	0
6970	0
6971	0
6972	1
6973	0
6974	0
6975	0
6976	1
6977	0
6978	0
6979	0
6980	0
6981	0
6982	0
6983	0
6984	0
6985	0
6986	0
6987	1
6988	0
6989	0
6990	0
6991	0
6992	0
6993	0
6994	0
6995	0
6996	1
6997	0
6998	0
6999	0
7000	1
7001	0
7002	0
7003	0
7004	0
7005	0
7006	0
7007	0
7008	0
7009	0
7010	0
7011	0
7012	0
7013	0
7014	0
7015	1
7016	0
7017	0
7018	0
7019	0
7020	0
7021	0
7022	0
7023	0
7024	0
7025	2
7026	0
7027	0
7028	0
7029	0
7030	0
7031	0
7032	0
7033	0
7034	0
7035	0
7036	0
7037	0
7038	0
7039	0
7040	0
7041	0
7042	0
7043	0
7044	0
7045	0
7046	2
7047	0
7048	0
7049	0
7050	0
7051	1
7052	0
7053	0
7054	0
7055	1
7056	0
7057	0
7058	0
7059	0
7060	0
7061	0
7062	0
7063	0
7064	0
7065	0
7066	0
7067	0
7068	0
7069	0
7070	0
7071	0
7072	1
7073	0
7074	0
7075	0
7076	0
7077	0
7078	0
7079	0
7080	0
7081	0
7082	0
7083	0
7084	0
7085	0
7086	0
7087	0
7088	0
7089	1
7090	0
7091	0
7092	0
7093	0
7094	0
7095	0
7096	0
7097	0
7098	0
7099	1
7100	0
7101	0
7102	0
7103	0
7104	0
7105	0
7106	1
7107	1
7108	1
7109	0
7110	0
7111	0
7112	0
7113	1
7114	0
7115	0
7116	0
7117	1
7118	0
7119	0
7120	0
7121	0
7122	0
7123	1
7124	0
7125	0
7126	0
7127	0
7128	0
7129	0
7130	0
7131	0
7132	0
7133	0
7134	0
7135	0
7136	0
7137	0
7138	0
7139	0
7140	0
7141	0
7142	0
7143	0
7144	0
7145	0
7146	0
7147	0
7148	0
7149	2
7150	0
7151	0
7152	0
7153	0
7154	0
7155	0
7156	0
7157	0
7158	0
7159	0
7160	0
7161	0
7162	0
7163	0
7164	0
7165	0
7166	0
7167	0
7168	0
7169	1
7170	0
7171	0
7172	0
7173	0
7174	0
7175	0
7176	0
7177	0
7178	0
7179	0
7180	0
7181	0
7182	0
7183	0
7184	0
7185	0
7186	0
7187	0
7188	0
7189	0
7190	0
7191	0
7192	0
7193	0
7194	0
7195	1
7196	0
7197	0
7198	0
7199	0
7200	0
7201	1
7202	0
7203	0
7204	0
7205	0
7206	0
7207	0
7208	1
7209	0
7210	1
7211	0
7212	0
7213	0
7214	1
7215	0
7216	0
7217	0
7218	1
7219	0
7220	0
7221	0
7222	0
7223	0
7224	0
7225	0
7226	0
7227	0
7228	0
7229	0
7230	0
7231	0
7232	0
7233	0
7234	0
7235	0
7236	0
7237	0
7238	1
7239	0
7240	0
7241	0
7242	0
7243	0
7244	0
7245	1
7246	0
7247	0
7248	0
7249	0
7250	0
7251	0
7252	0
7253	0
7254	1
7255	0
7256	2
7257	0
7258	0
7259	0
7260	0
7261	0
7262	0
7263	0
7264	0
7265	0
7266	0
7267	0
7268	2
7269	0
7270	0
7271	0
7272	0
7273	0
7274	1
7275	0
7276	0
7277	0
7278	0
7279	0
7280	1
7281	0
7282	0
7283	0
7284	0
7285	0
7286	1
7287	0
7288	1
7289	0
7290	0
7291	1
7292	0
7293	0
7294	1
7295	0
7296	0
7297	0
7298	0
7299	0
7300	0
7301	0
7302	0
7303	1
7304	1
7305	0
7306	0
7307	0
7308	0
7309	0
7310	0
7311	0
7312	0
7313	0
7314	0
7315	0
7316	0
7317	0
7318	1
7319	0
7320	0
7321	0
7322	0
7323	0
7324	0
7325	1
7326	0
7327	0
7328	0
7329	0
7330	0
7331	0
7332	0
7333	0
7334	1
7335	0
7336	0
7337	0
7338	0
7339	0
7340	0
7341	0
7342	1
7343	0
7344	0
7345	1
7346	0
7347	0
7348	0
7349	0
7350	0
7351	0
7352	0
7353	0
7354	0
7355	0
7356	0
7357	0
7358	0
7359	0
7360	0
7361	0
7362	0
7363	0
7364	0
7365	0
7366	0
7367	0
7368	0
7369	0
7370	0
7371	0
7372	0
7373	0
7374	0
7375	0
7376	0
7377	0
7378	0
7379	0
7380	0
7381	0
7382	0
7383	0
7384	0
7385	0
7386	0
7387	0
7388	0
7389	0
7390	0
7391	0
7392	0
7393	0
7394	1
7395	0
7396	0
7397	0
7398	0
7399	0
7400	0
7401	0
7402	0
7403	0
7404	0
7405	0
7406	0
7407	1
7408	0
7409	0
7410	0
7411	0
7412	0
7413	0
7414	0
7415	0
7416	0
7417	0
7418	0
7419	0
7420	0
7421	0
7422	0
7423	0
7424	0
7425	0
7426	0
7427	0
7428	0
7429	1
7430	0
7431	0
7432	0
7433	0
7434	0
7435	0
7436	0
7437	1
7438	0
7439	0
7440	0
7441	0
7442	0
7443	0
7444	0
7445	0
7446	0
7447	0
7448	0
7449	0
7450	0
7451	0
7452	0
7453	0
7454	0
7455	0
7456	0
7457	0
7458	0
7459	0
7460	0
7461	0
7462	0
7463	0
7464	0
7465	0
7466	0
7467	0
7468	0
7469	0
7470	0
7471	0
7472	0
7473	0
7474	0
7475	0
7476	0
7477	0
7478	0
7479	0
7480	0
7481	0
7482	0
7483	0
7484	0
7485	0
7486	0
7487	0
7488	0
7489	0
7490	0
7491	0
7492	1
7493	0
7494	0
7495	0
7496	0
7497	0
7498	0
7499	0
7500	0
7501	0
7502	0
7503	0
7504	0
7505	0
7506	0
7507	0
7508	0
7509	0
7510	0
7511	0
7512	0
7513	0
7514	0
7515	1
7516	0
7517	0
7518	0
7519	0
7520	0
7521	0
7522	0
7523	0
7524	0
7525	0
7526	0
7527	0
7528	1
7529	0
7530	0
7531	0
7532	0
7533	0
7534	0
7535	0
7536	0
7537	0
7538	0
7539	0
7540	0
7541	0
7542	0
7543	0
7544	0
7545	0
7546	0
7547	0
7548	0
7549	0
7550	0
7551	0
7552	0
7553	0
7554	0
7555	0
7556	1
7557	0
7558	0
7559	0
7560	0
7561	0
7562	0
7563	0
7564	0
7565	1
7566	0
7567	0
7568	0
7569	0
7570	0
7571	0
7572	0
7573	0
7574	0
7575	0
7576	0
7577	0
7578	0
7579	0
7580	0
7581	0
7582	0
7583	0
7584	0
7585	0
7586	0
7587	0
7588	0
7589	0
7590	0
7591	0
7592	0
7593	0
7594	0
7595	0
7596	0
7597	0
7598	1
7599	0
7600	0
7601	0
7602	0
7603	0
7604	0
7605	0
7606	0
7607	0
7608	0
7609	0
7610	0
7611	0
7612	0
7613	0
7614	0
7615	0
7616	0
7617	1
7618	0
7619	0
7620	0
7621	0
7622	0
7623	0
7624	0
7625	0
7626	0
7627	0
7628	0
7629	0
7630	0
7631	0
7632	0
7633	0
7634	0
7635	0
7636	0
7637	1
7638	0
7639	0
7640	0
7641	0
7642	0
7643	0
7644	0
7645	0
7646	0
7647	0
7648	0
7649	0
7650	0
7651	0
7652	0
7653	0
7654	0
7655	0
7656	0
7657	0
7658	0
7659	0
7660	0
7661	0
7662	0
7663	0
7664	0
7665	0
7666	0
7667	0
7668	0
7669	0
7670	0
7671	0
7672	0
7673	0
7674	0
7675	1
7676	1
7677	0
7678	0
7679	0
7680	0
7681	0
7682	0
7683	0
7684	0
7685	0
7686	0
7687	0
7688	1
7689	0
7690	0
7691	0
7692	0
7693	0
7694	0
7695	0
7696	1
7697	0
7698	0
7699	0
7700	0
7701	0
7702	0
7703	0
7704	0
7705	0
7706	0
7707	0
7708	0
7709	0
7710	0
7711	0
7712	0
7713	0
7714	1
7715	0
7716	0
7717	0
7718	1
7719	0
7720	0
7721	0
7722	0
7723	0
7724	0
7725	0
7726	0
7727	0
7728	0
7729	0
7730	0
7731	0
7732	0
7733	0
7734	0
7735	0
7736	0
7737	0
7738	0
7739	0
7740	0
7741	0
7742	1
7743	0
7744	1
7745	0
7746	0
7747	0
7748	0
7749	0
7750	0
7751	0
7752	0
7753	0
7754	0
7755	0
7756	0
7757	0
7758	0
7759	0
7760	0
7761	0
7762	0
7763	0
7764	0
7765	0
7766	0
7767	0
7768	0
7769	1
7770	0
7771	1
7772	0
7773	0
7774	0
7775	0
7776	0
7777	1
7778	0
7779	0
7780	0
7781	0
7782	0
7783	0
7784	0
7785	0
7786	0
7787	0
7788	0
7789	0
7790	0
7791	0
7792	0
7793	0
7794	0
7795	0
7796	0
7797	0
7798	0
7799	0
7800	0
7801	0
7802	0
7803	0
7804	0
7805	1
7806	0
7807	0
7808	0
7809	0
7810	0
7811	0
7812	0
7813	0
7814	0
7815	0
7816	0
7817	0
7818	0
7819	0
7820	0
7821	0
7822	0
7823	0
7824	0
7825	0
7826	0
7827	0
7828	0
7829	0
7830	0
7831	0
7832	0
7833	0
7834	0
7835	0
7836	0
7837	0
7838	0
7839	0
7840	0
7841	0
7842	0
7843	0
7844	0
7845	0
7846	0
7847	0
7848	0
7849	0
7850	0
7851	0
7852	0
7853	0
7854	0
7855	0
7856	0
7857	0
7858	0
7859	0
7860	0
7861	0
7862	0
7863	0
7864	0
7865	0
7866	0
7867	0
7868	0
7869	0
7870	0
7871	0
7872	0
7873	0
7874	0
7875	0
7876	0
7877	0
7878	0
7879	0
7880	0
7881	0
7882	0
7883	0
7884	0
7885	0
7886	0
7887	0
7888	0
7889	0
7890	0
7891	0
7892	0
7893	0
7894	0
7895	0
7896	0
7897	0
7898	0
7899	0
7900	0
7901	0
7902	0
7903	0
7904	0
7905	0
7906	0
7907	0
7908	0
7909	0
7910	0
7911	0
7912	0
7913	0
7914	0
7915	0
7916	0
7917	0
7918	0
7919	0
7920	0
7921	0
7922	0
7923	0
7924	0
7925	0
7926	0
7927	0
7928	0
7929	0
7930	0
7931	0
7932	0
7933	0
7934	0
7935	0
7936	0
7937	0
7938	0
7939	0
7940	0
7941	0
7942	0
7943	0
7944	0
7945	0
7946	0
7947	0
7948	0
7949	0
7950	0
7951	0
7952	0
7953	0
7954	0
7955	0
7956	0
7957	0
7958	0
7959	0
7960	0
7961	0
7962	0
7963	0
7964	0
7965	0
7966	0
7967	0
7968	0
7969	0
7970	0
7971	0
7972	0
7973	0
7974	0
7975	0
7976	0
7977	0
7978	0
7979	0
7980	0
7981	0
7982	0
7983	0
7984	0
7985	0
7986	0
7987	0
7988	0
7989	0
7990	0
7991	0
7992	0
7993	0
7994	0
7995	0
7996	0
7997	0
7998	0
7999	0
8000	0
8001	0
8002	0
8003	0
8004	0
8005	0
8006	0
8007	0
8008	0
8009	0
8010	0
8011	0
8012	0
8013	0
8014	0
8015	0
8016	0
8017	0
8018	0
8019	0
8020	0
8021	0
8022	0
8023	0
8024	0
8025	0
8026	0
8027	0
8028	0
8029	0
8030	0
8031	0
8032	0
8033	0
8034	0
8035	0
8036	0
8037	0
8038	0
8039	0
8040	0
8041	0
8042	0
8043	0
8044	0
8045	0
8046	0
8047	0
8048	0
8049	0
8050	0
8051	0
8052	0
8053	0
8054	0
8055	0
8056	0
8057	0
8058	0
8059	0
8060	0
8061	0
8062	0
8063	0
8064	0
8065	0
8066	0
8067	0
8068	0
8069	0
8070	0
8071	0
8072	0
8073	0
8074	0
8075	0
8076	0
8077	0
8078	0
8079	0
8080	0
8081	0
8082	0
8083	0
8084	0
8085	0
8086	0
8087	0
8088	0
8089	0
8090	0
8091	0
8092	0
8093	0
8094	0
8095	0
8096	0
8097	0
8098	0
8099	0
8100	0
8101	0
8102	0
8103	0
8104	0
8105	0
8106	0
8107	0
8108	0
8109	0
8110	0
8111	0
8112	0
8113	0
8114	0
8115	0
8116	0
8117	0
8118	0
8119	0
8120	0
8121	0
8122	0
8123	0
8124	0
8125	0
8126	0
8127	0
8128	0
8129	0
8130	0
8131	0
8132	0
8133	0
8134	0
8135	0
8136	0
8137	0
8138	0
8139	0
8140	0
8141	0
8142	0
8143	0
8144	0
8145	0
8146	0
8147	0
8148	0
8149	0
8150	0
8151	0
8152	0
8153	0
8154	0
8155	0
8156	0
8157	0
8158	0
8159	0
8160	0
8161	0
8162	0
8163	0
8164	0
8165	0
8166	0
8167	0
8168	0
8169	0
8170	0
8171	0
8172	0
8173	0
8174	0
8175	0
8176	0
8177	0
8178	0
8179	0
8180	0
8181	0
8182	0
8183	0
8184	0
8185	0
8186	0
8187	0
8188	0
8189	0
8190	0
8191	0
