0	4
1	0
2	0
3	0
4	0
5	0
6	0
7	0
8	1
9	0
10	0
11	0
12	0
13	0
14	0
15	0
16	0
17	0
18	0
19	0
20	0
21	0
22	0
23	0
24	0
25	0
26	1
27	2
28	8
29	43
30	114
31	246
32	347
33	456
34	528
35	571
36	595
37	577
38	610
39	587
40	578
41	590
42	609
43	573
44	601
45	633
46	623
47	580
48	595
49	582
50	580
51	584
52	589
53	595
54	550
55	596
56	596
57	580
58	612
59	566
60	602
61	595
62	572
63	586
64	610
65	563
66	599
67	676
68	627
69	624
70	569
71	619
72	628
73	549
74	570
75	586
76	630
77	597
78	617
79	603
80	614
81	614
82	605
83	619
84	567
85	548
86	602
87	571
88	624
89	562
90	612
91	635
92	610
93	625
94	586
95	588
96	598
97	561
98	581
99	564
100	568
101	591
102	628
103	576
104	593
105	580
106	576
107	599
108	564
109	568
110	593
111	540
112	595
113	616
114	594
115	609
116	563
117	553
118	615
119	566
120	605
121	613
122	581
123	607
124	599
125	553
126	563
127	554
128	604
129	599
130	560
131	566
132	583
133	546
134	562
135	571
136	597
137	565
138	622
139	593
140	591
141	559
142	565
143	571
144	559
145	575
146	589
147	558
148	544
149	588
150	540
151	536
152	581
153	594
154	554
155	562
156	600
157	528
158	630
159	568
160	581
161	581
162	592
163	595
164	573
165	582
166	558
167	576
168	617
169	584
170	582
171	578
172	645
173	587
174	589
175	595
176	538
177	605
178	591
179	543
180	583
181	605
182	625
183	648
184	596
185	566
186	591
187	573
188	600
189	619
190	576
191	604
192	614
193	608
194	595
195	609
196	592
197	588
198	617
199	629
200	593
201	591
202	623
203	569
204	595
205	611
206	635
207	595
208	610
209	710
210	594
211	603
212	641
213	599
214	653
215	633
216	591
217	616
218	633
219	622
220	664
221	625
222	591
223	620
224	632
225	626
226	579
227	594
228	651
229	623
230	614
231	609
232	641
233	629
234	596
235	689
236	593
237	640
238	629
239	596
240	662
241	570
242	596
243	603
244	618
245	616
246	665
247	614
248	648
249	646
250	627
251	664
252	656
253	629
254	671
255	644
256	655
257	641
258	675
259	648
260	655
261	632
262	626
263	640
264	636
265	638
266	632
267	669
268	650
269	616
270	613
271	633
272	651
273	662
274	674
275	614
276	639
277	696
278	694
279	674
280	678
281	680
282	665
283	679
284	666
285	654
286	615
287	707
288	664
289	698
290	646
291	694
292	672
293	660
294	684
295	663
296	677
297	675
298	673
299	647
300	678
301	735
302	687
303	653
304	657
305	678
306	653
307	678
308	716
309	670
310	655
311	663
312	694
313	701
314	696
315	712
316	662
317	683
318	644
319	692
320	684
321	706
322	669
323	638
324	704
325	677
326	708
327	703
328	687
329	700
330	714
331	665
332	651
333	664
334	675
335	698
336	728
337	670
338	658
339	709
340	683
341	707
342	700
343	735
344	679
345	667
346	730
347	718
348	712
349	686
350	725
351	691
352	715
353	705
354	702
355	683
356	712
357	718
358	632
359	677
360	715
361	713
362	720
363	728
364	691
365	682
366	714
367	785
368	703
369	703
370	741
371	726
372	703
373	725
374	723
375	729
376	778
377	744
378	723
379	697
380	675
381	742
382	717
383	744
384	717
385	737
386	712
387	753
388	728
389	681
390	760
391	738
392	756
393	814
394	742
395	696
396	784
397	747
398	747
399	766
400	758
401	719
402	746
403	768
404	717
405	795
406	747
407	714
408	788
409	763
410	725
411	722
412	768
413	763
414	738
415	774
416	755
417	747
418	759
419	784
420	792
421	785
422	777
423	763
424	792
425	777
426	807
427	801
428	751
429	766
430	798
431	787
432	794
433	835
434	811
435	820
436	757
437	778
438	780
439	794
440	851
441	794
442	804
443	806
444	846
445	801
446	841
447	829
448	816
449	782
450	848
451	834
452	837
453	830
454	835
455	860
456	796
457	868
458	868
459	848
460	813
461	874
462	866
463	852
464	851
465	881
466	882
467	855
468	873
469	858
470	841
471	900
472	874
473	818
474	877
475	863
476	864
477	912
478	895
479	866
480	893
481	876
482	907
483	897
484	875
485	931
486	937
487	896
488	934
489	921
490	911
491	909
492	868
493	902
494	938
495	857
496	861
497	891
498	999
499	966
500	922
501	911
502	927
503	950
504	902
505	964
506	979
507	946
508	963
509	954
510	968
511	948
512	1026
513	997
514	946
515	962
516	945
517	968
518	984
519	987
520	993
521	997
522	983
523	943
524	964
525	981
526	1001
527	970
528	967
529	1023
530	977
531	913
532	1050
533	931
534	986
535	990
536	1056
537	878
538	940
539	996
540	972
541	992
542	999
543	1052
544	982
545	1029
546	995
547	1003
548	1004
549	1015
550	993
551	1023
552	994
553	1051
554	1018
555	977
556	1025
557	955
558	1012
559	993
560	1001
561	1060
562	991
563	1031
564	1099
565	1059
566	1033
567	1064
568	1035
569	1027
570	1055
571	1039
572	1076
573	1079
574	1074
575	1022
576	1025
577	1006
578	1061
579	987
580	1027
581	1084
582	1085
583	1079
584	976
585	1069
586	1011
587	1042
588	1050
589	1087
590	1074
591	1119
592	1006
593	1093
594	991
595	1055
596	1061
597	1008
598	1023
599	1112
600	1086
601	1024
602	1061
603	1053
604	994
605	1042
606	1043
607	1069
608	1021
609	1027
610	1020
611	1016
612	1024
613	1065
614	1091
615	1061
616	1031
617	1003
618	1035
619	995
620	1083
621	1051
622	1011
623	1064
624	1045
625	1013
626	1025
627	1067
628	1029
629	1004
630	1063
631	1006
632	1007
633	1041
634	1081
635	1011
636	1062
637	1036
638	1020
639	969
640	1033
641	981
642	1095
643	1003
644	1016
645	1007
646	1024
647	1003
648	988
649	1099
650	1060
651	992
652	999
653	1054
654	968
655	998
656	1070
657	1025
658	1027
659	1038
660	976
661	1024
662	1038
663	997
664	1072
665	1044
666	950
667	1036
668	960
669	998
670	991
671	1019
672	1007
673	963
674	956
675	976
676	960
677	987
678	994
679	924
680	954
681	926
682	1008
683	949
684	980
685	1002
686	965
687	958
688	977
689	1009
690	959
691	955
692	956
693	990
694	983
695	932
696	963
697	1017
698	993
699	934
700	958
701	957
702	910
703	955
704	941
705	919
706	1001
707	951
708	953
709	977
710	921
711	962
712	940
713	969
714	929
715	982
716	990
717	948
718	957
719	940
720	930
721	941
722	929
723	950
724	951
725	929
726	919
727	939
728	930
729	906
730	918
731	911
732	935
733	908
734	947
735	901
736	897
737	978
738	896
739	980
740	955
741	917
742	939
743	946
744	930
745	871
746	888
747	978
748	892
749	922
750	929
751	945
752	881
753	862
754	897
755	887
756	901
757	893
758	891
759	953
760	939
761	908
762	919
763	912
764	895
765	933
766	879
767	903
768	905
769	930
770	862
771	912
772	910
773	881
774	879
775	860
776	866
777	850
778	910
779	888
780	878
781	920
782	889
783	898
784	894
785	893
786	873
787	904
788	904
789	854
790	905
791	827
792	831
793	885
794	867
795	844
796	898
797	852
798	832
799	938
800	889
801	846
802	897
803	862
804	872
805	866
806	932
807	860
808	935
809	936
810	936
811	836
812	884
813	892
814	874
815	807
816	864
817	858
818	860
819	838
820	880
821	870
822	858
823	834
824	854
825	873
826	935
827	868
828	849
829	925
830	881
831	828
832	894
833	895
834	901
835	813
836	898
837	893
838	850
839	919
840	896
841	875
842	911
843	893
844	887
845	871
846	891
847	897
848	898
849	888
850	875
851	908
852	944
853	892
854	863
855	868
856	869
857	911
858	886
859	814
860	951
861	908
862	890
863	913
864	981
865	861
866	921
867	926
868	903
869	938
870	935
871	933
872	894
873	942
874	903
875	986
876	894
877	937
878	926
879	901
880	937
881	871
882	921
883	920
884	932
885	915
886	949
887	921
888	899
889	877
890	901
891	922
892	934
893	927
894	961
895	914
896	935
897	950
898	933
899	935
900	972
901	947
902	956
903	930
904	989
905	967
906	940
907	981
908	930
909	935
910	1001
911	904
912	936
913	939
914	941
915	898
916	912
917	942
918	941
919	968
920	974
921	947
922	959
923	1000
924	939
925	936
926	965
927	972
928	952
929	1022
930	935
931	994
932	983
933	979
934	1005
935	1026
936	962
937	1006
938	986
939	972
940	970
941	970
942	944
943	999
944	990
945	1025
946	1029
947	1013
948	1040
949	1014
950	1023
951	949
952	987
953	1028
954	996
955	1013
956	1078
957	984
958	1047
959	993
960	1000
961	1046
962	1025
963	1032
964	1048
965	1067
966	1001
967	967
968	1011
969	1006
970	1052
971	1032
972	1025
973	1071
974	1060
975	1084
976	999
977	1014
978	1045
979	1006
980	1050
981	1082
982	1004
983	1080
984	1038
985	1050
986	1043
987	1067
988	1071
989	1028
990	989
991	1052
992	1024
993	1000
994	1090
995	1077
996	1080
997	1063
998	1046
999	1081
1000	1055
1001	1074
1002	1078
1003	1079
1004	1015
1005	1015
1006	1057
1007	1050
1008	1024
1009	1067
1010	1053
1011	1134
1012	1040
1013	1094
1014	1073
1015	1109
1016	1047
1017	1040
1018	1015
1019	992
1020	1081
1021	1040
1022	1055
1023	1004
1024	1073
1025	1098
1026	1118
1027	1079
1028	1071
1029	1053
1030	1096
1031	1063
1032	1113
1033	1023
1034	1057
1035	1048
1036	1094
1037	1040
1038	1088
1039	1018
1040	1036
1041	1067
1042	1053
1043	1048
1044	1061
1045	1041
1046	1096
1047	1032
1048	1060
1049	1021
1050	1046
1051	1082
1052	1037
1053	1031
1054	970
1055	1004
1056	1083
1057	1064
1058	1052
1059	1080
1060	1085
1061	1028
1062	1036
1063	1021
1064	1089
1065	1090
1066	1093
1067	1042
1068	1060
1069	1086
1070	1100
1071	1029
1072	1013
1073	1062
1074	1112
1075	1057
1076	1058
1077	1013
1078	1004
1079	1021
1080	1122
1081	985
1082	982
1083	1031
1084	984
1085	1057
1086	1062
1087	1032
1088	1020
1089	1007
1090	1073
1091	1056
1092	1001
1093	1033
1094	1035
1095	1044
1096	1059
1097	1014
1098	983
1099	965
1100	1018
1101	1018
1102	1010
1103	1040
1104	1023
1105	1050
1106	994
1107	1054
1108	1003
1109	1013
1110	1008
1111	1044
1112	993
1113	968
1114	1000
1115	1017
1116	979
1117	974
1118	942
1119	1031
1120	990
1121	1000
1122	924
1123	990
1124	1013
1125	1010
1126	975
1127	962
1128	973
1129	953
1130	1012
1131	979
1132	958
1133	958
1134	950
1135	955
1136	955
1137	1009
1138	910
1139	1022
1140	967
1141	993
1142	956
1143	978
1144	967
1145	991
1146	930
1147	925
1148	982
1149	939
1150	992
1151	967
1152	960
1153	943
1154	955
1155	979
1156	974
1157	961
1158	1015
1159	935
1160	939
1161	986
1162	950
1163	1043
1164	933
1165	941
1166	943
1167	989
1168	946
1169	971
1170	958
1171	1011
1172	929
1173	953
1174	917
1175	951
1176	953
1177	903
1178	1004
1179	934
1180	872
1181	917
1182	941
1183	964
1184	895
1185	917
1186	929
1187	958
1188	997
1189	908
1190	934
1191	955
1192	929
1193	893
1194	947
1195	918
1196	914
1197	869
1198	973
1199	902
1200	859
1201	920
1202	917
1203	866
1204	919
1205	910
1206	880
1207	933
1208	842
1209	911
1210	920
1211	895
1212	996
1213	913
1214	909
1215	929
1216	877
1217	919
1218	933
1219	895
1220	918
1221	887
1222	906
1223	869
1224	872
1225	927
1226	897
1227	935
1228	867
1229	882
1230	908
1231	949
1232	932
1233	903
1234	889
1235	889
1236	878
1237	936
1238	920
1239	915
1240	926
1241	828
1242	889
1243	878
1244	882
1245	873
1246	885
1247	893
1248	951
1249	843
1250	873
1251	882
1252	911
1253	827
1254	833
1255	868
1256	833
1257	869
1258	870
1259	861
1260	867
1261	858
1262	862
1263	863
1264	824
1265	910
1266	906
1267	838
1268	857
1269	863
1270	887
1271	813
1272	836
1273	934
1274	856
1275	780
1276	855
1277	835
1278	868
1279	874
1280	854
1281	859
1282	835
1283	883
1284	871
1285	849
1286	862
1287	887
1288	892
1289	887
1290	905
1291	905
1292	846
1293	851
1294	830
1295	810
1296	894
1297	826
1298	847
1299	803
1300	821
1301	831
1302	865
1303	854
1304	845
1305	792
1306	823
1307	842
1308	840
1309	837
1310	842
1311	838
1312	836
1313	787
1314	843
1315	831
1316	789
1317	850
1318	873
1319	822
1320	777
1321	833
1322	838
1323	820
1324	842
1325	808
1326	784
1327	783
1328	797
1329	831
1330	836
1331	852
1332	840
1333	809
1334	830
1335	765
1336	796
1337	824
1338	782
1339	789
1340	790
1341	819
1342	797
1343	807
1344	783
1345	842
1346	811
1347	837
1348	815
1349	816
1350	809
1351	802
1352	844
1353	831
1354	783
1355	808
1356	792
1357	807
1358	764
1359	818
1360	821
1361	780
1362	785
1363	801
1364	842
1365	844
1366	801
1367	780
1368	827
1369	815
1370	826
1371	767
1372	822
1373	735
1374	778
1375	832
1376	796
1377	790
1378	778
1379	823
1380	808
1381	794
1382	778
1383	780
1384	838
1385	844
1386	747
1387	825
1388	779
1389	781
1390	749
1391	802
1392	746
1393	775
1394	816
1395	764
1396	807
1397	762
1398	803
1399	778
1400	839
1401	818
1402	788
1403	737
1404	738
1405	754
1406	760
1407	841
1408	789
1409	797
1410	760
1411	765
1412	796
1413	768
1414	796
1415	771
1416	776
1417	802
1418	736
1419	764
1420	820
1421	775
1422	761
1423	735
1424	778
1425	760
1426	823
1427	797
1428	842
1429	815
1430	767
1431	792
1432	773
1433	811
1434	718
1435	803
1436	773
1437	749
1438	742
1439	756
1440	812
1441	817
1442	775
1443	786
1444	796
1445	780
1446	759
1447	718
1448	810
1449	757
1450	763
1451	750
1452	737
1453	764
1454	759
1455	776
1456	726
1457	745
1458	776
1459	774
1460	781
1461	793
1462	758
1463	778
1464	763
1465	742
1466	772
1467	753
1468	772
1469	783
1470	753
1471	779
1472	785
1473	765
1474	796
1475	796
1476	806
1477	781
1478	789
1479	722
1480	753
1481	780
1482	765
1483	748
1484	718
1485	820
1486	752
1487	805
1488	780
1489	753
1490	775
1491	783
1492	814
1493	801
1494	746
1495	784
1496	766
1497	782
1498	784
1499	796
1500	818
1501	803
1502	745
1503	716
1504	726
1505	755
1506	777
1507	789
1508	729
1509	735
1510	764
1511	808
1512	748
1513	777
1514	794
1515	811
1516	818
1517	769
1518	784
1519	761
1520	732
1521	780
1522	765
1523	729
1524	772
1525	763
1526	806
1527	800
1528	784
1529	749
1530	747
1531	803
1532	786
1533	808
1534	806
1535	736
1536	778
1537	782
1538	756
1539	783
1540	790
1541	756
1542	791
1543	759
1544	781
1545	767
1546	818
1547	792
1548	807
1549	780
1550	802
1551	789
1552	785
1553	765
1554	778
1555	776
1556	786
1557	779
1558	724
1559	793
1560	827
1561	800
1562	804
1563	824
1564	712
1565	820
1566	734
1567	779
1568	832
1569	821
1570	786
1571	767
1572	805
1573	817
1574	804
1575	792
1576	846
1577	782
1578	775
1579	798
1580	834
1581	825
1582	838
1583	847
1584	830
1585	780
1586	799
1587	820
1588	815
1589	817
1590	800
1591	868
1592	860
1593	852
1594	830
1595	814
1596	832
1597	840
1598	851
1599	820
1600	820
1601	826
1602	868
1603	816
1604	880
1605	885
1606	886
1607	878
1608	867
1609	878
1610	856
1611	873
1612	841
1613	862
1614	919
1615	925
1616	889
1617	867
1618	896
1619	884
1620	903
1621	928
1622	890
1623	857
1624	878
1625	885
1626	963
1627	877
1628	974
1629	945
1630	981
1631	955
1632	950
1633	950
1634	964
1635	950
1636	952
1637	928
1638	975
1639	915
1640	996
1641	1007
1642	948
1643	1003
1644	1038
1645	1035
1646	1026
1647	1028
1648	1046
1649	976
1650	1047
1651	992
1652	1027
1653	1052
1654	1043
1655	1084
1656	1047
1657	1042
1658	1035
1659	1027
1660	1055
1661	1094
1662	1064
1663	1112
1664	1098
1665	1099
1666	1153
1667	1127
1668	1100
1669	1145
1670	1154
1671	1143
1672	1131
1673	1220
1674	1183
1675	1189
1676	1176
1677	1204
1678	1190
1679	1213
1680	1286
1681	1225
1682	1223
1683	1229
1684	1227
1685	1264
1686	1304
1687	1326
1688	1371
1689	1325
1690	1326
1691	1317
1692	1345
1693	1337
1694	1414
1695	1391
1696	1431
1697	1338
1698	1489
1699	1395
1700	1530
1701	1442
1702	1496
1703	1525
1704	1447
1705	1541
1706	1510
1707	1514
1708	1553
1709	1545
1710	1670
1711	1587
1712	1613
1713	1548
1714	1620
1715	1613
1716	1716
1717	1636
1718	1759
1719	1655
1720	1711
1721	1668
1722	1776
1723	1794
1724	1767
1725	1824
1726	1841
1727	1904
1728	1805
1729	1824
1730	1898
1731	1879
1732	1949
1733	1968
1734	1844
1735	1975
1736	2063
1737	1952
1738	2030
1739	2099
1740	2051
1741	2019
1742	2062
1743	2140
1744	2165
1745	2163
1746	2217
1747	2212
1748	2246
1749	2241
1750	2262
1751	2321
1752	2275
1753	2335
1754	2331
1755	2325
1756	2385
1757	2309
1758	2379
1759	2357
1760	2432
1761	2382
1762	2465
1763	2406
1764	2471
1765	2681
1766	2594
1767	2649
1768	2634
1769	2569
1770	2735
1771	2641
1772	2708
1773	2656
1774	2776
1775	2701
1776	2732
1777	2769
1778	2804
1779	2852
1780	2883
1781	2905
1782	3014
1783	2961
1784	2945
1785	2977
1786	3056
1787	3062
1788	2985
1789	3065
1790	3116
1791	3139
1792	3051
1793	3178
1794	3261
1795	3152
1796	3273
1797	3323
1798	3271
1799	3322
1800	3254
1801	3365
1802	3319
1803	3407
1804	3409
1805	3485
1806	3506
1807	3450
1808	3602
1809	3487
1810	3554
1811	3518
1812	3588
1813	3638
1814	3687
1815	3744
1816	3631
1817	3690
1818	3671
1819	3725
1820	3657
1821	3794
1822	3809
1823	3829
1824	3873
1825	3820
1826	3790
1827	3781
1828	3853
1829	3962
1830	3970
1831	3958
1832	4073
1833	3967
1834	4057
1835	4049
1836	4034
1837	4065
1838	4050
1839	4096
1840	4129
1841	4238
1842	4171
1843	4142
1844	4250
1845	4286
1846	4311
1847	4236
1848	4262
1849	4335
1850	4332
1851	4314
1852	4335
1853	4431
1854	4332
1855	4294
1856	4481
1857	4365
1858	4417
1859	4454
1860	4573
1861	4518
1862	4441
1863	4478
1864	4506
1865	4526
1866	4512
1867	4499
1868	4616
1869	4494
1870	4492
1871	4474
1872	4489
1873	4595
1874	4740
1875	4694
1876	4583
1877	4694
1878	4634
1879	4563
1880	4653
1881	4617
1882	4694
1883	4618
1884	4636
1885	4674
1886	4727
1887	4655
1888	4644
1889	4623
1890	4832
1891	4703
1892	4653
1893	4637
1894	4752
1895	4784
1896	4654
1897	4681
1898	4690
1899	4803
1900	4722
1901	4646
1902	4838
1903	4601
1904	4722
1905	4724
1906	4714
1907	4608
1908	4730
1909	4650
1910	4729
1911	4709
1912	4568
1913	4700
1914	4659
1915	4693
1916	4670
1917	4579
1918	4625
1919	4632
1920	4613
1921	4767
1922	4586
1923	4643
1924	4612
1925	4656
1926	4559
1927	4599
1928	4540
1929	4539
1930	4527
1931	4573
1932	4467
1933	4521
1934	4498
1935	4524
1936	4430
1937	4458
1938	4383
1939	4428
1940	4435
1941	4387
1942	4299
1943	4312
1944	4503
1945	4443
1946	4254
1947	4365
1948	4334
1949	4347
1950	4287
1951	4210
1952	4292
1953	4178
1954	4316
1955	4401
1956	4218
1957	4176
1958	4238
1959	4256
1960	4072
1961	4072
1962	4089
1963	4138
1964	4087
1965	4026
1966	4064
1967	3987
1968	3989
1969	3939
1970	3983
1971	4012
1972	3907
1973	3731
1974	3872
1975	3828
1976	3753
1977	3920
1978	3791
1979	3801
1980	3859
1981	3711
1982	3798
1983	3857
1984	3610
1985	3695
1986	3719
1987	3565
1988	3608
1989	3626
1990	3533
1991	3572
1992	3400
1993	3476
1994	3502
1995	3437
1996	3469
1997	3366
1998	3380
1999	3401
2000	3391
2001	3263
2002	3350
2003	3378
2004	3281
2005	3161
2006	3278
2007	3154
2008	3224
2009	3191
2010	3087
2011	3210
2012	3108
2013	3123
2014	3101
2015	3080
2016	3034
2017	2989
2018	3096
2019	2915
2020	2932
2021	2911
2022	2857
2023	2912
2024	2840
2025	2865
2026	2825
2027	2789
2028	2761
2029	2828
2030	2795
2031	2852
2032	2695
2033	2725
2034	2689
2035	2729
2036	2558
2037	2619
2038	2645
2039	2633
2040	2623
2041	2541
2042	2489
2043	2439
2044	2598
2045	2522
2046	2486
2047	2450
2048	2386
2049	2434
2050	2467
2051	2440
2052	2407
2053	2330
2054	2256
2055	2348
2056	2341
2057	2283
2058	2352
2059	2157
2060	2161
2061	2216
2062	2273
2063	2190
2064	2178
2065	2088
2066	2221
2067	2163
2068	2072
2069	2096
2070	2074
2071	2126
2072	2092
2073	2054
2074	2007
2075	2045
2076	2001
2077	1952
2078	1963
2079	1924
2080	1925
2081	1934
2082	1925
2083	1858
2084	1935
2085	1841
2086	1892
2087	1842
2088	1865
2089	1762
2090	1780
2091	1809
2092	1835
2093	1874
2094	1793
2095	1889
2096	1833
2097	1777
2098	1795
2099	1756
2100	1728
2101	1712
2102	1751
2103	1759
2104	1690
2105	1700
2106	1722
2107	1639
2108	1663
2109	1685
2110	1651
2111	1610
2112	1681
2113	1631
2114	1557
2115	1583
2116	1600
2117	1586
2118	1671
2119	1581
2120	1626
2121	1614
2122	1632
2123	1546
2124	1538
2125	1573
2126	1488
2127	1614
2128	1494
2129	1496
2130	1448
2131	1521
2132	1569
2133	1502
2134	1490
2135	1532
2136	1502
2137	1499
2138	1457
2139	1458
2140	1479
2141	1470
2142	1465
2143	1418
2144	1438
2145	1521
2146	1477
2147	1475
2148	1375
2149	1426
2150	1461
2151	1431
2152	1399
2153	1456
2154	1390
2155	1408
2156	1392
2157	1456
2158	1360
2159	1449
2160	1411
2161	1455
2162	1411
2163	1415
2164	1407
2165	1423
2166	1428
2167	1381
2168	1398
2169	1338
2170	1373
2171	1404
2172	1352
2173	1321
2174	1358
2175	1342
2176	1380
2177	1453
2178	1360
2179	1384
2180	1324
2181	1378
2182	1371
2183	1325
2184	1463
2185	1320
2186	1440
2187	1314
2188	1356
2189	1356
2190	1366
2191	1375
2192	1427
2193	1361
2194	1370
2195	1362
2196	1382
2197	1352
2198	1389
2199	1454
2200	1376
2201	1422
2202	1325
2203	1374
2204	1355
2205	1380
2206	1328
2207	1348
2208	1362
2209	1368
2210	1464
2211	1388
2212	1369
2213	1305
2214	1351
2215	1373
2216	1433
2217	1360
2218	1395
2219	1419
2220	1309
2221	1365
2222	1338
2223	1359
2224	1336
2225	1314
2226	1357
2227	1388
2228	1393
2229	1407
2230	1430
2231	1406
2232	1346
2233	1358
2234	1358
2235	1347
2236	1350
2237	1346
2238	1338
2239	1350
2240	1383
2241	1363
2242	1423
2243	1352
2244	1334
2245	1357
2246	1415
2247	1338
2248	1360
2249	1385
2250	1385
2251	1337
2252	1369
2253	1387
2254	1387
2255	1369
2256	1335
2257	1408
2258	1320
2259	1397
2260	1376
2261	1297
2262	1396
2263	1330
2264	1301
2265	1385
2266	1358
2267	1383
2268	1321
2269	1338
2270	1360
2271	1445
2272	1361
2273	1361
2274	1336
2275	1386
2276	1355
2277	1419
2278	1329
2279	1371
2280	1371
2281	1392
2282	1408
2283	1431
2284	1403
2285	1427
2286	1348
2287	1366
2288	1369
2289	1374
2290	1417
2291	1329
2292	1435
2293	1351
2294	1389
2295	1327
2296	1426
2297	1320
2298	1318
2299	1394
2300	1304
2301	1380
2302	1386
2303	1290
2304	1318
2305	1371
2306	1365
2307	1385
2308	1377
2309	1302
2310	1358
2311	1333
2312	1398
2313	1391
2314	1360
2315	1390
2316	1376
2317	1342
2318	1341
2319	1352
2320	1406
2321	1373
2322	1387
2323	1350
2324	1326
2325	1335
2326	1336
2327	1371
2328	1391
2329	1343
2330	1301
2331	1367
2332	1417
2333	1303
2334	1338
2335	1324
2336	1361
2337	1341
2338	1380
2339	1401
2340	1377
2341	1370
2342	1410
2343	1342
2344	1309
2345	1361
2346	1352
2347	1344
2348	1372
2349	1361
2350	1337
2351	1336
2352	1303
2353	1360
2354	1348
2355	1330
2356	1349
2357	1316
2358	1356
2359	1375
2360	1336
2361	1315
2362	1362
2363	1306
2364	1368
2365	1377
2366	1301
2367	1349
2368	1354
2369	1325
2370	1406
2371	1315
2372	1303
2373	1323
2374	1379
2375	1376
2376	1292
2377	1283
2378	1325
2379	1332
2380	1250
2381	1373
2382	1321
2383	1341
2384	1283
2385	1333
2386	1318
2387	1421
2388	1325
2389	1295
2390	1333
2391	1326
2392	1315
2393	1359
2394	1370
2395	1299
2396	1349
2397	1366
2398	1317
2399	1302
2400	1329
2401	1361
2402	1352
2403	1353
2404	1346
2405	1301
2406	1419
2407	1301
2408	1291
2409	1331
2410	1385
2411	1300
2412	1408
2413	1299
2414	1341
2415	1322
2416	1264
2417	1346
2418	1309
2419	1324
2420	1294
2421	1336
2422	1312
2423	1338
2424	1278
2425	1325
2426	1382
2427	1309
2428	1369
2429	1276
2430	1322
2431	1325
2432	1277
2433	1293
2434	1346
2435	1301
2436	1365
2437	1317
2438	1371
2439	1343
2440	1338
2441	1304
2442	1273
2443	1288
2444	1285
2445	1296
2446	1299
2447	1274
2448	1231
2449	1220
2450	1279
2451	1289
2452	1287
2453	1250
2454	1339
2455	1304
2456	1268
2457	1281
2458	1277
2459	1300
2460	1337
2461	1308
2462	1287
2463	1244
2464	1318
2465	1317
2466	1312
2467	1283
2468	1228
2469	1319
2470	1296
2471	1307
2472	1296
2473	1257
2474	1260
2475	1321
2476	1249
2477	1320
2478	1248
2479	1278
2480	1268
2481	1314
2482	1301
2483	1290
2484	1262
2485	1232
2486	1268
2487	1285
2488	1254
2489	1304
2490	1278
2491	1208
2492	1300
2493	1335
2494	1270
2495	1256
2496	1329
2497	1253
2498	1232
2499	1272
2500	1296
2501	1311
2502	1230
2503	1271
2504	1279
2505	1238
2506	1239
2507	1237
2508	1210
2509	1291
2510	1249
2511	1212
2512	1312
2513	1324
2514	1233
2515	1287
2516	1273
2517	1250
2518	1321
2519	1235
2520	1230
2521	1307
2522	1241
2523	1277
2524	1172
2525	1260
2526	1285
2527	1276
2528	1289
2529	1267
2530	1253
2531	1288
2532	1238
2533	1247
2534	1211
2535	1208
2536	1212
2537	1292
2538	1343
2539	1199
2540	1287
2541	1255
2542	1291
2543	1282
2544	1243
2545	1239
2546	1249
2547	1216
2548	1213
2549	1263
2550	1255
2551	1260
2552	1173
2553	1304
2554	1237
2555	1215
2556	1201
2557	1241
2558	1281
2559	1209
2560	1245
2561	1244
2562	1238
2563	1214
2564	1230
2565	1220
2566	1268
2567	1239
2568	1272
2569	1216
2570	1280
2571	1247
2572	1264
2573	1223
2574	1173
2575	1270
2576	1221
2577	1254
2578	1199
2579	1225
2580	1222
2581	1228
2582	1226
2583	1212
2584	1210
2585	1213
2586	1215
2587	1194
2588	1235
2589	1198
2590	1211
2591	1214
2592	1196
2593	1155
2594	1135
2595	1192
2596	1209
2597	1255
2598	1212
2599	1244
2600	1177
2601	1245
2602	1170
2603	1245
2604	1196
2605	1142
2606	1249
2607	1137
2608	1148
2609	1235
2610	1146
2611	1189
2612	1143
2613	1163
2614	1128
2615	1201
2616	1106
2617	1235
2618	1149
2619	1137
2620	1142
2621	1231
2622	1258
2623	1157
2624	1160
2625	1142
2626	1196
2627	1224
2628	1219
2629	1165
2630	1147
2631	1135
2632	1198
2633	1223
2634	1196
2635	1261
2636	1171
2637	1175
2638	1152
2639	1150
2640	1167
2641	1190
2642	1224
2643	1176
2644	1134
2645	1174
2646	1227
2647	1203
2648	1214
2649	1201
2650	1119
2651	1210
2652	1184
2653	1170
2654	1191
2655	1129
2656	1153
2657	1116
2658	1180
2659	1153
2660	1126
2661	1151
2662	1117
2663	1129
2664	1143
2665	1131
2666	1136
2667	1129
2668	1158
2669	1157
2670	1195
2671	1192
2672	1180
2673	1145
2674	1102
2675	1174
2676	1102
2677	1240
2678	1214
2679	1145
2680	1163
2681	1151
2682	1130
2683	1127
2684	1195
2685	1117
2686	1129
2687	1174
2688	1165
2689	1211
2690	1146
2691	1134
2692	1098
2693	1188
2694	1131
2695	1119
2696	1139
2697	1120
2698	1148
2699	1134
2700	1149
2701	1125
2702	1052
2703	1153
2704	1103
2705	1160
2706	1088
2707	1150
2708	1087
2709	1135
2710	1094
2711	1109
2712	1149
2713	1105
2714	1088
2715	1146
2716	1106
2717	1071
2718	1116
2719	1110
2720	1125
2721	1131
2722	1114
2723	1100
2724	1071
2725	1123
2726	1111
2727	1120
2728	1157
2729	1132
2730	1107
2731	1063
2732	1102
2733	1152
2734	1083
2735	1118
2736	1089
2737	1121
2738	1104
2739	1126
2740	1097
2741	1075
2742	1073
2743	1085
2744	1121
2745	1007
2746	1084
2747	1091
2748	1119
2749	1066
2750	1036
2751	1142
2752	1124
2753	1106
2754	1096
2755	1067
2756	1115
2757	1097
2758	1030
2759	1058
2760	1110
2761	1139
2762	1128
2763	1085
2764	1022
2765	1057
2766	1110
2767	1108
2768	1093
2769	1143
2770	1087
2771	1098
2772	1099
2773	1068
2774	1075
2775	1119
2776	1035
2777	1074
2778	1076
2779	1104
2780	1124
2781	1058
2782	1103
2783	1054
2784	1024
2785	1025
2786	1040
2787	1034
2788	1081
2789	1037
2790	1035
2791	1032
2792	1084
2793	1028
2794	1081
2795	1017
2796	1027
2797	1089
2798	1056
2799	1041
2800	1045
2801	990
2802	1029
2803	1016
2804	1111
2805	1002
2806	985
2807	1002
2808	1073
2809	1054
2810	1048
2811	1031
2812	1019
2813	1014
2814	1073
2815	1111
2816	978
2817	1018
2818	1019
2819	1045
2820	970
2821	1032
2822	995
2823	1049
2824	1038
2825	1046
2826	1043
2827	1052
2828	1061
2829	1042
2830	1017
2831	1052
2832	1023
2833	1018
2834	1025
2835	946
2836	1040
2837	1002
2838	968
2839	1053
2840	1017
2841	1024
2842	1024
2843	982
2844	1058
2845	1036
2846	1019
2847	1032
2848	1021
2849	1029
2850	1037
2851	1006
2852	997
2853	958
2854	986
2855	946
2856	965
2857	1012
2858	1059
2859	1032
2860	1002
2861	982
2862	1014
2863	987
2864	994
2865	1068
2866	1059
2867	999
2868	1002
2869	965
2870	960
2871	1069
2872	985
2873	994
2874	1041
2875	994
2876	1016
2877	944
2878	1026
2879	955
2880	1039
2881	998
2882	960
2883	966
2884	998
2885	946
2886	1011
2887	996
2888	982
2889	973
2890	991
2891	1017
2892	949
2893	931
2894	948
2895	965
2896	980
2897	959
2898	969
2899	1011
2900	997
2901	1011
2902	960
2903	951
2904	979
2905	939
2906	957
2907	1001
2908	962
2909	942
2910	939
2911	958
2912	994
2913	984
2914	995
2915	986
2916	958
2917	1021
2918	941
2919	953
2920	974
2921	924
2922	949
2923	945
2924	945
2925	964
2926	939
2927	952
2928	992
2929	973
2930	913
2931	978
2932	947
2933	945
2934	923
2935	900
2936	957
2937	958
2938	930
2939	959
2940	951
2941	949
2942	926
2943	921
2944	966
2945	983
2946	954
2947	953
2948	883
2949	953
2950	920
2951	923
2952	909
2953	955
2954	979
2955	908
2956	967
2957	944
2958	912
2959	949
2960	872
2961	932
2962	905
2963	896
2964	883
2965	922
2966	904
2967	929
2968	925
2969	881
2970	959
2971	939
2972	950
2973	931
2974	874
2975	895
2976	901
2977	961
2978	868
2979	910
2980	952
2981	870
2982	858
2983	854
2984	909
2985	835
2986	917
2987	866
2988	896
2989	931
2990	919
2991	933
2992	888
2993	861
2994	879
2995	887
2996	859
2997	919
2998	898
2999	892
3000	842
3001	856
3002	876
3003	892
3004	875
3005	911
3006	876
3007	881
3008	886
3009	880
3010	873
3011	950
3012	865
3013	876
3014	941
3015	917
3016	921
3017	880
3018	869
3019	835
3020	844
3021	865
3022	902
3023	866
3024	877
3025	861
3026	867
3027	911
3028	866
3029	863
3030	817
3031	837
3032	872
3033	854
3034	825
3035	907
3036	890
3037	887
3038	885
3039	883
3040	851
3041	903
3042	864
3043	840
3044	828
3045	913
3046	907
3047	890
3048	815
3049	844
3050	888
3051	858
3052	809
3053	933
3054	839
3055	836
3056	828
3057	887
3058	844
3059	829
3060	838
3061	898
3062	844
3063	825
3064	862
3065	798
3066	797
3067	852
3068	861
3069	888
3070	819
3071	806
3072	877
3073	874
3074	827
3075	844
3076	822
3077	815
3078	821
3079	821
3080	791
3081	841
3082	807
3083	816
3084	831
3085	840
3086	797
3087	850
3088	904
3089	778
3090	828
3091	827
3092	843
3093	811
3094	852
3095	866
3096	819
3097	872
3098	817
3099	845
3100	834
3101	838
3102	847
3103	771
3104	792
3105	823
3106	813
3107	846
3108	769
3109	764
3110	813
3111	849
3112	753
3113	802
3114	822
3115	785
3116	808
3117	834
3118	811
3119	777
3120	869
3121	846
3122	803
3123	816
3124	790
3125	786
3126	857
3127	796
3128	795
3129	797
3130	788
3131	790
3132	828
3133	783
3134	784
3135	817
3136	813
3137	799
3138	796
3139	824
3140	794
3141	802
3142	851
3143	845
3144	799
3145	818
3146	771
3147	768
3148	781
3149	797
3150	749
3151	738
3152	825
3153	778
3154	794
3155	801
3156	757
3157	813
3158	801
3159	774
3160	767
3161	740
3162	766
3163	747
3164	743
3165	720
3166	806
3167	788
3168	722
3169	760
3170	741
3171	767
3172	785
3173	757
3174	759
3175	734
3176	792
3177	810
3178	763
3179	756
3180	734
3181	758
3182	739
3183	783
3184	731
3185	770
3186	738
3187	739
3188	782
3189	734
3190	786
3191	789
3192	753
3193	716
3194	775
3195	696
3196	746
3197	775
3198	780
3199	776
3200	740
3201	737
3202	747
3203	720
3204	734
3205	728
3206	797
3207	703
3208	751
3209	721
3210	757
3211	731
3212	773
3213	717
3214	734
3215	730
3216	752
3217	719
3218	743
3219	779
3220	748
3221	773
3222	755
3223	735
3224	742
3225	718
3226	750
3227	719
3228	751
3229	697
3230	734
3231	724
3232	733
3233	699
3234	773
3235	718
3236	737
3237	729
3238	721
3239	715
3240	703
3241	762
3242	721
3243	741
3244	769
3245	773
3246	727
3247	721
3248	735
3249	739
3250	751
3251	702
3252	707
3253	735
3254	694
3255	747
3256	696
3257	695
3258	698
3259	677
3260	737
3261	695
3262	713
3263	731
3264	693
3265	645
3266	707
3267	702
3268	694
3269	694
3270	669
3271	732
3272	709
3273	697
3274	693
3275	691
3276	671
3277	716
3278	725
3279	701
3280	677
3281	702
3282	686
3283	624
3284	690
3285	719
3286	696
3287	737
3288	694
3289	725
3290	713
3291	698
3292	664
3293	728
3294	685
3295	704
3296	700
3297	672
3298	708
3299	686
3300	691
3301	693
3302	690
3303	699
3304	674
3305	711
3306	682
3307	669
3308	698
3309	678
3310	715
3311	646
3312	662
3313	678
3314	645
3315	715
3316	638
3317	681
3318	672
3319	633
3320	642
3321	662
3322	656
3323	661
3324	669
3325	641
3326	690
3327	706
3328	696
3329	658
3330	684
3331	671
3332	668
3333	683
3334	625
3335	695
3336	705
3337	643
3338	659
3339	645
3340	659
3341	641
3342	683
3343	682
3344	671
3345	632
3346	658
3347	671
3348	632
3349	652
3350	638
3351	657
3352	605
3353	617
3354	646
3355	659
3356	603
3357	658
3358	668
3359	632
3360	675
3361	609
3362	610
3363	685
3364	672
3365	638
3366	665
3367	669
3368	643
3369	609
3370	637
3371	641
3372	646
3373	670
3374	598
3375	625
3376	633
3377	633
3378	655
3379	675
3380	720
3381	679
3382	607
3383	639
3384	626
3385	659
3386	610
3387	596
3388	630
3389	625
3390	635
3391	600
3392	651
3393	598
3394	644
3395	675
3396	590
3397	583
3398	589
3399	621
3400	646
3401	602
3402	586
3403	625
3404	609
3405	609
3406	622
3407	610
3408	636
3409	641
3410	627
3411	622
3412	578
3413	616
3414	627
3415	624
3416	603
3417	619
3418	592
3419	597
3420	581
3421	652
3422	592
3423	603
3424	577
3425	593
3426	635
3427	631
3428	595
3429	598
3430	597
3431	622
3432	589
3433	623
3434	587
3435	634
3436	612
3437	609
3438	609
3439	561
3440	622
3441	615
3442	609
3443	590
3444	615
3445	575
3446	588
3447	573
3448	610
3449	573
3450	622
3451	624
3452	571
3453	600
3454	551
3455	562
3456	589
3457	613
3458	548
3459	634
3460	566
3461	644
3462	578
3463	553
3464	638
3465	601
3466	575
3467	547
3468	555
3469	610
3470	589
3471	541
3472	526
3473	606
3474	527
3475	538
3476	558
3477	577
3478	540
3479	610
3480	529
3481	562
3482	560
3483	543
3484	548
3485	556
3486	528
3487	598
3488	534
3489	603
3490	580
3491	558
3492	609
3493	544
3494	569
3495	561
3496	573
3497	559
3498	558
3499	561
3500	513
3501	557
3502	559
3503	603
3504	551
3505	530
3506	530
3507	602
3508	596
3509	567
3510	562
3511	559
3512	558
3513	560
3514	529
3515	561
3516	558
3517	531
3518	557
3519	534
3520	585
3521	530
3522	499
3523	515
3524	540
3525	559
3526	544
3527	538
3528	524
3529	546
3530	519
3531	560
3532	528
3533	499
3534	538
3535	538
3536	501
3537	561
3538	545
3539	550
3540	560
3541	560
3542	524
3543	548
3544	541
3545	515
3546	543
3547	486
3548	498
3549	499
3550	519
3551	539
3552	519
3553	503
3554	492
3555	479
3556	528
3557	561
3558	511
3559	527
3560	521
3561	497
3562	487
3563	507
3564	498
3565	545
3566	526
3567	513
3568	510
3569	539
3570	526
3571	519
3572	519
3573	506
3574	511
3575	519
3576	504
3577	510
3578	502
3579	455
3580	498
3581	534
3582	483
3583	505
3584	500
3585	459
3586	505
3587	525
3588	490
3589	506
3590	538
3591	477
3592	516
3593	489
3594	453
3595	477
3596	507
3597	500
3598	480
3599	509
3600	456
3601	489
3602	461
3603	476
3604	507
3605	475
3606	498
3607	437
3608	515
3609	531
3610	545
3611	499
3612	504
3613	490
3614	467
3615	446
3616	510
3617	504
3618	488
3619	444
3620	519
3621	517
3622	472
3623	495
3624	490
3625	447
3626	456
3627	464
3628	463
3629	505
3630	473
3631	471
3632	484
3633	475
3634	476
3635	449
3636	432
3637	481
3638	469
3639	477
3640	464
3641	479
3642	474
3643	465
3644	478
3645	469
3646	440
3647	427
3648	456
3649	471
3650	460
3651	450
3652	467
3653	439
3654	465
3655	468
3656	508
3657	471
3658	459
3659	452
3660	469
3661	473
3662	473
3663	472
3664	444
3665	410
3666	484
3667	474
3668	450
3669	476
3670	467
3671	414
3672	425
3673	447
3674	475
3675	445
3676	424
3677	419
3678	437
3679	384
3680	469
3681	443
3682	461
3683	485
3684	446
3685	471
3686	443
3687	488
3688	437
3689	438
3690	462
3691	435
3692	465
3693	470
3694	447
3695	477
3696	439
3697	436
3698	402
3699	422
3700	416
3701	424
3702	444
3703	445
3704	444
3705	459
3706	431
3707	447
3708	425
3709	492
3710	456
3711	372
3712	428
3713	421
3714	409
3715	435
3716	419
3717	445
3718	436
3719	409
3720	433
3721	433
3722	488
3723	456
3724	439
3725	437
3726	442
3727	420
3728	413
3729	400
3730	379
3731	396
3732	411
3733	422
3734	428
3735	435
3736	451
3737	416
3738	413
3739	448
3740	400
3741	419
3742	404
3743	399
3744	405
3745	405
3746	416
3747	443
3748	393
3749	412
3750	402
3751	408
3752	422
3753	390
3754	413
3755	411
3756	422
3757	452
3758	405
3759	418
3760	416
3761	398
3762	384
3763	407
3764	401
3765	413
3766	403
3767	370
3768	387
3769	426
3770	384
3771	400
3772	431
3773	405
3774	407
3775	419
3776	415
3777	371
3778	391
3779	404
3780	367
3781	423
3782	401
3783	415
3784	384
3785	433
3786	429
3787	365
3788	383
3789	404
3790	391
3791	383
3792	415
3793	379
3794	406
3795	381
3796	411
3797	401
3798	425
3799	417
3800	415
3801	370
3802	381
3803	393
3804	379
3805	409
3806	393
3807	403
3808	361
3809	389
3810	381
3811	351
3812	378
3813	389
3814	351
3815	391
3816	398
3817	387
3818	351
3819	381
3820	351
3821	362
3822	389
3823	406
3824	387
3825	393
3826	379
3827	359
3828	395
3829	403
3830	378
3831	357
3832	356
3833	335
3834	383
3835	340
3836	397
3837	383
3838	360
3839	347
3840	394
3841	303
3842	367
3843	376
3844	338
3845	386
3846	337
3847	367
3848	390
3849	368
3850	390
3851	379
3852	368
3853	368
3854	370
3855	347
3856	343
3857	313
3858	365
3859	358
3860	356
3861	370
3862	365
3863	369
3864	344
3865	356
3866	366
3867	342
3868	381
3869	379
3870	357
3871	345
3872	375
3873	374
3874	358
3875	337
3876	364
3877	380
3878	378
3879	331
3880	313
3881	344
3882	354
3883	365
3884	343
3885	344
3886	373
3887	331
3888	348
3889	354
3890	355
3891	350
3892	369
3893	348
3894	335
3895	362
3896	368
3897	314
3898	340
3899	307
3900	330
3901	350
3902	387
3903	333
3904	315
3905	359
3906	322
3907	320
3908	335
3909	326
3910	316
3911	342
3912	370
3913	317
3914	318
3915	362
3916	357
3917	346
3918	340
3919	350
3920	325
3921	347
3922	307
3923	321
3924	323
3925	347
3926	339
3927	308
3928	308
3929	341
3930	294
3931	329
3932	312
3933	341
3934	328
3935	319
3936	295
3937	315
3938	299
3939	289
3940	333
3941	335
3942	311
3943	318
3944	290
3945	326
3946	322
3947	311
3948	304
3949	309
3950	308
3951	333
3952	320
3953	315
3954	290
3955	300
3956	278
3957	325
3958	310
3959	324
3960	302
3961	304
3962	304
3963	336
3964	312
3965	315
3966	296
3967	295
3968	337
3969	317
3970	292
3971	308
3972	329
3973	297
3974	317
3975	318
3976	317
3977	284
3978	275
3979	283
3980	288
3981	285
3982	297
3983	316
3984	269
3985	317
3986	297
3987	274
3988	263
3989	282
3990	310
3991	287
3992	327
3993	277
3994	287
3995	335
3996	266
3997	324
3998	285
3999	292
4000	272
4001	292
4002	269
4003	286
4004	272
4005	286
4006	290
4007	306
4008	291
4009	304
4010	254
4011	284
4012	302
4013	296
4014	289
4015	260
4016	223
4017	253
4018	274
4019	263
4020	272
4021	254
4022	254
4023	265
4024	297
4025	271
4026	272
4027	264
4028	262
4029	270
4030	258
4031	289
4032	261
4033	264
4034	251
4035	254
4036	271
4037	290
4038	254
4039	266
4040	262
4041	290
4042	244
4043	270
4044	246
4045	273
4046	272
4047	281
4048	276
4049	244
4050	270
4051	243
4052	299
4053	244
4054	278
4055	253
4056	248
4057	265
4058	266
4059	260
4060	245
4061	261
4062	237
4063	254
4064	257
4065	254
4066	247
4067	252
4068	228
4069	259
4070	237
4071	255
4072	230
4073	245
4074	266
4075	264
4076	245
4077	246
4078	238
4079	246
4080	255
4081	245
4082	267
4083	243
4084	244
4085	263
4086	239
4087	232
4088	235
4089	276
4090	234
4091	219
4092	248
4093	236
4094	252
4095	220
4096	228
4097	260
4098	231
4099	221
4100	196
4101	206
4102	247
4103	247
4104	254
4105	240
4106	240
4107	251
4108	241
4109	254
4110	247
4111	238
4112	225
4113	260
4114	231
4115	197
4116	243
4117	232
4118	249
4119	228
4120	240
4121	273
4122	233
4123	217
4124	238
4125	255
4126	213
4127	230
4128	208
4129	217
4130	235
4131	245
4132	200
4133	236
4134	235
4135	217
4136	214
4137	203
4138	222
4139	247
4140	182
4141	219
4142	216
4143	208
4144	226
4145	211
4146	200
4147	207
4148	192
4149	204
4150	197
4151	191
4152	203
4153	211
4154	224
4155	196
4156	224
4157	222
4158	201
4159	201
4160	223
4161	191
4162	182
4163	224
4164	219
4165	213
4166	207
4167	207
4168	206
4169	224
4170	185
4171	200
4172	216
4173	195
4174	183
4175	213
4176	200
4177	229
4178	207
4179	191
4180	223
4181	218
4182	236
4183	194
4184	185
4185	213
4186	203
4187	226
4188	184
4189	194
4190	186
4191	175
4192	187
4193	185
4194	180
4195	186
4196	191
4197	173
4198	185
4199	189
4200	200
4201	189
4202	189
4203	187
4204	190
4205	192
4206	177
4207	188
4208	185
4209	210
4210	183
4211	179
4212	197
4213	194
4214	195
4215	188
4216	167
4217	194
4218	175
4219	179
4220	190
4221	180
4222	180
4223	180
4224	198
4225	200
4226	171
4227	183
4228	180
4229	192
4230	170
4231	190
4232	185
4233	180
4234	170
4235	175
4236	162
4237	176
4238	177
4239	185
4240	183
4241	186
4242	169
4243	170
4244	173
4245	163
4246	168
4247	176
4248	179
4249	196
4250	156
4251	173
4252	178
4253	157
4254	196
4255	169
4256	174
4257	182
4258	174
4259	151
4260	196
4261	158
4262	183
4263	175
4264	157
4265	160
4266	177
4267	177
4268	138
4269	152
4270	173
4271	172
4272	161
4273	172
4274	152
4275	158
4276	162
4277	146
4278	159
4279	171
4280	146
4281	156
4282	150
4283	157
4284	187
4285	167
4286	158
4287	156
4288	155
4289	167
4290	149
4291	158
4292	163
4293	148
4294	168
4295	158
4296	141
4297	152
4298	143
4299	138
4300	171
4301	159
4302	158
4303	139
4304	150
4305	150
4306	175
4307	163
4308	169
4309	161
4310	143
4311	143
4312	166
4313	137
4314	130
4315	147
4316	152
4317	134
4318	145
4319	134
4320	147
4321	145
4322	136
4323	132
4324	138
4325	150
4326	146
4327	154
4328	135
4329	117
4330	132
4331	140
4332	140
4333	157
4334	132
4335	148
4336	136
4337	125
4338	148
4339	133
4340	133
4341	130
4342	151
4343	134
4344	153
4345	155
4346	128
4347	131
4348	142
4349	145
4350	119
4351	124
4352	127
4353	124
4354	141
4355	139
4356	134
4357	135
4358	127
4359	110
4360	135
4361	135
4362	125
4363	120
4364	124
4365	120
4366	135
4367	134
4368	135
4369	137
4370	134
4371	111
4372	132
4373	106
4374	121
4375	125
4376	125
4377	127
4378	132
4379	115
4380	124
4381	137
4382	129
4383	130
4384	131
4385	120
4386	128
4387	123
4388	128
4389	115
4390	119
4391	131
4392	121
4393	109
4394	112
4395	96
4396	122
4397	100
4398	120
4399	121
4400	117
4401	136
4402	127
4403	121
4404	116
4405	122
4406	109
4407	123
4408	106
4409	103
4410	112
4411	92
4412	131
4413	100
4414	111
4415	122
4416	121
4417	112
4418	105
4419	110
4420	103
4421	93
4422	117
4423	107
4424	107
4425	98
4426	114
4427	106
4428	94
4429	95
4430	127
4431	136
4432	107
4433	94
4434	86
4435	102
4436	99
4437	91
4438	104
4439	112
4440	109
4441	106
4442	124
4443	100
4444	111
4445	95
4446	95
4447	110
4448	86
4449	107
4450	118
4451	107
4452	106
4453	101
4454	103
4455	101
4456	88
4457	75
4458	103
4459	87
4460	105
4461	96
4462	96
4463	115
4464	95
4465	79
4466	95
4467	99
4468	81
4469	93
4470	98
4471	103
4472	91
4473	81
4474	105
4475	90
4476	110
4477	96
4478	109
4479	73
4480	91
4481	79
4482	106
4483	106
4484	111
4485	104
4486	79
4487	102
4488	105
4489	74
4490	89
4491	108
4492	92
4493	94
4494	90
4495	83
4496	80
4497	86
4498	90
4499	89
4500	101
4501	97
4502	93
4503	88
4504	80
4505	92
4506	91
4507	80
4508	93
4509	76
4510	93
4511	96
4512	80
4513	91
4514	99
4515	98
4516	97
4517	84
4518	74
4519	88
4520	78
4521	69
4522	76
4523	83
4524	76
4525	96
4526	89
4527	106
4528	99
4529	87
4530	74
4531	79
4532	89
4533	72
4534	93
4535	84
4536	91
4537	99
4538	81
4539	85
4540	65
4541	90
4542	75
4543	79
4544	92
4545	82
4546	73
4547	97
4548	88
4549	84
4550	73
4551	71
4552	84
4553	95
4554	82
4555	89
4556	89
4557	78
4558	73
4559	77
4560	80
4561	82
4562	75
4563	91
4564	90
4565	85
4566	68
4567	85
4568	69
4569	84
4570	85
4571	78
4572	76
4573	68
4574	88
4575	74
4576	75
4577	77
4578	85
4579	94
4580	93
4581	68
4582	79
4583	75
4584	78
4585	88
4586	75
4587	68
4588	85
4589	96
4590	96
4591	78
4592	85
4593	71
4594	92
4595	83
4596	86
4597	65
4598	77
4599	82
4600	74
4601	76
4602	69
4603	89
4604	78
4605	99
4606	82
4607	88
4608	73
4609	63
4610	99
4611	74
4612	76
4613	88
4614	92
4615	72
4616	86
4617	78
4618	101
4619	88
4620	82
4621	89
4622	76
4623	81
4624	66
4625	73
4626	90
4627	80
4628	66
4629	80
4630	71
4631	76
4632	97
4633	87
4634	76
4635	87
4636	87
4637	98
4638	99
4639	85
4640	86
4641	90
4642	96
4643	104
4644	88
4645	91
4646	82
4647	91
4648	89
4649	74
4650	82
4651	102
4652	84
4653	81
4654	81
4655	85
4656	84
4657	92
4658	90
4659	67
4660	106
4661	80
4662	102
4663	91
4664	83
4665	92
4666	96
4667	98
4668	81
4669	91
4670	94
4671	77
4672	76
4673	86
4674	87
4675	95
4676	94
4677	106
4678	94
4679	94
4680	98
4681	102
4682	94
4683	105
4684	86
4685	96
4686	92
4687	96
4688	100
4689	94
4690	102
4691	99
4692	96
4693	102
4694	96
4695	103
4696	96
4697	127
4698	115
4699	108
4700	107
4701	103
4702	101
4703	94
4704	101
4705	86
4706	97
4707	118
4708	118
4709	120
4710	117
4711	120
4712	119
4713	114
4714	114
4715	109
4716	106
4717	95
4718	109
4719	90
4720	112
4721	107
4722	118
4723	115
4724	123
4725	133
4726	103
4727	116
4728	120
4729	124
4730	122
4731	134
4732	119
4733	124
4734	110
4735	138
4736	111
4737	121
4738	129
4739	136
4740	137
4741	113
4742	121
4743	136
4744	146
4745	107
4746	116
4747	130
4748	149
4749	122
4750	158
4751	142
4752	140
4753	153
4754	147
4755	136
4756	124
4757	161
4758	152
4759	132
4760	153
4761	124
4762	149
4763	135
4764	165
4765	164
4766	134
4767	151
4768	148
4769	162
4770	120
4771	143
4772	152
4773	159
4774	169
4775	144
4776	171
4777	163
4778	162
4779	161
4780	149
4781	142
4782	142
4783	161
4784	171
4785	150
4786	166
4787	176
4788	153
4789	197
4790	186
4791	184
4792	192
4793	183
4794	169
4795	173
4796	196
4797	177
4798	161
4799	186
4800	175
4801	203
4802	189
4803	175
4804	206
4805	176
4806	205
4807	186
4808	206
4809	216
4810	200
4811	197
4812	223
4813	209
4814	173
4815	198
4816	187
4817	201
4818	208
4819	204
4820	199
4821	211
4822	171
4823	193
4824	231
4825	204
4826	242
4827	243
4828	201
4829	228
4830	240
4831	228
4832	209
4833	259
4834	239
4835	231
4836	198
4837	287
4838	252
4839	266
4840	221
4841	259
4842	226
4843	241
4844	246
4845	238
4846	254
4847	248
4848	268
4849	265
4850	273
4851	290
4852	268
4853	252
4854	286
4855	252
4856	276
4857	239
4858	275
4859	250
4860	287
4861	283
4862	268
4863	261
4864	289
4865	271
4866	273
4867	291
4868	275
4869	286
4870	286
4871	263
4872	319
4873	308
4874	316
4875	312
4876	281
4877	326
4878	305
4879	326
4880	305
4881	304
4882	349
4883	299
4884	321
4885	339
4886	302
4887	288
4888	319
4889	329
4890	312
4891	314
4892	342
4893	328
4894	314
4895	355
4896	320
4897	353
4898	361
4899	329
4900	333
4901	305
4902	345
4903	336
4904	325
4905	344
4906	350
4907	351
4908	346
4909	360
4910	391
4911	313
4912	357
4913	333
4914	338
4915	335
4916	389
4917	353
4918	378
4919	336
4920	368
4921	359
4922	352
4923	366
4924	362
4925	337
4926	390
4927	401
4928	396
4929	384
4930	395
4931	406
4932	421
4933	374
4934	395
4935	383
4936	371
4937	370
4938	375
4939	410
4940	409
4941	427
4942	371
4943	404
4944	401
4945	402
4946	413
4947	431
4948	397
4949	427
4950	406
4951	457
4952	399
4953	425
4954	468
4955	430
4956	430
4957	433
4958	448
4959	458
4960	406
4961	438
4962	462
4963	484
4964	460
4965	458
4966	491
4967	415
4968	482
4969	480
4970	445
4971	497
4972	478
4973	517
4974	493
4975	505
4976	452
4977	510
4978	512
4979	517
4980	483
4981	497
4982	511
4983	513
4984	452
4985	498
4986	497
4987	480
4988	503
4989	496
4990	501
4991	517
4992	514
4993	524
4994	479
4995	493
4996	527
4997	483
4998	531
4999	498
5000	502
5001	521
5002	495
5003	524
5004	534
5005	539
5006	519
5007	525
5008	550
5009	509
5010	542
5011	530
5012	550
5013	521
5014	523
5015	505
5016	482
5017	537
5018	549
5019	551
5020	543
5021	524
5022	564
5023	566
5024	531
5025	564
5026	531
5027	537
5028	582
5029	565
5030	541
5031	553
5032	537
5033	563
5034	570
5035	580
5036	479
5037	532
5038	545
5039	566
5040	524
5041	537
5042	535
5043	545
5044	567
5045	607
5046	546
5047	579
5048	556
5049	596
5050	589
5051	600
5052	574
5053	548
5054	604
5055	575
5056	592
5057	583
5058	599
5059	572
5060	595
5061	626
5062	533
5063	594
5064	613
5065	571
5066	582
5067	553
5068	602
5069	580
5070	578
5071	610
5072	545
5073	595
5074	565
5075	607
5076	584
5077	566
5078	600
5079	579
5080	574
5081	587
5082	635
5083	606
5084	610
5085	590
5086	590
5087	633
5088	599
5089	581
5090	603
5091	612
5092	634
5093	595
5094	650
5095	579
5096	613
5097	596
5098	611
5099	595
5100	586
5101	604
5102	579
5103	602
5104	623
5105	615
5106	598
5107	598
5108	604
5109	629
5110	561
5111	585
5112	567
5113	633
5114	589
5115	624
5116	569
5117	573
5118	611
5119	596
5120	601
5121	579
5122	653
5123	624
5124	540
5125	621
5126	576
5127	586
5128	636
5129	633
5130	624
5131	629
5132	585
5133	590
5134	590
5135	592
5136	622
5137	590
5138	619
5139	625
5140	593
5141	596
5142	636
5143	604
5144	615
5145	594
5146	580
5147	601
5148	605
5149	574
5150	617
5151	580
5152	577
5153	565
5154	611
5155	567
5156	597
5157	561
5158	587
5159	595
5160	618
5161	558
5162	561
5163	611
5164	549
5165	587
5166	603
5167	580
5168	554
5169	557
5170	534
5171	578
5172	580
5173	595
5174	559
5175	562
5176	599
5177	574
5178	591
5179	552
5180	558
5181	564
5182	568
5183	540
5184	564
5185	538
5186	547
5187	525
5188	589
5189	563
5190	532
5191	534
5192	515
5193	577
5194	503
5195	518
5196	534
5197	554
5198	575
5199	575
5200	556
5201	560
5202	563
5203	559
5204	544
5205	556
5206	484
5207	559
5208	528
5209	553
5210	520
5211	521
5212	515
5213	511
5214	534
5215	484
5216	527
5217	528
5218	494
5219	480
5220	528
5221	488
5222	546
5223	495
5224	497
5225	498
5226	458
5227	517
5228	479
5229	488
5230	495
5231	470
5232	510
5233	499
5234	522
5235	509
5236	495
5237	525
5238	485
5239	506
5240	484
5241	528
5242	522
5243	463
5244	485
5245	480
5246	506
5247	511
5248	469
5249	479
5250	473
5251	460
5252	458
5253	486
5254	473
5255	424
5256	457
5257	501
5258	431
5259	448
5260	452
5261	442
5262	439
5263	415
5264	442
5265	426
5266	464
5267	434
5268	464
5269	435
5270	421
5271	417
5272	444
5273	413
5274	398
5275	433
5276	396
5277	422
5278	397
5279	416
5280	390
5281	452
5282	420
5283	420
5284	386
5285	413
5286	401
5287	380
5288	393
5289	382
5290	393
5291	387
5292	399
5293	425
5294	362
5295	373
5296	342
5297	374
5298	364
5299	392
5300	375
5301	342
5302	386
5303	376
5304	363
5305	350
5306	363
5307	399
5308	396
5309	356
5310	324
5311	382
5312	361
5313	346
5314	379
5315	321
5316	328
5317	312
5318	342
5319	345
5320	339
5321	316
5322	335
5323	314
5324	322
5325	309
5326	346
5327	359
5328	285
5329	268
5330	322
5331	341
5332	294
5333	296
5334	350
5335	332
5336	282
5337	333
5338	281
5339	310
5340	301
5341	289
5342	261
5343	284
5344	311
5345	267
5346	278
5347	272
5348	252
5349	288
5350	299
5351	295
5352	291
5353	270
5354	273
5355	272
5356	279
5357	307
5358	244
5359	257
5360	273
5361	296
5362	293
5363	280
5364	254
5365	252
5366	233
5367	248
5368	273
5369	266
5370	244
5371	257
5372	253
5373	256
5374	225
5375	239
5376	233
5377	235
5378	219
5379	234
5380	233
5381	220
5382	243
5383	248
5384	207
5385	237
5386	233
5387	214
5388	244
5389	244
5390	217
5391	224
5392	182
5393	197
5394	210
5395	204
5396	216
5397	201
5398	215
5399	217
5400	203
5401	201
5402	181
5403	190
5404	202
5405	206
5406	217
5407	179
5408	195
5409	203
5410	165
5411	174
5412	186
5413	164
5414	201
5415	177
5416	204
5417	179
5418	172
5419	170
5420	176
5421	188
5422	183
5423	154
5424	202
5425	154
5426	185
5427	156
5428	162
5429	172
5430	161
5431	187
5432	152
5433	149
5434	155
5435	169
5436	155
5437	153
5438	148
5439	159
5440	161
5441	148
5442	149
5443	155
5444	137
5445	141
5446	138
5447	149
5448	139
5449	146
5450	163
5451	138
5452	149
5453	135
5454	141
5455	140
5456	129
5457	143
5458	153
5459	127
5460	130
5461	132
5462	133
5463	135
5464	129
5465	142
5466	140
5467	117
5468	140
5469	119
5470	136
5471	111
5472	108
5473	113
5474	127
5475	118
5476	119
5477	89
5478	97
5479	116
5480	107
5481	122
5482	114
5483	106
5484	128
5485	110
5486	127
5487	104
5488	106
5489	113
5490	117
5491	119
5492	111
5493	108
5494	121
5495	110
5496	109
5497	110
5498	106
5499	110
5500	111
5501	87
5502	91
5503	106
5504	105
5505	116
5506	106
5507	90
5508	106
5509	82
5510	104
5511	97
5512	88
5513	81
5514	89
5515	92
5516	97
5517	110
5518	86
5519	85
5520	81
5521	69
5522	82
5523	94
5524	89
5525	83
5526	76
5527	83
5528	88
5529	79
5530	84
5531	85
5532	93
5533	89
5534	88
5535	75
5536	82
5537	73
5538	93
5539	68
5540	75
5541	62
5542	75
5543	85
5544	81
5545	87
5546	69
5547	77
5548	73
5549	70
5550	76
5551	67
5552	66
5553	83
5554	79
5555	64
5556	95
5557	77
5558	61
5559	85
5560	74
5561	90
5562	58
5563	73
5564	73
5565	74
5566	74
5567	68
5568	70
5569	47
5570	69
5571	74
5572	71
5573	54
5574	75
5575	71
5576	69
5577	64
5578	70
5579	61
5580	57
5581	62
5582	79
5583	62
5584	53
5585	57
5586	66
5587	64
5588	56
5589	62
5590	68
5591	63
5592	71
5593	60
5594	54
5595	53
5596	68
5597	45
5598	63
5599	58
5600	52
5601	82
5602	69
5603	59
5604	70
5605	61
5606	67
5607	56
5608	52
5609	66
5610	63
5611	52
5612	74
5613	56
5614	57
5615	55
5616	58
5617	69
5618	59
5619	58
5620	50
5621	43
5622	53
5623	58
5624	60
5625	52
5626	49
5627	59
5628	58
5629	60
5630	55
5631	50
5632	55
5633	60
5634	53
5635	61
5636	59
5637	50
5638	49
5639	51
5640	50
5641	52
5642	49
5643	49
5644	48
5645	49
5646	50
5647	53
5648	38
5649	39
5650	54
5651	42
5652	33
5653	56
5654	54
5655	55
5656	62
5657	53
5658	62
5659	52
5660	49
5661	46
5662	46
5663	54
5664	51
5665	39
5666	57
5667	43
5668	57
5669	49
5670	57
5671	55
5672	40
5673	48
5674	52
5675	47
5676	39
5677	46
5678	40
5679	47
5680	48
5681	43
5682	53
5683	50
5684	40
5685	44
5686	42
5687	45
5688	47
5689	45
5690	47
5691	43
5692	40
5693	50
5694	45
5695	48
5696	44
5697	51
5698	48
5699	48
5700	46
5701	40
5702	57
5703	33
5704	53
5705	50
5706	48
5707	54
5708	42
5709	49
5710	44
5711	47
5712	45
5713	48
5714	35
5715	50
5716	35
5717	44
5718	54
5719	52
5720	40
5721	43
5722	53
5723	34
5724	47
5725	55
5726	38
5727	36
5728	39
5729	37
5730	38
5731	44
5732	44
5733	36
5734	35
5735	52
5736	42
5737	53
5738	40
5739	51
5740	56
5741	38
5742	45
5743	48
5744	32
5745	37
5746	47
5747	52
5748	40
5749	34
5750	37
5751	35
5752	40
5753	44
5754	44
5755	37
5756	32
5757	47
5758	40
5759	41
5760	38
5761	41
5762	53
5763	44
5764	32
5765	47
5766	38
5767	48
5768	52
5769	47
5770	52
5771	45
5772	51
5773	38
5774	51
5775	45
5776	61
5777	47
5778	44
5779	35
5780	36
5781	56
5782	44
5783	40
5784	55
5785	42
5786	55
5787	39
5788	37
5789	31
5790	45
5791	37
5792	42
5793	49
5794	34
5795	42
5796	48
5797	41
5798	44
5799	42
5800	55
5801	38
5802	34
5803	42
5804	48
5805	55
5806	49
5807	53
5808	39
5809	43
5810	54
5811	48
5812	43
5813	44
5814	52
5815	36
5816	48
5817	41
5818	45
5819	52
5820	44
5821	39
5822	55
5823	40
5824	42
5825	35
5826	40
5827	49
5828	41
5829	53
5830	42
5831	38
5832	42
5833	46
5834	33
5835	51
5836	43
5837	50
5838	45
5839	33
5840	43
5841	45
5842	41
5843	42
5844	33
5845	44
5846	50
5847	47
5848	44
5849	43
5850	42
5851	40
5852	31
5853	42
5854	37
5855	36
5856	36
5857	40
5858	38
5859	46
5860	42
5861	45
5862	58
5863	49
5864	48
5865	33
5866	45
5867	46
5868	43
5869	47
5870	39
5871	37
5872	44
5873	53
5874	37
5875	45
5876	44
5877	49
5878	38
5879	41
5880	46
5881	40
5882	34
5883	45
5884	45
5885	48
5886	61
5887	54
5888	49
5889	51
5890	52
5891	45
5892	39
5893	52
5894	29
5895	50
5896	38
5897	44
5898	40
5899	37
5900	48
5901	39
5902	43
5903	53
5904	40
5905	43
5906	42
5907	42
5908	31
5909	36
5910	44
5911	35
5912	46
5913	38
5914	35
5915	48
5916	37
5917	41
5918	43
5919	43
5920	48
5921	43
5922	38
5923	44
5924	43
5925	46
5926	37
5927	44
5928	37
5929	43
5930	38
5931	45
5932	46
5933	43
5934	49
5935	50
5936	42
5937	48
5938	43
5939	35
5940	52
5941	34
5942	50
5943	43
5944	42
5945	48
5946	45
5947	33
5948	40
5949	32
5950	37
5951	36
5952	44
5953	34
5954	57
5955	40
5956	42
5957	42
5958	41
5959	35
5960	42
5961	52
5962	39
5963	49
5964	47
5965	50
5966	55
5967	39
5968	52
5969	36
5970	42
5971	40
5972	52
5973	35
5974	35
5975	40
5976	43
5977	50
5978	55
5979	36
5980	47
5981	40
5982	37
5983	42
5984	35
5985	23
5986	43
5987	55
5988	32
5989	36
5990	45
5991	40
5992	45
5993	44
5994	34
5995	42
5996	38
5997	37
5998	49
5999	50
6000	35
6001	50
6002	40
6003	37
6004	38
6005	41
6006	32
6007	35
6008	27
6009	37
6010	45
6011	32
6012	48
6013	44
6014	39
6015	33
6016	35
6017	37
6018	33
6019	37
6020	46
6021	32
6022	35
6023	39
6024	45
6025	40
6026	37
6027	42
6028	36
6029	35
6030	47
6031	36
6032	29
6033	30
6034	42
6035	50
6036	33
6037	41
6038	36
6039	44
6040	30
6041	44
6042	41
6043	27
6044	26
6045	30
6046	40
6047	41
6048	37
6049	51
6050	43
6051	40
6052	30
6053	39
6054	51
6055	26
6056	31
6057	37
6058	51
6059	54
6060	37
6061	46
6062	30
6063	31
6064	54
6065	38
6066	34
6067	29
6068	41
6069	36
6070	38
6071	32
6072	52
6073	40
6074	37
6075	27
6076	39
6077	40
6078	35
6079	42
6080	48
6081	37
6082	33
6083	36
6084	29
6085	35
6086	45
6087	36
6088	37
6089	42
6090	27
6091	32
6092	42
6093	41
6094	36
6095	33
6096	45
6097	43
6098	32
6099	33
6100	45
6101	39
6102	35
6103	28
6104	34
6105	39
6106	39
6107	45
6108	36
6109	36
6110	37
6111	52
6112	26
6113	44
6114	36
6115	42
6116	32
6117	42
6118	32
6119	38
6120	34
6121	40
6122	30
6123	30
6124	34
6125	30
6126	31
6127	30
6128	33
6129	35
6130	38
6131	48
6132	40
6133	37
6134	33
6135	31
6136	30
6137	32
6138	41
6139	32
6140	29
6141	35
6142	36
6143	29
6144	35
6145	42
6146	41
6147	34
6148	33
6149	33
6150	37
6151	42
6152	33
6153	40
6154	29
6155	42
6156	38
6157	40
6158	25
6159	35
6160	27
6161	33
6162	34
6163	33
6164	34
6165	29
6166	32
6167	37
6168	29
6169	45
6170	25
6171	30
6172	36
6173	43
6174	37
6175	23
6176	34
6177	36
6178	34
6179	37
6180	30
6181	45
6182	46
6183	38
6184	35
6185	27
6186	33
6187	45
6188	32
6189	32
6190	36
6191	40
6192	34
6193	35
6194	30
6195	33
6196	41
6197	32
6198	28
6199	36
6200	28
6201	30
6202	31
6203	26
6204	29
6205	46
6206	35
6207	35
6208	26
6209	30
6210	21
6211	34
6212	31
6213	30
6214	25
6215	38
6216	33
6217	36
6218	35
6219	39
6220	28
6221	27
6222	45
6223	30
6224	39
6225	26
6226	31
6227	35
6228	36
6229	35
6230	29
6231	39
6232	37
6233	39
6234	36
6235	49
6236	28
6237	30
6238	39
6239	25
6240	34
6241	36
6242	30
6243	36
6244	32
6245	33
6246	31
6247	37
6248	44
6249	26
6250	40
6251	36
6252	36
6253	37
6254	32
6255	22
6256	31
6257	33
6258	37
6259	27
6260	25
6261	36
6262	37
6263	31
6264	28
6265	33
6266	36
6267	32
6268	23
6269	23
6270	35
6271	18
6272	27
6273	37
6274	31
6275	33
6276	29
6277	28
6278	17
6279	32
6280	27
6281	37
6282	36
6283	30
6284	27
6285	29
6286	27
6287	29
6288	39
6289	40
6290	29
6291	24
6292	32
6293	37
6294	26
6295	32
6296	25
6297	30
6298	27
6299	29
6300	29
6301	36
6302	30
6303	34
6304	24
6305	28
6306	26
6307	34
6308	28
6309	34
6310	30
6311	30
6312	22
6313	30
6314	32
6315	30
6316	27
6317	28
6318	39
6319	34
6320	24
6321	25
6322	35
6323	36
6324	35
6325	42
6326	31
6327	30
6328	22
6329	33
6330	34
6331	20
6332	29
6333	19
6334	24
6335	34
6336	33
6337	30
6338	37
6339	35
6340	36
6341	30
6342	37
6343	32
6344	33
6345	42
6346	27
6347	24
6348	26
6349	35
6350	41
6351	25
6352	28
6353	22
6354	31
6355	24
6356	28
6357	25
6358	18
6359	32
6360	22
6361	30
6362	30
6363	26
6364	34
6365	36
6366	32
6367	34
6368	27
6369	38
6370	26
6371	21
6372	24
6373	33
6374	33
6375	28
6376	31
6377	31
6378	24
6379	34
6380	27
6381	30
6382	29
6383	31
6384	28
6385	25
6386	31
6387	27
6388	33
6389	29
6390	29
6391	30
6392	25
6393	29
6394	33
6395	32
6396	27
6397	26
6398	25
6399	24
6400	26
6401	28
6402	23
6403	25
6404	34
6405	36
6406	29
6407	19
6408	33
6409	29
6410	19
6411	20
6412	23
6413	22
6414	37
6415	31
6416	24
6417	36
6418	17
6419	32
6420	22
6421	21
6422	37
6423	25
6424	31
6425	27
6426	32
6427	25
6428	29
6429	28
6430	41
6431	19
6432	22
6433	27
6434	23
6435	27
6436	33
6437	20
6438	27
6439	31
6440	31
6441	21
6442	24
6443	25
6444	28
6445	29
6446	22
6447	27
6448	28
6449	28
6450	25
6451	22
6452	26
6453	30
6454	32
6455	25
6456	26
6457	25
6458	25
6459	26
6460	30
6461	21
6462	25
6463	19
6464	23
6465	34
6466	25
6467	27
6468	28
6469	33
6470	22
6471	25
6472	28
6473	23
6474	20
6475	27
6476	29
6477	21
6478	29
6479	17
6480	29
6481	27
6482	32
6483	24
6484	30
6485	22
6486	26
6487	42
6488	25
6489	27
6490	24
6491	20
6492	19
6493	16
6494	22
6495	30
6496	20
6497	22
6498	31
6499	25
6500	16
6501	18
6502	24
6503	28
6504	25
6505	17
6506	20
6507	23
6508	27
6509	27
6510	23
6511	27
6512	28
6513	28
6514	34
6515	23
6516	21
6517	26
6518	30
6519	17
6520	27
6521	28
6522	23
6523	26
6524	32
6525	16
6526	13
6527	26
6528	28
6529	14
6530	34
6531	24
6532	26
6533	30
6534	21
6535	31
6536	29
6537	26
6538	20
6539	23
6540	18
6541	17
6542	21
6543	21
6544	22
6545	23
6546	19
6547	16
6548	27
6549	23
6550	17
6551	16
6552	29
6553	29
6554	28
6555	25
6556	27
6557	20
6558	27
6559	23
6560	19
6561	25
6562	34
6563	23
6564	26
6565	18
6566	25
6567	25
6568	22
6569	23
6570	15
6571	31
6572	20
6573	26
6574	21
6575	18
6576	21
6577	21
6578	15
6579	13
6580	27
6581	23
6582	20
6583	26
6584	19
6585	20
6586	21
6587	20
6588	19
6589	22
6590	22
6591	20
6592	14
6593	22
6594	18
6595	23
6596	18
6597	22
6598	16
6599	28
6600	24
6601	15
6602	28
6603	24
6604	31
6605	26
6606	19
6607	24
6608	26
6609	25
6610	23
6611	23
6612	21
6613	35
6614	23
6615	24
6616	29
6617	23
6618	18
6619	29
6620	14
6621	23
6622	19
6623	19
6624	17
6625	10
6626	15
6627	29
6628	29
6629	28
6630	25
6631	29
6632	16
6633	25
6634	16
6635	24
6636	20
6637	29
6638	24
6639	19
6640	22
6641	22
6642	26
6643	21
6644	26
6645	26
6646	17
6647	17
6648	17
6649	20
6650	29
6651	21
6652	31
6653	17
6654	27
6655	28
6656	34
6657	21
6658	19
6659	24
6660	25
6661	17
6662	22
6663	25
6664	29
6665	20
6666	17
6667	20
6668	21
6669	21
6670	25
6671	24
6672	21
6673	20
6674	21
6675	22
6676	21
6677	17
6678	24
6679	24
6680	32
6681	31
6682	22
6683	24
6684	28
6685	25
6686	24
6687	26
6688	24
6689	26
6690	25
6691	24
6692	21
6693	23
6694	29
6695	22
6696	24
6697	26
6698	21
6699	23
6700	23
6701	26
6702	31
6703	26
6704	24
6705	31
6706	36
6707	27
6708	33
6709	21
6710	20
6711	25
6712	22
6713	17
6714	24
6715	26
6716	27
6717	26
6718	20
6719	21
6720	35
6721	22
6722	30
6723	18
6724	21
6725	26
6726	31
6727	23
6728	25
6729	15
6730	31
6731	23
6732	25
6733	31
6734	33
6735	33
6736	29
6737	25
6738	19
6739	30
6740	35
6741	31
6742	32
6743	21
6744	36
6745	33
6746	28
6747	33
6748	30
6749	25
6750	33
6751	28
6752	24
6753	23
6754	25
6755	24
6756	31
6757	39
6758	26
6759	24
6760	25
6761	37
6762	30
6763	37
6764	25
6765	30
6766	22
6767	31
6768	23
6769	24
6770	30
6771	29
6772	24
6773	17
6774	19
6775	25
6776	27
6777	41
6778	32
6779	33
6780	36
6781	39
6782	42
6783	22
6784	26
6785	29
6786	46
6787	24
6788	24
6789	30
6790	38
6791	23
6792	34
6793	45
6794	27
6795	40
6796	23
6797	37
6798	40
6799	34
6800	39
6801	35
6802	26
6803	45
6804	36
6805	37
6806	33
6807	32
6808	28
6809	38
6810	36
6811	33
6812	24
6813	40
6814	43
6815	40
6816	37
6817	28
6818	35
6819	30
6820	39
6821	32
6822	36
6823	47
6824	40
6825	36
6826	36
6827	39
6828	41
6829	54
6830	46
6831	38
6832	20
6833	33
6834	40
6835	32
6836	33
6837	38
6838	41
6839	49
6840	44
6841	46
6842	30
6843	44
6844	41
6845	33
6846	34
6847	33
6848	32
6849	57
6850	30
6851	50
6852	53
6853	34
6854	36
6855	44
6856	45
6857	55
6858	47
6859	44
6860	39
6861	51
6862	50
6863	46
6864	46
6865	45
6866	47
6867	44
6868	39
6869	45
6870	55
6871	60
6872	44
6873	33
6874	47
6875	30
6876	44
6877	37
6878	43
6879	48
6880	49
6881	40
6882	57
6883	46
6884	36
6885	48
6886	38
6887	42
6888	34
6889	39
6890	47
6891	52
6892	36
6893	40
6894	41
6895	39
6896	62
6897	51
6898	41
6899	51
6900	51
6901	48
6902	38
6903	40
6904	54
6905	64
6906	49
6907	41
6908	49
6909	44
6910	51
6911	48
6912	43
6913	53
6914	56
6915	50
6916	47
6917	40
6918	50
6919	61
6920	48
6921	47
6922	54
6923	40
6924	59
6925	53
6926	39
6927	41
6928	59
6929	45
6930	42
6931	47
6932	60
6933	65
6934	44
6935	57
6936	54
6937	62
6938	54
6939	64
6940	65
6941	53
6942	48
6943	68
6944	54
6945	51
6946	53
6947	66
6948	49
6949	62
6950	67
6951	51
6952	57
6953	54
6954	53
6955	51
6956	55
6957	57
6958	64
6959	63
6960	64
6961	59
6962	51
6963	56
6964	65
6965	52
6966	59
6967	54
6968	72
6969	70
6970	53
6971	72
6972	72
6973	54
6974	54
6975	46
6976	56
6977	58
6978	49
6979	55
6980	55
6981	48
6982	65
6983	60
6984	65
6985	62
6986	67
6987	74
6988	66
6989	63
6990	58
6991	76
6992	65
6993	50
6994	77
6995	57
6996	77
6997	62
6998	52
6999	60
7000	66
7001	74
7002	70
7003	66
7004	67
7005	53
7006	61
7007	64
7008	66
7009	59
7010	71
7011	55
7012	72
7013	73
7014	91
7015	65
7016	73
7017	77
7018	70
7019	61
7020	69
7021	60
7022	54
7023	61
7024	72
7025	75
7026	84
7027	53
7028	65
7029	78
7030	53
7031	72
7032	66
7033	74
7034	64
7035	84
7036	74
7037	57
7038	46
7039	86
7040	72
7041	72
7042	70
7043	63
7044	57
7045	53
7046	62
7047	68
7048	65
7049	59
7050	82
7051	83
7052	54
7053	65
7054	57
7055	80
7056	71
7057	56
7058	66
7059	74
7060	85
7061	71
7062	71
7063	83
7064	82
7065	76
7066	80
7067	69
7068	64
7069	69
7070	69
7071	62
7072	74
7073	67
7074	65
7075	76
7076	73
7077	84
7078	67
7079	64
7080	77
7081	67
7082	68
7083	72
7084	76
7085	65
7086	88
7087	79
7088	72
7089	65
7090	63
7091	96
7092	70
7093	77
7094	64
7095	91
7096	70
7097	80
7098	63
7099	78
7100	86
7101	79
7102	74
7103	76
7104	80
7105	76
7106	68
7107	66
7108	70
7109	60
7110	68
7111	74
7112	79
7113	77
7114	72
7115	82
7116	79
7117	57
7118	80
7119	61
7120	87
7121	72
7122	63
7123	85
7124	80
7125	51
7126	58
7127	73
7128	79
7129	75
7130	73
7131	79
7132	80
7133	90
7134	74
7135	74
7136	65
7137	52
7138	68
7139	66
7140	86
7141	61
7142	70
7143	73
7144	68
7145	88
7146	84
7147	73
7148	65
7149	79
7150	68
7151	69
7152	73
7153	74
7154	79
7155	86
7156	89
7157	67
7158	90
7159	82
7160	59
7161	69
7162	76
7163	100
7164	75
7165	58
7166	68
7167	62
7168	78
7169	72
7170	74
7171	77
7172	57
7173	81
7174	82
7175	64
7176	65
7177	71
7178	73
7179	77
7180	76
7181	82
7182	75
7183	70
7184	74
7185	78
7186	81
7187	77
7188	65
7189	64
7190	60
7191	69
7192	73
7193	75
7194	79
7195	62
7196	63
7197	61
7198	72
7199	78
7200	74
7201	70
7202	79
7203	65
7204	72
7205	73
7206	62
7207	80
7208	74
7209	72
7210	66
7211	70
7212	71
7213	62
7214	74
7215	63
7216	63
7217	76
7218	66
7219	57
7220	62
7221	91
7222	73
7223	65
7224	61
7225	67
7226	59
7227	85
7228	49
7229	65
7230	71
7231	65
7232	72
7233	63
7234	63
7235	66
7236	74
7237	63
7238	66
7239	67
7240	61
7241	57
7242	85
7243	55
7244	72
7245	60
7246	79
7247	72
7248	74
7249	66
7250	57
7251	74
7252	62
7253	53
7254	73
7255	57
7256	60
7257	73
7258	66
7259	62
7260	50
7261	63
7262	63
7263	56
7264	53
7265	69
7266	76
7267	57
7268	59
7269	54
7270	68
7271	51
7272	61
7273	66
7274	56
7275	60
7276	54
7277	60
7278	53
7279	62
7280	53
7281	68
7282	50
7283	63
7284	62
7285	60
7286	71
7287	54
7288	56
7289	58
7290	55
7291	61
7292	75
7293	54
7294	62
7295	56
7296	70
7297	44
7298	52
7299	46
7300	54
7301	47
7302	51
7303	60
7304	60
7305	46
7306	55
7307	61
7308	56
7309	60
7310	48
7311	60
7312	54
7313	61
7314	57
7315	45
7316	58
7317	49
7318	62
7319	44
7320	45
7321	63
7322	56
7323	57
7324	59
7325	44
7326	44
7327	47
7328	54
7329	42
7330	50
7331	56
7332	54
7333	56
7334	51
7335	51
7336	45
7337	48
7338	53
7339	42
7340	40
7341	45
7342	57
7343	39
7344	39
7345	53
7346	46
7347	46
7348	48
7349	42
7350	59
7351	45
7352	47
7353	34
7354	47
7355	46
7356	45
7357	46
7358	48
7359	48
7360	38
7361	48
7362	39
7363	36
7364	37
7365	45
7366	51
7367	36
7368	39
7369	29
7370	39
7371	45
7372	42
7373	33
7374	37
7375	42
7376	44
7377	43
7378	48
7379	28
7380	42
7381	33
7382	41
7383	44
7384	41
7385	43
7386	33
7387	32
7388	34
7389	42
7390	43
7391	31
7392	43
7393	30
7394	32
7395	30
7396	49
7397	38
7398	36
7399	25
7400	42
7401	41
7402	35
7403	42
7404	42
7405	35
7406	40
7407	35
7408	43
7409	34
7410	31
7411	41
7412	41
7413	31
7414	39
7415	35
7416	33
7417	24
7418	30
7419	38
7420	33
7421	31
7422	30
7423	37
7424	37
7425	27
7426	39
7427	27
7428	27
7429	31
7430	28
7431	30
7432	30
7433	24
7434	34
7435	35
7436	38
7437	35
7438	28
7439	39
7440	28
7441	23
7442	36
7443	27
7444	27
7445	28
7446	35
7447	28
7448	24
7449	32
7450	19
7451	21
7452	31
7453	24
7454	30
7455	19
7456	27
7457	27
7458	36
7459	31
7460	20
7461	27
7462	28
7463	35
7464	20
7465	32
7466	34
7467	28
7468	32
7469	22
7470	22
7471	27
7472	14
7473	32
7474	22
7475	36
7476	17
7477	18
7478	19
7479	27
7480	21
7481	24
7482	16
7483	13
7484	28
7485	23
7486	17
7487	13
7488	15
7489	29
7490	18
7491	19
7492	15
7493	13
7494	14
7495	15
7496	12
7497	4
7498	7
7499	2
7500	5
7501	8
7502	2
7503	5
7504	4
7505	0
7506	2
7507	4
7508	3
7509	5
7510	7
7511	2
7512	2
7513	3
7514	1
7515	5
7516	3
7517	5
7518	2
7519	3
7520	2
7521	1
7522	3
7523	1
7524	1
7525	3
7526	4
7527	3
7528	4
7529	2
7530	2
7531	4
7532	1
7533	1
7534	1
7535	2
7536	1
7537	1
7538	0
7539	2
7540	2
7541	3
7542	3
7543	1
7544	2
7545	4
7546	0
7547	1
7548	2
7549	1
7550	2
7551	2
7552	3
7553	0
7554	3
7555	3
7556	0
7557	4
7558	2
7559	0
7560	7
7561	2
7562	2
7563	0
7564	1
7565	4
7566	1
7567	1
7568	0
7569	1
7570	2
7571	3
7572	3
7573	2
7574	1
7575	0
7576	2
7577	2
7578	0
7579	0
7580	2
7581	4
7582	0
7583	0
7584	3
7585	0
7586	2
7587	1
7588	1
7589	1
7590	1
7591	1
7592	1
7593	2
7594	1
7595	1
7596	0
7597	0
7598	1
7599	1
7600	2
7601	1
7602	1
7603	0
7604	1
7605	0
7606	0
7607	0
7608	0
7609	2
7610	2
7611	0
7612	2
7613	0
7614	0
7615	1
7616	2
7617	2
7618	2
7619	1
7620	2
7621	1
7622	1
7623	2
7624	2
7625	0
7626	0
7627	1
7628	1
7629	0
7630	4
7631	0
7632	2
7633	0
7634	1
7635	2
7636	1
7637	0
7638	1
7639	0
7640	0
7641	1
7642	0
7643	1
7644	0
7645	0
7646	1
7647	1
7648	1
7649	3
7650	2
7651	2
7652	0
7653	2
7654	1
7655	0
7656	1
7657	1
7658	0
7659	1
7660	1
7661	1
7662	0
7663	2
7664	1
7665	1
7666	1
7667	1
7668	2
7669	0
7670	1
7671	0
7672	0
7673	1
7674	1
7675	2
7676	0
7677	0
7678	0
7679	0
7680	1
7681	0
7682	1
7683	0
7684	1
7685	1
7686	1
7687	0
7688	2
7689	0
7690	0
7691	0
7692	1
7693	0
7694	0
7695	1
7696	1
7697	0
7698	0
7699	0
7700	3
7701	2
7702	1
7703	1
7704	1
7705	0
7706	1
7707	0
7708	0
7709	0
7710	0
7711	1
7712	0
7713	0
7714	0
7715	1
7716	0
7717	0
7718	0
7719	1
7720	0
7721	0
7722	1
7723	1
7724	0
7725	1
7726	0
7727	0
7728	0
7729	0
7730	0
7731	1
7732	1
7733	0
7734	1
7735	2
7736	0
7737	0
7738	1
7739	0
7740	0
7741	0
7742	1
7743	1
7744	0
7745	1
7746	0
7747	0
7748	1
7749	1
7750	1
7751	0
7752	0
7753	1
7754	0
7755	0
7756	2
7757	2
7758	0
7759	1
7760	0
7761	2
7762	1
7763	0
7764	3
7765	1
7766	0
7767	1
7768	1
7769	1
7770	2
7771	1
7772	0
7773	1
7774	0
7775	0
7776	0
7777	1
7778	0
7779	0
7780	0
7781	0
7782	0
7783	0
7784	0
7785	0
7786	0
7787	1
7788	1
7789	0
7790	1
7791	0
7792	1
7793	0
7794	0
7795	2
7796	0
7797	0
7798	0
7799	1
7800	0
7801	1
7802	0
7803	0
7804	0
7805	0
7806	0
7807	1
7808	0
7809	1
7810	0
7811	0
7812	0
7813	0
7814	0
7815	0
7816	0
7817	0
7818	0
7819	0
7820	0
7821	0
7822	1
7823	0
7824	0
7825	0
7826	1
7827	0
7828	0
7829	0
7830	0
7831	2
7832	0
7833	0
7834	0
7835	2
7836	0
7837	0
7838	0
7839	0
7840	0
7841	0
7842	0
7843	0
7844	0
7845	0
7846	0
7847	0
7848	0
7849	1
7850	0
7851	0
7852	0
7853	0
7854	0
7855	0
7856	0
7857	0
7858	0
7859	0
7860	0
7861	0
7862	0
7863	0
7864	0
7865	0
7866	0
7867	0
7868	0
7869	0
7870	0
7871	0
7872	0
7873	0
7874	0
7875	0
7876	0
7877	0
7878	2
7879	0
7880	0
7881	0
7882	0
7883	0
7884	1
7885	0
7886	1
7887	0
7888	0
7889	0
7890	0
7891	0
7892	0
7893	0
7894	0
7895	0
7896	0
7897	0
7898	1
7899	0
7900	0
7901	0
7902	1
7903	1
7904	0
7905	0
7906	0
7907	0
7908	0
7909	0
7910	0
7911	0
7912	0
7913	0
7914	0
7915	1
7916	0
7917	0
7918	0
7919	0
7920	0
7921	0
7922	0
7923	0
7924	0
7925	1
7926	1
7927	0
7928	0
7929	0
7930	0
7931	0
7932	0
7933	1
7934	0
7935	0
7936	0
7937	0
7938	0
7939	0
7940	0
7941	0
7942	0
7943	0
7944	0
7945	0
7946	0
7947	0
7948	0
7949	0
7950	0
7951	0
7952	0
7953	0
7954	0
7955	0
7956	0
7957	0
7958	0
7959	0
7960	1
7961	0
7962	0
7963	0
7964	0
7965	0
7966	0
7967	0
7968	0
7969	0
7970	0
7971	0
7972	0
7973	0
7974	0
7975	0
7976	0
7977	0
7978	0
7979	0
7980	0
7981	0
7982	0
7983	0
7984	0
7985	0
7986	0
7987	0
7988	0
7989	0
7990	0
7991	0
7992	0
7993	0
7994	0
7995	0
7996	0
7997	0
7998	0
7999	0
8000	0
8001	0
8002	0
8003	0
8004	0
8005	0
8006	0
8007	0
8008	0
8009	0
8010	0
8011	0
8012	0
8013	0
8014	0
8015	0
8016	0
8017	0
8018	0
8019	0
8020	0
8021	0
8022	0
8023	0
8024	0
8025	0
8026	0
8027	0
8028	0
8029	0
8030	0
8031	0
8032	0
8033	0
8034	0
8035	0
8036	0
8037	0
8038	0
8039	0
8040	0
8041	0
8042	0
8043	0
8044	0
8045	0
8046	0
8047	0
8048	0
8049	0
8050	0
8051	0
8052	0
8053	0
8054	0
8055	0
8056	0
8057	0
8058	0
8059	0
8060	0
8061	0
8062	0
8063	0
8064	0
8065	0
8066	0
8067	0
8068	0
8069	0
8070	0
8071	0
8072	0
8073	0
8074	0
8075	0
8076	0
8077	0
8078	0
8079	0
8080	0
8081	0
8082	0
8083	0
8084	0
8085	0
8086	0
8087	0
8088	0
8089	0
8090	0
8091	0
8092	0
8093	0
8094	0
8095	0
8096	0
8097	0
8098	0
8099	0
8100	0
8101	0
8102	0
8103	0
8104	0
8105	0
8106	0
8107	0
8108	0
8109	0
8110	0
8111	0
8112	0
8113	0
8114	0
8115	0
8116	0
8117	0
8118	0
8119	0
8120	0
8121	0
8122	0
8123	0
8124	0
8125	0
8126	0
8127	0
8128	0
8129	0
8130	0
8131	0
8132	0
8133	0
8134	0
8135	0
8136	0
8137	0
8138	0
8139	0
8140	0
8141	0
8142	0
8143	0
8144	0
8145	0
8146	0
8147	0
8148	0
8149	0
8150	0
8151	0
8152	0
8153	0
8154	0
8155	0
8156	0
8157	0
8158	0
8159	0
8160	0
8161	0
8162	0
8163	0
8164	0
8165	0
8166	0
8167	0
8168	0
8169	0
8170	0
8171	0
8172	0
8173	0
8174	0
8175	0
8176	0
8177	0
8178	0
8179	0
8180	0
8181	0
8182	0
8183	0
8184	0
8185	0
8186	0
8187	0
8188	0
8189	0
8190	0
8191	0
