n	t	UB	dUB	Uboffset	dUBoffset	N	dN	Nunten	dNunten	Nreal	dNreal	Breal	dBreal	eta	deta	eps	deps	ys	dys	beta	dbeta	etaz	detaz	fermi	dfermi	y	dy	y2	dy2
1	40	4.9	0.1	7.03	0.09	41	6.403124237	51.8	3.218695388	0	7.166589147	2.13	0.13453624	0.028116	0.001775878	1.000395177	4.99109E-05	0	0	0.028104894	0.001775177	-2.597152715	0.16404285	1.33564E-06	6.03968E-07	0	0	0	0
2	40	-4	0.1	7.03	0.09	46	6.782329983	51.8	3.218695388	0	7.507329752	11.03	0.13453624	0.145596	0.001775878	1.010543515	0.000255863	0	0	0.144076923	0.001757728	-0.506623124	0.006180766	0.137658179	0.001109144	0	0	0	0
3	40	-12.1	0.1	7.03	0.09	42	6.480740698	51.8	3.218695388	0	7.236021006	19.13	0.13453624	0.252516	0.001775878	1.031389514	0.00043479	0	0	0.244830878	0.001724921	-0.298135192	0.00210047	0.340011209	0.00025542	0	0	0	0
4	40	-20.2	0.1	7.03	0.09	73	8.544003745	51.8	3.218695388	21.2	9.130169768	27.23	0.13453624	0.359436	0.001775878	1.062635515	0.00060069	7.450149382	1.604378852	0.338249564	0.001682104	-0.215795402	0.001073144	0.470762506	0.00020292	10.85835529	2.338332216	2.080847376	0.448137169
5	40	-28.1	0.1	7.03	0.09	88	9.38083152	51.8	3.218695388	36.2	9.917661015	35.13	0.13453624	0.463716	0.001775878	1.102285139	0.000747087	8.415526047	1.152910826	0.420686067	0.001636124	-0.173508719	0.000674807	0.552040706	0.000384066	11.32649969	1.551713598	1.910982203	0.261827289
6	40	-36.2	0.1	7.03	0.09	90	9.486832981	51.8	3.218695388	38.2	10.01798383	43.23	0.13453624	0.570636	0.001775878	1.151358087	0.000880161	7.625123642	0.99992236	0.495619917	0.001588273	-0.14727556	0.000471962	0.607679669	0.000454675	9.781591841	1.282716538	1.487705331	0.195105112
7	40	-44	0.1	7.03	0.09	171	13.07669683	51.8	3.218695388	119.2	13.4669967	51.03	0.13453624	0.673596	0.001775878	1.205707913	0.000992135	12.11482995	0.684560054	0.558672621	0.001542967	-0.1306538	0.000360846	0.645077576	0.000475689	15.0838203	0.852343838	2.111536367	0.119349384
8	40	-52.1	0.1	7.03	0.09	199	14.10673598	51.8	3.218695388	147.2	14.4692778	59.13	0.13453624	0.780516	0.001775878	1.268544531	0.001092671	12.19298786	0.599448899	0.615284668	0.001496895	-0.118632406	0.000288615	0.673182597	0.000476117	14.86085173	0.730629093	1.93259015	0.095040619
9	40	-60.2	0.1	7.03	0.09	232	15.23154621	51.8	3.218695388	180.2	15.56791572	67.23	0.13453624	0.887436	0.001775878	1.336990147	0.001178751	12.3238036	0.532512168	0.663756574	0.001451464	-0.109969081	0.000240474	0.693993958	0.000466695	14.79336334	0.63924132	1.804202866	0.077982953
10	40	-68	0.1	7.03	0.09	246	15.68438714	51.8	3.218695388	194.2	16.01124605	75.03	0.13453624	0.990396	0.001775878	1.407438893	0.001249662	11.80335312	0.486719971	0.703686679	0.001408001	-0.103728979	0.00020755	0.709275704	0.000453412	14.01515349	0.577942552	1.618006959	0.066737482
11	40	-76	0.1	7.03	0.09	218	14.76482306	51.8	3.218695388	166.2	15.11158496	83.03	0.13453624	1.095996	0.001775878	1.483646599	0.001311873	10.10987515	0.459710341	0.738717698	0.001363595	-0.098810007	0.000182393	0.721495097	0.000437939	11.90225089	0.541224259	1.306205721	0.059405773
12	40	-84	0.1	7.03	0.09	161	12.68857754	51.8	3.218695388	109.2	13.09045454	91.03	0.13453624	1.201596	0.001775878	1.56327635	0.00136501	7.624549764	0.457046954	0.768639531	0.001319447	-0.094963501	0.000163014	0.731157051	0.000421822	8.916796743	0.534515756	0.934580243	0.056027499
13	40	-92.2	0.1	7.03	0.09	160	12.64911064	51.8	3.218695388	108.2	13.05220288	99.23	0.13453624	1.309836	0.001775878	1.647929109	0.001411535	7.080043183	0.427071747	0.794837589	0.001274687	-0.091833479	0.000147274	0.739088608	0.00040531	8.235456021	0.496771959	0.826734681	0.049872714
14	40	-100.2	0.1	7.03	0.09	119	10.90871211	51.8	3.218695388	67.2	11.37365377	107.23	0.13453624	1.415436	0.001775878	1.733049067	0.001450416	5.234004461	0.442947306	0.816731636	0.00123177	-0.089371707	0.000134788	0.745370602	0.000389567	6.06244705	0.513059821	0.585449993	0.049547504
15	40	-108.1	0.1	7.03	0.09	70	8.366600265	51.8	3.218695388	18.2	8.964373932	115.13	0.13453624	1.519716	0.001775878	1.819213215	0.001483515	2.565740178	0.631877764	0.835369921	0.001190372	-0.087377698	0.00012451	0.750487274	0.000374565	2.961699614	0.729393065	0.276023944	0.067978034
16	40	-116	0.1	7.03	0.09	64	8	51.8	3.218695388	12.2	8.623224455	123.03	0.13453624	1.623996	0.001775878	1.907187198	0.001512185	1.984681294	0.70140916	0.851513686	0.001150163	-0.085721113	0.000115786	0.754757414	0.0003602	2.284478538	0.807361134	0.205959377	0.072788513
17	40	-124	0.1	7.03	0.09	60	7.745966692	51.8	3.218695388	8.2	8.38808679	131.03	0.13453624	1.729596	0.001775878	1.997874451	0.00153741	1.54046024	0.787897827	0.865718063	0.001110821	-0.084314633	0.000108186	0.758396631	0.00034635	1.768895984	0.904735743	0.154531466	0.079038119
18	40	-131.9	0.1	7.03	0.09	44	6.633249581	51.8	3.218695388	0	7.372923436	138.93	0.13453624	1.833876	0.001775878	2.088803769	0.001559142	0	0	0.877955138	0.001073443	-0.083139443	0.000101651	0.7614471	0.000333376	0	0	0	0
19	40	-140.1	0.1	7.03	0.09	66	8.124038405	51.8	3.218695388	14.2	8.73842091	147.13	0.13453624	1.942116	0.001775878	2.184448342	0.001578871	1.829513842	0.562925728	0.889064741	0.001036263	-0.082100546	9.56935E-05	0.764151152	0.000320639	2.092888364	0.643963961	0.172542246	0.053089841
20	40	-148.1	0.1	7.03	0.09	41	6.403124237	51.8	3.218695388	0	7.166589147	155.13	0.13453624	2.047716	0.001775878	2.278846378	0.001595761	0	0	0.898575709	0.001001607	-0.081231553	9.05456E-05	0.766418288	0.000308909	0	0	0	0
21	40	-155.8	0.1	7.03	0.09	54	7.348469228	51.8	3.218695388	2.2	8.022468448	162.83	0.13453624	2.149356	0.001775878	2.370597227	0.001610141	0.657095174	1.198073983	0.906672789	0.000969758	-0.080506112	8.61076E-05	0.768314618	0.000298242	0.749650317	1.366828707	0.058747788	0.107114161
