154
154
28
2
0
0
0
7
142
1405
2119
392
5
0
0
0
0
0
1
0
0
0
0
0
0
0
0
0
0
0
0
0
0
0
0
0
0
0
0
0
0
0
0
0
0
0
0
0
0
0
0
0
0
0
0
0
0
0
0
0
0
0
0
0
0
0
0
0
0
0
0
0
0
0
0
0
0
0
0
0
0
0
0
0
0
0
0
0
0
1
1
0
1
0
2
0
1
0
0
0
1
1
1
0
1
1
4
2
2
3
1
2
1
2
3
2
1
5
4
0
2
4
3
2
2
3
1
3
3
5
3
2
1
3
4
6
6
6
4
6
3
5
4
8
4
6
8
7
7
8
8
7
8
11
5
3
8
2
3
4
9
5
5
12
7
8
7
11
3
13
12
9
13
11
10
7
7
19
9
7
5
12
10
18
12
15
12
12
13
18
12
19
22
12
20
15
17
20
19
14
21
12
21
15
13
16
28
27
14
27
21
24
27
29
16
15
21
21
22
28
26
30
24
28
32
31
35
22
21
30
26
28
27
20
37
24
35
33
23
36
38
33
36
38
40
35
34
30
35
41
33
43
38
24
40
29
46
42
42
37
41
38
42
49
45
30
31
33
51
39
30
40
46
36
41
37
52
49
43
43
44
47
55
58
58
53
50
45
55
42
43
49
52
42
56
47
48
37
56
55
42
64
54
54
54
57
54
55
50
49
52
47
41
55
61
53
57
52
70
69
53
51
57
53
54
59
47
42
64
60
54
47
50
70
68
41
34
50
46
54
56
68
55
55
56
57
54
53
46
42
62
41
47
55
52
51
51
41
61
53
39
56
47
55
51
50
54
56
49
61
55
56
61
56
58
34
40
43
48
56
59
54
54
47
55
55
50
47
45
62
51
55
41
54
46
44
50
44
47
41
48
48
53
49
52
38
40
59
46
50
49
52
45
38
50
43
44
50
47
37
46
47
49
44
57
40
49
42
47
38
31
55
39
48
52
48
42
42
47
46
44
32
52
40
30
42
54
42
39
43
35
38
40
46
34
30
44
31
46
43
40
44
39
34
42
44
31
20
36
38
33
40
48
35
29
27
31
30
36
34
27
42
41
32
24
31
27
31
23
31
35
39
29
33
29
39
18
32
35
26
33
32
28
35
30
21
29
35
30
19
30
38
33
27
37
26
18
22
18
37
19
25
27
28
19
20
25
26
26
21
28
12
25
25
28
17
28
25
28
31
26
24
22
35
31
23
24
15
27
19
29
31
26
22
21
28
24
21
18
15
19
23
22
21
23
20
27
17
30
15
18
16
18
24
22
23
19
22
24
19
20
19
17
26
30
21
23
24
21
14
18
25
16
32
21
24
16
16
23
20
23
22
13
15
25
26
29
13
23
16
20
16
16
14
21
30
20
24
21
19
23
16
22
18
19
16
19
15
14
11
18
20
20
17
10
19
21
19
12
17
14
11
14
14
11
15
16
16
13
15
20
22
17
15
24
9
19
15
12
18
15
19
9
18
11
11
15
17
15
16
13
20
17
15
10
11
11
20
22
12
10
15
11
12
5
13
13
23
17
10
6
11
17
8
15
7
6
6
14
9
11
7
13
7
8
9
9
13
8
8
11
15
4
8
7
2
9
5
3
3
11
5
6
6
5
8
4
5
6
2
3
7
8
5
1
5
5
1
2
5
8
1
3
6
4
4
0
1
5
2
4
2
5
3
2
4
5
3
3
2
1
4
6
2
1
5
2
1
1
3
0
0
1
2
1
2
1
2
1
1
3
2
3
3
4
2
0
0
7
0
0
0
0
0
0
1
1
0
1
3
1
0
3
3
3
2
1
0
3
4
3
3
1
3
3
2
1
0
1
0
0
2
0
0
1
0
0
0
0
0
0
0
0
0
0
0
0
0
0
0
0
0
0
0
0
0
0
0
0
0
0
0
0
0
0
0
0
0
0
0
0
0
0
0
0
0
0
0
0
0
0
0
0
0
0
0
0
0
0
0
0
0
0
0
0
0
0
0
0
0
0
0
0
0
0
0
0
0
0
0
0
0
0
0
0
0
0
0
0
0
0
0
0
0
0
0
0
0
0
0
0
0
0
0
0
0
0
0
0
0
0
0
0
0
0
0
0
0
0
0
0
0
0
0
0
0
0
0
0
0
0
0
0
0
0
0
0
0
0
0
0
0
0
0
0
0
0
0
0
0
0
0
0
0
0
0
0
0
0
0
0
0
0
0
0
0
0
0
0
0
0
0
0
0
0
0
0
0
0
0
0
0
0
0
0
0
0
0
0
0
0
0
0
0
0
0
0
0
0
0
0
0
0
0
