0	0
1	0
2	0
3	0
4	0
5	0
6	0
7	0
8	0
9	0
10	0
11	0
12	0
13	0
14	0
15	0
16	0
17	0
18	0
19	0
20	0
21	0
22	0
23	0
24	0
25	0
26	0
27	0
28	0
29	0
30	0
31	0
32	0
33	0
34	0
35	0
36	0
37	0
38	0
39	0
40	0
41	0
42	0
43	0
44	0
45	0
46	0
47	0
48	0
49	0
50	0
51	0
52	0
53	11
54	72
55	301
56	613
57	725
58	594
59	468
60	389
61	342
62	334
63	325
64	285
65	291
66	292
67	272
68	292
69	261
70	264
71	252
72	229
73	244
74	213
75	229
76	229
77	209
78	210
79	204
80	206
81	206
82	197
83	204
84	209
85	210
86	185
87	202
88	215
89	202
90	223
91	212
92	190
93	194
94	193
95	175
96	207
97	208
98	184
99	183
100	223
101	189
102	181
103	206
104	198
105	193
106	190
107	200
108	205
109	191
110	187
111	195
112	199
113	172
114	186
115	198
116	194
117	183
118	176
119	182
120	180
121	186
122	176
123	192
124	185
125	181
126	197
127	176
128	161
129	179
130	169
131	154
132	166
133	182
134	167
135	154
136	162
137	175
138	165
139	179
140	143
141	165
142	181
143	163
144	156
145	148
146	169
147	166
148	168
149	140
150	151
151	168
152	165
153	176
154	149
155	169
156	163
157	169
158	177
159	181
160	163
161	155
162	142
163	169
164	145
165	148
166	162
167	164
168	169
169	132
170	129
171	134
172	150
173	144
174	169
175	148
176	153
177	158
178	151
179	153
180	159
181	152
182	141
183	154
184	144
185	157
186	138
187	136
188	127
189	137
190	153
191	149
192	145
193	146
194	144
195	120
196	132
197	158
198	128
199	130
200	154
201	142
202	139
203	178
204	125
205	170
206	132
207	143
208	130
209	127
210	147
211	124
212	123
213	130
214	132
215	148
216	143
217	113
218	154
219	142
220	130
221	120
222	129
223	138
224	125
225	136
226	127
227	137
228	137
229	136
230	146
231	118
232	110
233	131
234	136
235	126
236	134
237	139
238	124
239	125
240	139
241	137
242	131
243	110
244	130
245	118
246	124
247	118
248	130
249	125
250	127
251	145
252	127
253	128
254	122
255	136
256	147
257	118
258	129
259	110
260	133
261	123
262	122
263	129
264	114
265	125
266	134
267	102
268	122
269	112
270	149
271	110
272	128
273	123
274	131
275	127
276	127
277	126
278	108
279	115
280	120
281	117
282	121
283	128
284	110
285	119
286	128
287	148
288	114
289	100
290	118
291	105
292	119
293	115
294	95
295	130
296	115
297	118
298	113
299	107
300	126
301	111
302	110
303	109
304	130
305	122
306	108
307	127
308	103
309	112
310	105
311	105
312	127
313	122
314	100
315	86
316	98
317	115
318	99
319	120
320	140
321	103
322	98
323	129
324	126
325	110
326	109
327	116
328	98
329	105
330	112
331	115
332	127
333	109
334	95
335	112
336	97
337	92
338	91
339	115
340	121
341	111
342	120
343	140
344	126
345	129
346	122
347	123
348	115
349	98
350	101
351	120
352	120
353	108
354	122
355	155
356	126
357	141
358	112
359	131
360	96
361	114
362	110
363	94
364	105
365	91
366	93
367	100
368	110
369	109
370	101
371	103
372	121
373	107
374	100
375	99
376	121
377	103
378	113
379	110
380	116
381	91
382	95
383	87
384	111
385	100
386	102
387	95
388	106
389	117
390	98
391	103
392	89
393	103
394	121
395	111
396	114
397	102
398	107
399	117
400	105
401	99
402	118
403	102
404	118
405	125
406	151
407	147
408	120
409	130
410	115
411	100
412	102
413	103
414	114
415	103
416	120
417	106
418	118
419	121
420	104
421	94
422	113
423	98
424	108
425	87
426	90
427	118
428	100
429	115
430	93
431	106
432	105
433	88
434	105
435	95
436	98
437	96
438	80
439	100
440	90
441	92
442	97
443	98
444	96
445	105
446	88
447	81
448	105
449	106
450	98
451	97
452	120
453	92
454	96
455	93
456	110
457	115
458	89
459	101
460	113
461	97
462	109
463	98
464	99
465	117
466	99
467	103
468	94
469	100
470	81
471	98
472	103
473	88
474	100
475	91
476	90
477	91
478	108
479	94
480	97
481	103
482	98
483	94
484	82
485	110
486	121
487	80
488	105
489	97
490	103
491	103
492	99
493	96
494	105
495	93
496	92
497	113
498	105
499	98
500	95
501	99
502	87
503	93
504	94
505	96
506	98
507	100
508	101
509	89
510	99
511	77
512	112
513	95
514	98
515	106
516	103
517	98
518	100
519	105
520	86
521	91
522	98
523	102
524	104
525	99
526	83
527	116
528	93
529	124
530	92
531	112
532	123
533	97
534	85
535	97
536	77
537	87
538	99
539	93
540	113
541	80
542	114
543	107
544	93
545	105
546	111
547	105
548	88
549	89
550	130
551	98
552	100
553	107
554	95
555	87
556	99
557	99
558	115
559	113
560	96
561	109
562	99
563	109
564	92
565	96
566	95
567	107
568	97
569	87
570	115
571	77
572	86
573	106
574	101
575	84
576	90
577	99
578	96
579	97
580	107
581	92
582	93
583	91
584	96
585	95
586	108
587	101
588	100
589	90
590	121
591	100
592	92
593	96
594	92
595	106
596	98
597	91
598	90
599	88
600	106
601	86
602	102
603	93
604	105
605	108
606	101
607	100
608	93
609	107
610	116
611	103
612	84
613	100
614	98
615	98
616	111
617	82
618	102
619	105
620	94
621	97
622	91
623	80
624	99
625	77
626	103
627	93
628	103
629	85
630	115
631	90
632	97
633	97
634	85
635	81
636	78
637	90
638	94
639	90
640	96
641	106
642	102
643	114
644	100
645	87
646	91
647	104
648	96
649	104
650	89
651	110
652	86
653	91
654	78
655	106
656	95
657	91
658	80
659	84
660	79
661	89
662	93
663	95
664	107
665	101
666	103
667	100
668	82
669	98
670	70
671	106
672	85
673	87
674	86
675	73
676	98
677	87
678	80
679	89
680	97
681	98
682	74
683	94
684	101
685	88
686	84
687	78
688	86
689	71
690	99
691	99
692	96
693	113
694	86
695	80
696	101
697	86
698	94
699	95
700	99
701	87
702	89
703	89
704	96
705	82
706	91
707	72
708	106
709	81
710	94
711	97
712	98
713	112
714	83
715	91
716	82
717	66
718	90
719	99
720	96
721	91
722	87
723	102
724	80
725	86
726	102
727	98
728	98
729	104
730	85
731	106
732	92
733	79
734	86
735	77
736	94
737	87
738	71
739	94
740	98
741	95
742	96
743	82
744	100
745	89
746	93
747	104
748	85
749	85
750	96
751	70
752	95
753	79
754	94
755	106
756	95
757	72
758	96
759	97
760	85
761	83
762	84
763	85
764	87
765	97
766	78
767	82
768	93
769	97
770	95
771	86
772	96
773	78
774	82
775	78
776	93
777	82
778	78
779	84
780	90
781	82
782	86
783	87
784	87
785	101
786	93
787	82
788	93
789	91
790	88
791	70
792	97
793	90
794	106
795	68
796	80
797	102
798	101
799	87
800	85
801	67
802	88
803	85
804	90
805	83
806	107
807	84
808	92
809	95
810	86
811	85
812	82
813	83
814	79
815	90
816	93
817	85
818	90
819	92
820	88
821	93
822	76
823	67
824	79
825	101
826	78
827	89
828	84
829	78
830	71
831	77
832	88
833	96
834	85
835	76
836	93
837	91
838	79
839	89
840	101
841	88
842	75
843	65
844	74
845	78
846	90
847	79
848	73
849	91
850	105
851	83
852	80
853	89
854	84
855	95
856	92
857	77
858	82
859	82
860	95
861	62
862	69
863	91
864	73
865	96
866	88
867	75
868	95
869	74
870	68
871	90
872	98
873	83
874	83
875	69
876	83
877	82
878	67
879	94
880	79
881	81
882	74
883	97
884	79
885	70
886	72
887	79
888	68
889	90
890	90
891	61
892	88
893	97
894	62
895	82
896	82
897	90
898	88
899	72
900	77
901	82
902	95
903	93
904	100
905	93
906	76
907	81
908	78
909	66
910	99
911	87
912	89
913	89
914	75
915	80
916	79
917	87
918	73
919	77
920	71
921	84
922	73
923	72
924	80
925	70
926	94
927	61
928	76
929	82
930	88
931	79
932	83
933	89
934	73
935	83
936	59
937	63
938	73
939	91
940	72
941	78
942	72
943	77
944	70
945	77
946	72
947	85
948	76
949	80
950	78
951	70
952	83
953	77
954	61
955	94
956	88
957	70
958	72
959	84
960	71
961	78
962	103
963	65
964	69
965	84
966	63
967	75
968	76
969	76
970	76
971	56
972	88
973	66
974	72
975	72
976	70
977	84
978	73
979	63
980	64
981	71
982	78
983	69
984	82
985	77
986	71
987	83
988	96
989	82
990	73
991	77
992	63
993	69
994	82
995	76
996	85
997	80
998	63
999	73
1000	78
1001	76
1002	77
1003	81
1004	86
1005	74
1006	67
1007	71
1008	68
1009	68
1010	76
1011	79
1012	71
1013	77
1014	65
1015	84
1016	72
1017	62
1018	58
1019	80
1020	82
1021	76
1022	76
1023	75
1024	79
1025	69
1026	62
1027	71
1028	77
1029	69
1030	67
1031	96
1032	73
1033	72
1034	82
1035	63
1036	81
1037	85
1038	76
1039	66
1040	76
1041	72
1042	79
1043	81
1044	97
1045	76
1046	75
1047	82
1048	92
1049	85
1050	79
1051	78
1052	91
1053	80
1054	75
1055	78
1056	75
1057	79
1058	92
1059	85
1060	88
1061	88
1062	71
1063	81
1064	70
1065	96
1066	79
1067	99
1068	89
1069	81
1070	83
1071	87
1072	85
1073	77
1074	96
1075	78
1076	107
1077	95
1078	91
1079	84
1080	66
1081	81
1082	84
1083	72
1084	80
1085	84
1086	84
1087	81
1088	75
1089	87
1090	77
1091	84
1092	75
1093	90
1094	77
1095	82
1096	87
1097	68
1098	74
1099	71
1100	69
1101	82
1102	70
1103	79
1104	81
1105	85
1106	86
1107	68
1108	78
1109	72
1110	88
1111	91
1112	64
1113	73
1114	95
1115	74
1116	58
1117	83
1118	76
1119	78
1120	73
1121	71
1122	70
1123	79
1124	77
1125	58
1126	66
1127	62
1128	79
1129	64
1130	70
1131	76
1132	71
1133	86
1134	63
1135	73
1136	83
1137	68
1138	74
1139	73
1140	73
1141	69
1142	74
1143	79
1144	73
1145	67
1146	81
1147	65
1148	74
1149	73
1150	89
1151	89
1152	85
1153	76
1154	77
1155	75
1156	77
1157	79
1158	81
1159	76
1160	70
1161	75
1162	72
1163	59
1164	80
1165	73
1166	68
1167	63
1168	58
1169	88
1170	59
1171	71
1172	61
1173	75
1174	70
1175	68
1176	83
1177	64
1178	82
1179	77
1180	82
1181	86
1182	97
1183	102
1184	107
1185	75
1186	78
1187	80
1188	69
1189	68
1190	72
1191	62
1192	62
1193	75
1194	78
1195	67
1196	71
1197	63
1198	70
1199	70
1200	73
1201	74
1202	66
1203	60
1204	53
1205	58
1206	64
1207	60
1208	63
1209	68
1210	70
1211	76
1212	69
1213	74
1214	76
1215	78
1216	70
1217	68
1218	60
1219	81
1220	80
1221	72
1222	71
1223	76
1224	73
1225	49
1226	76
1227	75
1228	85
1229	65
1230	56
1231	76
1232	63
1233	70
1234	63
1235	77
1236	66
1237	69
1238	64
1239	62
1240	47
1241	73
1242	68
1243	84
1244	72
1245	70
1246	74
1247	68
1248	54
1249	58
1250	59
1251	80
1252	65
1253	62
1254	70
1255	70
1256	57
1257	80
1258	61
1259	82
1260	53
1261	50
1262	74
1263	66
1264	75
1265	74
1266	67
1267	65
1268	58
1269	61
1270	74
1271	61
1272	64
1273	64
1274	66
1275	65
1276	79
1277	77
1278	65
1279	71
1280	70
1281	62
1282	79
1283	71
1284	63
1285	88
1286	76
1287	58
1288	65
1289	62
1290	63
1291	53
1292	55
1293	62
1294	74
1295	70
1296	64
1297	68
1298	67
1299	65
1300	64
1301	60
1302	59
1303	68
1304	51
1305	56
1306	51
1307	59
1308	49
1309	70
1310	64
1311	55
1312	68
1313	72
1314	65
1315	56
1316	64
1317	67
1318	67
1319	62
1320	55
1321	65
1322	68
1323	51
1324	51
1325	58
1326	71
1327	64
1328	66
1329	51
1330	49
1331	72
1332	73
1333	59
1334	49
1335	54
1336	60
1337	65
1338	69
1339	57
1340	52
1341	65
1342	72
1343	65
1344	76
1345	72
1346	69
1347	64
1348	64
1349	56
1350	69
1351	53
1352	59
1353	61
1354	63
1355	59
1356	61
1357	54
1358	61
1359	69
1360	60
1361	60
1362	55
1363	56
1364	67
1365	58
1366	42
1367	57
1368	52
1369	57
1370	65
1371	70
1372	55
1373	53
1374	76
1375	53
1376	54
1377	75
1378	68
1379	56
1380	82
1381	52
1382	55
1383	60
1384	64
1385	61
1386	41
1387	73
1388	46
1389	50
1390	64
1391	64
1392	55
1393	53
1394	64
1395	59
1396	58
1397	71
1398	61
1399	58
1400	65
1401	68
1402	51
1403	49
1404	60
1405	69
1406	61
1407	68
1408	55
1409	51
1410	68
1411	66
1412	67
1413	75
1414	54
1415	46
1416	49
1417	57
1418	66
1419	70
1420	43
1421	62
1422	69
1423	51
1424	56
1425	61
1426	46
1427	70
1428	59
1429	48
1430	59
1431	63
1432	63
1433	51
1434	51
1435	49
1436	53
1437	53
1438	55
1439	69
1440	46
1441	63
1442	67
1443	64
1444	67
1445	67
1446	68
1447	51
1448	68
1449	57
1450	60
1451	47
1452	63
1453	55
1454	48
1455	64
1456	59
1457	82
1458	59
1459	72
1460	47
1461	41
1462	76
1463	59
1464	47
1465	63
1466	54
1467	50
1468	67
1469	62
1470	57
1471	76
1472	60
1473	65
1474	51
1475	46
1476	55
1477	51
1478	66
1479	66
1480	52
1481	63
1482	59
1483	60
1484	53
1485	70
1486	39
1487	54
1488	67
1489	52
1490	65
1491	53
1492	54
1493	37
1494	64
1495	52
1496	53
1497	77
1498	56
1499	51
1500	59
1501	53
1502	53
1503	50
1504	74
1505	57
1506	63
1507	56
1508	69
1509	55
1510	61
1511	51
1512	46
1513	56
1514	56
1515	50
1516	70
1517	58
1518	62
1519	57
1520	58
1521	60
1522	56
1523	53
1524	64
1525	58
1526	52
1527	46
1528	47
1529	51
1530	50
1531	45
1532	57
1533	51
1534	63
1535	57
1536	59
1537	54
1538	52
1539	67
1540	55
1541	52
1542	59
1543	64
1544	52
1545	78
1546	70
1547	70
1548	74
1549	68
1550	56
1551	52
1552	62
1553	47
1554	73
1555	66
1556	56
1557	59
1558	58
1559	56
1560	74
1561	50
1562	61
1563	50
1564	45
1565	49
1566	51
1567	52
1568	48
1569	70
1570	49
1571	51
1572	53
1573	66
1574	53
1575	51
1576	51
1577	60
1578	54
1579	58
1580	50
1581	48
1582	50
1583	63
1584	59
1585	42
1586	51
1587	68
1588	40
1589	50
1590	41
1591	57
1592	59
1593	56
1594	46
1595	54
1596	54
1597	53
1598	49
1599	60
1600	56
1601	51
1602	48
1603	54
1604	63
1605	66
1606	48
1607	71
1608	42
1609	45
1610	44
1611	46
1612	44
1613	46
1614	54
1615	60
1616	63
1617	59
1618	56
1619	63
1620	41
1621	53
1622	65
1623	47
1624	54
1625	42
1626	51
1627	39
1628	63
1629	59
1630	46
1631	48
1632	66
1633	51
1634	52
1635	51
1636	58
1637	59
1638	53
1639	48
1640	43
1641	39
1642	46
1643	56
1644	47
1645	46
1646	64
1647	52
1648	67
1649	51
1650	47
1651	53
1652	48
1653	66
1654	60
1655	46
1656	58
1657	48
1658	41
1659	56
1660	38
1661	49
1662	47
1663	56
1664	41
1665	48
1666	54
1667	53
1668	49
1669	41
1670	53
1671	48
1672	38
1673	49
1674	38
1675	43
1676	39
1677	61
1678	54
1679	56
1680	52
1681	65
1682	59
1683	65
1684	60
1685	56
1686	66
1687	66
1688	46
1689	67
1690	58
1691	52
1692	45
1693	56
1694	49
1695	63
1696	48
1697	51
1698	41
1699	56
1700	63
1701	54
1702	48
1703	39
1704	53
1705	47
1706	44
1707	49
1708	48
1709	57
1710	41
1711	54
1712	52
1713	45
1714	47
1715	52
1716	55
1717	42
1718	60
1719	46
1720	41
1721	57
1722	56
1723	54
1724	47
1725	52
1726	64
1727	48
1728	50
1729	42
1730	43
1731	49
1732	42
1733	43
1734	58
1735	40
1736	42
1737	49
1738	50
1739	51
1740	42
1741	50
1742	52
1743	48
1744	40
1745	48
1746	61
1747	43
1748	54
1749	43
1750	59
1751	47
1752	62
1753	60
1754	50
1755	61
1756	66
1757	64
1758	64
1759	46
1760	52
1761	54
1762	48
1763	45
1764	48
1765	49
1766	52
1767	55
1768	54
1769	49
1770	45
1771	41
1772	48
1773	45
1774	49
1775	55
1776	47
1777	51
1778	43
1779	37
1780	48
1781	41
1782	41
1783	51
1784	61
1785	58
1786	47
1787	43
1788	64
1789	54
1790	50
1791	54
1792	52
1793	42
1794	49
1795	44
1796	49
1797	50
1798	48
1799	56
1800	44
1801	41
1802	51
1803	48
1804	56
1805	42
1806	43
1807	47
1808	42
1809	47
1810	51
1811	52
1812	44
1813	50
1814	48
1815	34
1816	46
1817	36
1818	52
1819	52
1820	48
1821	41
1822	50
1823	52
1824	51
1825	41
1826	44
1827	54
1828	46
1829	53
1830	46
1831	52
1832	53
1833	58
1834	45
1835	40
1836	38
1837	61
1838	39
1839	56
1840	39
1841	50
1842	55
1843	59
1844	43
1845	43
1846	43
1847	41
1848	49
1849	47
1850	55
1851	46
1852	42
1853	44
1854	41
1855	48
1856	27
1857	36
1858	41
1859	44
1860	44
1861	50
1862	40
1863	44
1864	54
1865	47
1866	42
1867	48
1868	52
1869	50
1870	34
1871	46
1872	56
1873	48
1874	46
1875	53
1876	47
1877	49
1878	52
1879	44
1880	52
1881	36
1882	40
1883	38
1884	46
1885	41
1886	54
1887	41
1888	47
1889	56
1890	46
1891	64
1892	48
1893	58
1894	51
1895	49
1896	43
1897	42
1898	47
1899	47
1900	43
1901	42
1902	46
1903	55
1904	49
1905	47
1906	49
1907	39
1908	45
1909	46
1910	40
1911	55
1912	52
1913	43
1914	56
1915	53
1916	40
1917	42
1918	50
1919	48
1920	49
1921	50
1922	45
1923	54
1924	55
1925	50
1926	55
1927	43
1928	51
1929	59
1930	39
1931	46
1932	49
1933	39
1934	44
1935	40
1936	59
1937	56
1938	51
1939	57
1940	43
1941	47
1942	46
1943	55
1944	52
1945	40
1946	35
1947	35
1948	44
1949	39
1950	44
1951	44
1952	49
1953	49
1954	42
1955	53
1956	39
1957	47
1958	40
1959	47
1960	44
1961	61
1962	36
1963	42
1964	46
1965	42
1966	45
1967	46
1968	45
1969	42
1970	32
1971	34
1972	44
1973	29
1974	55
1975	41
1976	46
1977	48
1978	40
1979	35
1980	51
1981	45
1982	34
1983	52
1984	49
1985	49
1986	59
1987	47
1988	45
1989	47
1990	46
1991	41
1992	45
1993	36
1994	52
1995	53
1996	44
1997	43
1998	34
1999	53
2000	32
2001	49
2002	46
2003	36
2004	40
2005	37
2006	55
2007	34
2008	38
2009	36
2010	55
2011	41
2012	39
2013	51
2014	46
2015	49
2016	51
2017	37
2018	43
2019	42
2020	48
2021	46
2022	51
2023	58
2024	35
2025	35
2026	47
2027	34
2028	37
2029	45
2030	42
2031	45
2032	36
2033	32
2034	41
2035	48
2036	43
2037	41
2038	39
2039	40
2040	56
2041	42
2042	48
2043	49
2044	46
2045	46
2046	52
2047	42
2048	30
2049	43
2050	46
2051	58
2052	52
2053	40
2054	65
2055	54
2056	41
2057	41
2058	50
2059	32
2060	54
2061	46
2062	38
2063	56
2064	50
2065	41
2066	50
2067	43
2068	39
2069	59
2070	32
2071	50
2072	50
2073	41
2074	52
2075	35
2076	47
2077	44
2078	46
2079	42
2080	45
2081	51
2082	37
2083	34
2084	40
2085	39
2086	42
2087	52
2088	48
2089	42
2090	44
2091	55
2092	41
2093	39
2094	42
2095	34
2096	48
2097	54
2098	52
2099	42
2100	51
2101	37
2102	38
2103	40
2104	44
2105	46
2106	51
2107	40
2108	30
2109	39
2110	46
2111	39
2112	55
2113	38
2114	51
2115	55
2116	45
2117	49
2118	64
2119	32
2120	57
2121	44
2122	38
2123	40
2124	45
2125	43
2126	41
2127	38
2128	51
2129	45
2130	45
2131	26
2132	40
2133	55
2134	43
2135	43
2136	42
2137	48
2138	40
2139	33
2140	39
2141	44
2142	32
2143	37
2144	37
2145	41
2146	41
2147	54
2148	39
2149	46
2150	36
2151	39
2152	46
2153	56
2154	52
2155	43
2156	49
2157	35
2158	50
2159	34
2160	40
2161	35
2162	39
2163	48
2164	32
2165	45
2166	46
2167	43
2168	50
2169	44
2170	45
2171	43
2172	53
2173	39
2174	35
2175	42
2176	39
2177	43
2178	48
2179	46
2180	55
2181	40
2182	38
2183	43
2184	51
2185	28
2186	47
2187	45
2188	51
2189	42
2190	38
2191	54
2192	53
2193	39
2194	24
2195	60
2196	39
2197	42
2198	35
2199	42
2200	34
2201	44
2202	40
2203	48
2204	37
2205	48
2206	40
2207	48
2208	40
2209	35
2210	49
2211	40
2212	40
2213	55
2214	44
2215	34
2216	48
2217	48
2218	38
2219	38
2220	45
2221	27
2222	41
2223	48
2224	58
2225	49
2226	28
2227	45
2228	49
2229	39
2230	54
2231	34
2232	40
2233	42
2234	42
2235	41
2236	43
2237	40
2238	35
2239	31
2240	42
2241	49
2242	41
2243	38
2244	35
2245	36
2246	43
2247	29
2248	42
2249	43
2250	36
2251	52
2252	42
2253	36
2254	50
2255	40
2256	35
2257	43
2258	51
2259	44
2260	38
2261	43
2262	52
2263	44
2264	49
2265	36
2266	37
2267	38
2268	36
2269	40
2270	45
2271	39
2272	36
2273	34
2274	40
2275	41
2276	36
2277	28
2278	40
2279	33
2280	46
2281	41
2282	49
2283	43
2284	38
2285	43
2286	35
2287	47
2288	42
2289	38
2290	45
2291	37
2292	42
2293	38
2294	38
2295	38
2296	33
2297	44
2298	38
2299	47
2300	42
2301	40
2302	33
2303	45
2304	30
2305	33
2306	49
2307	39
2308	43
2309	40
2310	43
2311	39
2312	49
2313	48
2314	51
2315	49
2316	44
2317	36
2318	40
2319	51
2320	48
2321	56
2322	42
2323	44
2324	42
2325	36
2326	40
2327	34
2328	36
2329	32
2330	41
2331	37
2332	41
2333	34
2334	36
2335	35
2336	31
2337	39
2338	36
2339	42
2340	39
2341	35
2342	40
2343	40
2344	43
2345	34
2346	46
2347	37
2348	40
2349	42
2350	52
2351	42
2352	35
2353	31
2354	46
2355	40
2356	38
2357	45
2358	48
2359	47
2360	46
2361	37
2362	30
2363	28
2364	36
2365	47
2366	40
2367	49
2368	31
2369	38
2370	51
2371	30
2372	43
2373	41
2374	62
2375	34
2376	35
2377	39
2378	49
2379	38
2380	48
2381	46
2382	36
2383	37
2384	38
2385	30
2386	43
2387	34
2388	41
2389	42
2390	41
2391	31
2392	44
2393	40
2394	51
2395	41
2396	31
2397	38
2398	34
2399	43
2400	43
2401	45
2402	34
2403	40
2404	40
2405	39
2406	43
2407	39
2408	33
2409	34
2410	37
2411	31
2412	44
2413	46
2414	34
2415	48
2416	46
2417	47
2418	34
2419	42
2420	40
2421	44
2422	39
2423	34
2424	40
2425	37
2426	42
2427	43
2428	41
2429	33
2430	46
2431	35
2432	46
2433	46
2434	39
2435	36
2436	45
2437	31
2438	35
2439	48
2440	43
2441	40
2442	38
2443	38
2444	25
2445	33
2446	21
2447	39
2448	42
2449	29
2450	32
2451	49
2452	40
2453	43
2454	39
2455	42
2456	38
2457	35
2458	40
2459	41
2460	49
2461	39
2462	39
2463	39
2464	36
2465	40
2466	55
2467	37
2468	37
2469	35
2470	37
2471	34
2472	43
2473	43
2474	32
2475	37
2476	33
2477	47
2478	32
2479	30
2480	31
2481	36
2482	26
2483	45
2484	40
2485	47
2486	39
2487	31
2488	45
2489	38
2490	35
2491	35
2492	34
2493	39
2494	42
2495	51
2496	37
2497	42
2498	43
2499	44
2500	40
2501	42
2502	45
2503	41
2504	29
2505	33
2506	44
2507	37
2508	44
2509	42
2510	31
2511	48
2512	47
2513	41
2514	38
2515	39
2516	37
2517	41
2518	38
2519	33
2520	38
2521	42
2522	39
2523	41
2524	32
2525	36
2526	48
2527	38
2528	45
2529	53
2530	40
2531	45
2532	40
2533	40
2534	35
2535	36
2536	44
2537	26
2538	28
2539	32
2540	39
2541	27
2542	39
2543	38
2544	47
2545	44
2546	40
2547	37
2548	40
2549	38
2550	59
2551	31
2552	38
2553	58
2554	42
2555	43
2556	48
2557	52
2558	47
2559	46
2560	47
2561	50
2562	50
2563	40
2564	39
2565	41
2566	42
2567	46
2568	45
2569	48
2570	33
2571	31
2572	26
2573	40
2574	47
2575	35
2576	42
2577	30
2578	37
2579	39
2580	34
2581	40
2582	34
2583	34
2584	41
2585	46
2586	34
2587	39
2588	45
2589	40
2590	40
2591	40
2592	27
2593	38
2594	28
2595	53
2596	36
2597	39
2598	41
2599	30
2600	39
2601	26
2602	38
2603	31
2604	37
2605	39
2606	39
2607	37
2608	42
2609	43
2610	49
2611	38
2612	47
2613	43
2614	43
2615	36
2616	37
2617	25
2618	34
2619	50
2620	36
2621	48
2622	43
2623	36
2624	47
2625	30
2626	33
2627	41
2628	38
2629	49
2630	57
2631	36
2632	33
2633	36
2634	39
2635	35
2636	33
2637	35
2638	49
2639	41
2640	41
2641	41
2642	36
2643	31
2644	27
2645	33
2646	39
2647	43
2648	39
2649	30
2650	36
2651	38
2652	35
2653	42
2654	51
2655	34
2656	37
2657	37
2658	28
2659	34
2660	34
2661	25
2662	50
2663	37
2664	35
2665	43
2666	33
2667	37
2668	35
2669	33
2670	43
2671	37
2672	33
2673	38
2674	40
2675	40
2676	34
2677	42
2678	38
2679	43
2680	33
2681	45
2682	34
2683	36
2684	27
2685	37
2686	38
2687	38
2688	41
2689	24
2690	40
2691	26
2692	54
2693	43
2694	36
2695	36
2696	29
2697	40
2698	43
2699	47
2700	33
2701	34
2702	45
2703	28
2704	32
2705	38
2706	36
2707	32
2708	36
2709	43
2710	34
2711	39
2712	40
2713	35
2714	35
2715	30
2716	41
2717	29
2718	38
2719	35
2720	34
2721	30
2722	40
2723	36
2724	35
2725	34
2726	37
2727	34
2728	35
2729	40
2730	41
2731	25
2732	32
2733	34
2734	44
2735	28
2736	34
2737	36
2738	31
2739	29
2740	38
2741	33
2742	41
2743	42
2744	47
2745	45
2746	35
2747	31
2748	42
2749	35
2750	33
2751	37
2752	37
2753	42
2754	40
2755	35
2756	36
2757	35
2758	32
2759	41
2760	33
2761	33
2762	42
2763	37
2764	39
2765	36
2766	35
2767	34
2768	27
2769	44
2770	39
2771	40
2772	49
2773	37
2774	32
2775	37
2776	29
2777	34
2778	32
2779	41
2780	50
2781	41
2782	35
2783	41
2784	33
2785	33
2786	34
2787	41
2788	32
2789	37
2790	38
2791	34
2792	36
2793	35
2794	35
2795	34
2796	38
2797	48
2798	37
2799	38
2800	35
2801	36
2802	36
2803	39
2804	30
2805	44
2806	39
2807	40
2808	28
2809	39
2810	44
2811	36
2812	29
2813	33
2814	23
2815	39
2816	38
2817	56
2818	33
2819	40
2820	39
2821	35
2822	34
2823	30
2824	37
2825	46
2826	45
2827	40
2828	51
2829	30
2830	29
2831	36
2832	30
2833	32
2834	33
2835	38
2836	40
2837	39
2838	41
2839	29
2840	40
2841	33
2842	33
2843	38
2844	39
2845	41
2846	43
2847	28
2848	34
2849	42
2850	34
2851	34
2852	29
2853	42
2854	37
2855	33
2856	49
2857	37
2858	42
2859	36
2860	37
2861	45
2862	35
2863	42
2864	38
2865	32
2866	32
2867	43
2868	33
2869	30
2870	37
2871	44
2872	34
2873	37
2874	34
2875	49
2876	35
2877	32
2878	36
2879	36
2880	34
2881	41
2882	32
2883	36
2884	32
2885	21
2886	35
2887	36
2888	37
2889	36
2890	37
2891	33
2892	35
2893	43
2894	33
2895	36
2896	31
2897	33
2898	24
2899	35
2900	35
2901	26
2902	25
2903	41
2904	36
2905	41
2906	35
2907	40
2908	32
2909	32
2910	34
2911	38
2912	39
2913	31
2914	43
2915	28
2916	28
2917	31
2918	40
2919	51
2920	48
2921	39
2922	38
2923	42
2924	52
2925	23
2926	51
2927	26
2928	37
2929	45
2930	36
2931	28
2932	40
2933	29
2934	37
2935	42
2936	36
2937	43
2938	41
2939	38
2940	26
2941	34
2942	39
2943	29
2944	31
2945	28
2946	32
2947	44
2948	42
2949	34
2950	34
2951	42
2952	41
2953	34
2954	30
2955	34
2956	33
2957	41
2958	32
2959	39
2960	36
2961	49
2962	26
2963	48
2964	32
2965	35
2966	37
2967	40
2968	28
2969	38
2970	37
2971	40
2972	37
2973	31
2974	46
2975	33
2976	40
2977	43
2978	27
2979	26
2980	37
2981	39
2982	46
2983	33
2984	35
2985	38
2986	33
2987	32
2988	40
2989	46
2990	31
2991	40
2992	41
2993	39
2994	31
2995	42
2996	41
2997	37
2998	33
2999	44
3000	32
3001	41
3002	43
3003	37
3004	30
3005	34
3006	26
3007	35
3008	34
3009	44
3010	30
3011	30
3012	32
3013	40
3014	35
3015	35
3016	39
3017	31
3018	33
3019	36
3020	45
3021	33
3022	32
3023	26
3024	41
3025	53
3026	43
3027	42
3028	32
3029	34
3030	45
3031	50
3032	30
3033	44
3034	31
3035	33
3036	33
3037	37
3038	35
3039	21
3040	27
3041	33
3042	32
3043	36
3044	36
3045	40
3046	40
3047	40
3048	37
3049	44
3050	46
3051	35
3052	47
3053	48
3054	40
3055	40
3056	51
3057	49
3058	36
3059	20
3060	36
3061	34
3062	37
3063	39
3064	42
3065	27
3066	31
3067	42
3068	36
3069	35
3070	28
3071	37
3072	42
3073	36
3074	29
3075	35
3076	30
3077	32
3078	35
3079	34
3080	36
3081	47
3082	26
3083	39
3084	31
3085	29
3086	31
3087	49
3088	34
3089	28
3090	49
3091	32
3092	33
3093	34
3094	43
3095	26
3096	32
3097	43
3098	36
3099	39
3100	32
3101	35
3102	41
3103	44
3104	31
3105	31
3106	48
3107	41
3108	33
3109	32
3110	30
3111	36
3112	34
3113	29
3114	23
3115	38
3116	45
3117	34
3118	38
3119	36
3120	35
3121	32
3122	37
3123	30
3124	36
3125	36
3126	41
3127	28
3128	51
3129	42
3130	36
3131	36
3132	36
3133	28
3134	37
3135	30
3136	30
3137	39
3138	37
3139	49
3140	33
3141	34
3142	39
3143	35
3144	31
3145	31
3146	36
3147	35
3148	29
3149	36
3150	32
3151	37
3152	37
3153	38
3154	40
3155	35
3156	40
3157	34
3158	36
3159	42
3160	38
3161	41
3162	32
3163	31
3164	47
3165	49
3166	41
3167	35
3168	39
3169	31
3170	25
3171	27
3172	38
3173	39
3174	33
3175	41
3176	40
3177	36
3178	47
3179	36
3180	39
3181	39
3182	33
3183	31
3184	22
3185	39
3186	42
3187	38
3188	26
3189	41
3190	33
3191	38
3192	31
3193	37
3194	25
3195	43
3196	33
3197	29
3198	32
3199	27
3200	48
3201	47
3202	40
3203	36
3204	40
3205	39
3206	25
3207	34
3208	37
3209	29
3210	41
3211	35
3212	30
3213	39
3214	33
3215	29
3216	32
3217	36
3218	33
3219	27
3220	32
3221	38
3222	41
3223	28
3224	27
3225	40
3226	41
3227	43
3228	26
3229	27
3230	33
3231	47
3232	30
3233	41
3234	43
3235	33
3236	24
3237	30
3238	31
3239	30
3240	32
3241	32
3242	50
3243	44
3244	25
3245	40
3246	37
3247	39
3248	41
3249	31
3250	40
3251	34
3252	32
3253	47
3254	35
3255	25
3256	42
3257	31
3258	35
3259	36
3260	25
3261	35
3262	40
3263	41
3264	24
3265	39
3266	51
3267	34
3268	35
3269	45
3270	35
3271	44
3272	31
3273	39
3274	39
3275	40
3276	40
3277	42
3278	30
3279	35
3280	37
3281	33
3282	38
3283	28
3284	31
3285	28
3286	38
3287	36
3288	33
3289	36
3290	40
3291	32
3292	37
3293	45
3294	44
3295	41
3296	32
3297	35
3298	26
3299	39
3300	41
3301	39
3302	32
3303	38
3304	40
3305	32
3306	33
3307	35
3308	41
3309	50
3310	41
3311	40
3312	42
3313	37
3314	35
3315	39
3316	38
3317	49
3318	45
3319	40
3320	38
3321	39
3322	41
3323	44
3324	37
3325	31
3326	37
3327	31
3328	28
3329	30
3330	46
3331	34
3332	28
3333	36
3334	36
3335	38
3336	34
3337	43
3338	39
3339	31
3340	34
3341	39
3342	45
3343	44
3344	53
3345	36
3346	31
3347	20
3348	38
3349	30
3350	43
3351	38
3352	32
3353	30
3354	37
3355	33
3356	36
3357	34
3358	30
3359	42
3360	40
3361	33
3362	32
3363	42
3364	39
3365	23
3366	34
3367	30
3368	31
3369	27
3370	32
3371	29
3372	40
3373	36
3374	33
3375	42
3376	32
3377	45
3378	39
3379	37
3380	40
3381	39
3382	39
3383	28
3384	36
3385	29
3386	41
3387	31
3388	39
3389	45
3390	30
3391	33
3392	45
3393	39
3394	39
3395	35
3396	33
3397	42
3398	35
3399	49
3400	26
3401	36
3402	44
3403	36
3404	30
3405	48
3406	48
3407	37
3408	43
3409	40
3410	23
3411	45
3412	37
3413	40
3414	38
3415	27
3416	42
3417	42
3418	39
3419	32
3420	39
3421	36
3422	37
3423	36
3424	36
3425	28
3426	31
3427	31
3428	41
3429	46
3430	39
3431	32
3432	39
3433	34
3434	32
3435	22
3436	46
3437	34
3438	37
3439	28
3440	43
3441	41
3442	30
3443	40
3444	53
3445	33
3446	25
3447	39
3448	26
3449	39
3450	38
3451	25
3452	37
3453	35
3454	26
3455	38
3456	44
3457	44
3458	33
3459	44
3460	27
3461	42
3462	36
3463	33
3464	38
3465	43
3466	35
3467	35
3468	42
3469	39
3470	30
3471	50
3472	26
3473	34
3474	43
3475	37
3476	30
3477	29
3478	37
3479	42
3480	35
3481	39
3482	27
3483	38
3484	38
3485	34
3486	30
3487	47
3488	48
3489	34
3490	32
3491	37
3492	32
3493	25
3494	31
3495	33
3496	29
3497	34
3498	36
3499	38
3500	37
3501	41
3502	44
3503	40
3504	37
3505	42
3506	36
3507	40
3508	33
3509	44
3510	41
3511	39
3512	32
3513	38
3514	29
3515	40
3516	29
3517	27
3518	45
3519	39
3520	35
3521	27
3522	26
3523	41
3524	42
3525	30
3526	34
3527	36
3528	36
3529	36
3530	46
3531	35
3532	32
3533	34
3534	38
3535	40
3536	35
3537	27
3538	44
3539	32
3540	28
3541	40
3542	35
3543	34
3544	35
3545	41
3546	25
3547	31
3548	31
3549	42
3550	34
3551	40
3552	35
3553	35
3554	33
3555	35
3556	31
3557	35
3558	43
3559	29
3560	40
3561	37
3562	28
3563	39
3564	42
3565	45
3566	35
3567	41
3568	31
3569	34
3570	31
3571	32
3572	41
3573	28
3574	36
3575	30
3576	42
3577	47
3578	39
3579	40
3580	38
3581	43
3582	23
3583	33
3584	37
3585	33
3586	47
3587	57
3588	41
3589	36
3590	40
3591	43
3592	43
3593	37
3594	32
3595	39
3596	48
3597	49
3598	41
3599	30
3600	36
3601	40
3602	42
3603	51
3604	33
3605	30
3606	39
3607	43
3608	38
3609	37
3610	47
3611	35
3612	29
3613	32
3614	26
3615	39
3616	37
3617	33
3618	40
3619	36
3620	40
3621	33
3622	25
3623	41
3624	34
3625	40
3626	29
3627	35
3628	41
3629	43
3630	41
3631	42
3632	29
3633	48
3634	40
3635	45
3636	45
3637	36
3638	39
3639	39
3640	32
3641	30
3642	30
3643	44
3644	38
3645	35
3646	35
3647	42
3648	46
3649	29
3650	43
3651	44
3652	37
3653	38
3654	46
3655	29
3656	37
3657	44
3658	42
3659	41
3660	44
3661	39
3662	36
3663	33
3664	41
3665	39
3666	43
3667	32
3668	35
3669	49
3670	31
3671	48
3672	39
3673	41
3674	42
3675	48
3676	44
3677	35
3678	35
3679	39
3680	45
3681	40
3682	34
3683	34
3684	46
3685	46
3686	36
3687	34
3688	43
3689	33
3690	43
3691	38
3692	46
3693	38
3694	43
3695	28
3696	35
3697	30
3698	38
3699	35
3700	26
3701	51
3702	46
3703	46
3704	33
3705	40
3706	36
3707	41
3708	34
3709	41
3710	48
3711	39
3712	37
3713	39
3714	44
3715	33
3716	32
3717	45
3718	42
3719	38
3720	31
3721	36
3722	43
3723	42
3724	44
3725	36
3726	37
3727	39
3728	32
3729	33
3730	41
3731	46
3732	44
3733	33
3734	40
3735	33
3736	50
3737	34
3738	47
3739	34
3740	33
3741	34
3742	39
3743	29
3744	48
3745	40
3746	33
3747	28
3748	48
3749	52
3750	40
3751	32
3752	36
3753	26
3754	35
3755	36
3756	28
3757	33
3758	35
3759	42
3760	54
3761	52
3762	35
3763	31
3764	42
3765	35
3766	29
3767	38
3768	32
3769	24
3770	45
3771	43
3772	42
3773	46
3774	33
3775	34
3776	37
3777	40
3778	40
3779	39
3780	33
3781	35
3782	35
3783	36
3784	50
3785	25
3786	49
3787	38
3788	45
3789	46
3790	37
3791	34
3792	41
3793	18
3794	32
3795	41
3796	37
3797	34
3798	40
3799	43
3800	41
3801	30
3802	36
3803	41
3804	41
3805	32
3806	32
3807	41
3808	42
3809	37
3810	48
3811	33
3812	42
3813	36
3814	31
3815	40
3816	36
3817	35
3818	39
3819	35
3820	36
3821	47
3822	44
3823	46
3824	42
3825	33
3826	42
3827	40
3828	39
3829	39
3830	33
3831	38
3832	41
3833	30
3834	29
3835	30
3836	39
3837	37
3838	30
3839	39
3840	34
3841	25
3842	48
3843	42
3844	47
3845	39
3846	41
3847	34
3848	45
3849	33
3850	42
3851	31
3852	37
3853	40
3854	37
3855	30
3856	35
3857	45
3858	46
3859	41
3860	34
3861	21
3862	43
3863	55
3864	45
3865	41
3866	39
3867	30
3868	38
3869	34
3870	36
3871	40
3872	31
3873	46
3874	34
3875	29
3876	39
3877	46
3878	50
3879	35
3880	36
3881	44
3882	36
3883	30
3884	34
3885	38
3886	36
3887	39
3888	43
3889	28
3890	37
3891	42
3892	37
3893	36
3894	39
3895	30
3896	37
3897	46
3898	31
3899	39
3900	37
3901	22
3902	37
3903	38
3904	43
3905	32
3906	39
3907	47
3908	46
3909	42
3910	39
3911	28
3912	49
3913	42
3914	46
3915	37
3916	42
3917	33
3918	46
3919	40
3920	32
3921	33
3922	36
3923	25
3924	34
3925	39
3926	31
3927	40
3928	46
3929	39
3930	49
3931	34
3932	45
3933	47
3934	40
3935	33
3936	41
3937	43
3938	41
3939	39
3940	28
3941	31
3942	39
3943	38
3944	44
3945	41
3946	46
3947	40
3948	39
3949	33
3950	48
3951	31
3952	45
3953	38
3954	33
3955	40
3956	39
3957	37
3958	40
3959	34
3960	37
3961	38
3962	29
3963	40
3964	39
3965	29
3966	38
3967	40
3968	44
3969	41
3970	30
3971	56
3972	25
3973	44
3974	37
3975	39
3976	45
3977	35
3978	37
3979	40
3980	31
3981	42
3982	42
3983	40
3984	31
3985	49
3986	44
3987	45
3988	37
3989	37
3990	35
3991	35
3992	51
3993	33
3994	40
3995	42
3996	36
3997	47
3998	31
3999	32
4000	35
4001	39
4002	31
4003	24
4004	26
4005	40
4006	44
4007	41
4008	43
4009	48
4010	43
4011	37
4012	37
4013	45
4014	30
4015	52
4016	35
4017	48
4018	29
4019	37
4020	38
4021	36
4022	36
4023	41
4024	42
4025	37
4026	40
4027	35
4028	35
4029	34
4030	36
4031	37
4032	38
4033	38
4034	28
4035	39
4036	45
4037	47
4038	26
4039	27
4040	42
4041	32
4042	37
4043	46
4044	45
4045	44
4046	40
4047	32
4048	37
4049	44
4050	38
4051	36
4052	39
4053	38
4054	47
4055	44
4056	30
4057	47
4058	33
4059	40
4060	40
4061	39
4062	33
4063	44
4064	33
4065	36
4066	46
4067	45
4068	46
4069	32
4070	43
4071	43
4072	42
4073	39
4074	36
4075	35
4076	46
4077	29
4078	35
4079	46
4080	34
4081	35
4082	30
4083	44
4084	38
4085	30
4086	46
4087	27
4088	38
4089	38
4090	46
4091	27
4092	30
4093	43
4094	28
4095	41
4096	46
4097	46
4098	44
4099	47
4100	39
4101	29
4102	41
4103	48
4104	46
4105	40
4106	32
4107	34
4108	41
4109	39
4110	34
4111	45
4112	42
4113	37
4114	39
4115	39
4116	38
4117	43
4118	45
4119	58
4120	44
4121	41
4122	40
4123	47
4124	44
4125	44
4126	37
4127	39
4128	32
4129	49
4130	29
4131	52
4132	46
4133	51
4134	44
4135	37
4136	36
4137	45
4138	27
4139	40
4140	42
4141	42
4142	47
4143	37
4144	33
4145	41
4146	51
4147	46
4148	42
4149	36
4150	43
4151	34
4152	46
4153	36
4154	29
4155	41
4156	38
4157	52
4158	46
4159	36
4160	43
4161	34
4162	39
4163	40
4164	44
4165	41
4166	47
4167	46
4168	35
4169	35
4170	43
4171	36
4172	45
4173	47
4174	34
4175	43
4176	48
4177	36
4178	50
4179	43
4180	33
4181	44
4182	42
4183	39
4184	43
4185	38
4186	42
4187	44
4188	33
4189	39
4190	52
4191	45
4192	49
4193	45
4194	36
4195	38
4196	49
4197	38
4198	36
4199	35
4200	54
4201	38
4202	55
4203	46
4204	42
4205	37
4206	43
4207	35
4208	51
4209	37
4210	41
4211	39
4212	55
4213	39
4214	52
4215	51
4216	45
4217	35
4218	39
4219	46
4220	43
4221	39
4222	38
4223	36
4224	29
4225	40
4226	40
4227	59
4228	42
4229	52
4230	47
4231	45
4232	42
4233	34
4234	48
4235	36
4236	40
4237	50
4238	42
4239	30
4240	44
4241	35
4242	34
4243	39
4244	37
4245	59
4246	37
4247	44
4248	48
4249	35
4250	50
4251	48
4252	37
4253	37
4254	46
4255	49
4256	40
4257	48
4258	31
4259	43
4260	51
4261	33
4262	39
4263	36
4264	40
4265	45
4266	29
4267	45
4268	43
4269	34
4270	44
4271	36
4272	35
4273	36
4274	42
4275	50
4276	35
4277	29
4278	46
4279	53
4280	45
4281	42
4282	36
4283	53
4284	42
4285	45
4286	46
4287	55
4288	37
4289	52
4290	46
4291	37
4292	48
4293	46
4294	34
4295	45
4296	33
4297	47
4298	37
4299	50
4300	28
4301	41
4302	39
4303	46
4304	45
4305	49
4306	55
4307	53
4308	39
4309	44
4310	46
4311	49
4312	46
4313	48
4314	49
4315	35
4316	48
4317	53
4318	49
4319	49
4320	35
4321	54
4322	45
4323	42
4324	57
4325	54
4326	47
4327	36
4328	36
4329	43
4330	55
4331	53
4332	50
4333	44
4334	34
4335	42
4336	52
4337	50
4338	34
4339	50
4340	36
4341	38
4342	34
4343	52
4344	47
4345	43
4346	38
4347	35
4348	45
4349	43
4350	43
4351	34
4352	48
4353	64
4354	56
4355	42
4356	39
4357	52
4358	45
4359	38
4360	50
4361	43
4362	36
4363	44
4364	52
4365	60
4366	47
4367	47
4368	45
4369	46
4370	49
4371	41
4372	45
4373	48
4374	36
4375	41
4376	40
4377	44
4378	34
4379	42
4380	46
4381	44
4382	38
4383	35
4384	52
4385	41
4386	51
4387	41
4388	56
4389	49
4390	44
4391	51
4392	70
4393	62
4394	47
4395	46
4396	42
4397	52
4398	36
4399	47
4400	45
4401	43
4402	48
4403	42
4404	47
4405	35
4406	42
4407	39
4408	40
4409	40
4410	65
4411	43
4412	38
4413	41
4414	46
4415	41
4416	44
4417	47
4418	46
4419	42
4420	45
4421	39
4422	66
4423	43
4424	47
4425	59
4426	44
4427	58
4428	39
4429	42
4430	56
4431	48
4432	41
4433	59
4434	48
4435	46
4436	35
4437	37
4438	51
4439	42
4440	44
4441	47
4442	47
4443	56
4444	53
4445	59
4446	41
4447	35
4448	56
4449	53
4450	50
4451	54
4452	37
4453	49
4454	40
4455	46
4456	50
4457	49
4458	44
4459	58
4460	40
4461	50
4462	55
4463	60
4464	49
4465	55
4466	47
4467	50
4468	57
4469	47
4470	56
4471	41
4472	47
4473	53
4474	48
4475	46
4476	31
4477	54
4478	44
4479	37
4480	69
4481	68
4482	50
4483	52
4484	42
4485	47
4486	49
4487	48
4488	54
4489	40
4490	47
4491	50
4492	52
4493	50
4494	52
4495	49
4496	46
4497	45
4498	39
4499	44
4500	44
4501	42
4502	50
4503	57
4504	57
4505	55
4506	49
4507	59
4508	49
4509	42
4510	46
4511	49
4512	58
4513	48
4514	45
4515	54
4516	38
4517	55
4518	51
4519	59
4520	45
4521	60
4522	41
4523	50
4524	54
4525	41
4526	59
4527	59
4528	60
4529	42
4530	50
4531	52
4532	61
4533	49
4534	62
4535	54
4536	50
4537	37
4538	44
4539	59
4540	39
4541	46
4542	44
4543	53
4544	49
4545	57
4546	55
4547	49
4548	48
4549	53
4550	39
4551	57
4552	58
4553	46
4554	57
4555	50
4556	39
4557	42
4558	54
4559	51
4560	59
4561	54
4562	44
4563	48
4564	66
4565	53
4566	50
4567	58
4568	48
4569	51
4570	49
4571	48
4572	63
4573	48
4574	64
4575	64
4576	44
4577	70
4578	56
4579	61
4580	49
4581	47
4582	53
4583	52
4584	44
4585	63
4586	39
4587	51
4588	61
4589	47
4590	49
4591	60
4592	46
4593	60
4594	51
4595	52
4596	51
4597	58
4598	58
4599	56
4600	46
4601	59
4602	44
4603	44
4604	54
4605	56
4606	54
4607	57
4608	61
4609	48
4610	41
4611	45
4612	56
4613	38
4614	51
4615	48
4616	52
4617	52
4618	50
4619	49
4620	43
4621	55
4622	57
4623	50
4624	55
4625	49
4626	55
4627	44
4628	50
4629	48
4630	45
4631	54
4632	59
4633	50
4634	51
4635	41
4636	52
4637	62
4638	64
4639	64
4640	55
4641	59
4642	55
4643	51
4644	54
4645	67
4646	55
4647	55
4648	59
4649	58
4650	63
4651	47
4652	61
4653	60
4654	45
4655	66
4656	72
4657	63
4658	57
4659	60
4660	62
4661	55
4662	45
4663	50
4664	54
4665	48
4666	56
4667	62
4668	65
4669	56
4670	54
4671	49
4672	41
4673	46
4674	58
4675	54
4676	57
4677	58
4678	58
4679	48
4680	43
4681	67
4682	52
4683	43
4684	40
4685	56
4686	62
4687	64
4688	59
4689	63
4690	53
4691	53
4692	66
4693	62
4694	55
4695	69
4696	49
4697	52
4698	49
4699	58
4700	73
4701	60
4702	52
4703	55
4704	55
4705	52
4706	61
4707	67
4708	53
4709	50
4710	51
4711	48
4712	52
4713	56
4714	63
4715	48
4716	54
4717	54
4718	55
4719	66
4720	60
4721	55
4722	42
4723	67
4724	59
4725	62
4726	65
4727	60
4728	66
4729	56
4730	62
4731	56
4732	66
4733	55
4734	59
4735	58
4736	60
4737	42
4738	76
4739	61
4740	75
4741	61
4742	62
4743	46
4744	71
4745	49
4746	52
4747	49
4748	49
4749	49
4750	53
4751	52
4752	54
4753	59
4754	71
4755	53
4756	48
4757	52
4758	60
4759	44
4760	68
4761	47
4762	64
4763	53
4764	64
4765	50
4766	43
4767	58
4768	61
4769	52
4770	69
4771	67
4772	63
4773	60
4774	63
4775	57
4776	57
4777	45
4778	69
4779	63
4780	68
4781	53
4782	70
4783	52
4784	60
4785	55
4786	63
4787	59
4788	62
4789	66
4790	51
4791	64
4792	53
4793	59
4794	49
4795	77
4796	55
4797	54
4798	60
4799	62
4800	56
4801	50
4802	59
4803	68
4804	65
4805	56
4806	65
4807	49
4808	57
4809	61
4810	61
4811	53
4812	60
4813	59
4814	56
4815	56
4816	60
4817	60
4818	66
4819	67
4820	52
4821	54
4822	55
4823	54
4824	57
4825	57
4826	72
4827	45
4828	66
4829	62
4830	54
4831	58
4832	73
4833	49
4834	59
4835	72
4836	52
4837	61
4838	67
4839	51
4840	52
4841	59
4842	42
4843	60
4844	44
4845	59
4846	52
4847	48
4848	51
4849	29
4850	50
4851	57
4852	49
4853	59
4854	35
4855	48
4856	46
4857	49
4858	49
4859	54
4860	48
4861	51
4862	55
4863	47
4864	45
4865	32
4866	37
4867	46
4868	66
4869	48
4870	47
4871	50
4872	42
4873	46
4874	46
4875	37
4876	57
4877	50
4878	35
4879	42
4880	55
4881	33
4882	51
4883	52
4884	43
4885	38
4886	51
4887	30
4888	47
4889	43
4890	43
4891	45
4892	49
4893	48
4894	54
4895	29
4896	37
4897	42
4898	33
4899	26
4900	49
4901	43
4902	38
4903	43
4904	32
4905	55
4906	54
4907	45
4908	44
4909	46
4910	47
4911	37
4912	53
4913	52
4914	42
4915	51
4916	41
4917	53
4918	45
4919	36
4920	39
4921	34
4922	44
4923	35
4924	44
4925	50
4926	42
4927	42
4928	34
4929	60
4930	50
4931	33
4932	47
4933	58
4934	52
4935	37
4936	45
4937	46
4938	36
4939	39
4940	41
4941	41
4942	43
4943	39
4944	33
4945	31
4946	34
4947	32
4948	42
4949	45
4950	41
4951	43
4952	46
4953	32
4954	38
4955	40
4956	42
4957	54
4958	41
4959	40
4960	34
4961	55
4962	58
4963	38
4964	37
4965	49
4966	37
4967	42
4968	35
4969	29
4970	43
4971	33
4972	40
4973	39
4974	42
4975	41
4976	40
4977	39
4978	29
4979	40
4980	38
4981	39
4982	40
4983	44
4984	39
4985	42
4986	33
4987	25
4988	31
4989	23
4990	45
4991	43
4992	50
4993	42
4994	38
4995	36
4996	39
4997	32
4998	41
4999	44
5000	33
5001	48
5002	38
5003	37
5004	44
5005	44
5006	36
5007	41
5008	32
5009	32
5010	41
5011	35
5012	34
5013	34
5014	43
5015	41
5016	35
5017	37
5018	47
5019	43
5020	41
5021	47
5022	43
5023	39
5024	48
5025	39
5026	44
5027	41
5028	47
5029	38
5030	30
5031	45
5032	49
5033	38
5034	46
5035	35
5036	35
5037	32
5038	40
5039	36
5040	39
5041	50
5042	40
5043	31
5044	35
5045	48
5046	46
5047	41
5048	29
5049	42
5050	35
5051	36
5052	44
5053	33
5054	48
5055	39
5056	38
5057	38
5058	46
5059	38
5060	32
5061	44
5062	44
5063	27
5064	41
5065	56
5066	30
5067	42
5068	46
5069	41
5070	35
5071	31
5072	39
5073	41
5074	34
5075	30
5076	39
5077	32
5078	31
5079	35
5080	43
5081	55
5082	39
5083	37
5084	41
5085	33
5086	37
5087	34
5088	39
5089	37
5090	29
5091	43
5092	37
5093	30
5094	43
5095	51
5096	37
5097	51
5098	38
5099	44
5100	44
5101	28
5102	34
5103	46
5104	40
5105	40
5106	31
5107	43
5108	44
5109	45
5110	39
5111	45
5112	45
5113	47
5114	28
5115	42
5116	36
5117	46
5118	31
5119	37
5120	32
5121	37
5122	33
5123	41
5124	49
5125	39
5126	34
5127	35
5128	37
5129	45
5130	50
5131	44
5132	46
5133	43
5134	34
5135	34
5136	42
5137	45
5138	39
5139	32
5140	44
5141	39
5142	37
5143	34
5144	34
5145	38
5146	44
5147	35
5148	40
5149	43
5150	34
5151	39
5152	26
5153	36
5154	34
5155	40
5156	38
5157	50
5158	40
5159	30
5160	34
5161	41
5162	39
5163	35
5164	41
5165	35
5166	43
5167	42
5168	36
5169	42
5170	34
5171	36
5172	45
5173	32
5174	37
5175	25
5176	33
5177	43
5178	47
5179	42
5180	46
5181	38
5182	47
5183	40
5184	42
5185	19
5186	44
5187	36
5188	43
5189	27
5190	33
5191	53
5192	35
5193	47
5194	40
5195	38
5196	46
5197	37
5198	46
5199	42
5200	51
5201	29
5202	40
5203	37
5204	43
5205	40
5206	30
5207	45
5208	32
5209	42
5210	34
5211	36
5212	27
5213	30
5214	37
5215	39
5216	43
5217	34
5218	32
5219	30
5220	36
5221	32
5222	37
5223	43
5224	37
5225	40
5226	36
5227	40
5228	36
5229	40
5230	42
5231	45
5232	44
5233	33
5234	39
5235	31
5236	22
5237	41
5238	42
5239	34
5240	38
5241	34
5242	44
5243	35
5244	33
5245	42
5246	29
5247	39
5248	33
5249	45
5250	40
5251	32
5252	39
5253	32
5254	28
5255	36
5256	27
5257	36
5258	39
5259	50
5260	31
5261	39
5262	37
5263	41
5264	32
5265	38
5266	40
5267	19
5268	42
5269	39
5270	41
5271	41
5272	37
5273	37
5274	32
5275	38
5276	37
5277	34
5278	36
5279	31
5280	37
5281	49
5282	28
5283	33
5284	32
5285	43
5286	35
5287	26
5288	34
5289	30
5290	33
5291	33
5292	28
5293	34
5294	35
5295	33
5296	28
5297	36
5298	36
5299	36
5300	35
5301	42
5302	33
5303	39
5304	41
5305	35
5306	39
5307	38
5308	42
5309	35
5310	41
5311	37
5312	26
5313	34
5314	40
5315	34
5316	35
5317	35
5318	46
5319	33
5320	35
5321	20
5322	43
5323	33
5324	39
5325	28
5326	20
5327	31
5328	28
5329	50
5330	37
5331	39
5332	33
5333	32
5334	35
5335	44
5336	37
5337	37
5338	35
5339	35
5340	39
5341	37
5342	32
5343	37
5344	39
5345	38
5346	37
5347	29
5348	32
5349	29
5350	27
5351	46
5352	25
5353	26
5354	32
5355	39
5356	36
5357	30
5358	40
5359	45
5360	38
5361	39
5362	41
5363	40
5364	44
5365	45
5366	42
5367	39
5368	37
5369	37
5370	41
5371	29
5372	28
5373	47
5374	33
5375	26
5376	36
5377	33
5378	43
5379	47
5380	41
5381	42
5382	42
5383	31
5384	39
5385	36
5386	45
5387	33
5388	41
5389	34
5390	34
5391	43
5392	37
5393	54
5394	35
5395	40
5396	39
5397	31
5398	39
5399	39
5400	47
5401	34
5402	35
5403	34
5404	29
5405	37
5406	49
5407	38
5408	29
5409	41
5410	47
5411	42
5412	43
5413	30
5414	40
5415	31
5416	41
5417	42
5418	38
5419	52
5420	42
5421	42
5422	46
5423	38
5424	34
5425	48
5426	40
5427	27
5428	32
5429	36
5430	39
5431	36
5432	33
5433	47
5434	38
5435	41
5436	49
5437	48
5438	37
5439	31
5440	47
5441	53
5442	40
5443	43
5444	29
5445	38
5446	33
5447	25
5448	39
5449	46
5450	37
5451	32
5452	35
5453	28
5454	41
5455	43
5456	29
5457	35
5458	42
5459	22
5460	41
5461	40
5462	28
5463	46
5464	35
5465	34
5466	41
5467	38
5468	40
5469	51
5470	53
5471	41
5472	42
5473	34
5474	42
5475	44
5476	46
5477	36
5478	37
5479	32
5480	31
5481	43
5482	40
5483	30
5484	45
5485	36
5486	46
5487	42
5488	45
5489	43
5490	47
5491	41
5492	47
5493	32
5494	31
5495	33
5496	43
5497	34
5498	36
5499	34
5500	44
5501	48
5502	45
5503	43
5504	31
5505	37
5506	37
5507	36
5508	31
5509	43
5510	32
5511	36
5512	33
5513	50
5514	31
5515	42
5516	31
5517	28
5518	47
5519	50
5520	40
5521	39
5522	40
5523	40
5524	36
5525	35
5526	46
5527	34
5528	49
5529	32
5530	33
5531	43
5532	28
5533	35
5534	46
5535	48
5536	37
5537	36
5538	46
5539	57
5540	51
5541	43
5542	39
5543	41
5544	43
5545	36
5546	38
5547	33
5548	36
5549	42
5550	43
5551	39
5552	48
5553	33
5554	43
5555	29
5556	39
5557	37
5558	36
5559	34
5560	40
5561	42
5562	42
5563	35
5564	36
5565	44
5566	45
5567	38
5568	35
5569	42
5570	38
5571	41
5572	40
5573	40
5574	30
5575	30
5576	43
5577	38
5578	39
5579	38
5580	31
5581	44
5582	48
5583	39
5584	46
5585	35
5586	42
5587	36
5588	38
5589	37
5590	35
5591	49
5592	41
5593	46
5594	40
5595	44
5596	36
5597	31
5598	36
5599	29
5600	33
5601	39
5602	45
5603	51
5604	47
5605	28
5606	36
5607	41
5608	39
5609	45
5610	46
5611	33
5612	33
5613	42
5614	40
5615	35
5616	31
5617	35
5618	34
5619	35
5620	33
5621	39
5622	27
5623	31
5624	23
5625	37
5626	30
5627	34
5628	35
5629	25
5630	36
5631	28
5632	33
5633	33
5634	36
5635	34
5636	34
5637	38
5638	34
5639	42
5640	32
5641	20
5642	35
5643	39
5644	25
5645	28
5646	30
5647	27
5648	40
5649	25
5650	17
5651	24
5652	32
5653	21
5654	27
5655	37
5656	20
5657	28
5658	31
5659	23
5660	31
5661	21
5662	19
5663	30
5664	29
5665	20
5666	32
5667	23
5668	23
5669	25
5670	22
5671	24
5672	36
5673	21
5674	21
5675	33
5676	15
5677	12
5678	28
5679	26
5680	23
5681	20
5682	20
5683	24
5684	22
5685	26
5686	23
5687	23
5688	14
5689	30
5690	30
5691	26
5692	22
5693	16
5694	18
5695	32
5696	28
5697	18
5698	31
5699	21
5700	19
5701	25
5702	25
5703	19
5704	28
5705	25
5706	33
5707	32
5708	27
5709	19
5710	20
5711	20
5712	21
5713	15
5714	15
5715	27
5716	28
5717	19
5718	15
5719	26
5720	19
5721	24
5722	20
5723	19
5724	13
5725	22
5726	16
5727	27
5728	25
5729	24
5730	21
5731	22
5732	22
5733	22
5734	15
5735	28
5736	18
5737	20
5738	22
5739	20
5740	22
5741	17
5742	31
5743	15
5744	26
5745	20
5746	24
5747	28
5748	33
5749	25
5750	25
5751	16
5752	27
5753	18
5754	20
5755	22
5756	24
5757	16
5758	24
5759	23
5760	28
5761	30
5762	20
5763	25
5764	15
5765	22
5766	23
5767	12
5768	18
5769	28
5770	20
5771	33
5772	17
5773	19
5774	31
5775	19
5776	25
5777	13
5778	36
5779	26
5780	16
5781	14
5782	18
5783	18
5784	20
5785	21
5786	21
5787	19
5788	16
5789	17
5790	25
5791	20
5792	22
5793	28
5794	28
5795	28
5796	21
5797	22
5798	28
5799	21
5800	15
5801	14
5802	31
5803	20
5804	22
5805	15
5806	22
5807	14
5808	20
5809	19
5810	21
5811	25
5812	29
5813	22
5814	22
5815	23
5816	21
5817	19
5818	13
5819	17
5820	13
5821	22
5822	28
5823	18
5824	26
5825	28
5826	12
5827	17
5828	15
5829	16
5830	23
5831	14
5832	20
5833	23
5834	28
5835	18
5836	18
5837	22
5838	23
5839	21
5840	25
5841	17
5842	11
5843	28
5844	25
5845	19
5846	21
5847	20
5848	19
5849	10
5850	28
5851	20
5852	18
5853	23
5854	19
5855	16
5856	21
5857	20
5858	22
5859	22
5860	30
5861	15
5862	21
5863	15
5864	19
5865	14
5866	20
5867	25
5868	18
5869	27
5870	30
5871	19
5872	26
5873	25
5874	30
5875	32
5876	33
5877	25
5878	25
5879	30
5880	37
5881	43
5882	35
5883	62
5884	50
5885	55
5886	61
5887	82
5888	94
5889	119
5890	192
5891	236
5892	319
5893	422
5894	630
5895	769
5896	1004
5897	1207
5898	1447
5899	1599
5900	1691
5901	1742
5902	1504
5903	1259
5904	1082
5905	812
5906	580
5907	369
5908	248
5909	157
5910	90
5911	55
5912	32
5913	30
5914	23
5915	17
5916	11
5917	14
5918	24
5919	20
5920	23
5921	8
5922	20
5923	12
5924	15
5925	17
5926	17
5927	10
5928	11
5929	11
5930	17
5931	22
5932	16
5933	14
5934	17
5935	23
5936	14
5937	14
5938	21
5939	15
5940	14
5941	17
5942	13
5943	12
5944	12
5945	13
5946	17
5947	16
5948	24
5949	15
5950	10
5951	7
5952	18
5953	17
5954	10
5955	22
5956	11
5957	10
5958	11
5959	10
5960	10
5961	13
5962	10
5963	20
5964	19
5965	15
5966	17
5967	15
5968	14
5969	15
5970	13
5971	12
5972	14
5973	11
5974	8
5975	10
5976	9
5977	12
5978	8
5979	13
5980	16
5981	6
5982	8
5983	16
5984	12
5985	11
5986	14
5987	8
5988	11
5989	16
5990	10
5991	12
5992	16
5993	16
5994	15
5995	12
5996	9
5997	15
5998	8
5999	6
6000	9
6001	13
6002	11
6003	16
6004	13
6005	4
6006	11
6007	10
6008	10
6009	8
6010	19
6011	12
6012	6
6013	15
6014	10
6015	13
6016	11
6017	11
6018	10
6019	11
6020	11
6021	5
6022	13
6023	7
6024	8
6025	12
6026	10
6027	9
6028	13
6029	6
6030	10
6031	8
6032	15
6033	15
6034	10
6035	10
6036	11
6037	11
6038	13
6039	7
6040	17
6041	10
6042	13
6043	4
6044	11
6045	16
6046	8
6047	8
6048	8
6049	7
6050	11
6051	10
6052	4
6053	5
6054	7
6055	10
6056	11
6057	12
6058	8
6059	15
6060	10
6061	16
6062	11
6063	11
6064	9
6065	10
6066	12
6067	9
6068	7
6069	19
6070	6
6071	10
6072	9
6073	11
6074	6
6075	7
6076	10
6077	12
6078	4
6079	9
6080	7
6081	10
6082	13
6083	3
6084	9
6085	8
6086	10
6087	9
6088	9
6089	10
6090	14
6091	7
6092	3
6093	10
6094	10
6095	6
6096	8
6097	9
6098	8
6099	12
6100	7
6101	3
6102	9
6103	11
6104	8
6105	10
6106	8
6107	9
6108	10
6109	7
6110	12
6111	7
6112	1
6113	8
6114	5
6115	10
6116	6
6117	8
6118	11
6119	10
6120	6
6121	11
6122	7
6123	2
6124	6
6125	8
6126	9
6127	6
6128	7
6129	7
6130	10
6131	8
6132	11
6133	8
6134	6
6135	6
6136	11
6137	9
6138	6
6139	7
6140	4
6141	10
6142	5
6143	9
6144	10
6145	11
6146	10
6147	9
6148	10
6149	9
6150	7
6151	7
6152	9
6153	8
6154	12
6155	2
6156	4
6157	5
6158	9
6159	11
6160	7
6161	4
6162	8
6163	8
6164	7
6165	8
6166	5
6167	6
6168	8
6169	11
6170	7
6171	7
6172	7
6173	7
6174	8
6175	10
6176	6
6177	11
6178	7
6179	11
6180	3
6181	7
6182	8
6183	9
6184	8
6185	7
6186	9
6187	6
6188	11
6189	12
6190	6
6191	4
6192	8
6193	7
6194	10
6195	5
6196	4
6197	10
6198	11
6199	13
6200	8
6201	3
6202	6
6203	6
6204	5
6205	5
6206	5
6207	2
6208	8
6209	7
6210	8
6211	5
6212	6
6213	4
6214	7
6215	5
6216	7
6217	5
6218	14
6219	8
6220	8
6221	4
6222	4
6223	5
6224	9
6225	6
6226	7
6227	5
6228	1
6229	9
6230	2
6231	5
6232	9
6233	6
6234	6
6235	11
6236	7
6237	5
6238	7
6239	14
6240	10
6241	2
6242	8
6243	4
6244	7
6245	6
6246	8
6247	9
6248	7
6249	6
6250	5
6251	7
6252	4
6253	5
6254	5
6255	6
6256	4
6257	8
6258	4
6259	6
6260	6
6261	4
6262	9
6263	6
6264	9
6265	7
6266	4
6267	7
6268	4
6269	3
6270	6
6271	1
6272	9
6273	6
6274	3
6275	7
6276	4
6277	2
6278	2
6279	7
6280	5
6281	4
6282	5
6283	8
6284	7
6285	4
6286	6
6287	5
6288	7
6289	9
6290	5
6291	4
6292	9
6293	5
6294	4
6295	6
6296	6
6297	7
6298	4
6299	4
6300	4
6301	10
6302	3
6303	4
6304	6
6305	7
6306	4
6307	6
6308	6
6309	7
6310	5
6311	8
6312	6
6313	1
6314	4
6315	5
6316	7
6317	7
6318	3
6319	3
6320	1
6321	6
6322	3
6323	4
6324	7
6325	8
6326	5
6327	3
6328	7
6329	6
6330	6
6331	8
6332	6
6333	5
6334	6
6335	6
6336	6
6337	2
6338	8
6339	6
6340	5
6341	4
6342	3
6343	4
6344	3
6345	11
6346	6
6347	3
6348	9
6349	6
6350	5
6351	7
6352	6
6353	6
6354	6
6355	5
6356	4
6357	11
6358	4
6359	2
6360	5
6361	4
6362	5
6363	2
6364	3
6365	7
6366	3
6367	4
6368	2
6369	3
6370	2
6371	5
6372	3
6373	8
6374	7
6375	3
6376	4
6377	7
6378	6
6379	7
6380	10
6381	3
6382	8
6383	2
6384	4
6385	5
6386	6
6387	5
6388	4
6389	6
6390	5
6391	5
6392	8
6393	4
6394	8
6395	1
6396	5
6397	2
6398	6
6399	1
6400	1
6401	4
6402	6
6403	3
6404	6
6405	5
6406	8
6407	4
6408	3
6409	10
6410	5
6411	4
6412	4
6413	5
6414	6
6415	0
6416	3
6417	2
6418	8
6419	4
6420	5
6421	3
6422	4
6423	6
6424	6
6425	1
6426	2
6427	4
6428	0
6429	7
6430	1
6431	6
6432	4
6433	4
6434	5
6435	6
6436	4
6437	8
6438	3
6439	9
6440	5
6441	7
6442	5
6443	4
6444	4
6445	5
6446	3
6447	4
6448	5
6449	6
6450	8
6451	5
6452	4
6453	4
6454	7
6455	4
6456	5
6457	4
6458	6
6459	5
6460	1
6461	6
6462	5
6463	6
6464	7
6465	2
6466	4
6467	3
6468	7
6469	5
6470	2
6471	5
6472	5
6473	5
6474	8
6475	5
6476	4
6477	7
6478	5
6479	3
6480	3
6481	4
6482	7
6483	3
6484	1
6485	3
6486	7
6487	4
6488	3
6489	8
6490	5
6491	3
6492	4
6493	2
6494	4
6495	3
6496	7
6497	9
6498	8
6499	4
6500	6
6501	2
6502	0
6503	2
6504	4
6505	4
6506	4
6507	8
6508	6
6509	4
6510	7
6511	2
6512	6
6513	4
6514	7
6515	5
6516	2
6517	2
6518	10
6519	2
6520	3
6521	4
6522	7
6523	4
6524	3
6525	7
6526	0
6527	4
6528	4
6529	2
6530	6
6531	1
6532	6
6533	7
6534	3
6535	1
6536	6
6537	2
6538	3
6539	6
6540	7
6541	4
6542	5
6543	5
6544	4
6545	7
6546	1
6547	4
6548	6
6549	2
6550	4
6551	4
6552	4
6553	4
6554	5
6555	5
6556	4
6557	3
6558	9
6559	4
6560	3
6561	6
6562	3
6563	7
6564	3
6565	3
6566	7
6567	5
6568	6
6569	4
6570	3
6571	5
6572	1
6573	8
6574	4
6575	2
6576	3
6577	6
6578	9
6579	4
6580	3
6581	4
6582	3
6583	1
6584	2
6585	3
6586	3
6587	5
6588	6
6589	3
6590	3
6591	3
6592	2
6593	4
6594	18
6595	8
6596	5
6597	3
6598	8
6599	8
6600	4
6601	3
6602	7
6603	5
6604	6
6605	2
6606	5
6607	7
6608	3
6609	2
6610	6
6611	2
6612	2
6613	6
6614	5
6615	5
6616	7
6617	3
6618	7
6619	3
6620	2
6621	7
6622	4
6623	3
6624	7
6625	4
6626	7
6627	2
6628	4
6629	4
6630	7
6631	3
6632	6
6633	5
6634	6
6635	5
6636	4
6637	5
6638	6
6639	3
6640	4
6641	7
6642	4
6643	3
6644	2
6645	3
6646	3
6647	4
6648	5
6649	2
6650	10
6651	4
6652	5
6653	3
6654	7
6655	10
6656	5
6657	4
6658	2
6659	7
6660	9
6661	5
6662	5
6663	8
6664	5
6665	9
6666	6
6667	8
6668	8
6669	5
6670	5
6671	10
6672	8
6673	10
6674	8
6675	8
6676	9
6677	7
6678	12
6679	16
6680	7
6681	18
6682	14
6683	10
6684	24
6685	30
6686	22
6687	30
6688	38
6689	44
6690	65
6691	79
6692	95
6693	124
6694	167
6695	235
6696	294
6697	429
6698	553
6699	668
6700	864
6701	1077
6702	1231
6703	1339
6704	1431
6705	1382
6706	1280
6707	1154
6708	876
6709	671
6710	465
6711	342
6712	257
6713	147
6714	78
6715	34
6716	22
6717	13
6718	11
6719	6
6720	7
6721	4
6722	5
6723	2
6724	2
6725	2
6726	5
6727	4
6728	2
6729	2
6730	4
6731	3
6732	0
6733	1
6734	2
6735	5
6736	0
6737	2
6738	3
6739	0
6740	3
6741	4
6742	6
6743	1
6744	2
6745	1
6746	1
6747	1
6748	0
6749	0
6750	1
6751	4
6752	1
6753	2
6754	2
6755	2
6756	1
6757	1
6758	1
6759	2
6760	1
6761	2
6762	2
6763	1
6764	1
6765	0
6766	2
6767	4
6768	2
6769	2
6770	0
6771	1
6772	1
6773	4
6774	2
6775	1
6776	3
6777	3
6778	0
6779	0
6780	2
6781	0
6782	1
6783	0
6784	1
6785	2
6786	0
6787	1
6788	2
6789	0
6790	1
6791	2
6792	0
6793	1
6794	3
6795	1
6796	3
6797	1
6798	0
6799	2
6800	1
6801	1
6802	2
6803	3
6804	1
6805	1
6806	3
6807	2
6808	0
6809	0
6810	2
6811	0
6812	1
6813	0
6814	1
6815	1
6816	1
6817	2
6818	1
6819	1
6820	0
6821	3
6822	1
6823	2
6824	0
6825	0
6826	1
6827	1
6828	1
6829	1
6830	1
6831	0
6832	1
6833	0
6834	2
6835	3
6836	0
6837	0
6838	0
6839	1
6840	1
6841	6
6842	1
6843	0
6844	1
6845	3
6846	1
6847	1
6848	0
6849	1
6850	1
6851	2
6852	0
6853	0
6854	0
6855	1
6856	0
6857	2
6858	1
6859	2
6860	0
6861	2
6862	1
6863	1
6864	1
6865	2
6866	0
6867	0
6868	1
6869	1
6870	1
6871	1
6872	1
6873	1
6874	0
6875	0
6876	0
6877	0
6878	0
6879	1
6880	2
6881	0
6882	1
6883	0
6884	0
6885	1
6886	0
6887	1
6888	0
6889	2
6890	1
6891	1
6892	1
6893	1
6894	0
6895	1
6896	0
6897	2
6898	0
6899	0
6900	1
6901	5
6902	1
6903	1
6904	0
6905	1
6906	1
6907	0
6908	0
6909	1
6910	1
6911	0
6912	0
6913	1
6914	1
6915	0
6916	0
6917	1
6918	2
6919	1
6920	1
6921	3
6922	2
6923	0
6924	2
6925	2
6926	1
6927	2
6928	2
6929	2
6930	2
6931	1
6932	0
6933	2
6934	4
6935	0
6936	0
6937	2
6938	1
6939	0
6940	1
6941	0
6942	0
6943	0
6944	1
6945	0
6946	2
6947	2
6948	1
6949	1
6950	0
6951	1
6952	3
6953	1
6954	2
6955	0
6956	1
6957	1
6958	3
6959	1
6960	2
6961	0
6962	1
6963	0
6964	0
6965	0
6966	0
6967	0
6968	0
6969	1
6970	1
6971	0
6972	2
6973	1
6974	1
6975	2
6976	2
6977	0
6978	2
6979	0
6980	0
6981	1
6982	0
6983	0
6984	1
6985	0
6986	2
6987	0
6988	1
6989	1
6990	1
6991	2
6992	2
6993	3
6994	2
6995	0
6996	1
6997	0
6998	1
6999	1
7000	0
7001	0
7002	0
7003	1
7004	0
7005	0
7006	0
7007	0
7008	1
7009	3
7010	0
7011	0
7012	1
7013	2
7014	0
7015	0
7016	0
7017	3
7018	1
7019	1
7020	1
7021	0
7022	2
7023	1
7024	0
7025	2
7026	1
7027	3
7028	0
7029	0
7030	2
7031	1
7032	2
7033	1
7034	1
7035	0
7036	1
7037	1
7038	0
7039	2
7040	1
7041	1
7042	0
7043	0
7044	2
7045	0
7046	1
7047	2
7048	0
7049	0
7050	2
7051	0
7052	1
7053	0
7054	0
7055	0
7056	1
7057	0
7058	0
7059	1
7060	2
7061	1
7062	0
7063	3
7064	1
7065	1
7066	0
7067	1
7068	1
7069	1
7070	1
7071	1
7072	0
7073	1
7074	1
7075	2
7076	1
7077	1
7078	2
7079	0
7080	1
7081	1
7082	0
7083	0
7084	1
7085	1
7086	0
7087	1
7088	1
7089	1
7090	2
7091	0
7092	0
7093	0
7094	1
7095	0
7096	0
7097	1
7098	0
7099	0
7100	1
7101	1
7102	2
7103	0
7104	1
7105	1
7106	1
7107	1
7108	2
7109	0
7110	1
7111	0
7112	1
7113	2
7114	1
7115	1
7116	0
7117	0
7118	1
7119	0
7120	1
7121	1
7122	0
7123	0
7124	1
7125	1
7126	2
7127	0
7128	0
7129	2
7130	0
7131	0
7132	0
7133	0
7134	1
7135	0
7136	1
7137	2
7138	0
7139	0
7140	1
7141	0
7142	0
7143	1
7144	0
7145	2
7146	0
7147	0
7148	1
7149	0
7150	2
7151	0
7152	1
7153	0
7154	0
7155	1
7156	1
7157	0
7158	3
7159	1
7160	2
7161	1
7162	1
7163	1
7164	0
7165	0
7166	0
7167	1
7168	0
7169	0
7170	1
7171	1
7172	1
7173	1
7174	2
7175	0
7176	0
7177	2
7178	0
7179	0
7180	0
7181	1
7182	0
7183	0
7184	1
7185	0
7186	0
7187	0
7188	0
7189	0
7190	0
7191	0
7192	0
7193	0
7194	0
7195	0
7196	0
7197	1
7198	0
7199	1
7200	0
7201	0
7202	1
7203	1
7204	1
7205	3
7206	3
7207	0
7208	0
7209	1
7210	1
7211	1
7212	0
7213	0
7214	0
7215	1
7216	0
7217	2
7218	2
7219	1
7220	1
7221	0
7222	0
7223	0
7224	0
7225	0
7226	1
7227	1
7228	0
7229	3
7230	1
7231	1
7232	0
7233	1
7234	0
7235	1
7236	1
7237	1
7238	0
7239	0
7240	1
7241	1
7242	0
7243	3
7244	2
7245	0
7246	1
7247	1
7248	1
7249	0
7250	1
7251	0
7252	0
7253	3
7254	0
7255	0
7256	2
7257	1
7258	0
7259	0
7260	1
7261	4
7262	0
7263	0
7264	1
7265	2
7266	1
7267	0
7268	1
7269	1
7270	1
7271	2
7272	1
7273	2
7274	0
7275	0
7276	1
7277	2
7278	0
7279	0
7280	1
7281	1
7282	0
7283	1
7284	1
7285	1
7286	0
7287	0
7288	0
7289	0
7290	0
7291	1
7292	1
7293	0
7294	1
7295	0
7296	2
7297	1
7298	2
7299	1
7300	1
7301	1
7302	1
7303	0
7304	2
7305	0
7306	1
7307	0
7308	1
7309	0
7310	1
7311	0
7312	0
7313	0
7314	1
7315	0
7316	0
7317	0
7318	0
7319	0
7320	1
7321	0
7322	0
7323	0
7324	1
7325	0
7326	0
7327	1
7328	0
7329	2
7330	0
7331	2
7332	3
7333	0
7334	3
7335	1
7336	1
7337	2
7338	1
7339	1
7340	3
7341	3
7342	3
7343	4
7344	9
7345	10
7346	14
7347	10
7348	18
7349	20
7350	20
7351	18
7352	17
7353	19
7354	22
7355	14
7356	12
7357	11
7358	10
7359	6
7360	7
7361	2
7362	1
7363	0
7364	1
7365	0
7366	0
7367	2
7368	0
7369	0
7370	0
7371	2
7372	0
7373	3
7374	0
7375	0
7376	0
7377	1
7378	0
7379	1
7380	0
7381	0
7382	1
7383	0
7384	0
7385	2
7386	1
7387	0
7388	0
7389	0
7390	0
7391	1
7392	0
7393	1
7394	0
7395	0
7396	0
7397	1
7398	0
7399	0
7400	1
7401	1
7402	1
7403	0
7404	0
7405	0
7406	1
7407	0
7408	0
7409	2
7410	1
7411	1
7412	0
7413	1
7414	2
7415	0
7416	0
7417	0
7418	0
7419	1
7420	0
7421	0
7422	1
7423	0
7424	1
7425	0
7426	1
7427	1
7428	0
7429	1
7430	0
7431	1
7432	2
7433	0
7434	3
7435	3
7436	0
7437	0
7438	0
7439	2
7440	2
7441	1
7442	1
7443	0
7444	0
7445	0
7446	2
7447	2
7448	1
7449	1
7450	1
7451	1
7452	1
7453	1
7454	0
7455	1
7456	1
7457	1
7458	1
7459	1
7460	0
7461	1
7462	1
7463	0
7464	0
7465	1
7466	0
7467	0
7468	0
7469	1
7470	0
7471	1
7472	0
7473	0
7474	1
7475	0
7476	0
7477	0
7478	0
7479	1
7480	1
7481	0
7482	1
7483	1
7484	0
7485	0
7486	2
7487	1
7488	1
7489	0
7490	0
7491	0
7492	2
7493	3
7494	0
7495	0
7496	1
7497	1
7498	1
7499	2
7500	3
7501	1
7502	1
7503	1
7504	3
7505	0
7506	2
7507	1
7508	0
7509	0
7510	0
7511	0
7512	0
7513	1
7514	2
7515	0
7516	0
7517	1
7518	1
7519	0
7520	2
7521	1
7522	2
7523	0
7524	0
7525	1
7526	0
7527	1
7528	0
7529	0
7530	0
7531	0
7532	1
7533	1
7534	0
7535	1
7536	1
7537	1
7538	0
7539	0
7540	1
7541	0
7542	0
7543	1
7544	1
7545	0
7546	0
7547	1
7548	0
7549	1
7550	1
7551	0
7552	1
7553	0
7554	0
7555	0
7556	0
7557	0
7558	0
7559	1
7560	1
7561	0
7562	0
7563	3
7564	0
7565	0
7566	0
7567	0
7568	0
7569	0
7570	0
7571	3
7572	1
7573	2
7574	1
7575	0
7576	0
7577	1
7578	0
7579	1
7580	0
7581	0
7582	0
7583	0
7584	0
7585	0
7586	0
7587	1
7588	0
7589	1
7590	0
7591	2
7592	0
7593	0
7594	0
7595	1
7596	0
7597	1
7598	2
7599	2
7600	1
7601	1
7602	1
7603	0
7604	1
7605	1
7606	0
7607	1
7608	1
7609	0
7610	0
7611	0
7612	1
7613	0
7614	0
7615	2
7616	0
7617	0
7618	0
7619	0
7620	2
7621	0
7622	2
7623	0
7624	0
7625	0
7626	0
7627	0
7628	0
7629	0
7630	0
7631	1
7632	1
7633	0
7634	1
7635	1
7636	1
7637	1
7638	1
7639	1
7640	1
7641	1
7642	2
7643	1
7644	1
7645	0
7646	2
7647	0
7648	0
7649	1
7650	0
7651	0
7652	1
7653	0
7654	1
7655	1
7656	1
7657	0
7658	0
7659	0
7660	0
7661	0
7662	2
7663	2
7664	0
7665	0
7666	0
7667	0
7668	0
7669	0
7670	1
7671	0
7672	0
7673	2
7674	2
7675	0
7676	1
7677	2
7678	0
7679	0
7680	0
7681	0
7682	0
7683	1
7684	0
7685	0
7686	0
7687	0
7688	0
7689	0
7690	0
7691	0
7692	0
7693	0
7694	0
7695	1
7696	1
7697	0
7698	0
7699	1
7700	0
7701	0
7702	0
7703	1
7704	1
7705	0
7706	1
7707	1
7708	0
7709	0
7710	0
7711	0
7712	0
7713	1
7714	0
7715	0
7716	1
7717	0
7718	1
7719	0
7720	0
7721	0
7722	1
7723	0
7724	1
7725	1
7726	0
7727	0
7728	1
7729	2
7730	0
7731	2
7732	0
7733	0
7734	2
7735	1
7736	2
7737	1
7738	0
7739	1
7740	1
7741	1
7742	1
7743	1
7744	3
7745	0
7746	0
7747	0
7748	0
7749	1
7750	2
7751	1
7752	0
7753	2
7754	1
7755	0
7756	1
7757	0
7758	0
7759	0
7760	1
7761	0
7762	0
7763	0
7764	2
7765	0
7766	2
7767	2
7768	1
7769	0
7770	0
7771	1
7772	0
7773	2
7774	1
7775	0
7776	0
7777	1
7778	1
7779	3
7780	0
7781	1
7782	0
7783	1
7784	0
7785	1
7786	0
7787	1
7788	0
7789	0
7790	1
7791	2
7792	0
7793	2
7794	1
7795	0
7796	1
7797	1
7798	1
7799	0
7800	1
7801	0
7802	1
7803	0
7804	0
7805	0
7806	0
7807	0
7808	0
7809	0
7810	0
7811	0
7812	0
7813	1
7814	0
7815	2
7816	0
7817	0
7818	2
7819	0
7820	1
7821	0
7822	0
7823	0
7824	0
7825	0
7826	0
7827	1
7828	1
7829	0
7830	0
7831	0
7832	2
7833	0
7834	1
7835	0
7836	0
7837	1
7838	1
7839	1
7840	0
7841	1
7842	3
7843	1
7844	0
7845	1
7846	0
7847	0
7848	0
7849	1
7850	0
7851	0
7852	1
7853	0
7854	1
7855	0
7856	1
7857	0
7858	0
7859	0
7860	1
7861	0
7862	1
7863	0
7864	0
7865	0
7866	1
7867	1
7868	0
7869	2
7870	0
7871	0
7872	0
7873	1
7874	0
7875	1
7876	1
7877	0
7878	1
7879	0
7880	0
7881	0
7882	0
7883	0
7884	0
7885	1
7886	0
7887	2
7888	1
7889	0
7890	1
7891	0
7892	1
7893	1
7894	1
7895	0
7896	3
7897	0
7898	1
7899	0
7900	2
7901	1
7902	0
7903	0
7904	0
7905	0
7906	0
7907	0
7908	0
7909	1
7910	1
7911	0
7912	1
7913	0
7914	0
7915	2
7916	0
7917	0
7918	2
7919	0
7920	1
7921	0
7922	1
7923	0
7924	1
7925	1
7926	0
7927	0
7928	0
7929	0
7930	2
7931	0
7932	0
7933	0
7934	0
7935	0
7936	0
7937	0
7938	1
7939	0
7940	0
7941	0
7942	2
7943	0
7944	0
7945	1
7946	0
7947	0
7948	1
7949	0
7950	0
7951	2
7952	0
7953	1
7954	0
7955	0
7956	0
7957	0
7958	2
7959	2
7960	0
7961	0
7962	0
7963	0
7964	0
7965	0
7966	0
7967	0
7968	0
7969	1
7970	0
7971	1
7972	0
7973	0
7974	0
7975	2
7976	0
7977	0
7978	0
7979	0
7980	0
7981	0
7982	0
7983	0
7984	0
7985	0
7986	0
7987	0
7988	0
7989	0
7990	1
7991	1
7992	0
7993	1
7994	2
7995	3
7996	1
7997	0
7998	0
7999	1
8000	0
8001	0
8002	0
8003	0
8004	0
8005	0
8006	0
8007	1
8008	2
8009	0
8010	2
8011	0
8012	0
8013	0
8014	0
8015	2
8016	3
8017	0
8018	1
8019	1
8020	0
8021	1
8022	0
8023	0
8024	0
8025	0
8026	0
8027	0
8028	0
8029	0
8030	1
8031	0
8032	0
8033	1
8034	0
8035	0
8036	0
8037	0
8038	1
8039	1
8040	0
8041	0
8042	0
8043	0
8044	2
8045	1
8046	0
8047	0
8048	0
8049	0
8050	1
8051	0
8052	0
8053	0
8054	2
8055	1
8056	0
8057	0
8058	0
8059	1
8060	0
8061	0
8062	1
8063	0
8064	1
8065	0
8066	0
8067	0
8068	0
8069	0
8070	0
8071	0
8072	0
8073	0
8074	0
8075	0
8076	0
8077	0
8078	0
8079	1
8080	1
8081	1
8082	2
8083	0
8084	0
8085	0
8086	0
8087	0
8088	0
8089	0
8090	0
8091	1
8092	0
8093	0
8094	1
8095	0
8096	0
8097	1
8098	1
8099	0
8100	0
8101	3
8102	1
8103	1
8104	1
8105	0
8106	1
8107	0
8108	2
8109	0
8110	0
8111	1
8112	1
8113	1
8114	1
8115	0
8116	0
8117	0
8118	0
8119	2
8120	2
8121	0
8122	0
8123	1
8124	0
8125	1
8126	0
8127	0
8128	1
8129	1
8130	0
8131	0
8132	0
8133	1
8134	0
8135	0
8136	0
8137	0
8138	0
8139	0
8140	0
8141	2
8142	1
8143	0
8144	0
8145	0
8146	0
8147	1
8148	0
8149	0
8150	2
8151	2
8152	0
8153	1
8154	1
8155	0
8156	1
8157	1
8158	1
8159	0
8160	1
8161	1
8162	0
8163	1
8164	0
8165	0
8166	0
8167	0
8168	0
8169	0
8170	0
8171	0
8172	1
8173	0
8174	0
8175	0
8176	0
8177	0
8178	0
8179	0
8180	0
8181	0
8182	0
8183	0
8184	0
8185	0
8186	0
8187	0
8188	0
8189	0
8190	0
8191	0
