0	0
1	0
2	0
3	0
4	0
5	0
6	0
7	0
8	0
9	0
10	0
11	0
12	0
13	0
14	0
15	0
16	0
17	0
18	0
19	0
20	0
21	0
22	0
23	0
24	0
25	0
26	0
27	0
28	0
29	0
30	0
31	0
32	0
33	0
34	0
35	0
36	0
37	0
38	0
39	0
40	0
41	0
42	0
43	0
44	0
45	0
46	0
47	0
48	0
49	0
50	0
51	7
52	22
53	54
54	104
55	197
56	207
57	215
58	225
59	214
60	233
61	212
62	211
63	197
64	235
65	281
66	266
67	246
68	264
69	272
70	220
71	283
72	274
73	271
74	268
75	328
76	262
77	279
78	283
79	320
80	298
81	282
82	345
83	310
84	317
85	325
86	360
87	371
88	359
89	384
90	396
91	399
92	342
93	376
94	425
95	421
96	426
97	408
98	407
99	442
100	433
101	451
102	447
103	481
104	464
105	475
106	497
107	473
108	504
109	488
110	493
111	495
112	513
113	528
114	549
115	589
116	525
117	599
118	560
119	545
120	580
121	580
122	584
123	591
124	583
125	585
126	577
127	605
128	602
129	613
130	657
131	655
132	580
133	609
134	592
135	626
136	620
137	637
138	627
139	590
140	678
141	649
142	607
143	623
144	636
145	627
146	576
147	624
148	594
149	622
150	633
151	580
152	625
153	668
154	611
155	623
156	640
157	653
158	662
159	612
160	635
161	612
162	620
163	596
164	673
165	638
166	613
167	643
168	620
169	623
170	634
171	613
172	560
173	652
174	623
175	634
176	608
177	614
178	661
179	576
180	651
181	581
182	552
183	597
184	609
185	605
186	580
187	601
188	608
189	578
190	616
191	625
192	595
193	575
194	571
195	593
196	527
197	571
198	597
199	568
200	550
201	557
202	543
203	562
204	568
205	567
206	554
207	569
208	563
209	549
210	579
211	570
212	532
213	569
214	545
215	585
216	562
217	545
218	608
219	614
220	545
221	523
222	524
223	545
224	546
225	509
226	541
227	535
228	544
229	556
230	520
231	497
232	493
233	559
234	506
235	541
236	522
237	503
238	514
239	500
240	520
241	464
242	581
243	498
244	527
245	519
246	523
247	542
248	518
249	508
250	504
251	538
252	492
253	495
254	535
255	521
256	493
257	489
258	498
259	502
260	487
261	475
262	488
263	526
264	483
265	453
266	484
267	507
268	515
269	484
270	451
271	486
272	485
273	463
274	461
275	513
276	498
277	463
278	495
279	491
280	469
281	504
282	451
283	463
284	462
285	454
286	450
287	477
288	447
289	454
290	442
291	450
292	425
293	462
294	431
295	440
296	424
297	454
298	454
299	406
300	445
301	443
302	442
303	415
304	454
305	455
306	445
307	450
308	387
309	431
310	463
311	442
312	440
313	445
314	438
315	441
316	447
317	389
318	415
319	432
320	409
321	449
322	419
323	388
324	456
325	403
326	429
327	423
328	441
329	434
330	412
331	388
332	405
333	442
334	392
335	414
336	421
337	412
338	431
339	426
340	445
341	405
342	418
343	421
344	445
345	398
346	430
347	390
348	391
349	409
350	406
351	377
352	415
353	429
354	435
355	398
356	397
357	425
358	421
359	396
360	401
361	386
362	438
363	435
364	423
365	413
366	377
367	445
368	418
369	412
370	415
371	400
372	411
373	430
374	417
375	390
376	428
377	417
378	451
379	429
380	407
381	389
382	448
383	397
384	424
385	440
386	431
387	423
388	414
389	392
390	414
391	435
392	454
393	430
394	417
395	416
396	393
397	439
398	402
399	433
400	387
401	428
402	403
403	415
404	409
405	402
406	439
407	399
408	405
409	409
410	462
411	418
412	407
413	418
414	383
415	418
416	400
417	456
418	431
419	420
420	381
421	424
422	403
423	382
424	413
425	363
426	420
427	416
428	414
429	407
430	461
431	380
432	388
433	420
434	374
435	395
436	401
437	381
438	396
439	412
440	443
441	419
442	390
443	406
444	383
445	399
446	399
447	422
448	416
449	409
450	378
451	445
452	424
453	395
454	384
455	409
456	359
457	377
458	390
459	338
460	385
461	365
462	345
463	401
464	383
465	375
466	372
467	366
468	359
469	379
470	391
471	361
472	344
473	365
474	358
475	381
476	371
477	396
478	364
479	384
480	375
481	383
482	360
483	402
484	375
485	395
486	369
487	343
488	396
489	336
490	391
491	363
492	371
493	380
494	373
495	378
496	359
497	369
498	372
499	356
500	346
501	349
502	365
503	355
504	378
505	345
506	340
507	367
508	342
509	330
510	353
511	336
512	343
513	354
514	368
515	383
516	332
517	340
518	335
519	373
520	337
521	352
522	367
523	338
524	373
525	385
526	366
527	357
528	338
529	333
530	325
531	371
532	336
533	332
534	306
535	340
536	333
537	328
538	328
539	298
540	332
541	335
542	348
543	321
544	334
545	341
546	333
547	319
548	363
549	353
550	332
551	311
552	319
553	333
554	335
555	329
556	319
557	366
558	336
559	327
560	365
561	318
562	305
563	323
564	320
565	333
566	328
567	309
568	308
569	347
570	298
571	326
572	311
573	326
574	328
575	291
576	336
577	317
578	351
579	302
580	344
581	316
582	314
583	341
584	321
585	309
586	308
587	274
588	336
589	299
590	341
591	317
592	333
593	319
594	344
595	307
596	296
597	305
598	316
599	311
600	300
601	331
602	305
603	338
604	328
605	312
606	286
607	299
608	330
609	290
610	308
611	312
612	326
613	301
614	328
615	305
616	324
617	308
618	271
619	272
620	311
621	279
622	286
623	316
624	311
625	315
626	313
627	302
628	338
629	292
630	297
631	315
632	301
633	317
634	266
635	298
636	300
637	278
638	308
639	293
640	321
641	282
642	277
643	281
644	300
645	294
646	254
647	274
648	286
649	261
650	295
651	259
652	274
653	301
654	301
655	293
656	313
657	264
658	260
659	296
660	285
661	283
662	289
663	286
664	303
665	261
666	329
667	309
668	266
669	269
670	258
671	264
672	271
673	280
674	264
675	249
676	287
677	270
678	247
679	299
680	238
681	279
682	285
683	258
684	250
685	303
686	270
687	282
688	273
689	250
690	268
691	272
692	248
693	262
694	263
695	287
696	216
697	259
698	287
699	250
700	266
701	258
702	235
703	262
704	275
705	263
706	217
707	247
708	276
709	254
710	243
711	264
712	241
713	245
714	254
715	273
716	260
717	254
718	275
719	230
720	235
721	241
722	252
723	258
724	247
725	229
726	230
727	279
728	262
729	235
730	262
731	233
732	249
733	237
734	222
735	223
736	246
737	269
738	242
739	244
740	231
741	241
742	239
743	238
744	259
745	254
746	243
747	232
748	240
749	242
750	230
751	247
752	253
753	269
754	241
755	242
756	241
757	264
758	242
759	268
760	238
761	233
762	244
763	256
764	249
765	256
766	272
767	234
768	221
769	227
770	233
771	264
772	230
773	229
774	222
775	229
776	231
777	279
778	233
779	240
780	222
781	233
782	221
783	228
784	251
785	234
786	268
787	231
788	224
789	250
790	241
791	261
792	212
793	250
794	226
795	244
796	228
797	215
798	225
799	226
800	212
801	227
802	241
803	234
804	229
805	259
806	234
807	215
808	248
809	235
810	205
811	237
812	207
813	231
814	218
815	224
816	236
817	210
818	223
819	212
820	217
821	196
822	202
823	230
824	200
825	225
826	234
827	232
828	238
829	210
830	235
831	226
832	206
833	230
834	235
835	229
836	232
837	215
838	225
839	245
840	236
841	213
842	260
843	242
844	228
845	205
846	218
847	214
848	210
849	201
850	222
851	229
852	219
853	227
854	200
855	209
856	195
857	226
858	261
859	211
860	237
861	226
862	229
863	218
864	227
865	233
866	217
867	221
868	208
869	226
870	239
871	216
872	212
873	218
874	233
875	216
876	213
877	228
878	222
879	207
880	208
881	191
882	202
883	211
884	202
885	213
886	201
887	167
888	225
889	206
890	239
891	208
892	203
893	221
894	215
895	227
896	190
897	222
898	193
899	208
900	225
901	205
902	218
903	214
904	208
905	185
906	207
907	179
908	190
909	212
910	210
911	184
912	190
913	216
914	196
915	203
916	222
917	219
918	206
919	213
920	215
921	185
922	224
923	204
924	200
925	211
926	214
927	185
928	230
929	230
930	210
931	201
932	215
933	189
934	189
935	201
936	208
937	208
938	180
939	193
940	195
941	187
942	203
943	207
944	199
945	188
946	204
947	203
948	189
949	199
950	202
951	189
952	183
953	188
954	217
955	193
956	199
957	190
958	199
959	180
960	190
961	176
962	203
963	204
964	203
965	196
966	179
967	170
968	227
969	189
970	186
971	186
972	192
973	212
974	198
975	180
976	209
977	180
978	191
979	179
980	191
981	200
982	204
983	200
984	192
985	174
986	192
987	190
988	185
989	183
990	189
991	166
992	178
993	200
994	199
995	211
996	179
997	194
998	157
999	192
1000	204
1001	150
1002	181
1003	187
1004	199
1005	170
1006	172
1007	168
1008	177
1009	178
1010	177
1011	193
1012	178
1013	186
1014	182
1015	224
1016	192
1017	186
1018	187
1019	179
1020	169
1021	184
1022	197
1023	178
1024	166
1025	202
1026	196
1027	201
1028	185
1029	161
1030	198
1031	180
1032	179
1033	183
1034	189
1035	167
1036	181
1037	164
1038	161
1039	160
1040	196
1041	161
1042	181
1043	178
1044	176
1045	193
1046	178
1047	187
1048	180
1049	186
1050	182
1051	178
1052	189
1053	182
1054	186
1055	192
1056	204
1057	197
1058	173
1059	171
1060	168
1061	156
1062	171
1063	197
1064	176
1065	174
1066	178
1067	196
1068	186
1069	184
1070	187
1071	195
1072	180
1073	153
1074	195
1075	170
1076	197
1077	167
1078	176
1079	197
1080	181
1081	182
1082	184
1083	198
1084	159
1085	171
1086	179
1087	166
1088	170
1089	198
1090	193
1091	183
1092	176
1093	175
1094	190
1095	178
1096	187
1097	181
1098	179
1099	180
1100	169
1101	177
1102	144
1103	153
1104	169
1105	176
1106	171
1107	163
1108	199
1109	201
1110	176
1111	191
1112	181
1113	183
1114	153
1115	162
1116	169
1117	174
1118	188
1119	153
1120	151
1121	167
1122	158
1123	195
1124	164
1125	171
1126	171
1127	185
1128	174
1129	164
1130	159
1131	171
1132	132
1133	158
1134	174
1135	171
1136	144
1137	166
1138	161
1139	183
1140	167
1141	166
1142	155
1143	159
1144	137
1145	156
1146	168
1147	131
1148	162
1149	159
1150	174
1151	168
1152	152
1153	160
1154	142
1155	152
1156	160
1157	126
1158	150
1159	159
1160	150
1161	171
1162	154
1163	148
1164	175
1165	130
1166	172
1167	161
1168	151
1169	160
1170	169
1171	141
1172	128
1173	151
1174	169
1175	152
1176	167
1177	154
1178	155
1179	151
1180	140
1181	143
1182	159
1183	152
1184	151
1185	137
1186	158
1187	147
1188	164
1189	160
1190	135
1191	132
1192	148
1193	163
1194	147
1195	152
1196	143
1197	138
1198	138
1199	167
1200	151
1201	141
1202	135
1203	139
1204	143
1205	149
1206	156
1207	164
1208	141
1209	161
1210	178
1211	159
1212	159
1213	160
1214	146
1215	128
1216	128
1217	140
1218	152
1219	132
1220	155
1221	128
1222	147
1223	147
1224	130
1225	154
1226	145
1227	136
1228	127
1229	144
1230	161
1231	156
1232	149
1233	143
1234	127
1235	155
1236	139
1237	147
1238	145
1239	132
1240	143
1241	131
1242	140
1243	148
1244	149
1245	149
1246	152
1247	142
1248	155
1249	131
1250	151
1251	161
1252	135
1253	146
1254	149
1255	160
1256	153
1257	115
1258	142
1259	142
1260	144
1261	148
1262	142
1263	129
1264	145
1265	139
1266	129
1267	167
1268	154
1269	145
1270	156
1271	146
1272	143
1273	155
1274	145
1275	160
1276	154
1277	144
1278	153
1279	140
1280	134
1281	150
1282	140
1283	146
1284	140
1285	136
1286	130
1287	139
1288	121
1289	140
1290	148
1291	145
1292	143
1293	149
1294	133
1295	146
1296	150
1297	145
1298	149
1299	169
1300	151
1301	141
1302	160
1303	149
1304	151
1305	161
1306	160
1307	168
1308	152
1309	150
1310	151
1311	139
1312	132
1313	124
1314	146
1315	143
1316	141
1317	142
1318	144
1319	142
1320	147
1321	170
1322	150
1323	164
1324	144
1325	146
1326	138
1327	131
1328	158
1329	141
1330	142
1331	158
1332	156
1333	142
1334	138
1335	149
1336	185
1337	148
1338	139
1339	153
1340	155
1341	117
1342	153
1343	146
1344	162
1345	139
1346	124
1347	144
1348	139
1349	131
1350	151
1351	142
1352	144
1353	135
1354	136
1355	136
1356	125
1357	148
1358	140
1359	138
1360	138
1361	126
1362	138
1363	142
1364	121
1365	141
1366	124
1367	152
1368	136
1369	123
1370	144
1371	146
1372	139
1373	137
1374	133
1375	146
1376	126
1377	151
1378	111
1379	144
1380	132
1381	132
1382	146
1383	143
1384	133
1385	116
1386	128
1387	156
1388	148
1389	134
1390	121
1391	146
1392	153
1393	160
1394	133
1395	128
1396	142
1397	131
1398	147
1399	151
1400	146
1401	128
1402	134
1403	135
1404	128
1405	131
1406	104
1407	129
1408	129
1409	133
1410	131
1411	145
1412	146
1413	127
1414	141
1415	119
1416	145
1417	122
1418	147
1419	131
1420	125
1421	126
1422	136
1423	122
1424	132
1425	119
1426	134
1427	141
1428	135
1429	159
1430	134
1431	123
1432	141
1433	138
1434	122
1435	107
1436	138
1437	132
1438	137
1439	145
1440	156
1441	144
1442	149
1443	140
1444	126
1445	130
1446	128
1447	129
1448	148
1449	143
1450	124
1451	119
1452	127
1453	118
1454	125
1455	121
1456	136
1457	125
1458	129
1459	125
1460	124
1461	119
1462	112
1463	129
1464	136
1465	132
1466	137
1467	130
1468	123
1469	113
1470	106
1471	117
1472	143
1473	136
1474	132
1475	127
1476	103
1477	144
1478	129
1479	127
1480	129
1481	121
1482	103
1483	140
1484	124
1485	114
1486	142
1487	137
1488	143
1489	121
1490	129
1491	137
1492	123
1493	127
1494	136
1495	142
1496	127
1497	116
1498	117
1499	137
1500	119
1501	132
1502	131
1503	113
1504	117
1505	140
1506	131
1507	136
1508	143
1509	136
1510	127
1511	144
1512	105
1513	123
1514	135
1515	118
1516	123
1517	119
1518	122
1519	128
1520	116
1521	145
1522	119
1523	118
1524	138
1525	136
1526	131
1527	120
1528	122
1529	119
1530	100
1531	132
1532	125
1533	138
1534	116
1535	116
1536	120
1537	102
1538	126
1539	123
1540	125
1541	119
1542	135
1543	115
1544	131
1545	113
1546	115
1547	112
1548	122
1549	126
1550	112
1551	123
1552	112
1553	119
1554	114
1555	111
1556	121
1557	124
1558	119
1559	126
1560	108
1561	131
1562	105
1563	129
1564	121
1565	125
1566	109
1567	123
1568	99
1569	100
1570	131
1571	111
1572	112
1573	95
1574	126
1575	132
1576	134
1577	128
1578	136
1579	111
1580	138
1581	123
1582	104
1583	121
1584	110
1585	105
1586	105
1587	126
1588	116
1589	112
1590	111
1591	120
1592	135
1593	115
1594	129
1595	113
1596	109
1597	132
1598	128
1599	99
1600	115
1601	126
1602	123
1603	113
1604	118
1605	119
1606	122
1607	124
1608	117
1609	107
1610	106
1611	122
1612	118
1613	113
1614	130
1615	115
1616	97
1617	112
1618	111
1619	130
1620	106
1621	105
1622	109
1623	93
1624	115
1625	98
1626	139
1627	108
1628	121
1629	95
1630	107
1631	126
1632	108
1633	101
1634	93
1635	93
1636	95
1637	115
1638	118
1639	88
1640	138
1641	128
1642	105
1643	116
1644	104
1645	122
1646	112
1647	104
1648	106
1649	120
1650	122
1651	122
1652	107
1653	122
1654	111
1655	98
1656	124
1657	101
1658	99
1659	99
1660	108
1661	119
1662	102
1663	95
1664	98
1665	105
1666	105
1667	119
1668	105
1669	117
1670	108
1671	120
1672	115
1673	137
1674	103
1675	118
1676	112
1677	99
1678	116
1679	101
1680	102
1681	106
1682	109
1683	114
1684	108
1685	98
1686	109
1687	95
1688	105
1689	105
1690	104
1691	106
1692	105
1693	101
1694	96
1695	110
1696	125
1697	116
1698	97
1699	109
1700	91
1701	100
1702	97
1703	109
1704	94
1705	83
1706	94
1707	91
1708	103
1709	114
1710	85
1711	110
1712	113
1713	110
1714	80
1715	81
1716	110
1717	94
1718	97
1719	92
1720	93
1721	90
1722	86
1723	103
1724	86
1725	92
1726	102
1727	105
1728	90
1729	84
1730	96
1731	90
1732	106
1733	90
1734	91
1735	95
1736	113
1737	91
1738	84
1739	90
1740	95
1741	106
1742	96
1743	95
1744	84
1745	97
1746	108
1747	99
1748	89
1749	82
1750	111
1751	90
1752	105
1753	94
1754	107
1755	108
1756	92
1757	97
1758	102
1759	104
1760	95
1761	83
1762	82
1763	91
1764	67
1765	80
1766	67
1767	89
1768	75
1769	97
1770	92
1771	85
1772	91
1773	101
1774	101
1775	102
1776	96
1777	81
1778	93
1779	85
1780	77
1781	73
1782	71
1783	88
1784	88
1785	94
1786	87
1787	85
1788	87
1789	82
1790	76
1791	78
1792	91
1793	83
1794	80
1795	92
1796	87
1797	65
1798	91
1799	84
1800	81
1801	91
1802	94
1803	67
1804	61
1805	86
1806	82
1807	100
1808	88
1809	78
1810	93
1811	82
1812	82
1813	110
1814	80
1815	85
1816	92
1817	66
1818	81
1819	81
1820	91
1821	80
1822	90
1823	87
1824	93
1825	94
1826	72
1827	79
1828	90
1829	67
1830	85
1831	96
1832	82
1833	92
1834	86
1835	97
1836	88
1837	81
1838	97
1839	72
1840	84
1841	81
1842	95
1843	85
1844	82
1845	90
1846	70
1847	84
1848	90
1849	77
1850	88
1851	89
1852	73
1853	94
1854	72
1855	83
1856	82
1857	58
1858	90
1859	70
1860	86
1861	82
1862	89
1863	92
1864	88
1865	69
1866	80
1867	78
1868	88
1869	77
1870	78
1871	84
1872	82
1873	80
1874	72
1875	73
1876	74
1877	71
1878	71
1879	84
1880	74
1881	79
1882	83
1883	86
1884	80
1885	74
1886	80
1887	66
1888	82
1889	54
1890	72
1891	75
1892	76
1893	76
1894	75
1895	74
1896	65
1897	67
1898	75
1899	68
1900	88
1901	86
1902	67
1903	86
1904	71
1905	73
1906	67
1907	74
1908	75
1909	63
1910	71
1911	77
1912	59
1913	76
1914	80
1915	81
1916	81
1917	88
1918	65
1919	70
1920	84
1921	89
1922	66
1923	88
1924	62
1925	82
1926	77
1927	66
1928	81
1929	86
1930	84
1931	78
1932	73
1933	55
1934	91
1935	70
1936	72
1937	82
1938	76
1939	85
1940	71
1941	69
1942	71
1943	75
1944	64
1945	79
1946	80
1947	78
1948	84
1949	73
1950	90
1951	90
1952	105
1953	71
1954	82
1955	86
1956	65
1957	87
1958	78
1959	95
1960	76
1961	83
1962	71
1963	81
1964	78
1965	72
1966	88
1967	77
1968	84
1969	73
1970	85
1971	76
1972	84
1973	95
1974	110
1975	79
1976	61
1977	78
1978	90
1979	96
1980	90
1981	86
1982	78
1983	83
1984	67
1985	80
1986	106
1987	83
1988	89
1989	101
1990	88
1991	99
1992	92
1993	89
1994	96
1995	87
1996	94
1997	100
1998	89
1999	88
2000	98
2001	96
2002	75
2003	100
2004	109
2005	108
2006	112
2007	88
2008	98
2009	108
2010	114
2011	109
2012	97
2013	102
2014	118
2015	105
2016	105
2017	125
2018	126
2019	109
2020	121
2021	109
2022	97
2023	136
2024	104
2025	124
2026	144
2027	128
2028	112
2029	126
2030	139
2031	116
2032	114
2033	107
2034	145
2035	130
2036	113
2037	140
2038	153
2039	124
2040	134
2041	127
2042	147
2043	133
2044	137
2045	145
2046	135
2047	144
2048	145
2049	114
2050	133
2051	149
2052	142
2053	147
2054	150
2055	171
2056	148
2057	143
2058	146
2059	165
2060	135
2061	163
2062	146
2063	137
2064	170
2065	154
2066	167
2067	181
2068	162
2069	184
2070	159
2071	167
2072	166
2073	150
2074	161
2075	163
2076	163
2077	174
2078	170
2079	171
2080	169
2081	171
2082	162
2083	138
2084	165
2085	137
2086	170
2087	188
2088	175
2089	169
2090	169
2091	148
2092	171
2093	176
2094	190
2095	140
2096	182
2097	190
2098	146
2099	172
2100	162
2101	175
2102	154
2103	147
2104	158
2105	162
2106	166
2107	156
2108	166
2109	173
2110	155
2111	151
2112	149
2113	166
2114	135
2115	183
2116	156
2117	155
2118	127
2119	182
2120	146
2121	139
2122	169
2123	126
2124	144
2125	135
2126	131
2127	159
2128	143
2129	134
2130	154
2131	124
2132	121
2133	117
2134	134
2135	138
2136	122
2137	119
2138	113
2139	125
2140	143
2141	108
2142	123
2143	127
2144	134
2145	128
2146	110
2147	117
2148	122
2149	98
2150	91
2151	95
2152	101
2153	109
2154	104
2155	128
2156	95
2157	79
2158	83
2159	94
2160	96
2161	88
2162	70
2163	94
2164	89
2165	89
2166	83
2167	97
2168	78
2169	97
2170	80
2171	82
2172	87
2173	76
2174	75
2175	86
2176	62
2177	95
2178	85
2179	93
2180	81
2181	68
2182	79
2183	89
2184	69
2185	61
2186	53
2187	65
2188	59
2189	52
2190	55
2191	71
2192	61
2193	56
2194	71
2195	56
2196	68
2197	71
2198	79
2199	56
2200	58
2201	78
2202	58
2203	58
2204	64
2205	58
2206	76
2207	58
2208	66
2209	70
2210	55
2211	69
2212	55
2213	49
2214	75
2215	58
2216	57
2217	62
2218	54
2219	62
2220	57
2221	59
2222	69
2223	72
2224	54
2225	69
2226	58
2227	53
2228	60
2229	61
2230	67
2231	56
2232	70
2233	69
2234	68
2235	74
2236	57
2237	70
2238	67
2239	66
2240	61
2241	68
2242	76
2243	73
2244	69
2245	71
2246	73
2247	70
2248	60
2249	64
2250	68
2251	74
2252	81
2253	68
2254	70
2255	78
2256	75
2257	79
2258	66
2259	68
2260	79
2261	88
2262	65
2263	88
2264	74
2265	94
2266	62
2267	82
2268	67
2269	83
2270	97
2271	82
2272	91
2273	93
2274	92
2275	91
2276	96
2277	98
2278	95
2279	111
2280	97
2281	93
2282	102
2283	107
2284	92
2285	112
2286	106
2287	97
2288	103
2289	120
2290	123
2291	118
2292	118
2293	130
2294	132
2295	103
2296	106
2297	101
2298	114
2299	118
2300	124
2301	117
2302	120
2303	109
2304	109
2305	139
2306	114
2307	127
2308	120
2309	119
2310	147
2311	142
2312	119
2313	125
2314	116
2315	118
2316	135
2317	132
2318	155
2319	127
2320	139
2321	121
2322	132
2323	121
2324	154
2325	134
2326	123
2327	137
2328	155
2329	137
2330	127
2331	153
2332	120
2333	125
2334	141
2335	153
2336	125
2337	135
2338	154
2339	161
2340	132
2341	134
2342	120
2343	127
2344	144
2345	137
2346	162
2347	145
2348	140
2349	131
2350	146
2351	147
2352	149
2353	125
2354	157
2355	129
2356	125
2357	136
2358	134
2359	149
2360	126
2361	138
2362	132
2363	136
2364	127
2365	124
2366	127
2367	141
2368	127
2369	129
2370	118
2371	115
2372	131
2373	105
2374	122
2375	115
2376	102
2377	101
2378	113
2379	115
2380	114
2381	113
2382	112
2383	117
2384	107
2385	114
2386	110
2387	86
2388	98
2389	102
2390	77
2391	78
2392	114
2393	88
2394	100
2395	95
2396	93
2397	91
2398	90
2399	91
2400	74
2401	89
2402	93
2403	82
2404	80
2405	75
2406	72
2407	68
2408	75
2409	74
2410	68
2411	66
2412	76
2413	80
2414	63
2415	70
2416	68
2417	83
2418	80
2419	63
2420	58
2421	55
2422	77
2423	65
2424	51
2425	72
2426	70
2427	63
2428	62
2429	63
2430	55
2431	57
2432	42
2433	65
2434	62
2435	59
2436	51
2437	65
2438	52
2439	43
2440	52
2441	48
2442	54
2443	60
2444	48
2445	59
2446	42
2447	44
2448	36
2449	53
2450	40
2451	38
2452	52
2453	54
2454	56
2455	37
2456	44
2457	46
2458	45
2459	48
2460	42
2461	45
2462	57
2463	43
2464	54
2465	43
2466	53
2467	48
2468	55
2469	54
2470	54
2471	52
2472	52
2473	44
2474	50
2475	37
2476	56
2477	34
2478	49
2479	43
2480	38
2481	37
2482	48
2483	34
2484	47
2485	43
2486	48
2487	46
2488	46
2489	54
2490	43
2491	48
2492	47
2493	44
2494	47
2495	42
2496	56
2497	64
2498	42
2499	42
2500	65
2501	56
2502	43
2503	43
2504	56
2505	46
2506	54
2507	49
2508	41
2509	49
2510	37
2511	59
2512	45
2513	46
2514	43
2515	45
2516	41
2517	59
2518	43
2519	41
2520	46
2521	51
2522	32
2523	42
2524	50
2525	44
2526	41
2527	62
2528	49
2529	52
2530	47
2531	44
2532	47
2533	65
2534	52
2535	52
2536	50
2537	58
2538	51
2539	51
2540	52
2541	57
2542	46
2543	57
2544	51
2545	50
2546	43
2547	50
2548	61
2549	56
2550	51
2551	54
2552	37
2553	35
2554	37
2555	38
2556	50
2557	55
2558	44
2559	45
2560	39
2561	53
2562	34
2563	40
2564	36
2565	36
2566	46
2567	48
2568	50
2569	43
2570	32
2571	54
2572	46
2573	41
2574	44
2575	48
2576	47
2577	34
2578	35
2579	42
2580	41
2581	47
2582	47
2583	47
2584	51
2585	49
2586	38
2587	39
2588	39
2589	34
2590	24
2591	36
2592	40
2593	36
2594	28
2595	30
2596	39
2597	35
2598	37
2599	37
2600	38
2601	34
2602	35
2603	36
2604	34
2605	50
2606	20
2607	32
2608	35
2609	34
2610	42
2611	44
2612	33
2613	20
2614	45
2615	42
2616	38
2617	26
2618	42
2619	42
2620	31
2621	31
2622	28
2623	35
2624	30
2625	31
2626	33
2627	21
2628	23
2629	34
2630	46
2631	33
2632	39
2633	30
2634	19
2635	35
2636	34
2637	28
2638	26
2639	44
2640	29
2641	31
2642	34
2643	29
2644	28
2645	32
2646	23
2647	29
2648	36
2649	28
2650	27
2651	28
2652	27
2653	24
2654	27
2655	19
2656	39
2657	26
2658	33
2659	35
2660	43
2661	28
2662	40
2663	40
2664	28
2665	20
2666	37
2667	21
2668	35
2669	30
2670	19
2671	34
2672	29
2673	33
2674	23
2675	25
2676	34
2677	40
2678	25
2679	30
2680	24
2681	29
2682	19
2683	35
2684	28
2685	20
2686	34
2687	30
2688	27
2689	33
2690	25
2691	25
2692	22
2693	35
2694	36
2695	35
2696	22
2697	31
2698	24
2699	22
2700	32
2701	24
2702	29
2703	23
2704	30
2705	29
2706	29
2707	30
2708	30
2709	28
2710	33
2711	32
2712	30
2713	38
2714	22
2715	39
2716	37
2717	29
2718	34
2719	38
2720	25
2721	25
2722	32
2723	32
2724	32
2725	25
2726	33
2727	30
2728	31
2729	23
2730	23
2731	25
2732	31
2733	35
2734	31
2735	26
2736	34
2737	29
2738	39
2739	28
2740	26
2741	30
2742	35
2743	26
2744	33
2745	19
2746	31
2747	30
2748	33
2749	26
2750	30
2751	30
2752	28
2753	32
2754	32
2755	25
2756	32
2757	25
2758	37
2759	39
2760	28
2761	30
2762	33
2763	34
2764	38
2765	27
2766	27
2767	26
2768	29
2769	26
2770	28
2771	31
2772	19
2773	37
2774	34
2775	33
2776	42
2777	34
2778	38
2779	33
2780	34
2781	38
2782	40
2783	37
2784	33
2785	39
2786	27
2787	43
2788	40
2789	36
2790	34
2791	38
2792	41
2793	35
2794	32
2795	32
2796	49
2797	45
2798	30
2799	30
2800	31
2801	32
2802	33
2803	30
2804	44
2805	37
2806	35
2807	41
2808	37
2809	33
2810	34
2811	32
2812	39
2813	28
2814	42
2815	35
2816	35
2817	22
2818	23
2819	38
2820	29
2821	30
2822	29
2823	28
2824	28
2825	30
2826	22
2827	28
2828	33
2829	30
2830	22
2831	23
2832	34
2833	25
2834	28
2835	22
2836	31
2837	34
2838	25
2839	27
2840	23
2841	25
2842	20
2843	21
2844	24
2845	29
2846	20
2847	30
2848	29
2849	15
2850	16
2851	26
2852	33
2853	32
2854	20
2855	36
2856	23
2857	34
2858	22
2859	26
2860	30
2861	30
2862	31
2863	28
2864	18
2865	29
2866	34
2867	28
2868	34
2869	27
2870	30
2871	27
2872	30
2873	28
2874	33
2875	26
2876	25
2877	30
2878	31
2879	26
2880	25
2881	26
2882	24
2883	28
2884	22
2885	36
2886	25
2887	19
2888	25
2889	29
2890	30
2891	31
2892	34
2893	20
2894	26
2895	27
2896	16
2897	16
2898	25
2899	22
2900	37
2901	30
2902	19
2903	38
2904	29
2905	24
2906	24
2907	27
2908	30
2909	22
2910	26
2911	18
2912	19
2913	32
2914	33
2915	25
2916	20
2917	20
2918	28
2919	27
2920	21
2921	20
2922	19
2923	24
2924	24
2925	25
2926	36
2927	30
2928	29
2929	20
2930	28
2931	15
2932	24
2933	26
2934	27
2935	13
2936	29
2937	27
2938	22
2939	31
2940	14
2941	25
2942	26
2943	26
2944	18
2945	31
2946	29
2947	31
2948	21
2949	22
2950	34
2951	27
2952	32
2953	27
2954	26
2955	26
2956	29
2957	21
2958	30
2959	21
2960	32
2961	13
2962	30
2963	33
2964	29
2965	20
2966	19
2967	29
2968	21
2969	28
2970	24
2971	28
2972	23
2973	31
2974	31
2975	21
2976	29
2977	26
2978	22
2979	25
2980	20
2981	26
2982	25
2983	19
2984	26
2985	30
2986	28
2987	27
2988	34
2989	25
2990	22
2991	24
2992	29
2993	27
2994	14
2995	27
2996	21
2997	10
2998	26
2999	29
3000	25
3001	23
3002	25
3003	25
3004	29
3005	23
3006	25
3007	33
3008	25
3009	24
3010	22
3011	24
3012	25
3013	35
3014	35
3015	26
3016	26
3017	24
3018	40
3019	18
3020	17
3021	24
3022	37
3023	19
3024	24
3025	16
3026	18
3027	26
3028	30
3029	29
3030	28
3031	29
3032	36
3033	28
3034	21
3035	30
3036	22
3037	32
3038	18
3039	22
3040	35
3041	31
3042	22
3043	22
3044	33
3045	19
3046	27
3047	21
3048	24
3049	29
3050	25
3051	30
3052	17
3053	26
3054	27
3055	30
3056	20
3057	22
3058	27
3059	20
3060	23
3061	21
3062	26
3063	22
3064	25
3065	23
3066	25
3067	23
3068	28
3069	25
3070	28
3071	27
3072	34
3073	26
3074	27
3075	37
3076	25
3077	18
3078	18
3079	27
3080	21
3081	30
3082	25
3083	17
3084	28
3085	30
3086	22
3087	21
3088	32
3089	21
3090	15
3091	16
3092	30
3093	26
3094	26
3095	24
3096	21
3097	29
3098	23
3099	23
3100	16
3101	24
3102	27
3103	21
3104	21
3105	21
3106	25
3107	26
3108	14
3109	33
3110	23
3111	31
3112	26
3113	18
3114	25
3115	34
3116	19
3117	16
3118	24
3119	15
3120	30
3121	21
3122	16
3123	28
3124	31
3125	27
3126	24
3127	17
3128	19
3129	28
3130	24
3131	21
3132	31
3133	17
3134	20
3135	30
3136	21
3137	25
3138	19
3139	23
3140	31
3141	23
3142	19
3143	27
3144	25
3145	22
3146	23
3147	18
3148	18
3149	8
3150	17
3151	22
3152	26
3153	34
3154	46
3155	58
3156	77
3157	63
3158	98
3159	104
3160	80
3161	52
3162	34
3163	33
3164	30
3165	27
3166	29
3167	32
3168	22
3169	19
3170	32
3171	26
3172	27
3173	16
3174	21
3175	30
3176	29
3177	18
3178	25
3179	26
3180	20
3181	18
3182	26
3183	19
3184	25
3185	29
3186	25
3187	26
3188	29
3189	20
3190	20
3191	25
3192	35
3193	14
3194	20
3195	27
3196	25
3197	21
3198	24
3199	19
3200	24
3201	27
3202	25
3203	29
3204	18
3205	25
3206	21
3207	31
3208	17
3209	15
3210	28
3211	19
3212	17
3213	25
3214	22
3215	23
3216	15
3217	17
3218	30
3219	21
3220	25
3221	16
3222	18
3223	26
3224	24
3225	19
3226	29
3227	17
3228	23
3229	21
3230	18
3231	17
3232	20
3233	13
3234	19
3235	23
3236	22
3237	25
3238	16
3239	25
3240	18
3241	27
3242	19
3243	21
3244	23
3245	16
3246	22
3247	28
3248	22
3249	26
3250	24
3251	24
3252	20
3253	25
3254	26
3255	23
3256	19
3257	13
3258	26
3259	23
3260	34
3261	15
3262	22
3263	20
3264	22
3265	24
3266	23
3267	32
3268	29
3269	20
3270	22
3271	20
3272	22
3273	21
3274	28
3275	20
3276	21
3277	30
3278	24
3279	21
3280	14
3281	23
3282	16
3283	24
3284	19
3285	20
3286	19
3287	21
3288	18
3289	16
3290	31
3291	21
3292	20
3293	20
3294	26
3295	28
3296	21
3297	17
3298	22
3299	18
3300	21
3301	20
3302	18
3303	24
3304	23
3305	24
3306	35
3307	26
3308	24
3309	14
3310	27
3311	24
3312	22
3313	12
3314	20
3315	20
3316	22
3317	24
3318	21
3319	18
3320	18
3321	16
3322	28
3323	24
3324	21
3325	26
3326	25
3327	23
3328	19
3329	14
3330	26
3331	29
3332	18
3333	18
3334	16
3335	30
3336	13
3337	16
3338	23
3339	19
3340	19
3341	22
3342	23
3343	21
3344	22
3345	19
3346	18
3347	16
3348	22
3349	22
3350	23
3351	20
3352	21
3353	19
3354	23
3355	16
3356	28
3357	25
3358	22
3359	19
3360	27
3361	22
3362	19
3363	26
3364	29
3365	23
3366	17
3367	26
3368	25
3369	25
3370	18
3371	22
3372	27
3373	14
3374	14
3375	21
3376	24
3377	25
3378	34
3379	17
3380	17
3381	23
3382	19
3383	24
3384	23
3385	24
3386	19
3387	28
3388	20
3389	21
3390	19
3391	18
3392	23
3393	24
3394	24
3395	14
3396	25
3397	19
3398	23
3399	23
3400	20
3401	22
3402	19
3403	26
3404	26
3405	14
3406	21
3407	24
3408	20
3409	18
3410	16
3411	23
3412	15
3413	27
3414	24
3415	19
3416	29
3417	25
3418	22
3419	22
3420	18
3421	28
3422	24
3423	24
3424	22
3425	19
3426	19
3427	31
3428	18
3429	24
3430	21
3431	19
3432	20
3433	29
3434	25
3435	17
3436	21
3437	25
3438	22
3439	23
3440	21
3441	20
3442	21
3443	29
3444	24
3445	21
3446	24
3447	15
3448	29
3449	30
3450	23
3451	18
3452	26
3453	29
3454	27
3455	18
3456	16
3457	18
3458	22
3459	26
3460	25
3461	24
3462	14
3463	21
3464	24
3465	32
3466	25
3467	23
3468	30
3469	21
3470	27
3471	19
3472	27
3473	14
3474	23
3475	23
3476	25
3477	17
3478	19
3479	37
3480	24
3481	30
3482	21
3483	20
3484	29
3485	28
3486	24
3487	29
3488	17
3489	30
3490	16
3491	15
3492	22
3493	30
3494	21
3495	27
3496	22
3497	17
3498	17
3499	23
3500	21
3501	16
3502	29
3503	24
3504	23
3505	21
3506	22
3507	18
3508	28
3509	22
3510	31
3511	30
3512	21
3513	22
3514	22
3515	29
3516	23
3517	25
3518	25
3519	21
3520	20
3521	28
3522	31
3523	23
3524	32
3525	12
3526	17
3527	19
3528	33
3529	21
3530	20
3531	17
3532	26
3533	28
3534	26
3535	17
3536	26
3537	26
3538	20
3539	14
3540	32
3541	21
3542	15
3543	30
3544	32
3545	28
3546	21
3547	22
3548	22
3549	15
3550	22
3551	29
3552	25
3553	23
3554	28
3555	17
3556	17
3557	25
3558	21
3559	31
3560	21
3561	13
3562	33
3563	22
3564	25
3565	28
3566	20
3567	32
3568	21
3569	16
3570	18
3571	27
3572	23
3573	16
3574	24
3575	20
3576	23
3577	33
3578	23
3579	20
3580	24
3581	22
3582	18
3583	33
3584	24
3585	21
3586	36
3587	14
3588	22
3589	25
3590	30
3591	19
3592	13
3593	33
3594	29
3595	22
3596	27
3597	23
3598	25
3599	18
3600	26
3601	26
3602	28
3603	20
3604	19
3605	22
3606	19
3607	18
3608	24
3609	23
3610	21
3611	20
3612	19
3613	21
3614	17
3615	26
3616	24
3617	16
3618	28
3619	22
3620	23
3621	16
3622	25
3623	22
3624	20
3625	23
3626	32
3627	24
3628	21
3629	21
3630	19
3631	18
3632	20
3633	28
3634	22
3635	18
3636	21
3637	26
3638	22
3639	10
3640	23
3641	20
3642	25
3643	27
3644	26
3645	26
3646	21
3647	23
3648	11
3649	33
3650	26
3651	26
3652	19
3653	17
3654	18
3655	27
3656	22
3657	16
3658	24
3659	33
3660	21
3661	32
3662	24
3663	18
3664	10
3665	28
3666	16
3667	19
3668	10
3669	24
3670	22
3671	24
3672	25
3673	30
3674	24
3675	20
3676	21
3677	23
3678	21
3679	28
3680	29
3681	18
3682	19
3683	24
3684	25
3685	20
3686	17
3687	26
3688	28
3689	27
3690	15
3691	25
3692	24
3693	17
3694	16
3695	18
3696	24
3697	24
3698	22
3699	21
3700	30
3701	28
3702	15
3703	12
3704	24
3705	18
3706	22
3707	18
3708	25
3709	23
3710	27
3711	21
3712	15
3713	20
3714	26
3715	23
3716	19
3717	20
3718	31
3719	17
3720	20
3721	19
3722	14
3723	23
3724	22
3725	16
3726	28
3727	19
3728	18
3729	18
3730	15
3731	26
3732	25
3733	18
3734	21
3735	12
3736	25
3737	21
3738	19
3739	24
3740	29
3741	18
3742	23
3743	26
3744	20
3745	19
3746	33
3747	24
3748	12
3749	24
3750	20
3751	13
3752	24
3753	18
3754	14
3755	18
3756	24
3757	20
3758	27
3759	26
3760	23
3761	17
3762	23
3763	21
3764	24
3765	23
3766	21
3767	16
3768	21
3769	26
3770	21
3771	13
3772	19
3773	22
3774	21
3775	19
3776	18
3777	18
3778	17
3779	14
3780	19
3781	16
3782	23
3783	25
3784	18
3785	20
3786	23
3787	21
3788	20
3789	17
3790	13
3791	26
3792	15
3793	13
3794	12
3795	17
3796	18
3797	22
3798	18
3799	12
3800	22
3801	17
3802	23
3803	16
3804	10
3805	25
3806	24
3807	20
3808	15
3809	15
3810	21
3811	18
3812	19
3813	12
3814	15
3815	20
3816	17
3817	15
3818	21
3819	20
3820	16
3821	28
3822	14
3823	16
3824	21
3825	20
3826	22
3827	18
3828	25
3829	20
3830	23
3831	23
3832	13
3833	21
3834	15
3835	18
3836	4
3837	24
3838	22
3839	18
3840	24
3841	21
3842	14
3843	22
3844	10
3845	23
3846	22
3847	21
3848	17
3849	13
3850	16
3851	20
3852	19
3853	12
3854	16
3855	23
3856	20
3857	16
3858	20
3859	15
3860	18
3861	20
3862	15
3863	24
3864	18
3865	22
3866	12
3867	17
3868	15
3869	13
3870	22
3871	18
3872	14
3873	21
3874	21
3875	14
3876	14
3877	14
3878	21
3879	20
3880	20
3881	25
3882	11
3883	23
3884	16
3885	21
3886	16
3887	20
3888	21
3889	13
3890	18
3891	11
3892	20
3893	13
3894	18
3895	20
3896	14
3897	15
3898	15
3899	12
3900	19
3901	10
3902	21
3903	14
3904	16
3905	20
3906	18
3907	18
3908	14
3909	20
3910	11
3911	19
3912	15
3913	12
3914	12
3915	10
3916	22
3917	11
3918	16
3919	14
3920	21
3921	17
3922	15
3923	19
3924	23
3925	16
3926	22
3927	18
3928	14
3929	15
3930	12
3931	19
3932	16
3933	23
3934	19
3935	20
3936	23
3937	16
3938	16
3939	16
3940	26
3941	14
3942	19
3943	11
3944	13
3945	20
3946	22
3947	17
3948	19
3949	11
3950	25
3951	23
3952	16
3953	21
3954	9
3955	14
3956	14
3957	20
3958	23
3959	13
3960	14
3961	14
3962	16
3963	21
3964	17
3965	14
3966	19
3967	25
3968	14
3969	18
3970	15
3971	11
3972	14
3973	17
3974	12
3975	12
3976	12
3977	14
3978	17
3979	14
3980	16
3981	11
3982	19
3983	11
3984	14
3985	13
3986	12
3987	20
3988	21
3989	11
3990	18
3991	17
3992	12
3993	20
3994	21
3995	14
3996	17
3997	12
3998	18
3999	20
4000	15
4001	12
4002	16
4003	14
4004	28
4005	13
4006	16
4007	16
4008	18
4009	16
4010	24
4011	26
4012	17
4013	23
4014	14
4015	16
4016	16
4017	16
4018	9
4019	15
4020	12
4021	20
4022	22
4023	19
4024	19
4025	14
4026	21
4027	17
4028	16
4029	20
4030	20
4031	16
4032	13
4033	13
4034	15
4035	21
4036	15
4037	18
4038	18
4039	15
4040	19
4041	10
4042	18
4043	12
4044	20
4045	13
4046	11
4047	14
4048	21
4049	10
4050	14
4051	16
4052	15
4053	13
4054	15
4055	15
4056	13
4057	19
4058	20
4059	15
4060	24
4061	13
4062	15
4063	22
4064	16
4065	12
4066	18
4067	16
4068	15
4069	15
4070	13
4071	15
4072	21
4073	21
4074	24
4075	17
4076	14
4077	16
4078	18
4079	21
4080	21
4081	10
4082	12
4083	24
4084	16
4085	16
4086	19
4087	14
4088	13
4089	13
4090	15
4091	16
4092	17
4093	17
4094	14
4095	17
4096	19
4097	24
4098	13
4099	13
4100	11
4101	16
4102	14
4103	12
4104	15
4105	16
4106	10
4107	16
4108	15
4109	13
4110	18
4111	12
4112	14
4113	12
4114	12
4115	14
4116	13
4117	20
4118	11
4119	24
4120	20
4121	13
4122	6
4123	17
4124	17
4125	10
4126	17
4127	19
4128	14
4129	21
4130	17
4131	16
4132	15
4133	13
4134	14
4135	16
4136	11
4137	17
4138	22
4139	10
4140	16
4141	13
4142	17
4143	17
4144	15
4145	14
4146	15
4147	23
4148	22
4149	24
4150	15
4151	19
4152	16
4153	21
4154	13
4155	12
4156	21
4157	23
4158	13
4159	16
4160	24
4161	18
4162	15
4163	10
4164	21
4165	16
4166	14
4167	19
4168	21
4169	14
4170	12
4171	19
4172	14
4173	20
4174	23
4175	14
4176	20
4177	8
4178	20
4179	14
4180	16
4181	16
4182	18
4183	15
4184	10
4185	13
4186	17
4187	11
4188	15
4189	14
4190	18
4191	14
4192	16
4193	11
4194	22
4195	16
4196	15
4197	17
4198	18
4199	15
4200	15
4201	14
4202	15
4203	15
4204	12
4205	12
4206	18
4207	13
4208	18
4209	14
4210	15
4211	15
4212	29
4213	15
4214	13
4215	16
4216	14
4217	20
4218	15
4219	21
4220	14
4221	20
4222	20
4223	18
4224	14
4225	13
4226	16
4227	15
4228	18
4229	16
4230	20
4231	16
4232	22
4233	13
4234	16
4235	22
4236	17
4237	20
4238	19
4239	27
4240	21
4241	27
4242	15
4243	13
4244	19
4245	16
4246	14
4247	19
4248	14
4249	16
4250	20
4251	15
4252	22
4253	21
4254	14
4255	17
4256	10
4257	21
4258	25
4259	13
4260	15
4261	23
4262	15
4263	22
4264	19
4265	11
4266	15
4267	15
4268	14
4269	18
4270	18
4271	15
4272	13
4273	21
4274	12
4275	20
4276	9
4277	23
4278	15
4279	17
4280	25
4281	14
4282	21
4283	17
4284	23
4285	22
4286	14
4287	23
4288	15
4289	24
4290	19
4291	13
4292	13
4293	13
4294	15
4295	29
4296	22
4297	23
4298	15
4299	15
4300	17
4301	15
4302	18
4303	22
4304	16
4305	23
4306	25
4307	15
4308	19
4309	23
4310	17
4311	19
4312	18
4313	20
4314	13
4315	22
4316	23
4317	16
4318	19
4319	16
4320	16
4321	26
4322	19
4323	19
4324	14
4325	23
4326	18
4327	18
4328	21
4329	17
4330	14
4331	23
4332	19
4333	9
4334	15
4335	17
4336	10
4337	16
4338	18
4339	20
4340	22
4341	18
4342	20
4343	9
4344	14
4345	14
4346	21
4347	20
4348	20
4349	15
4350	23
4351	21
4352	10
4353	17
4354	25
4355	13
4356	19
4357	20
4358	15
4359	19
4360	16
4361	16
4362	15
4363	11
4364	24
4365	16
4366	15
4367	24
4368	22
4369	23
4370	14
4371	14
4372	25
4373	15
4374	19
4375	15
4376	16
4377	14
4378	17
4379	22
4380	19
4381	16
4382	15
4383	18
4384	10
4385	14
4386	24
4387	20
4388	25
4389	27
4390	19
4391	28
4392	15
4393	11
4394	19
4395	16
4396	21
4397	21
4398	18
4399	19
4400	22
4401	14
4402	26
4403	25
4404	15
4405	20
4406	18
4407	11
4408	20
4409	22
4410	18
4411	15
4412	21
4413	9
4414	20
4415	17
4416	20
4417	19
4418	23
4419	19
4420	16
4421	10
4422	17
4423	22
4424	13
4425	14
4426	24
4427	23
4428	12
4429	24
4430	11
4431	20
4432	13
4433	17
4434	16
4435	21
4436	11
4437	7
4438	16
4439	9
4440	25
4441	14
4442	21
4443	22
4444	16
4445	16
4446	19
4447	28
4448	18
4449	19
4450	23
4451	23
4452	20
4453	19
4454	15
4455	15
4456	16
4457	20
4458	16
4459	16
4460	18
4461	16
4462	23
4463	18
4464	19
4465	14
4466	18
4467	20
4468	16
4469	12
4470	19
4471	15
4472	23
4473	14
4474	12
4475	17
4476	16
4477	22
4478	12
4479	10
4480	12
4481	16
4482	16
4483	17
4484	20
4485	17
4486	17
4487	13
4488	19
4489	12
4490	13
4491	21
4492	17
4493	13
4494	19
4495	13
4496	19
4497	12
4498	10
4499	13
4500	23
4501	18
4502	14
4503	16
4504	14
4505	11
4506	20
4507	22
4508	6
4509	17
4510	14
4511	12
4512	14
4513	16
4514	14
4515	20
4516	21
4517	12
4518	21
4519	15
4520	15
4521	18
4522	16
4523	16
4524	12
4525	29
4526	14
4527	16
4528	22
4529	14
4530	14
4531	27
4532	17
4533	16
4534	13
4535	18
4536	16
4537	23
4538	17
4539	16
4540	19
4541	19
4542	17
4543	14
4544	11
4545	17
4546	8
4547	15
4548	26
4549	13
4550	22
4551	20
4552	13
4553	25
4554	16
4555	17
4556	10
4557	15
4558	12
4559	12
4560	18
4561	20
4562	19
4563	27
4564	13
4565	14
4566	15
4567	6
4568	22
4569	19
4570	13
4571	17
4572	17
4573	16
4574	14
4575	17
4576	19
4577	13
4578	11
4579	18
4580	14
4581	13
4582	16
4583	18
4584	17
4585	18
4586	18
4587	12
4588	17
4589	17
4590	16
4591	15
4592	18
4593	14
4594	18
4595	16
4596	12
4597	12
4598	19
4599	14
4600	14
4601	15
4602	11
4603	16
4604	9
4605	17
4606	10
4607	16
4608	10
4609	16
4610	14
4611	18
4612	22
4613	18
4614	21
4615	15
4616	19
4617	21
4618	16
4619	16
4620	10
4621	12
4622	17
4623	13
4624	13
4625	15
4626	20
4627	10
4628	10
4629	20
4630	14
4631	16
4632	16
4633	20
4634	23
4635	20
4636	17
4637	21
4638	24
4639	13
4640	18
4641	8
4642	16
4643	17
4644	14
4645	11
4646	17
4647	20
4648	14
4649	20
4650	16
4651	12
4652	19
4653	18
4654	12
4655	19
4656	17
4657	14
4658	17
4659	12
4660	19
4661	17
4662	19
4663	13
4664	14
4665	12
4666	21
4667	14
4668	14
4669	16
4670	14
4671	13
4672	14
4673	18
4674	15
4675	17
4676	14
4677	15
4678	10
4679	10
4680	12
4681	13
4682	17
4683	14
4684	17
4685	10
4686	20
4687	13
4688	13
4689	14
4690	11
4691	12
4692	13
4693	14
4694	7
4695	17
4696	13
4697	19
4698	16
4699	15
4700	19
4701	12
4702	15
4703	10
4704	16
4705	12
4706	18
4707	19
4708	10
4709	13
4710	15
4711	19
4712	13
4713	15
4714	21
4715	7
4716	15
4717	9
4718	21
4719	19
4720	17
4721	18
4722	18
4723	17
4724	12
4725	13
4726	19
4727	19
4728	16
4729	12
4730	13
4731	15
4732	14
4733	16
4734	21
4735	20
4736	16
4737	19
4738	13
4739	17
4740	15
4741	11
4742	20
4743	23
4744	12
4745	14
4746	17
4747	20
4748	23
4749	11
4750	14
4751	21
4752	11
4753	19
4754	16
4755	23
4756	15
4757	20
4758	13
4759	11
4760	16
4761	17
4762	17
4763	10
4764	21
4765	13
4766	13
4767	22
4768	22
4769	15
4770	21
4771	16
4772	13
4773	17
4774	14
4775	10
4776	20
4777	19
4778	16
4779	15
4780	14
4781	20
4782	12
4783	14
4784	21
4785	19
4786	14
4787	16
4788	16
4789	8
4790	11
4791	15
4792	13
4793	13
4794	16
4795	16
4796	16
4797	14
4798	10
4799	19
4800	16
4801	16
4802	13
4803	8
4804	15
4805	23
4806	18
4807	12
4808	12
4809	14
4810	14
4811	12
4812	12
4813	15
4814	13
4815	10
4816	23
4817	16
4818	14
4819	17
4820	10
4821	14
4822	15
4823	13
4824	22
4825	18
4826	18
4827	16
4828	16
4829	23
4830	17
4831	10
4832	6
4833	15
4834	15
4835	16
4836	17
4837	17
4838	17
4839	20
4840	17
4841	13
4842	14
4843	20
4844	19
4845	13
4846	17
4847	17
4848	17
4849	15
4850	12
4851	18
4852	13
4853	12
4854	17
4855	16
4856	23
4857	10
4858	15
4859	20
4860	13
4861	18
4862	16
4863	14
4864	14
4865	14
4866	15
4867	16
4868	16
4869	18
4870	13
4871	15
4872	12
4873	8
4874	13
4875	14
4876	12
4877	17
4878	10
4879	14
4880	26
4881	19
4882	12
4883	18
4884	15
4885	25
4886	17
4887	13
4888	8
4889	11
4890	12
4891	9
4892	20
4893	17
4894	21
4895	11
4896	16
4897	14
4898	16
4899	14
4900	19
4901	19
4902	13
4903	8
4904	13
4905	14
4906	15
4907	22
4908	19
4909	21
4910	12
4911	12
4912	20
4913	12
4914	17
4915	13
4916	22
4917	15
4918	14
4919	16
4920	15
4921	13
4922	15
4923	17
4924	13
4925	16
4926	17
4927	17
4928	19
4929	23
4930	20
4931	10
4932	16
4933	10
4934	18
4935	15
4936	18
4937	15
4938	18
4939	19
4940	13
4941	21
4942	14
4943	18
4944	12
4945	20
4946	14
4947	14
4948	14
4949	13
4950	12
4951	14
4952	17
4953	12
4954	14
4955	15
4956	19
4957	14
4958	16
4959	18
4960	10
4961	11
4962	17
4963	18
4964	18
4965	13
4966	10
4967	12
4968	16
4969	16
4970	14
4971	15
4972	16
4973	20
4974	15
4975	11
4976	34
4977	17
4978	21
4979	16
4980	9
4981	22
4982	20
4983	14
4984	18
4985	16
4986	18
4987	13
4988	17
4989	17
4990	13
4991	19
4992	11
4993	17
4994	15
4995	21
4996	19
4997	13
4998	11
4999	20
5000	14
5001	20
5002	16
5003	7
5004	14
5005	16
5006	14
5007	16
5008	16
5009	13
5010	16
5011	26
5012	24
5013	17
5014	14
5015	21
5016	14
5017	11
5018	10
5019	12
5020	16
5021	17
5022	16
5023	15
5024	16
5025	29
5026	16
5027	12
5028	22
5029	9
5030	14
5031	11
5032	13
5033	22
5034	16
5035	18
5036	18
5037	17
5038	9
5039	13
5040	14
5041	19
5042	14
5043	11
5044	24
5045	19
5046	13
5047	14
5048	22
5049	15
5050	14
5051	9
5052	13
5053	21
5054	13
5055	16
5056	14
5057	22
5058	15
5059	13
5060	15
5061	18
5062	15
5063	13
5064	23
5065	15
5066	18
5067	24
5068	14
5069	15
5070	15
5071	18
5072	12
5073	21
5074	14
5075	18
5076	17
5077	13
5078	9
5079	16
5080	11
5081	12
5082	15
5083	14
5084	17
5085	13
5086	19
5087	17
5088	19
5089	10
5090	13
5091	19
5092	19
5093	14
5094	12
5095	17
5096	22
5097	10
5098	23
5099	12
5100	10
5101	25
5102	15
5103	15
5104	17
5105	16
5106	14
5107	13
5108	15
5109	21
5110	13
5111	19
5112	16
5113	16
5114	12
5115	20
5116	14
5117	16
5118	13
5119	13
5120	11
5121	18
5122	17
5123	15
5124	11
5125	21
5126	10
5127	18
5128	19
5129	15
5130	19
5131	17
5132	17
5133	15
5134	17
5135	16
5136	17
5137	16
5138	15
5139	20
5140	20
5141	18
5142	18
5143	17
5144	22
5145	21
5146	9
5147	10
5148	17
5149	22
5150	12
5151	18
5152	11
5153	16
5154	31
5155	17
5156	19
5157	16
5158	12
5159	16
5160	16
5161	17
5162	25
5163	18
5164	20
5165	19
5166	9
5167	25
5168	12
5169	18
5170	18
5171	16
5172	15
5173	19
5174	24
5175	16
5176	16
5177	17
5178	12
5179	23
5180	13
5181	12
5182	14
5183	15
5184	17
5185	23
5186	10
5187	13
5188	13
5189	15
5190	20
5191	18
5192	15
5193	20
5194	13
5195	19
5196	13
5197	15
5198	13
5199	18
5200	15
5201	21
5202	12
5203	15
5204	21
5205	14
5206	12
5207	17
5208	17
5209	13
5210	22
5211	16
5212	15
5213	18
5214	18
5215	6
5216	14
5217	15
5218	14
5219	14
5220	16
5221	19
5222	17
5223	22
5224	16
5225	14
5226	14
5227	25
5228	23
5229	14
5230	23
5231	11
5232	16
5233	17
5234	11
5235	19
5236	14
5237	22
5238	23
5239	17
5240	23
5241	18
5242	16
5243	13
5244	16
5245	19
5246	16
5247	24
5248	13
5249	19
5250	20
5251	17
5252	24
5253	22
5254	21
5255	18
5256	18
5257	13
5258	13
5259	22
5260	11
5261	23
5262	16
5263	16
5264	20
5265	15
5266	17
5267	16
5268	11
5269	18
5270	26
5271	13
5272	15
5273	16
5274	15
5275	21
5276	24
5277	14
5278	17
5279	14
5280	19
5281	14
5282	26
5283	21
5284	17
5285	15
5286	17
5287	15
5288	26
5289	10
5290	16
5291	15
5292	17
5293	17
5294	20
5295	14
5296	19
5297	19
5298	22
5299	11
5300	24
5301	18
5302	19
5303	17
5304	17
5305	20
5306	12
5307	17
5308	10
5309	18
5310	20
5311	13
5312	14
5313	21
5314	14
5315	22
5316	18
5317	13
5318	17
5319	10
5320	13
5321	17
5322	20
5323	15
5324	15
5325	17
5326	17
5327	15
5328	20
5329	21
5330	14
5331	14
5332	16
5333	25
5334	16
5335	11
5336	16
5337	15
5338	25
5339	9
5340	11
5341	17
5342	20
5343	15
5344	20
5345	20
5346	21
5347	17
5348	13
5349	23
5350	11
5351	14
5352	15
5353	12
5354	16
5355	22
5356	19
5357	16
5358	13
5359	19
5360	20
5361	13
5362	21
5363	15
5364	17
5365	8
5366	26
5367	11
5368	18
5369	22
5370	22
5371	15
5372	17
5373	14
5374	17
5375	22
5376	18
5377	24
5378	23
5379	14
5380	19
5381	17
5382	18
5383	14
5384	14
5385	17
5386	8
5387	13
5388	21
5389	13
5390	18
5391	23
5392	15
5393	15
5394	18
5395	21
5396	11
5397	18
5398	10
5399	16
5400	7
5401	12
5402	20
5403	12
5404	15
5405	15
5406	17
5407	20
5408	15
5409	15
5410	19
5411	17
5412	19
5413	14
5414	17
5415	15
5416	15
5417	16
5418	26
5419	15
5420	25
5421	7
5422	22
5423	18
5424	12
5425	18
5426	13
5427	16
5428	13
5429	10
5430	13
5431	14
5432	16
5433	10
5434	18
5435	16
5436	16
5437	13
5438	17
5439	21
5440	11
5441	17
5442	16
5443	19
5444	15
5445	19
5446	7
5447	15
5448	15
5449	17
5450	16
5451	17
5452	19
5453	12
5454	20
5455	20
5456	19
5457	26
5458	19
5459	20
5460	16
5461	16
5462	17
5463	11
5464	24
5465	15
5466	10
5467	16
5468	21
5469	13
5470	16
5471	16
5472	18
5473	16
5474	19
5475	13
5476	16
5477	11
5478	15
5479	21
5480	13
5481	18
5482	20
5483	20
5484	13
5485	16
5486	15
5487	15
5488	13
5489	14
5490	16
5491	9
5492	21
5493	20
5494	16
5495	19
5496	21
5497	8
5498	21
5499	17
5500	20
5501	9
5502	18
5503	12
5504	21
5505	15
5506	20
5507	16
5508	13
5509	19
5510	14
5511	21
5512	18
5513	19
5514	21
5515	11
5516	14
5517	16
5518	11
5519	16
5520	13
5521	13
5522	15
5523	9
5524	14
5525	16
5526	18
5527	16
5528	11
5529	21
5530	18
5531	10
5532	18
5533	20
5534	16
5535	8
5536	20
5537	19
5538	14
5539	21
5540	13
5541	10
5542	17
5543	20
5544	13
5545	16
5546	20
5547	11
5548	17
5549	19
5550	14
5551	10
5552	17
5553	16
5554	13
5555	14
5556	15
5557	17
5558	15
5559	15
5560	14
5561	19
5562	14
5563	11
5564	12
5565	13
5566	11
5567	18
5568	16
5569	13
5570	20
5571	22
5572	20
5573	12
5574	13
5575	16
5576	5
5577	17
5578	16
5579	19
5580	13
5581	15
5582	14
5583	12
5584	13
5585	11
5586	15
5587	15
5588	18
5589	15
5590	12
5591	14
5592	8
5593	18
5594	17
5595	7
5596	14
5597	12
5598	13
5599	18
5600	13
5601	19
5602	13
5603	14
5604	18
5605	12
5606	15
5607	22
5608	7
5609	13
5610	12
5611	11
5612	20
5613	11
5614	11
5615	13
5616	14
5617	13
5618	14
5619	14
5620	14
5621	12
5622	11
5623	15
5624	11
5625	10
5626	12
5627	12
5628	17
5629	14
5630	10
5631	7
5632	16
5633	11
5634	13
5635	13
5636	10
5637	18
5638	12
5639	15
5640	19
5641	14
5642	16
5643	14
5644	8
5645	14
5646	12
5647	15
5648	11
5649	12
5650	18
5651	12
5652	20
5653	11
5654	14
5655	17
5656	11
5657	15
5658	12
5659	12
5660	23
5661	13
5662	10
5663	9
5664	14
5665	10
5666	14
5667	17
5668	12
5669	10
5670	7
5671	11
5672	12
5673	14
5674	13
5675	12
5676	9
5677	17
5678	12
5679	10
5680	12
5681	9
5682	10
5683	11
5684	8
5685	17
5686	22
5687	14
5688	11
5689	8
5690	13
5691	15
5692	18
5693	10
5694	7
5695	7
5696	13
5697	13
5698	13
5699	12
5700	13
5701	16
5702	11
5703	14
5704	5
5705	25
5706	11
5707	12
5708	15
5709	18
5710	17
5711	9
5712	10
5713	16
5714	10
5715	13
5716	13
5717	14
5718	8
5719	10
5720	10
5721	5
5722	10
5723	14
5724	16
5725	15
5726	12
5727	10
5728	6
5729	10
5730	15
5731	14
5732	11
5733	13
5734	14
5735	9
5736	14
5737	14
5738	5
5739	13
5740	9
5741	5
5742	17
5743	15
5744	11
5745	6
5746	2
5747	14
5748	16
5749	10
5750	15
5751	15
5752	11
5753	7
5754	7
5755	13
5756	14
5757	10
5758	12
5759	16
5760	14
5761	14
5762	9
5763	11
5764	13
5765	11
5766	14
5767	12
5768	9
5769	7
5770	11
5771	10
5772	8
5773	10
5774	12
5775	14
5776	16
5777	9
5778	12
5779	13
5780	10
5781	6
5782	12
5783	11
5784	10
5785	12
5786	12
5787	17
5788	8
5789	17
5790	12
5791	10
5792	6
5793	12
5794	11
5795	11
5796	11
5797	16
5798	16
5799	13
5800	12
5801	10
5802	9
5803	10
5804	12
5805	13
5806	15
5807	13
5808	12
5809	13
5810	12
5811	19
5812	14
5813	19
5814	16
5815	13
5816	7
5817	9
5818	10
5819	12
5820	15
5821	6
5822	10
5823	5
5824	10
5825	7
5826	8
5827	13
5828	6
5829	14
5830	11
5831	16
5832	8
5833	9
5834	9
5835	9
5836	9
5837	12
5838	14
5839	9
5840	8
5841	9
5842	10
5843	11
5844	14
5845	16
5846	16
5847	11
5848	11
5849	5
5850	8
5851	13
5852	15
5853	10
5854	9
5855	13
5856	9
5857	12
5858	10
5859	12
5860	14
5861	10
5862	19
5863	4
5864	7
5865	8
5866	11
5867	12
5868	7
5869	8
5870	9
5871	8
5872	9
5873	14
5874	9
5875	12
5876	8
5877	12
5878	11
5879	9
5880	9
5881	9
5882	9
5883	6
5884	7
5885	8
5886	14
5887	10
5888	13
5889	9
5890	12
5891	5
5892	12
5893	8
5894	6
5895	7
5896	12
5897	9
5898	11
5899	7
5900	6
5901	11
5902	16
5903	7
5904	13
5905	13
5906	9
5907	10
5908	15
5909	6
5910	9
5911	14
5912	7
5913	11
5914	11
5915	9
5916	6
5917	20
5918	10
5919	8
5920	8
5921	16
5922	5
5923	14
5924	14
5925	12
5926	8
5927	16
5928	23
5929	12
5930	8
5931	8
5932	3
5933	17
5934	9
5935	13
5936	6
5937	8
5938	11
5939	10
5940	10
5941	9
5942	11
5943	10
5944	19
5945	9
5946	8
5947	6
5948	8
5949	11
5950	16
5951	4
5952	11
5953	9
5954	15
5955	8
5956	2
5957	15
5958	10
5959	6
5960	11
5961	11
5962	11
5963	7
5964	8
5965	14
5966	7
5967	11
5968	6
5969	6
5970	11
5971	8
5972	7
5973	9
5974	7
5975	13
5976	9
5977	16
5978	9
5979	11
5980	10
5981	11
5982	13
5983	8
5984	11
5985	15
5986	6
5987	10
5988	8
5989	13
5990	11
5991	5
5992	14
5993	6
5994	7
5995	4
5996	11
5997	9
5998	7
5999	6
6000	10
6001	11
6002	9
6003	12
6004	10
6005	9
6006	10
6007	7
6008	13
6009	16
6010	10
6011	8
6012	10
6013	8
6014	8
6015	10
6016	7
6017	5
6018	16
6019	13
6020	7
6021	10
6022	15
6023	13
6024	3
6025	7
6026	8
6027	12
6028	13
6029	7
6030	11
6031	7
6032	7
6033	11
6034	8
6035	16
6036	8
6037	6
6038	10
6039	5
6040	8
6041	11
6042	9
6043	6
6044	11
6045	7
6046	13
6047	9
6048	12
6049	7
6050	7
6051	11
6052	4
6053	10
6054	10
6055	9
6056	9
6057	5
6058	9
6059	16
6060	11
6061	8
6062	13
6063	13
6064	11
6065	7
6066	11
6067	8
6068	7
6069	7
6070	14
6071	11
6072	14
6073	6
6074	8
6075	16
6076	11
6077	10
6078	11
6079	6
6080	10
6081	7
6082	14
6083	10
6084	13
6085	6
6086	5
6087	8
6088	9
6089	9
6090	8
6091	10
6092	8
6093	6
6094	8
6095	18
6096	9
6097	9
6098	11
6099	13
6100	9
6101	10
6102	14
6103	11
6104	10
6105	10
6106	7
6107	8
6108	12
6109	9
6110	5
6111	12
6112	8
6113	9
6114	8
6115	9
6116	8
6117	4
6118	13
6119	13
6120	10
6121	10
6122	9
6123	3
6124	9
6125	7
6126	9
6127	6
6128	8
6129	6
6130	10
6131	15
6132	15
6133	10
6134	16
6135	12
6136	6
6137	12
6138	10
6139	9
6140	4
6141	12
6142	4
6143	8
6144	15
6145	7
6146	15
6147	12
6148	10
6149	9
6150	14
6151	10
6152	6
6153	8
6154	11
6155	5
6156	9
6157	10
6158	3
6159	11
6160	7
6161	13
6162	11
6163	17
6164	10
6165	10
6166	8
6167	11
6168	11
6169	10
6170	14
6171	5
6172	8
6173	13
6174	9
6175	14
6176	6
6177	13
6178	6
6179	4
6180	6
6181	9
6182	7
6183	10
6184	9
6185	8
6186	11
6187	6
6188	11
6189	6
6190	9
6191	12
6192	11
6193	10
6194	6
6195	12
6196	7
6197	12
6198	7
6199	9
6200	6
6201	12
6202	12
6203	11
6204	4
6205	9
6206	11
6207	10
6208	10
6209	11
6210	15
6211	6
6212	10
6213	8
6214	4
6215	11
6216	10
6217	8
6218	6
6219	7
6220	7
6221	8
6222	13
6223	8
6224	10
6225	4
6226	6
6227	12
6228	5
6229	14
6230	10
6231	7
6232	12
6233	10
6234	9
6235	8
6236	8
6237	8
6238	5
6239	5
6240	4
6241	12
6242	9
6243	9
6244	15
6245	13
6246	7
6247	15
6248	7
6249	16
6250	6
6251	9
6252	12
6253	7
6254	7
6255	7
6256	10
6257	7
6258	11
6259	9
6260	11
6261	7
6262	10
6263	9
6264	9
6265	17
6266	5
6267	9
6268	9
6269	7
6270	7
6271	8
6272	17
6273	6
6274	12
6275	7
6276	11
6277	12
6278	8
6279	9
6280	6
6281	11
6282	8
6283	10
6284	8
6285	8
6286	9
6287	9
6288	6
6289	8
6290	10
6291	11
6292	9
6293	5
6294	6
6295	11
6296	6
6297	5
6298	11
6299	5
6300	9
6301	7
6302	9
6303	11
6304	13
6305	7
6306	9
6307	9
6308	13
6309	13
6310	10
6311	6
6312	19
6313	9
6314	5
6315	8
6316	9
6317	10
6318	8
6319	14
6320	4
6321	7
6322	6
6323	8
6324	6
6325	9
6326	11
6327	8
6328	6
6329	12
6330	10
6331	9
6332	5
6333	7
6334	9
6335	12
6336	12
6337	9
6338	10
6339	10
6340	13
6341	7
6342	8
6343	10
6344	8
6345	8
6346	4
6347	5
6348	7
6349	11
6350	4
6351	12
6352	17
6353	12
6354	5
6355	5
6356	12
6357	9
6358	13
6359	9
6360	12
6361	6
6362	9
6363	8
6364	8
6365	8
6366	7
6367	9
6368	7
6369	9
6370	13
6371	9
6372	9
6373	8
6374	16
6375	7
6376	11
6377	10
6378	10
6379	10
6380	9
6381	10
6382	11
6383	6
6384	14
6385	16
6386	7
6387	8
6388	14
6389	13
6390	8
6391	10
6392	14
6393	16
6394	12
6395	5
6396	10
6397	7
6398	15
6399	8
6400	11
6401	2
6402	8
6403	13
6404	10
6405	7
6406	13
6407	11
6408	8
6409	11
6410	15
6411	11
6412	11
6413	10
6414	9
6415	10
6416	3
6417	5
6418	11
6419	7
6420	9
6421	9
6422	10
6423	9
6424	9
6425	13
6426	9
6427	6
6428	18
6429	9
6430	11
6431	7
6432	10
6433	12
6434	11
6435	7
6436	12
6437	11
6438	10
6439	12
6440	6
6441	12
6442	5
6443	6
6444	13
6445	7
6446	7
6447	11
6448	13
6449	10
6450	11
6451	13
6452	14
6453	10
6454	5
6455	6
6456	10
6457	4
6458	6
6459	13
6460	6
6461	18
6462	4
6463	12
6464	8
6465	19
6466	16
6467	9
6468	8
6469	11
6470	14
6471	11
6472	6
6473	9
6474	7
6475	8
6476	7
6477	11
6478	9
6479	4
6480	12
6481	11
6482	12
6483	6
6484	13
6485	7
6486	12
6487	7
6488	13
6489	8
6490	9
6491	16
6492	11
6493	10
6494	15
6495	9
6496	10
6497	5
6498	13
6499	10
6500	10
6501	8
6502	9
6503	8
6504	14
6505	6
6506	13
6507	9
6508	10
6509	13
6510	6
6511	12
6512	13
6513	10
6514	14
6515	11
6516	16
6517	12
6518	11
6519	6
6520	14
6521	17
6522	9
6523	13
6524	14
6525	13
6526	11
6527	22
6528	12
6529	13
6530	10
6531	14
6532	9
6533	10
6534	9
6535	10
6536	7
6537	12
6538	11
6539	15
6540	7
6541	10
6542	10
6543	20
6544	15
6545	14
6546	10
6547	10
6548	13
6549	18
6550	10
6551	12
6552	11
6553	13
6554	9
6555	8
6556	16
6557	13
6558	9
6559	10
6560	15
6561	13
6562	10
6563	13
6564	11
6565	15
6566	15
6567	19
6568	13
6569	8
6570	11
6571	11
6572	7
6573	10
6574	16
6575	2
6576	11
6577	11
6578	14
6579	18
6580	12
6581	9
6582	11
6583	9
6584	11
6585	10
6586	15
6587	14
6588	12
6589	15
6590	11
6591	8
6592	18
6593	10
6594	9
6595	15
6596	14
6597	11
6598	15
6599	15
6600	20
6601	15
6602	15
6603	13
6604	9
6605	14
6606	13
6607	6
6608	12
6609	22
6610	9
6611	15
6612	16
6613	15
6614	21
6615	12
6616	20
6617	13
6618	18
6619	12
6620	12
6621	19
6622	21
6623	21
6624	16
6625	11
6626	15
6627	19
6628	22
6629	11
6630	16
6631	13
6632	15
6633	10
6634	18
6635	11
6636	18
6637	15
6638	18
6639	20
6640	14
6641	11
6642	12
6643	23
6644	15
6645	14
6646	15
6647	22
6648	18
6649	12
6650	10
6651	12
6652	18
6653	26
6654	17
6655	20
6656	12
6657	12
6658	20
6659	16
6660	16
6661	13
6662	25
6663	15
6664	8
6665	11
6666	17
6667	17
6668	13
6669	17
6670	18
6671	16
6672	10
6673	16
6674	22
6675	24
6676	30
6677	23
6678	14
6679	19
6680	9
6681	25
6682	16
6683	20
6684	18
6685	23
6686	22
6687	23
6688	15
6689	14
6690	13
6691	10
6692	16
6693	23
6694	17
6695	18
6696	21
6697	26
6698	19
6699	16
6700	33
6701	23
6702	28
6703	22
6704	24
6705	18
6706	19
6707	16
6708	13
6709	19
6710	19
6711	21
6712	20
6713	17
6714	23
6715	26
6716	30
6717	21
6718	26
6719	19
6720	27
6721	24
6722	20
6723	23
6724	27
6725	22
6726	26
6727	32
6728	23
6729	16
6730	25
6731	15
6732	15
6733	23
6734	15
6735	17
6736	19
6737	24
6738	19
6739	22
6740	26
6741	24
6742	30
6743	36
6744	19
6745	27
6746	26
6747	32
6748	32
6749	16
6750	24
6751	12
6752	21
6753	31
6754	30
6755	27
6756	17
6757	32
6758	26
6759	35
6760	44
6761	19
6762	33
6763	28
6764	30
6765	29
6766	32
6767	31
6768	29
6769	26
6770	37
6771	30
6772	31
6773	25
6774	29
6775	21
6776	39
6777	32
6778	31
6779	23
6780	34
6781	30
6782	27
6783	31
6784	30
6785	43
6786	33
6787	29
6788	26
6789	33
6790	33
6791	28
6792	29
6793	31
6794	30
6795	24
6796	37
6797	40
6798	32
6799	28
6800	29
6801	28
6802	38
6803	41
6804	37
6805	34
6806	44
6807	30
6808	34
6809	33
6810	38
6811	37
6812	32
6813	43
6814	41
6815	37
6816	34
6817	32
6818	34
6819	26
6820	37
6821	40
6822	25
6823	27
6824	45
6825	35
6826	29
6827	37
6828	35
6829	36
6830	35
6831	38
6832	31
6833	37
6834	39
6835	36
6836	29
6837	21
6838	34
6839	23
6840	38
6841	34
6842	41
6843	32
6844	35
6845	41
6846	40
6847	34
6848	42
6849	54
6850	40
6851	40
6852	43
6853	34
6854	48
6855	25
6856	49
6857	30
6858	38
6859	38
6860	46
6861	34
6862	39
6863	41
6864	32
6865	29
6866	44
6867	39
6868	35
6869	39
6870	43
6871	37
6872	48
6873	42
6874	51
6875	39
6876	54
6877	40
6878	37
6879	35
6880	33
6881	35
6882	55
6883	36
6884	51
6885	39
6886	50
6887	39
6888	46
6889	47
6890	46
6891	44
6892	50
6893	42
6894	47
6895	53
6896	50
6897	49
6898	46
6899	49
6900	47
6901	49
6902	49
6903	31
6904	46
6905	57
6906	41
6907	34
6908	47
6909	47
6910	52
6911	42
6912	43
6913	46
6914	39
6915	43
6916	52
6917	43
6918	41
6919	35
6920	45
6921	45
6922	43
6923	36
6924	55
6925	58
6926	45
6927	32
6928	38
6929	45
6930	44
6931	50
6932	50
6933	45
6934	43
6935	37
6936	48
6937	49
6938	46
6939	42
6940	47
6941	49
6942	52
6943	44
6944	40
6945	34
6946	32
6947	55
6948	47
6949	45
6950	45
6951	44
6952	53
6953	39
6954	43
6955	40
6956	36
6957	44
6958	35
6959	46
6960	55
6961	39
6962	51
6963	45
6964	48
6965	40
6966	49
6967	35
6968	47
6969	55
6970	54
6971	40
6972	45
6973	51
6974	38
6975	38
6976	37
6977	35
6978	34
6979	44
6980	60
6981	27
6982	44
6983	52
6984	50
6985	44
6986	48
6987	40
6988	53
6989	48
6990	55
6991	35
6992	45
6993	42
6994	41
6995	50
6996	49
6997	41
6998	40
6999	52
7000	47
7001	35
7002	49
7003	51
7004	45
7005	34
7006	41
7007	35
7008	42
7009	47
7010	41
7011	41
7012	44
7013	45
7014	45
7015	45
7016	42
7017	43
7018	37
7019	43
7020	44
7021	52
7022	34
7023	37
7024	49
7025	51
7026	39
7027	37
7028	44
7029	30
7030	35
7031	48
7032	36
7033	34
7034	36
7035	23
7036	33
7037	40
7038	26
7039	44
7040	35
7041	32
7042	33
7043	43
7044	41
7045	45
7046	32
7047	36
7048	36
7049	44
7050	39
7051	33
7052	33
7053	43
7054	41
7055	29
7056	37
7057	45
7058	38
7059	26
7060	32
7061	31
7062	26
7063	30
7064	41
7065	32
7066	24
7067	34
7068	23
7069	25
7070	37
7071	26
7072	34
7073	22
7074	35
7075	23
7076	42
7077	38
7078	31
7079	26
7080	30
7081	30
7082	18
7083	32
7084	29
7085	33
7086	27
7087	23
7088	20
7089	31
7090	25
7091	29
7092	28
7093	29
7094	33
7095	18
7096	31
7097	27
7098	24
7099	26
7100	29
7101	24
7102	29
7103	23
7104	26
7105	22
7106	26
7107	26
7108	20
7109	33
7110	28
7111	21
7112	27
7113	31
7114	26
7115	21
7116	23
7117	18
7118	33
7119	16
7120	16
7121	22
7122	17
7123	18
7124	26
7125	19
7126	20
7127	21
7128	23
7129	22
7130	23
7131	21
7132	27
7133	34
7134	26
7135	19
7136	20
7137	24
7138	14
7139	25
7140	14
7141	22
7142	18
7143	17
7144	22
7145	24
7146	17
7147	13
7148	20
7149	14
7150	19
7151	22
7152	24
7153	15
7154	22
7155	12
7156	18
7157	14
7158	11
7159	13
7160	18
7161	10
7162	21
7163	15
7164	13
7165	18
7166	14
7167	17
7168	12
7169	16
7170	12
7171	19
7172	21
7173	23
7174	15
7175	12
7176	19
7177	17
7178	18
7179	18
7180	9
7181	13
7182	14
7183	14
7184	14
7185	18
7186	15
7187	11
7188	7
7189	13
7190	15
7191	11
7192	9
7193	16
7194	15
7195	14
7196	11
7197	7
7198	17
7199	12
7200	17
7201	10
7202	11
7203	11
7204	15
7205	10
7206	13
7207	12
7208	15
7209	13
7210	7
7211	13
7212	12
7213	10
7214	13
7215	11
7216	19
7217	17
7218	13
7219	13
7220	12
7221	7
7222	16
7223	11
7224	14
7225	13
7226	16
7227	18
7228	13
7229	11
7230	11
7231	15
7232	11
7233	14
7234	18
7235	14
7236	13
7237	17
7238	9
7239	13
7240	11
7241	13
7242	15
7243	17
7244	13
7245	15
7246	10
7247	16
7248	7
7249	15
7250	12
7251	8
7252	23
7253	15
7254	14
7255	15
7256	17
7257	16
7258	21
7259	13
7260	17
7261	15
7262	15
7263	16
7264	10
7265	15
7266	15
7267	15
7268	13
7269	13
7270	15
7271	14
7272	10
7273	15
7274	12
7275	20
7276	9
7277	14
7278	17
7279	13
7280	11
7281	18
7282	13
7283	12
7284	19
7285	8
7286	19
7287	14
7288	15
7289	13
7290	19
7291	14
7292	17
7293	18
7294	14
7295	14
7296	18
7297	8
7298	22
7299	15
7300	17
7301	15
7302	10
7303	18
7304	26
7305	15
7306	19
7307	18
7308	18
7309	18
7310	23
7311	22
7312	22
7313	29
7314	17
7315	22
7316	16
7317	18
7318	26
7319	17
7320	11
7321	15
7322	20
7323	13
7324	21
7325	25
7326	17
7327	19
7328	17
7329	17
7330	26
7331	26
7332	18
7333	25
7334	18
7335	27
7336	21
7337	19
7338	24
7339	25
7340	16
7341	21
7342	22
7343	28
7344	25
7345	22
7346	25
7347	22
7348	19
7349	23
7350	30
7351	22
7352	32
7353	14
7354	26
7355	32
7356	26
7357	24
7358	28
7359	27
7360	29
7361	26
7362	29
7363	38
7364	29
7365	31
7366	26
7367	25
7368	30
7369	25
7370	33
7371	41
7372	40
7373	37
7374	38
7375	21
7376	36
7377	34
7378	32
7379	40
7380	28
7381	36
7382	28
7383	32
7384	39
7385	33
7386	37
7387	42
7388	42
7389	27
7390	37
7391	37
7392	35
7393	34
7394	39
7395	34
7396	39
7397	30
7398	37
7399	44
7400	32
7401	40
7402	38
7403	34
7404	42
7405	45
7406	41
7407	49
7408	45
7409	57
7410	36
7411	40
7412	43
7413	32
7414	33
7415	40
7416	40
7417	52
7418	36
7419	51
7420	41
7421	48
7422	44
7423	50
7424	40
7425	51
7426	35
7427	45
7428	47
7429	44
7430	47
7431	57
7432	42
7433	55
7434	38
7435	40
7436	50
7437	45
7438	49
7439	47
7440	65
7441	47
7442	55
7443	44
7444	59
7445	59
7446	44
7447	60
7448	44
7449	47
7450	39
7451	56
7452	50
7453	54
7454	47
7455	69
7456	53
7457	51
7458	56
7459	49
7460	50
7461	60
7462	49
7463	39
7464	50
7465	49
7466	70
7467	43
7468	59
7469	45
7470	71
7471	53
7472	55
7473	54
7474	56
7475	71
7476	50
7477	48
7478	60
7479	45
7480	43
7481	59
7482	42
7483	61
7484	55
7485	59
7486	42
7487	61
7488	63
7489	63
7490	58
7491	69
7492	64
7493	62
7494	55
7495	61
7496	57
7497	56
7498	53
7499	53
7500	57
7501	63
7502	46
7503	62
7504	57
7505	56
7506	63
7507	62
7508	54
7509	68
7510	48
7511	50
7512	51
7513	48
7514	47
7515	54
7516	48
7517	61
7518	52
7519	60
7520	62
7521	49
7522	48
7523	65
7524	50
7525	61
7526	56
7527	59
7528	53
7529	59
7530	61
7531	56
7532	58
7533	52
7534	62
7535	67
7536	53
7537	51
7538	49
7539	46
7540	54
7541	45
7542	42
7543	53
7544	45
7545	43
7546	52
7547	54
7548	49
7549	42
7550	50
7551	39
7552	50
7553	51
7554	52
7555	42
7556	37
7557	51
7558	44
7559	44
7560	50
7561	59
7562	55
7563	49
7564	36
7565	48
7566	38
7567	40
7568	41
7569	52
7570	45
7571	28
7572	49
7573	38
7574	36
7575	38
7576	36
7577	36
7578	41
7579	46
7580	39
7581	36
7582	49
7583	45
7584	39
7585	51
7586	39
7587	34
7588	43
7589	34
7590	34
7591	36
7592	38
7593	42
7594	35
7595	31
7596	37
7597	29
7598	44
7599	33
7600	31
7601	37
7602	39
7603	36
7604	41
7605	26
7606	34
7607	36
7608	37
7609	30
7610	36
7611	28
7612	37
7613	34
7614	24
7615	25
7616	41
7617	23
7618	22
7619	28
7620	31
7621	23
7622	27
7623	28
7624	12
7625	17
7626	24
7627	29
7628	23
7629	23
7630	28
7631	19
7632	29
7633	17
7634	18
7635	23
7636	24
7637	32
7638	32
7639	26
7640	21
7641	24
7642	28
7643	15
7644	27
7645	18
7646	22
7647	27
7648	24
7649	28
7650	19
7651	23
7652	14
7653	23
7654	32
7655	16
7656	22
7657	21
7658	16
7659	15
7660	21
7661	24
7662	15
7663	18
7664	21
7665	15
7666	14
7667	20
7668	15
7669	16
7670	24
7671	17
7672	18
7673	14
7674	20
7675	21
7676	22
7677	12
7678	21
7679	15
7680	16
7681	21
7682	19
7683	16
7684	10
7685	20
7686	23
7687	19
7688	15
7689	17
7690	15
7691	14
7692	12
7693	17
7694	13
7695	25
7696	15
7697	9
7698	12
7699	16
7700	12
7701	14
7702	18
7703	14
7704	14
7705	19
7706	12
7707	14
7708	16
7709	18
7710	11
7711	9
7712	15
7713	16
7714	8
7715	17
7716	13
7717	9
7718	15
7719	12
7720	17
7721	10
7722	17
7723	14
7724	21
7725	17
7726	21
7727	14
7728	14
7729	14
7730	13
7731	11
7732	15
7733	14
7734	13
7735	18
7736	19
7737	13
7738	15
7739	14
7740	13
7741	12
7742	13
7743	14
7744	15
7745	14
7746	15
7747	13
7748	16
7749	11
7750	12
7751	9
7752	8
7753	12
7754	7
7755	20
7756	12
7757	21
7758	21
7759	17
7760	13
7761	14
7762	20
7763	15
7764	8
7765	19
7766	12
7767	15
7768	21
7769	14
7770	20
7771	19
7772	16
7773	20
7774	20
7775	18
7776	10
7777	14
7778	12
7779	11
7780	16
7781	14
7782	14
7783	16
7784	11
7785	18
7786	7
7787	10
7788	13
7789	16
7790	9
7791	23
7792	10
7793	15
7794	10
7795	13
7796	13
7797	10
7798	22
7799	8
7800	9
7801	10
7802	15
7803	10
7804	8
7805	22
7806	7
7807	16
7808	17
7809	15
7810	18
7811	14
7812	13
7813	13
7814	9
7815	14
7816	16
7817	14
7818	12
7819	10
7820	19
7821	18
7822	7
7823	14
7824	14
7825	13
7826	25
7827	13
7828	12
7829	12
7830	13
7831	12
7832	18
7833	23
7834	18
7835	10
7836	17
7837	11
7838	13
7839	10
7840	9
7841	16
7842	16
7843	11
7844	12
7845	10
7846	5
7847	13
7848	7
7849	12
7850	5
7851	15
7852	14
7853	11
7854	9
7855	11
7856	13
7857	7
7858	14
7859	10
7860	6
7861	14
7862	10
7863	12
7864	9
7865	9
7866	14
7867	10
7868	4
7869	10
7870	11
7871	9
7872	7
7873	7
7874	2
7875	8
7876	6
7877	5
7878	0
7879	0
7880	0
7881	0
7882	1
7883	0
7884	0
7885	0
7886	0
7887	0
7888	0
7889	0
7890	0
7891	0
7892	0
7893	0
7894	0
7895	0
7896	0
7897	0
7898	0
7899	0
7900	0
7901	0
7902	0
7903	0
7904	0
7905	0
7906	0
7907	0
7908	0
7909	0
7910	0
7911	0
7912	0
7913	0
7914	0
7915	0
7916	0
7917	0
7918	0
7919	0
7920	0
7921	0
7922	0
7923	0
7924	0
7925	0
7926	0
7927	0
7928	0
7929	0
7930	0
7931	0
7932	0
7933	0
7934	0
7935	0
7936	0
7937	0
7938	0
7939	0
7940	0
7941	0
7942	0
7943	0
7944	0
7945	0
7946	0
7947	0
7948	0
7949	0
7950	0
7951	0
7952	0
7953	0
7954	0
7955	0
7956	0
7957	0
7958	0
7959	0
7960	0
7961	0
7962	0
7963	0
7964	0
7965	0
7966	0
7967	0
7968	0
7969	0
7970	0
7971	0
7972	0
7973	0
7974	0
7975	0
7976	0
7977	0
7978	0
7979	0
7980	0
7981	0
7982	0
7983	0
7984	0
7985	0
7986	0
7987	0
7988	0
7989	0
7990	0
7991	0
7992	0
7993	0
7994	0
7995	0
7996	0
7997	0
7998	0
7999	0
8000	0
8001	0
8002	0
8003	0
8004	0
8005	0
8006	0
8007	0
8008	0
8009	0
8010	0
8011	0
8012	0
8013	0
8014	0
8015	0
8016	0
8017	0
8018	0
8019	0
8020	0
8021	0
8022	0
8023	0
8024	0
8025	0
8026	0
8027	0
8028	0
8029	0
8030	0
8031	0
8032	0
8033	0
8034	0
8035	0
8036	0
8037	0
8038	0
8039	0
8040	0
8041	0
8042	0
8043	0
8044	0
8045	0
8046	0
8047	0
8048	0
8049	0
8050	0
8051	0
8052	0
8053	0
8054	0
8055	0
8056	0
8057	0
8058	0
8059	0
8060	0
8061	0
8062	0
8063	0
8064	0
8065	0
8066	0
8067	0
8068	0
8069	0
8070	0
8071	0
8072	0
8073	0
8074	0
8075	0
8076	0
8077	0
8078	0
8079	0
8080	0
8081	0
8082	0
8083	0
8084	0
8085	0
8086	0
8087	0
8088	0
8089	0
8090	0
8091	0
8092	0
8093	0
8094	0
8095	0
8096	0
8097	0
8098	0
8099	0
8100	0
8101	0
8102	0
8103	0
8104	0
8105	0
8106	0
8107	0
8108	0
8109	0
8110	0
8111	0
8112	0
8113	0
8114	0
8115	0
8116	0
8117	0
8118	0
8119	0
8120	0
8121	0
8122	0
8123	0
8124	0
8125	0
8126	0
8127	0
8128	0
8129	0
8130	0
8131	0
8132	0
8133	0
8134	0
8135	0
8136	0
8137	0
8138	0
8139	0
8140	0
8141	0
8142	0
8143	0
8144	0
8145	0
8146	0
8147	0
8148	0
8149	0
8150	0
8151	0
8152	0
8153	0
8154	0
8155	0
8156	0
8157	0
8158	0
8159	0
8160	0
8161	0
8162	0
8163	0
8164	0
8165	0
8166	0
8167	0
8168	0
8169	0
8170	0
8171	0
8172	0
8173	0
8174	0
8175	0
8176	0
8177	0
8178	0
8179	0
8180	0
8181	0
8182	0
8183	0
8184	0
8185	0
8186	0
8187	0
8188	0
8189	0
8190	0
8191	0
