0	7
1	0
2	0
3	0
4	0
5	1
6	0
7	0
8	1
9	0
10	1
11	0
12	2
13	1
14	1
15	2
16	1
17	0
18	0
19	1
20	1
21	0
22	0
23	1
24	1
25	0
26	0
27	0
28	0
29	0
30	4
31	0
32	1
33	0
34	1
35	0
36	3
37	1
38	1
39	2
40	2
41	1
42	1
43	0
44	1
45	1
46	0
47	1
48	2
49	1
50	7
51	51
52	121
53	308
54	553
55	803
56	922
57	912
58	947
59	905
60	945
61	902
62	912
63	928
64	917
65	922
66	941
67	913
68	894
69	923
70	873
71	934
72	932
73	925
74	913
75	960
76	943
77	956
78	973
79	1002
80	973
81	951
82	1006
83	1006
84	1028
85	1081
86	951
87	1035
88	1005
89	1078
90	1140
91	1052
92	1084
93	1085
94	1074
95	1121
96	1093
97	1120
98	1179
99	1077
100	1148
101	1132
102	1182
103	1137
104	1102
105	1169
106	1156
107	1257
108	1246
109	1153
110	1188
111	1186
112	1276
113	1261
114	1266
115	1297
116	1239
117	1288
118	1336
119	1328
120	1290
121	1308
122	1371
123	1285
124	1317
125	1287
126	1295
127	1334
128	1294
129	1292
130	1345
131	1299
132	1363
133	1319
134	1368
135	1316
136	1381
137	1341
138	1347
139	1335
140	1361
141	1309
142	1373
143	1313
144	1309
145	1291
146	1290
147	1376
148	1347
149	1416
150	1369
151	1333
152	1354
153	1322
154	1346
155	1336
156	1371
157	1370
158	1353
159	1393
160	1368
161	1321
162	1399
163	1412
164	1347
165	1383
166	1350
167	1345
168	1325
169	1361
170	1359
171	1346
172	1300
173	1381
174	1365
175	1382
176	1301
177	1387
178	1379
179	1289
180	1355
181	1340
182	1308
183	1397
184	1311
185	1325
186	1349
187	1334
188	1368
189	1288
190	1312
191	1284
192	1372
193	1316
194	1279
195	1309
196	1272
197	1314
198	1308
199	1346
200	1288
201	1302
202	1328
203	1307
204	1233
205	1283
206	1361
207	1307
208	1281
209	1311
210	1363
211	1304
212	1343
213	1342
214	1279
215	1323
216	1391
217	1365
218	1358
219	1279
220	1274
221	1373
222	1389
223	1337
224	1361
225	1309
226	1260
227	1358
228	1301
229	1266
230	1374
231	1316
232	1254
233	1316
234	1317
235	1302
236	1296
237	1293
238	1342
239	1244
240	1281
241	1329
242	1274
243	1280
244	1321
245	1340
246	1294
247	1254
248	1263
249	1339
250	1323
251	1295
252	1298
253	1288
254	1334
255	1243
256	1355
257	1273
258	1289
259	1313
260	1284
261	1245
262	1328
263	1265
264	1297
265	1315
266	1217
267	1269
268	1266
269	1257
270	1295
271	1243
272	1221
273	1292
274	1271
275	1293
276	1286
277	1209
278	1251
279	1289
280	1258
281	1270
282	1228
283	1228
284	1261
285	1219
286	1277
287	1234
288	1270
289	1214
290	1220
291	1259
292	1262
293	1169
294	1269
295	1239
296	1259
297	1230
298	1247
299	1269
300	1232
301	1206
302	1217
303	1282
304	1226
305	1208
306	1197
307	1183
308	1180
309	1249
310	1205
311	1209
312	1227
313	1218
314	1201
315	1214
316	1243
317	1181
318	1219
319	1233
320	1328
321	1201
322	1220
323	1234
324	1182
325	1239
326	1197
327	1220
328	1165
329	1195
330	1263
331	1246
332	1209
333	1227
334	1228
335	1213
336	1224
337	1261
338	1257
339	1213
340	1277
341	1291
342	1268
343	1303
344	1209
345	1227
346	1294
347	1273
348	1221
349	1364
350	1307
351	1300
352	1397
353	1314
354	1274
355	1315
356	1243
357	1360
358	1403
359	1365
360	1281
361	1359
362	1399
363	1362
364	1341
365	1377
366	1366
367	1431
368	1367
369	1419
370	1483
371	1406
372	1497
373	1452
374	1402
375	1487
376	1454
377	1494
378	1441
379	1520
380	1490
381	1596
382	1536
383	1525
384	1557
385	1516
386	1513
387	1543
388	1547
389	1600
390	1563
391	1573
392	1530
393	1592
394	1583
395	1643
396	1574
397	1629
398	1600
399	1671
400	1576
401	1626
402	1597
403	1564
404	1544
405	1628
406	1598
407	1658
408	1575
409	1547
410	1604
411	1542
412	1555
413	1553
414	1552
415	1609
416	1566
417	1579
418	1634
419	1519
420	1619
421	1574
422	1594
423	1558
424	1551
425	1530
426	1559
427	1506
428	1464
429	1507
430	1567
431	1531
432	1484
433	1487
434	1556
435	1487
436	1497
437	1476
438	1378
439	1476
440	1509
441	1470
442	1369
443	1430
444	1457
445	1451
446	1433
447	1479
448	1435
449	1409
450	1410
451	1414
452	1407
453	1446
454	1439
455	1391
456	1437
457	1422
458	1410
459	1355
460	1422
461	1425
462	1425
463	1355
464	1401
465	1401
466	1364
467	1318
468	1360
469	1348
470	1344
471	1342
472	1333
473	1314
474	1293
475	1355
476	1366
477	1402
478	1367
479	1286
480	1304
481	1247
482	1322
483	1367
484	1318
485	1315
486	1323
487	1337
488	1303
489	1300
490	1282
491	1299
492	1335
493	1307
494	1230
495	1277
496	1207
497	1341
498	1182
499	1257
500	1314
501	1311
502	1307
503	1207
504	1215
505	1304
506	1208
507	1234
508	1248
509	1260
510	1241
511	1189
512	1249
513	1212
514	1207
515	1209
516	1219
517	1249
518	1230
519	1273
520	1176
521	1198
522	1207
523	1190
524	1204
525	1155
526	1201
527	1201
528	1183
529	1154
530	1142
531	1144
532	1162
533	1203
534	1108
535	1168
536	1188
537	1217
538	1171
539	1248
540	1159
541	1141
542	1143
543	1225
544	1198
545	1215
546	1190
547	1175
548	1155
549	1132
550	1153
551	1117
552	1173
553	1213
554	1139
555	1144
556	1140
557	1184
558	1187
559	1128
560	1161
561	1108
562	1061
563	1176
564	1215
565	1167
566	1062
567	1081
568	1104
569	1142
570	1041
571	1093
572	1161
573	1113
574	1091
575	1105
576	1093
577	1114
578	1152
579	1075
580	1140
581	1114
582	1077
583	1142
584	1077
585	1126
586	1066
587	1096
588	1094
589	1148
590	1072
591	1082
592	1088
593	1087
594	1083
595	1021
596	1095
597	1116
598	1069
599	1130
600	1073
601	1090
602	1061
603	1031
604	1022
605	1076
606	1077
607	1001
608	1080
609	1107
610	1073
611	1019
612	1082
613	1052
614	1063
615	1068
616	990
617	1058
618	1077
619	1062
620	1026
621	1051
622	1050
623	991
624	1065
625	1072
626	1025
627	1016
628	1025
629	1038
630	1018
631	993
632	1037
633	1019
634	1060
635	1021
636	991
637	973
638	1000
639	975
640	1065
641	1021
642	1005
643	1044
644	936
645	975
646	1006
647	961
648	980
649	1036
650	1003
651	889
652	969
653	1025
654	1039
655	987
656	983
657	1021
658	1003
659	1019
660	1016
661	953
662	940
663	1005
664	947
665	972
666	967
667	986
668	1012
669	942
670	1011
671	968
672	986
673	933
674	958
675	937
676	1009
677	950
678	937
679	1007
680	976
681	963
682	996
683	938
684	920
685	923
686	996
687	980
688	904
689	945
690	934
691	928
692	950
693	957
694	972
695	892
696	951
697	929
698	937
699	919
700	985
701	967
702	1026
703	996
704	988
705	937
706	910
707	971
708	936
709	962
710	946
711	954
712	912
713	958
714	917
715	890
716	926
717	867
718	957
719	929
720	949
721	959
722	945
723	920
724	927
725	917
726	873
727	921
728	885
729	935
730	962
731	952
732	985
733	875
734	938
735	915
736	853
737	951
738	920
739	947
740	929
741	929
742	989
743	960
744	956
745	883
746	913
747	948
748	952
749	941
750	886
751	982
752	918
753	915
754	928
755	930
756	915
757	951
758	923
759	906
760	935
761	889
762	925
763	926
764	923
765	943
766	874
767	940
768	921
769	933
770	933
771	931
772	940
773	889
774	907
775	944
776	928
777	920
778	916
779	934
780	929
781	961
782	931
783	847
784	911
785	925
786	924
787	909
788	940
789	912
790	895
791	862
792	862
793	908
794	876
795	896
796	914
797	913
798	908
799	893
800	930
801	861
802	842
803	905
804	875
805	895
806	916
807	931
808	900
809	895
810	908
811	875
812	1003
813	885
814	853
815	879
816	890
817	880
818	883
819	877
820	878
821	885
822	895
823	861
824	907
825	875
826	885
827	899
828	872
829	864
830	886
831	888
832	914
833	893
834	905
835	883
836	897
837	874
838	933
839	862
840	911
841	822
842	940
843	919
844	909
845	878
846	893
847	884
848	831
849	918
850	909
851	868
852	931
853	865
854	917
855	872
856	894
857	865
858	894
859	883
860	901
861	916
862	869
863	912
864	930
865	860
866	901
867	843
868	894
869	929
870	918
871	866
872	859
873	897
874	883
875	887
876	934
877	832
878	934
879	875
880	886
881	849
882	886
883	876
884	891
885	932
886	879
887	890
888	895
889	909
890	844
891	815
892	847
893	902
894	922
895	905
896	873
897	873
898	841
899	827
900	873
901	854
902	921
903	885
904	895
905	889
906	904
907	844
908	885
909	800
910	828
911	946
912	870
913	847
914	795
915	899
916	921
917	826
918	883
919	844
920	885
921	908
922	835
923	861
924	854
925	877
926	865
927	895
928	841
929	820
930	885
931	908
932	865
933	839
934	866
935	882
936	902
937	842
938	822
939	877
940	878
941	846
942	861
943	841
944	797
945	967
946	869
947	913
948	844
949	919
950	892
951	784
952	909
953	797
954	855
955	882
956	871
957	886
958	836
959	820
960	818
961	840
962	900
963	835
964	847
965	842
966	869
967	841
968	829
969	884
970	863
971	856
972	859
973	844
974	832
975	857
976	870
977	857
978	884
979	840
980	841
981	866
982	884
983	863
984	861
985	840
986	847
987	885
988	903
989	838
990	811
991	867
992	795
993	805
994	843
995	911
996	822
997	833
998	854
999	878
1000	846
1001	844
1002	806
1003	787
1004	857
1005	828
1006	818
1007	810
1008	863
1009	813
1010	810
1011	891
1012	831
1013	870
1014	855
1015	868
1016	854
1017	834
1018	847
1019	903
1020	874
1021	866
1022	850
1023	849
1024	862
1025	913
1026	822
1027	896
1028	836
1029	836
1030	825
1031	894
1032	901
1033	915
1034	854
1035	826
1036	861
1037	872
1038	922
1039	826
1040	840
1041	846
1042	859
1043	872
1044	844
1045	819
1046	905
1047	859
1048	866
1049	880
1050	886
1051	811
1052	814
1053	834
1054	809
1055	841
1056	883
1057	810
1058	824
1059	816
1060	823
1061	882
1062	860
1063	938
1064	860
1065	911
1066	839
1067	827
1068	781
1069	891
1070	858
1071	844
1072	770
1073	856
1074	840
1075	806
1076	863
1077	832
1078	845
1079	857
1080	873
1081	796
1082	811
1083	848
1084	857
1085	854
1086	824
1087	803
1088	823
1089	891
1090	824
1091	880
1092	853
1093	812
1094	814
1095	812
1096	818
1097	902
1098	854
1099	848
1100	795
1101	879
1102	782
1103	839
1104	784
1105	799
1106	866
1107	868
1108	819
1109	794
1110	832
1111	808
1112	805
1113	857
1114	896
1115	815
1116	852
1117	865
1118	858
1119	888
1120	859
1121	794
1122	815
1123	821
1124	861
1125	860
1126	856
1127	815
1128	838
1129	855
1130	838
1131	843
1132	838
1133	832
1134	852
1135	854
1136	860
1137	872
1138	778
1139	894
1140	820
1141	823
1142	869
1143	821
1144	836
1145	791
1146	827
1147	855
1148	862
1149	862
1150	858
1151	873
1152	823
1153	843
1154	817
1155	823
1156	845
1157	866
1158	792
1159	812
1160	799
1161	814
1162	850
1163	827
1164	829
1165	850
1166	812
1167	816
1168	821
1169	919
1170	807
1171	821
1172	848
1173	903
1174	818
1175	794
1176	798
1177	765
1178	823
1179	843
1180	835
1181	851
1182	828
1183	782
1184	855
1185	843
1186	866
1187	852
1188	820
1189	877
1190	849
1191	793
1192	832
1193	865
1194	846
1195	872
1196	871
1197	875
1198	815
1199	818
1200	906
1201	842
1202	880
1203	839
1204	865
1205	862
1206	863
1207	839
1208	816
1209	845
1210	876
1211	833
1212	947
1213	898
1214	913
1215	864
1216	826
1217	892
1218	873
1219	854
1220	822
1221	851
1222	847
1223	847
1224	915
1225	870
1226	868
1227	866
1228	840
1229	911
1230	889
1231	869
1232	864
1233	833
1234	889
1235	863
1236	836
1237	850
1238	881
1239	878
1240	855
1241	847
1242	841
1243	881
1244	847
1245	902
1246	851
1247	865
1248	855
1249	884
1250	864
1251	929
1252	910
1253	900
1254	864
1255	888
1256	857
1257	855
1258	890
1259	892
1260	883
1261	936
1262	882
1263	854
1264	908
1265	905
1266	867
1267	866
1268	846
1269	857
1270	928
1271	856
1272	874
1273	905
1274	912
1275	897
1276	945
1277	896
1278	907
1279	906
1280	902
1281	932
1282	858
1283	917
1284	946
1285	909
1286	899
1287	910
1288	960
1289	912
1290	975
1291	903
1292	915
1293	907
1294	944
1295	886
1296	928
1297	922
1298	899
1299	986
1300	884
1301	932
1302	926
1303	845
1304	962
1305	948
1306	902
1307	935
1308	958
1309	869
1310	968
1311	923
1312	938
1313	951
1314	918
1315	893
1316	914
1317	991
1318	973
1319	978
1320	987
1321	991
1322	956
1323	967
1324	968
1325	897
1326	986
1327	951
1328	950
1329	980
1330	988
1331	939
1332	947
1333	944
1334	993
1335	966
1336	976
1337	949
1338	985
1339	994
1340	959
1341	1028
1342	986
1343	972
1344	925
1345	982
1346	972
1347	935
1348	931
1349	986
1350	966
1351	967
1352	980
1353	969
1354	909
1355	966
1356	956
1357	1026
1358	995
1359	975
1360	1012
1361	967
1362	914
1363	934
1364	951
1365	987
1366	960
1367	976
1368	1000
1369	988
1370	921
1371	988
1372	945
1373	1036
1374	1040
1375	1044
1376	1008
1377	971
1378	985
1379	990
1380	1023
1381	1080
1382	1038
1383	988
1384	966
1385	1015
1386	987
1387	1016
1388	969
1389	955
1390	957
1391	1060
1392	989
1393	938
1394	955
1395	1019
1396	1016
1397	1027
1398	989
1399	977
1400	969
1401	1054
1402	914
1403	968
1404	961
1405	956
1406	976
1407	1003
1408	979
1409	1003
1410	933
1411	960
1412	1001
1413	1044
1414	982
1415	1007
1416	1011
1417	997
1418	922
1419	1025
1420	984
1421	928
1422	992
1423	990
1424	900
1425	989
1426	980
1427	998
1428	1013
1429	999
1430	957
1431	1020
1432	1020
1433	998
1434	1036
1435	971
1436	1019
1437	977
1438	1043
1439	948
1440	986
1441	964
1442	957
1443	1005
1444	1016
1445	953
1446	1042
1447	992
1448	1029
1449	973
1450	1030
1451	1021
1452	983
1453	994
1454	961
1455	980
1456	970
1457	965
1458	1028
1459	974
1460	981
1461	983
1462	1041
1463	954
1464	1084
1465	971
1466	1023
1467	994
1468	979
1469	1003
1470	954
1471	1026
1472	986
1473	1018
1474	1022
1475	979
1476	984
1477	1047
1478	938
1479	996
1480	985
1481	1024
1482	953
1483	985
1484	1012
1485	971
1486	1011
1487	1001
1488	984
1489	1023
1490	984
1491	1010
1492	1060
1493	998
1494	1019
1495	976
1496	965
1497	1005
1498	1020
1499	1003
1500	945
1501	951
1502	976
1503	1005
1504	1052
1505	1007
1506	963
1507	971
1508	973
1509	938
1510	976
1511	962
1512	1014
1513	1003
1514	971
1515	989
1516	994
1517	981
1518	971
1519	972
1520	1033
1521	1017
1522	991
1523	1040
1524	978
1525	984
1526	944
1527	946
1528	1018
1529	1064
1530	954
1531	1001
1532	1053
1533	972
1534	976
1535	966
1536	1015
1537	1042
1538	984
1539	990
1540	967
1541	992
1542	979
1543	1002
1544	958
1545	995
1546	976
1547	1006
1548	959
1549	937
1550	953
1551	989
1552	960
1553	980
1554	995
1555	979
1556	939
1557	979
1558	1040
1559	962
1560	986
1561	950
1562	1007
1563	1014
1564	907
1565	990
1566	1004
1567	997
1568	973
1569	1022
1570	927
1571	967
1572	997
1573	969
1574	1001
1575	993
1576	979
1577	1029
1578	918
1579	938
1580	1005
1581	938
1582	1062
1583	980
1584	1010
1585	968
1586	973
1587	1048
1588	1005
1589	941
1590	1000
1591	1019
1592	926
1593	1001
1594	962
1595	981
1596	951
1597	956
1598	1015
1599	986
1600	987
1601	1014
1602	1049
1603	998
1604	1019
1605	1012
1606	964
1607	1054
1608	969
1609	1010
1610	980
1611	967
1612	979
1613	991
1614	969
1615	971
1616	967
1617	1014
1618	985
1619	1032
1620	976
1621	1001
1622	976
1623	953
1624	998
1625	990
1626	987
1627	948
1628	947
1629	995
1630	964
1631	980
1632	995
1633	1015
1634	956
1635	983
1636	947
1637	980
1638	963
1639	965
1640	955
1641	965
1642	1016
1643	958
1644	933
1645	946
1646	988
1647	964
1648	974
1649	957
1650	986
1651	909
1652	998
1653	966
1654	978
1655	945
1656	941
1657	964
1658	904
1659	958
1660	943
1661	910
1662	961
1663	924
1664	923
1665	932
1666	969
1667	905
1668	939
1669	950
1670	854
1671	882
1672	891
1673	932
1674	951
1675	884
1676	882
1677	845
1678	849
1679	883
1680	919
1681	919
1682	891
1683	884
1684	889
1685	922
1686	899
1687	919
1688	868
1689	779
1690	893
1691	857
1692	839
1693	818
1694	840
1695	871
1696	878
1697	866
1698	866
1699	833
1700	837
1701	820
1702	826
1703	833
1704	834
1705	796
1706	813
1707	842
1708	822
1709	814
1710	838
1711	811
1712	790
1713	788
1714	772
1715	852
1716	771
1717	786
1718	763
1719	812
1720	807
1721	770
1722	765
1723	799
1724	792
1725	799
1726	762
1727	785
1728	767
1729	765
1730	790
1731	769
1732	781
1733	816
1734	775
1735	770
1736	777
1737	746
1738	790
1739	733
1740	815
1741	737
1742	714
1743	757
1744	811
1745	748
1746	741
1747	742
1748	744
1749	786
1750	759
1751	716
1752	722
1753	687
1754	740
1755	689
1756	732
1757	729
1758	724
1759	689
1760	722
1761	707
1762	738
1763	690
1764	770
1765	737
1766	726
1767	701
1768	707
1769	751
1770	724
1771	734
1772	698
1773	651
1774	702
1775	710
1776	706
1777	699
1778	689
1779	725
1780	693
1781	731
1782	679
1783	721
1784	691
1785	701
1786	634
1787	680
1788	710
1789	694
1790	686
1791	710
1792	656
1793	656
1794	662
1795	657
1796	706
1797	627
1798	660
1799	644
1800	678
1801	705
1802	646
1803	741
1804	698
1805	679
1806	671
1807	654
1808	731
1809	687
1810	696
1811	688
1812	721
1813	628
1814	707
1815	648
1816	665
1817	689
1818	650
1819	693
1820	665
1821	685
1822	651
1823	687
1824	659
1825	669
1826	718
1827	678
1828	690
1829	675
1830	712
1831	650
1832	664
1833	655
1834	646
1835	634
1836	667
1837	685
1838	713
1839	682
1840	718
1841	666
1842	649
1843	681
1844	669
1845	636
1846	662
1847	653
1848	645
1849	627
1850	687
1851	663
1852	660
1853	671
1854	686
1855	686
1856	637
1857	656
1858	617
1859	673
1860	649
1861	647
1862	630
1863	662
1864	618
1865	695
1866	600
1867	681
1868	700
1869	669
1870	638
1871	645
1872	664
1873	689
1874	658
1875	619
1876	659
1877	666
1878	659
1879	597
1880	695
1881	576
1882	695
1883	683
1884	668
1885	646
1886	667
1887	604
1888	594
1889	629
1890	614
1891	657
1892	656
1893	693
1894	653
1895	651
1896	673
1897	632
1898	653
1899	617
1900	628
1901	660
1902	665
1903	712
1904	671
1905	642
1906	650
1907	658
1908	662
1909	642
1910	681
1911	606
1912	660
1913	645
1914	675
1915	663
1916	607
1917	659
1918	686
1919	607
1920	647
1921	676
1922	635
1923	661
1924	611
1925	629
1926	647
1927	672
1928	646
1929	634
1930	641
1931	655
1932	660
1933	661
1934	652
1935	605
1936	675
1937	630
1938	619
1939	638
1940	609
1941	568
1942	665
1943	663
1944	695
1945	677
1946	647
1947	665
1948	599
1949	636
1950	623
1951	643
1952	687
1953	689
1954	608
1955	697
1956	681
1957	688
1958	680
1959	701
1960	695
1961	707
1962	711
1963	714
1964	742
1965	672
1966	719
1967	728
1968	721
1969	762
1970	739
1971	742
1972	735
1973	802
1974	773
1975	770
1976	737
1977	774
1978	802
1979	879
1980	829
1981	877
1982	802
1983	855
1984	849
1985	914
1986	894
1987	904
1988	942
1989	861
1990	957
1991	948
1992	942
1993	978
1994	996
1995	1007
1996	1046
1997	994
1998	1148
1999	1085
2000	1111
2001	1142
2002	1110
2003	1128
2004	1180
2005	1248
2006	1216
2007	1179
2008	1271
2009	1273
2010	1277
2011	1251
2012	1344
2013	1323
2014	1423
2015	1444
2016	1396
2017	1471
2018	1450
2019	1539
2020	1559
2021	1513
2022	1577
2023	1611
2024	1577
2025	1565
2026	1684
2027	1695
2028	1749
2029	1846
2030	1681
2031	1753
2032	1843
2033	1899
2034	1888
2035	1866
2036	1962
2037	1895
2038	2001
2039	2006
2040	2068
2041	2058
2042	2147
2043	2039
2044	2143
2045	2145
2046	2228
2047	2185
2048	2184
2049	2299
2050	2313
2051	2358
2052	2238
2053	2293
2054	2324
2055	2325
2056	2316
2057	2410
2058	2349
2059	2348
2060	2380
2061	2439
2062	2596
2063	2454
2064	2447
2065	2538
2066	2587
2067	2507
2068	2487
2069	2454
2070	2569
2071	2574
2072	2510
2073	2613
2074	2637
2075	2572
2076	2627
2077	2555
2078	2662
2079	2669
2080	2642
2081	2560
2082	2617
2083	2606
2084	2568
2085	2518
2086	2546
2087	2500
2088	2575
2089	2525
2090	2596
2091	2532
2092	2535
2093	2512
2094	2540
2095	2446
2096	2567
2097	2450
2098	2425
2099	2432
2100	2405
2101	2338
2102	2317
2103	2383
2104	2262
2105	2261
2106	2293
2107	2214
2108	2241
2109	2201
2110	2155
2111	2105
2112	2176
2113	2127
2114	2148
2115	2133
2116	2029
2117	2042
2118	2005
2119	1890
2120	1919
2121	1905
2122	1900
2123	1834
2124	1868
2125	1805
2126	1860
2127	1778
2128	1676
2129	1702
2130	1645
2131	1571
2132	1589
2133	1580
2134	1571
2135	1563
2136	1511
2137	1464
2138	1488
2139	1403
2140	1374
2141	1382
2142	1301
2143	1138
2144	1235
2145	1234
2146	1159
2147	1163
2148	1125
2149	1129
2150	1172
2151	1063
2152	1028
2153	1053
2154	994
2155	975
2156	963
2157	952
2158	858
2159	912
2160	909
2161	869
2162	853
2163	797
2164	802
2165	787
2166	750
2167	779
2168	743
2169	731
2170	731
2171	730
2172	717
2173	654
2174	638
2175	629
2176	664
2177	600
2178	586
2179	580
2180	603
2181	618
2182	546
2183	536
2184	556
2185	564
2186	600
2187	506
2188	499
2189	479
2190	511
2191	488
2192	526
2193	497
2194	474
2195	490
2196	531
2197	496
2198	488
2199	530
2200	493
2201	515
2202	494
2203	499
2204	503
2205	498
2206	502
2207	485
2208	486
2209	491
2210	458
2211	464
2212	522
2213	479
2214	507
2215	528
2216	525
2217	548
2218	545
2219	531
2220	534
2221	521
2222	524
2223	538
2224	578
2225	576
2226	577
2227	638
2228	571
2229	649
2230	631
2231	643
2232	633
2233	682
2234	694
2235	741
2236	685
2237	754
2238	741
2239	772
2240	759
2241	723
2242	784
2243	844
2244	838
2245	818
2246	858
2247	909
2248	875
2249	974
2250	987
2251	974
2252	919
2253	1001
2254	917
2255	1044
2256	1098
2257	1080
2258	1104
2259	1144
2260	1155
2261	1151
2262	1240
2263	1259
2264	1177
2265	1283
2266	1291
2267	1303
2268	1338
2269	1350
2270	1413
2271	1385
2272	1354
2273	1482
2274	1528
2275	1527
2276	1490
2277	1560
2278	1618
2279	1569
2280	1625
2281	1635
2282	1591
2283	1732
2284	1732
2285	1749
2286	1760
2287	1785
2288	1783
2289	1765
2290	1842
2291	1933
2292	1919
2293	1891
2294	2002
2295	1970
2296	1974
2297	1988
2298	2013
2299	2055
2300	2060
2301	2067
2302	2047
2303	2044
2304	2127
2305	2102
2306	2197
2307	2181
2308	2108
2309	2193
2310	2270
2311	2188
2312	2253
2313	2220
2314	2340
2315	2266
2316	2228
2317	2170
2318	2227
2319	2225
2320	2205
2321	2225
2322	2254
2323	2278
2324	2231
2325	2340
2326	2287
2327	2358
2328	2257
2329	2221
2330	2195
2331	2266
2332	2261
2333	2252
2334	2155
2335	2216
2336	2267
2337	2180
2338	2185
2339	2157
2340	2210
2341	2154
2342	2163
2343	2131
2344	2086
2345	2090
2346	2113
2347	2054
2348	2113
2349	1929
2350	1934
2351	1958
2352	2049
2353	1960
2354	1810
2355	1884
2356	1894
2357	1830
2358	1854
2359	1771
2360	1691
2361	1761
2362	1732
2363	1736
2364	1652
2365	1584
2366	1612
2367	1590
2368	1560
2369	1589
2370	1534
2371	1480
2372	1504
2373	1472
2374	1420
2375	1414
2376	1377
2377	1363
2378	1403
2379	1215
2380	1274
2381	1198
2382	1244
2383	1208
2384	1167
2385	1154
2386	1069
2387	1124
2388	1047
2389	1037
2390	1023
2391	997
2392	961
2393	1025
2394	937
2395	935
2396	853
2397	911
2398	808
2399	800
2400	809
2401	791
2402	831
2403	783
2404	760
2405	745
2406	669
2407	740
2408	689
2409	681
2410	657
2411	651
2412	606
2413	647
2414	611
2415	563
2416	600
2417	605
2418	575
2419	569
2420	499
2421	560
2422	478
2423	513
2424	482
2425	464
2426	439
2427	420
2428	413
2429	395
2430	420
2431	459
2432	419
2433	419
2434	392
2435	399
2436	411
2437	390
2438	399
2439	370
2440	380
2441	383
2442	358
2443	361
2444	332
2445	345
2446	326
2447	356
2448	364
2449	307
2450	327
2451	325
2452	308
2453	327
2454	284
2455	314
2456	304
2457	302
2458	289
2459	288
2460	283
2461	297
2462	273
2463	283
2464	291
2465	285
2466	291
2467	288
2468	244
2469	260
2470	280
2471	275
2472	291
2473	287
2474	274
2475	255
2476	267
2477	253
2478	298
2479	258
2480	256
2481	284
2482	276
2483	291
2484	249
2485	247
2486	264
2487	260
2488	251
2489	243
2490	253
2491	261
2492	246
2493	266
2494	269
2495	276
2496	232
2497	248
2498	245
2499	265
2500	271
2501	284
2502	236
2503	275
2504	258
2505	271
2506	271
2507	245
2508	243
2509	249
2510	248
2511	257
2512	245
2513	203
2514	261
2515	260
2516	253
2517	233
2518	264
2519	278
2520	234
2521	247
2522	260
2523	275
2524	247
2525	254
2526	249
2527	236
2528	263
2529	267
2530	244
2531	241
2532	259
2533	251
2534	224
2535	264
2536	271
2537	278
2538	235
2539	257
2540	267
2541	251
2542	243
2543	241
2544	221
2545	278
2546	229
2547	268
2548	257
2549	245
2550	253
2551	240
2552	217
2553	258
2554	247
2555	236
2556	248
2557	241
2558	238
2559	263
2560	246
2561	207
2562	230
2563	218
2564	223
2565	245
2566	222
2567	241
2568	235
2569	221
2570	238
2571	218
2572	233
2573	219
2574	233
2575	224
2576	250
2577	210
2578	236
2579	250
2580	224
2581	215
2582	227
2583	219
2584	222
2585	220
2586	240
2587	243
2588	256
2589	201
2590	231
2591	225
2592	225
2593	233
2594	239
2595	239
2596	224
2597	208
2598	233
2599	232
2600	236
2601	219
2602	249
2603	231
2604	240
2605	232
2606	250
2607	228
2608	262
2609	221
2610	227
2611	212
2612	202
2613	236
2614	239
2615	244
2616	231
2617	211
2618	257
2619	208
2620	221
2621	236
2622	211
2623	200
2624	223
2625	221
2626	210
2627	217
2628	209
2629	208
2630	231
2631	224
2632	225
2633	228
2634	209
2635	223
2636	236
2637	236
2638	232
2639	219
2640	236
2641	233
2642	207
2643	221
2644	240
2645	236
2646	224
2647	220
2648	244
2649	233
2650	223
2651	242
2652	249
2653	201
2654	233
2655	205
2656	227
2657	198
2658	225
2659	216
2660	232
2661	214
2662	207
2663	215
2664	217
2665	225
2666	216
2667	201
2668	221
2669	231
2670	221
2671	224
2672	234
2673	219
2674	206
2675	221
2676	258
2677	226
2678	231
2679	224
2680	201
2681	219
2682	222
2683	207
2684	205
2685	217
2686	203
2687	230
2688	231
2689	223
2690	212
2691	231
2692	219
2693	210
2694	217
2695	213
2696	208
2697	250
2698	211
2699	209
2700	238
2701	226
2702	241
2703	224
2704	208
2705	237
2706	207
2707	233
2708	245
2709	211
2710	230
2711	214
2712	214
2713	216
2714	214
2715	242
2716	231
2717	215
2718	254
2719	215
2720	231
2721	212
2722	211
2723	212
2724	215
2725	240
2726	205
2727	223
2728	225
2729	233
2730	211
2731	228
2732	209
2733	203
2734	215
2735	222
2736	227
2737	216
2738	225
2739	222
2740	224
2741	231
2742	233
2743	208
2744	222
2745	198
2746	225
2747	206
2748	232
2749	196
2750	228
2751	221
2752	213
2753	206
2754	198
2755	211
2756	221
2757	197
2758	192
2759	205
2760	219
2761	216
2762	206
2763	204
2764	225
2765	207
2766	204
2767	191
2768	194
2769	198
2770	200
2771	202
2772	214
2773	220
2774	208
2775	194
2776	208
2777	233
2778	200
2779	182
2780	208
2781	207
2782	216
2783	226
2784	207
2785	215
2786	203
2787	197
2788	205
2789	203
2790	216
2791	196
2792	202
2793	210
2794	215
2795	206
2796	208
2797	215
2798	189
2799	209
2800	223
2801	221
2802	227
2803	206
2804	196
2805	195
2806	196
2807	221
2808	190
2809	188
2810	209
2811	202
2812	230
2813	210
2814	210
2815	211
2816	220
2817	210
2818	181
2819	247
2820	191
2821	189
2822	209
2823	218
2824	211
2825	198
2826	180
2827	198
2828	205
2829	192
2830	220
2831	214
2832	213
2833	223
2834	225
2835	228
2836	223
2837	209
2838	204
2839	206
2840	222
2841	228
2842	184
2843	202
2844	205
2845	192
2846	199
2847	194
2848	179
2849	195
2850	224
2851	176
2852	193
2853	217
2854	227
2855	210
2856	209
2857	184
2858	216
2859	218
2860	219
2861	193
2862	195
2863	200
2864	206
2865	208
2866	204
2867	219
2868	210
2869	228
2870	193
2871	195
2872	183
2873	198
2874	181
2875	221
2876	215
2877	235
2878	210
2879	219
2880	208
2881	175
2882	202
2883	184
2884	200
2885	193
2886	198
2887	198
2888	190
2889	190
2890	210
2891	236
2892	182
2893	230
2894	189
2895	200
2896	225
2897	189
2898	207
2899	202
2900	217
2901	199
2902	173
2903	193
2904	214
2905	204
2906	213
2907	179
2908	195
2909	193
2910	214
2911	184
2912	190
2913	215
2914	200
2915	223
2916	186
2917	200
2918	218
2919	204
2920	206
2921	214
2922	179
2923	242
2924	196
2925	207
2926	203
2927	209
2928	187
2929	181
2930	194
2931	195
2932	202
2933	186
2934	194
2935	229
2936	198
2937	209
2938	187
2939	206
2940	195
2941	197
2942	208
2943	217
2944	189
2945	203
2946	208
2947	194
2948	217
2949	211
2950	183
2951	214
2952	211
2953	207
2954	190
2955	172
2956	182
2957	201
2958	207
2959	181
2960	200
2961	180
2962	190
2963	190
2964	189
2965	190
2966	197
2967	183
2968	200
2969	196
2970	193
2971	184
2972	180
2973	224
2974	185
2975	206
2976	199
2977	192
2978	214
2979	196
2980	189
2981	225
2982	221
2983	196
2984	180
2985	173
2986	183
2987	223
2988	185
2989	211
2990	200
2991	176
2992	196
2993	188
2994	195
2995	196
2996	218
2997	186
2998	209
2999	198
3000	200
3001	195
3002	214
3003	186
3004	186
3005	195
3006	220
3007	164
3008	186
3009	199
3010	210
3011	219
3012	196
3013	188
3014	203
3015	180
3016	207
3017	176
3018	208
3019	198
3020	187
3021	187
3022	191
3023	197
3024	192
3025	202
3026	219
3027	189
3028	193
3029	205
3030	203
3031	201
3032	176
3033	215
3034	174
3035	175
3036	192
3037	193
3038	182
3039	190
3040	223
3041	190
3042	205
3043	188
3044	193
3045	200
3046	186
3047	188
3048	198
3049	180
3050	213
3051	168
3052	163
3053	190
3054	207
3055	204
3056	191
3057	205
3058	203
3059	192
3060	202
3061	221
3062	177
3063	195
3064	168
3065	183
3066	191
3067	188
3068	189
3069	158
3070	159
3071	171
3072	202
3073	204
3074	221
3075	158
3076	199
3077	207
3078	207
3079	197
3080	193
3081	193
3082	177
3083	220
3084	170
3085	200
3086	181
3087	182
3088	181
3089	175
3090	179
3091	206
3092	189
3093	187
3094	183
3095	188
3096	167
3097	190
3098	217
3099	178
3100	201
3101	191
3102	201
3103	225
3104	210
3105	195
3106	191
3107	195
3108	174
3109	201
3110	182
3111	198
3112	204
3113	191
3114	192
3115	194
3116	171
3117	205
3118	178
3119	183
3120	211
3121	206
3122	173
3123	202
3124	190
3125	207
3126	223
3127	193
3128	204
3129	201
3130	198
3131	190
3132	185
3133	214
3134	183
3135	211
3136	209
3137	250
3138	241
3139	228
3140	267
3141	271
3142	231
3143	213
3144	236
3145	222
3146	207
3147	204
3148	220
3149	224
3150	175
3151	181
3152	177
3153	209
3154	194
3155	184
3156	191
3157	212
3158	184
3159	185
3160	182
3161	200
3162	185
3163	182
3164	215
3165	192
3166	208
3167	183
3168	192
3169	200
3170	193
3171	190
3172	203
3173	199
3174	213
3175	171
3176	226
3177	204
3178	206
3179	175
3180	206
3181	181
3182	186
3183	197
3184	165
3185	180
3186	171
3187	196
3188	185
3189	195
3190	196
3191	177
3192	181
3193	186
3194	192
3195	183
3196	214
3197	210
3198	174
3199	182
3200	179
3201	197
3202	210
3203	190
3204	190
3205	188
3206	182
3207	196
3208	148
3209	192
3210	184
3211	196
3212	193
3213	168
3214	193
3215	203
3216	197
3217	199
3218	202
3219	189
3220	178
3221	187
3222	175
3223	175
3224	189
3225	201
3226	201
3227	198
3228	187
3229	171
3230	188
3231	176
3232	211
3233	182
3234	181
3235	178
3236	193
3237	180
3238	181
3239	200
3240	177
3241	190
3242	170
3243	165
3244	166
3245	199
3246	189
3247	166
3248	185
3249	201
3250	192
3251	178
3252	178
3253	175
3254	189
3255	186
3256	184
3257	169
3258	188
3259	194
3260	223
3261	202
3262	165
3263	187
3264	208
3265	188
3266	202
3267	235
3268	199
3269	176
3270	198
3271	175
3272	165
3273	194
3274	180
3275	179
3276	203
3277	193
3278	182
3279	220
3280	170
3281	205
3282	197
3283	202
3284	193
3285	196
3286	182
3287	186
3288	195
3289	164
3290	185
3291	178
3292	191
3293	180
3294	173
3295	201
3296	175
3297	194
3298	230
3299	202
3300	189
3301	167
3302	185
3303	168
3304	189
3305	195
3306	195
3307	174
3308	193
3309	185
3310	196
3311	194
3312	183
3313	202
3314	188
3315	201
3316	212
3317	196
3318	178
3319	194
3320	200
3321	176
3322	196
3323	170
3324	185
3325	164
3326	192
3327	181
3328	207
3329	198
3330	193
3331	185
3332	184
3333	195
3334	182
3335	189
3336	182
3337	184
3338	186
3339	178
3340	209
3341	184
3342	194
3343	179
3344	211
3345	189
3346	209
3347	219
3348	172
3349	172
3350	163
3351	206
3352	188
3353	173
3354	178
3355	209
3356	191
3357	221
3358	191
3359	179
3360	195
3361	173
3362	174
3363	194
3364	172
3365	195
3366	195
3367	175
3368	159
3369	186
3370	196
3371	198
3372	195
3373	201
3374	190
3375	193
3376	200
3377	189
3378	192
3379	169
3380	202
3381	178
3382	185
3383	188
3384	176
3385	201
3386	186
3387	186
3388	194
3389	200
3390	191
3391	182
3392	193
3393	154
3394	197
3395	187
3396	187
3397	188
3398	186
3399	193
3400	184
3401	185
3402	193
3403	175
3404	202
3405	222
3406	209
3407	186
3408	197
3409	162
3410	179
3411	181
3412	175
3413	196
3414	200
3415	169
3416	181
3417	193
3418	168
3419	195
3420	196
3421	197
3422	182
3423	192
3424	202
3425	181
3426	173
3427	144
3428	206
3429	178
3430	180
3431	184
3432	176
3433	216
3434	201
3435	187
3436	201
3437	197
3438	169
3439	202
3440	184
3441	200
3442	218
3443	195
3444	190
3445	191
3446	172
3447	193
3448	196
3449	189
3450	167
3451	203
3452	195
3453	197
3454	200
3455	182
3456	199
3457	179
3458	193
3459	184
3460	212
3461	189
3462	189
3463	192
3464	174
3465	192
3466	160
3467	193
3468	191
3469	177
3470	203
3471	189
3472	193
3473	204
3474	186
3475	205
3476	207
3477	193
3478	204
3479	183
3480	197
3481	184
3482	200
3483	167
3484	186
3485	174
3486	191
3487	186
3488	194
3489	171
3490	214
3491	208
3492	194
3493	187
3494	195
3495	161
3496	181
3497	216
3498	169
3499	200
3500	170
3501	202
3502	184
3503	182
3504	192
3505	219
3506	201
3507	185
3508	176
3509	180
3510	174
3511	181
3512	205
3513	185
3514	195
3515	186
3516	156
3517	196
3518	197
3519	169
3520	171
3521	176
3522	168
3523	181
3524	188
3525	188
3526	174
3527	183
3528	186
3529	162
3530	202
3531	191
3532	189
3533	199
3534	193
3535	203
3536	171
3537	205
3538	207
3539	197
3540	190
3541	184
3542	196
3543	169
3544	172
3545	176
3546	182
3547	201
3548	187
3549	206
3550	184
3551	189
3552	176
3553	190
3554	187
3555	176
3556	191
3557	193
3558	179
3559	181
3560	188
3561	209
3562	188
3563	196
3564	197
3565	170
3566	224
3567	182
3568	161
3569	207
3570	188
3571	202
3572	205
3573	208
3574	178
3575	186
3576	197
3577	186
3578	197
3579	182
3580	185
3581	180
3582	188
3583	195
3584	172
3585	203
3586	192
3587	189
3588	193
3589	186
3590	183
3591	199
3592	169
3593	207
3594	157
3595	206
3596	190
3597	209
3598	187
3599	185
3600	207
3601	208
3602	178
3603	175
3604	163
3605	205
3606	177
3607	177
3608	197
3609	187
3610	179
3611	179
3612	191
3613	198
3614	185
3615	185
3616	217
3617	217
3618	214
3619	216
3620	164
3621	185
3622	177
3623	167
3624	175
3625	198
3626	195
3627	198
3628	200
3629	175
3630	209
3631	211
3632	206
3633	190
3634	194
3635	217
3636	229
3637	189
3638	191
3639	201
3640	187
3641	189
3642	199
3643	173
3644	172
3645	178
3646	186
3647	176
3648	213
3649	186
3650	178
3651	174
3652	193
3653	174
3654	188
3655	196
3656	183
3657	192
3658	190
3659	179
3660	183
3661	192
3662	181
3663	162
3664	155
3665	183
3666	168
3667	185
3668	185
3669	198
3670	197
3671	180
3672	176
3673	189
3674	171
3675	169
3676	184
3677	180
3678	181
3679	203
3680	179
3681	196
3682	187
3683	173
3684	175
3685	193
3686	163
3687	190
3688	187
3689	199
3690	179
3691	218
3692	202
3693	215
3694	191
3695	185
3696	201
3697	168
3698	203
3699	200
3700	189
3701	187
3702	174
3703	183
3704	178
3705	200
3706	193
3707	191
3708	181
3709	199
3710	191
3711	197
3712	188
3713	174
3714	177
3715	166
3716	200
3717	187
3718	200
3719	198
3720	194
3721	183
3722	183
3723	172
3724	204
3725	196
3726	192
3727	181
3728	179
3729	217
3730	192
3731	205
3732	181
3733	191
3734	184
3735	161
3736	192
3737	172
3738	189
3739	182
3740	162
3741	182
3742	189
3743	138
3744	176
3745	173
3746	178
3747	156
3748	189
3749	190
3750	196
3751	183
3752	190
3753	182
3754	214
3755	162
3756	185
3757	205
3758	193
3759	173
3760	193
3761	207
3762	188
3763	195
3764	188
3765	186
3766	175
3767	169
3768	186
3769	186
3770	199
3771	180
3772	193
3773	179
3774	187
3775	178
3776	172
3777	191
3778	192
3779	185
3780	150
3781	219
3782	180
3783	183
3784	197
3785	159
3786	181
3787	176
3788	182
3789	188
3790	180
3791	190
3792	201
3793	186
3794	167
3795	170
3796	192
3797	194
3798	165
3799	186
3800	202
3801	177
3802	202
3803	195
3804	177
3805	169
3806	152
3807	197
3808	188
3809	179
3810	165
3811	186
3812	200
3813	183
3814	184
3815	173
3816	196
3817	167
3818	187
3819	183
3820	190
3821	194
3822	175
3823	199
3824	197
3825	182
3826	178
3827	180
3828	170
3829	190
3830	177
3831	186
3832	189
3833	174
3834	172
3835	177
3836	196
3837	165
3838	192
3839	173
3840	183
3841	152
3842	186
3843	201
3844	177
3845	168
3846	167
3847	190
3848	193
3849	173
3850	181
3851	197
3852	158
3853	162
3854	186
3855	173
3856	171
3857	166
3858	207
3859	172
3860	188
3861	171
3862	182
3863	195
3864	189
3865	166
3866	166
3867	175
3868	186
3869	188
3870	170
3871	167
3872	158
3873	166
3874	190
3875	163
3876	189
3877	191
3878	187
3879	167
3880	174
3881	176
3882	168
3883	181
3884	172
3885	195
3886	211
3887	189
3888	152
3889	179
3890	180
3891	172
3892	183
3893	187
3894	147
3895	166
3896	137
3897	180
3898	169
3899	201
3900	161
3901	186
3902	159
3903	176
3904	159
3905	185
3906	170
3907	188
3908	165
3909	164
3910	180
3911	155
3912	161
3913	138
3914	176
3915	161
3916	189
3917	190
3918	152
3919	152
3920	189
3921	174
3922	183
3923	188
3924	172
3925	159
3926	176
3927	186
3928	159
3929	171
3930	171
3931	195
3932	189
3933	178
3934	153
3935	169
3936	182
3937	173
3938	190
3939	138
3940	176
3941	199
3942	169
3943	182
3944	173
3945	188
3946	164
3947	204
3948	171
3949	186
3950	189
3951	198
3952	152
3953	171
3954	171
3955	165
3956	173
3957	171
3958	175
3959	179
3960	161
3961	177
3962	169
3963	177
3964	184
3965	165
3966	161
3967	168
3968	149
3969	164
3970	177
3971	165
3972	138
3973	198
3974	155
3975	178
3976	183
3977	161
3978	181
3979	162
3980	181
3981	165
3982	174
3983	167
3984	160
3985	154
3986	158
3987	174
3988	177
3989	170
3990	155
3991	161
3992	192
3993	170
3994	183
3995	169
3996	177
3997	160
3998	164
3999	160
4000	167
4001	181
4002	187
4003	152
4004	172
4005	161
4006	162
4007	146
4008	175
4009	182
4010	186
4011	167
4012	158
4013	168
4014	174
4015	158
4016	153
4017	179
4018	199
4019	166
4020	155
4021	189
4022	184
4023	169
4024	205
4025	152
4026	172
4027	158
4028	158
4029	170
4030	163
4031	172
4032	177
4033	161
4034	184
4035	179
4036	170
4037	171
4038	167
4039	197
4040	165
4041	146
4042	174
4043	175
4044	162
4045	160
4046	154
4047	155
4048	151
4049	178
4050	169
4051	199
4052	189
4053	166
4054	183
4055	189
4056	198
4057	182
4058	162
4059	200
4060	181
4061	165
4062	185
4063	188
4064	169
4065	171
4066	178
4067	176
4068	167
4069	176
4070	165
4071	182
4072	174
4073	174
4074	191
4075	188
4076	196
4077	166
4078	183
4079	173
4080	184
4081	171
4082	162
4083	176
4084	191
4085	151
4086	183
4087	158
4088	185
4089	177
4090	192
4091	186
4092	167
4093	177
4094	158
4095	185
4096	175
4097	179
4098	178
4099	211
4100	189
4101	175
4102	179
4103	204
4104	169
4105	183
4106	184
4107	189
4108	178
4109	186
4110	185
4111	187
4112	187
4113	175
4114	176
4115	160
4116	200
4117	187
4118	181
4119	166
4120	163
4121	193
4122	152
4123	199
4124	170
4125	190
4126	206
4127	223
4128	174
4129	191
4130	181
4131	214
4132	202
4133	195
4134	202
4135	200
4136	168
4137	228
4138	182
4139	179
4140	184
4141	194
4142	170
4143	195
4144	192
4145	177
4146	186
4147	188
4148	190
4149	200
4150	201
4151	197
4152	199
4153	216
4154	213
4155	216
4156	210
4157	224
4158	200
4159	197
4160	182
4161	208
4162	199
4163	181
4164	190
4165	197
4166	203
4167	195
4168	212
4169	194
4170	211
4171	204
4172	196
4173	193
4174	195
4175	201
4176	223
4177	197
4178	216
4179	202
4180	184
4181	210
4182	219
4183	208
4184	210
4185	214
4186	187
4187	198
4188	187
4189	168
4190	198
4191	200
4192	192
4193	226
4194	219
4195	203
4196	203
4197	182
4198	220
4199	196
4200	221
4201	241
4202	194
4203	218
4204	225
4205	190
4206	194
4207	212
4208	186
4209	204
4210	220
4211	200
4212	198
4213	220
4214	236
4215	182
4216	200
4217	196
4218	201
4219	212
4220	202
4221	197
4222	239
4223	225
4224	237
4225	216
4226	209
4227	209
4228	212
4229	187
4230	229
4231	219
4232	205
4233	198
4234	204
4235	228
4236	210
4237	186
4238	192
4239	198
4240	198
4241	207
4242	180
4243	208
4244	231
4245	193
4246	198
4247	212
4248	193
4249	206
4250	205
4251	242
4252	195
4253	232
4254	190
4255	211
4256	222
4257	184
4258	200
4259	226
4260	231
4261	202
4262	212
4263	217
4264	222
4265	196
4266	227
4267	235
4268	209
4269	192
4270	194
4271	181
4272	193
4273	208
4274	177
4275	204
4276	203
4277	212
4278	184
4279	182
4280	202
4281	210
4282	196
4283	222
4284	205
4285	177
4286	196
4287	210
4288	198
4289	182
4290	190
4291	209
4292	211
4293	221
4294	193
4295	173
4296	205
4297	208
4298	209
4299	205
4300	184
4301	177
4302	198
4303	195
4304	175
4305	183
4306	184
4307	204
4308	193
4309	197
4310	204
4311	192
4312	184
4313	199
4314	192
4315	222
4316	195
4317	189
4318	202
4319	220
4320	203
4321	184
4322	195
4323	207
4324	177
4325	175
4326	171
4327	204
4328	187
4329	196
4330	189
4331	190
4332	195
4333	183
4334	185
4335	211
4336	168
4337	193
4338	207
4339	157
4340	183
4341	176
4342	166
4343	201
4344	171
4345	183
4346	174
4347	193
4348	174
4349	183
4350	201
4351	185
4352	174
4353	161
4354	198
4355	179
4356	173
4357	189
4358	162
4359	175
4360	169
4361	169
4362	181
4363	178
4364	182
4365	192
4366	180
4367	174
4368	173
4369	204
4370	176
4371	159
4372	205
4373	200
4374	205
4375	194
4376	175
4377	177
4378	168
4379	165
4380	182
4381	187
4382	170
4383	193
4384	174
4385	180
4386	193
4387	177
4388	176
4389	194
4390	183
4391	168
4392	186
4393	198
4394	188
4395	160
4396	147
4397	163
4398	165
4399	182
4400	170
4401	182
4402	156
4403	164
4404	171
4405	176
4406	171
4407	172
4408	168
4409	176
4410	183
4411	184
4412	165
4413	152
4414	144
4415	188
4416	191
4417	168
4418	157
4419	189
4420	181
4421	191
4422	160
4423	210
4424	172
4425	174
4426	155
4427	177
4428	183
4429	167
4430	176
4431	150
4432	178
4433	156
4434	179
4435	170
4436	190
4437	158
4438	166
4439	192
4440	158
4441	167
4442	166
4443	186
4444	184
4445	175
4446	186
4447	165
4448	162
4449	172
4450	180
4451	149
4452	191
4453	162
4454	184
4455	176
4456	171
4457	173
4458	182
4459	172
4460	138
4461	173
4462	163
4463	162
4464	200
4465	169
4466	196
4467	181
4468	199
4469	168
4470	173
4471	148
4472	170
4473	153
4474	181
4475	172
4476	174
4477	177
4478	177
4479	179
4480	177
4481	164
4482	184
4483	174
4484	183
4485	177
4486	165
4487	155
4488	175
4489	183
4490	175
4491	185
4492	177
4493	175
4494	179
4495	182
4496	169
4497	199
4498	160
4499	165
4500	156
4501	156
4502	187
4503	176
4504	196
4505	162
4506	167
4507	169
4508	209
4509	174
4510	185
4511	167
4512	186
4513	187
4514	175
4515	181
4516	173
4517	156
4518	160
4519	175
4520	173
4521	176
4522	182
4523	177
4524	148
4525	179
4526	184
4527	172
4528	176
4529	189
4530	190
4531	172
4532	178
4533	176
4534	171
4535	170
4536	152
4537	159
4538	169
4539	187
4540	177
4541	174
4542	183
4543	169
4544	172
4545	189
4546	176
4547	183
4548	165
4549	194
4550	172
4551	172
4552	167
4553	174
4554	157
4555	166
4556	166
4557	163
4558	174
4559	184
4560	167
4561	164
4562	193
4563	190
4564	191
4565	193
4566	167
4567	170
4568	181
4569	165
4570	202
4571	150
4572	164
4573	172
4574	185
4575	186
4576	196
4577	179
4578	188
4579	174
4580	180
4581	167
4582	174
4583	193
4584	169
4585	178
4586	165
4587	214
4588	187
4589	190
4590	164
4591	176
4592	154
4593	179
4594	158
4595	154
4596	190
4597	190
4598	182
4599	179
4600	197
4601	190
4602	182
4603	191
4604	164
4605	191
4606	182
4607	190
4608	170
4609	195
4610	154
4611	161
4612	167
4613	192
4614	182
4615	180
4616	159
4617	175
4618	184
4619	200
4620	169
4621	183
4622	173
4623	200
4624	178
4625	185
4626	151
4627	192
4628	195
4629	178
4630	165
4631	155
4632	154
4633	164
4634	195
4635	178
4636	181
4637	179
4638	151
4639	157
4640	189
4641	178
4642	163
4643	166
4644	190
4645	178
4646	165
4647	196
4648	157
4649	176
4650	180
4651	191
4652	191
4653	187
4654	186
4655	159
4656	181
4657	187
4658	192
4659	197
4660	162
4661	172
4662	165
4663	170
4664	188
4665	171
4666	189
4667	184
4668	175
4669	168
4670	177
4671	184
4672	207
4673	157
4674	198
4675	177
4676	173
4677	199
4678	179
4679	170
4680	157
4681	172
4682	163
4683	175
4684	172
4685	196
4686	175
4687	190
4688	196
4689	190
4690	162
4691	186
4692	180
4693	161
4694	204
4695	162
4696	198
4697	202
4698	157
4699	177
4700	174
4701	191
4702	163
4703	177
4704	190
4705	177
4706	202
4707	196
4708	195
4709	169
4710	182
4711	177
4712	185
4713	176
4714	190
4715	179
4716	173
4717	172
4718	181
4719	184
4720	188
4721	173
4722	163
4723	214
4724	180
4725	187
4726	182
4727	177
4728	178
4729	167
4730	161
4731	152
4732	188
4733	193
4734	167
4735	183
4736	184
4737	185
4738	185
4739	175
4740	161
4741	171
4742	200
4743	194
4744	159
4745	188
4746	160
4747	186
4748	164
4749	196
4750	185
4751	191
4752	173
4753	184
4754	158
4755	173
4756	188
4757	187
4758	205
4759	178
4760	168
4761	168
4762	201
4763	153
4764	172
4765	184
4766	164
4767	181
4768	174
4769	162
4770	182
4771	167
4772	191
4773	177
4774	188
4775	188
4776	180
4777	169
4778	185
4779	188
4780	187
4781	165
4782	188
4783	201
4784	184
4785	150
4786	196
4787	184
4788	171
4789	178
4790	172
4791	172
4792	205
4793	182
4794	193
4795	192
4796	178
4797	207
4798	188
4799	188
4800	159
4801	191
4802	181
4803	175
4804	185
4805	171
4806	200
4807	183
4808	199
4809	207
4810	187
4811	182
4812	187
4813	178
4814	190
4815	195
4816	151
4817	194
4818	189
4819	173
4820	185
4821	190
4822	188
4823	161
4824	203
4825	163
4826	164
4827	183
4828	195
4829	196
4830	203
4831	213
4832	186
4833	200
4834	204
4835	185
4836	167
4837	168
4838	161
4839	173
4840	170
4841	184
4842	175
4843	170
4844	193
4845	172
4846	189
4847	175
4848	200
4849	195
4850	183
4851	185
4852	196
4853	187
4854	201
4855	161
4856	184
4857	201
4858	197
4859	172
4860	179
4861	200
4862	175
4863	214
4864	198
4865	210
4866	202
4867	188
4868	180
4869	211
4870	170
4871	183
4872	187
4873	185
4874	202
4875	199
4876	180
4877	191
4878	177
4879	174
4880	205
4881	173
4882	179
4883	179
4884	195
4885	197
4886	184
4887	186
4888	192
4889	170
4890	221
4891	185
4892	210
4893	166
4894	199
4895	191
4896	197
4897	191
4898	168
4899	180
4900	174
4901	190
4902	171
4903	209
4904	214
4905	173
4906	191
4907	183
4908	178
4909	170
4910	179
4911	198
4912	202
4913	195
4914	178
4915	199
4916	188
4917	182
4918	201
4919	197
4920	197
4921	212
4922	187
4923	210
4924	204
4925	156
4926	211
4927	190
4928	162
4929	191
4930	203
4931	182
4932	201
4933	207
4934	203
4935	203
4936	187
4937	192
4938	191
4939	175
4940	204
4941	200
4942	197
4943	172
4944	198
4945	206
4946	185
4947	178
4948	202
4949	192
4950	184
4951	209
4952	188
4953	199
4954	174
4955	184
4956	205
4957	203
4958	182
4959	196
4960	206
4961	175
4962	163
4963	173
4964	202
4965	210
4966	193
4967	187
4968	199
4969	206
4970	200
4971	180
4972	200
4973	195
4974	185
4975	173
4976	173
4977	190
4978	208
4979	176
4980	218
4981	194
4982	169
4983	194
4984	221
4985	171
4986	193
4987	190
4988	196
4989	197
4990	202
4991	166
4992	197
4993	172
4994	205
4995	195
4996	219
4997	176
4998	217
4999	208
5000	201
5001	195
5002	173
5003	198
5004	192
5005	191
5006	180
5007	207
5008	185
5009	187
5010	181
5011	212
5012	176
5013	190
5014	185
5015	187
5016	173
5017	194
5018	192
5019	215
5020	206
5021	190
5022	165
5023	193
5024	203
5025	193
5026	204
5027	212
5028	187
5029	179
5030	190
5031	192
5032	193
5033	205
5034	181
5035	181
5036	188
5037	193
5038	202
5039	188
5040	195
5041	183
5042	186
5043	206
5044	193
5045	188
5046	197
5047	181
5048	230
5049	211
5050	179
5051	197
5052	189
5053	208
5054	185
5055	197
5056	194
5057	200
5058	172
5059	196
5060	171
5061	216
5062	181
5063	209
5064	210
5065	187
5066	182
5067	181
5068	207
5069	197
5070	207
5071	191
5072	206
5073	208
5074	198
5075	188
5076	205
5077	187
5078	202
5079	187
5080	220
5081	210
5082	205
5083	194
5084	221
5085	201
5086	225
5087	178
5088	159
5089	191
5090	186
5091	183
5092	203
5093	220
5094	212
5095	189
5096	225
5097	188
5098	196
5099	198
5100	188
5101	215
5102	188
5103	193
5104	199
5105	212
5106	203
5107	189
5108	199
5109	204
5110	190
5111	189
5112	212
5113	213
5114	174
5115	195
5116	200
5117	189
5118	201
5119	204
5120	209
5121	183
5122	199
5123	216
5124	224
5125	202
5126	186
5127	188
5128	188
5129	205
5130	201
5131	203
5132	169
5133	196
5134	200
5135	210
5136	194
5137	200
5138	175
5139	207
5140	195
5141	203
5142	193
5143	215
5144	193
5145	212
5146	211
5147	180
5148	154
5149	233
5150	198
5151	213
5152	195
5153	188
5154	177
5155	189
5156	201
5157	210
5158	196
5159	205
5160	185
5161	209
5162	200
5163	192
5164	186
5165	207
5166	187
5167	198
5168	199
5169	203
5170	225
5171	179
5172	184
5173	207
5174	185
5175	201
5176	215
5177	220
5178	194
5179	159
5180	185
5181	216
5182	189
5183	182
5184	195
5185	203
5186	209
5187	201
5188	193
5189	231
5190	211
5191	226
5192	198
5193	212
5194	200
5195	195
5196	190
5197	196
5198	185
5199	221
5200	207
5201	204
5202	200
5203	191
5204	205
5205	201
5206	203
5207	213
5208	212
5209	199
5210	190
5211	186
5212	217
5213	212
5214	196
5215	198
5216	179
5217	186
5218	199
5219	190
5220	215
5221	214
5222	194
5223	216
5224	197
5225	191
5226	177
5227	195
5228	190
5229	190
5230	186
5231	211
5232	202
5233	196
5234	204
5235	205
5236	217
5237	202
5238	213
5239	220
5240	230
5241	201
5242	168
5243	191
5244	200
5245	210
5246	184
5247	180
5248	193
5249	174
5250	175
5251	198
5252	217
5253	198
5254	216
5255	187
5256	199
5257	206
5258	216
5259	227
5260	167
5261	202
5262	224
5263	205
5264	196
5265	199
5266	190
5267	219
5268	212
5269	196
5270	192
5271	200
5272	179
5273	200
5274	200
5275	249
5276	202
5277	223
5278	214
5279	202
5280	179
5281	200
5282	243
5283	203
5284	201
5285	217
5286	190
5287	217
5288	226
5289	232
5290	202
5291	203
5292	205
5293	192
5294	196
5295	203
5296	208
5297	199
5298	234
5299	207
5300	206
5301	203
5302	199
5303	223
5304	223
5305	192
5306	210
5307	224
5308	193
5309	234
5310	187
5311	209
5312	170
5313	222
5314	195
5315	212
5316	210
5317	242
5318	202
5319	215
5320	198
5321	197
5322	196
5323	226
5324	195
5325	196
5326	207
5327	212
5328	242
5329	205
5330	196
5331	207
5332	226
5333	224
5334	232
5335	186
5336	208
5337	218
5338	232
5339	241
5340	206
5341	182
5342	203
5343	202
5344	202
5345	218
5346	215
5347	215
5348	183
5349	208
5350	203
5351	225
5352	205
5353	231
5354	208
5355	204
5356	187
5357	219
5358	195
5359	187
5360	226
5361	212
5362	221
5363	194
5364	217
5365	219
5366	202
5367	207
5368	214
5369	219
5370	206
5371	185
5372	197
5373	227
5374	199
5375	204
5376	216
5377	200
5378	200
5379	194
5380	191
5381	225
5382	220
5383	219
5384	206
5385	206
5386	199
5387	203
5388	225
5389	189
5390	214
5391	194
5392	202
5393	185
5394	213
5395	210
5396	187
5397	200
5398	203
5399	230
5400	193
5401	214
5402	207
5403	213
5404	229
5405	187
5406	209
5407	213
5408	212
5409	206
5410	221
5411	201
5412	203
5413	207
5414	192
5415	192
5416	208
5417	236
5418	189
5419	210
5420	180
5421	233
5422	202
5423	213
5424	202
5425	199
5426	213
5427	201
5428	208
5429	211
5430	187
5431	204
5432	211
5433	205
5434	218
5435	193
5436	225
5437	225
5438	202
5439	225
5440	223
5441	214
5442	213
5443	218
5444	235
5445	218
5446	186
5447	209
5448	179
5449	178
5450	214
5451	229
5452	203
5453	221
5454	233
5455	203
5456	216
5457	222
5458	208
5459	202
5460	227
5461	215
5462	198
5463	222
5464	215
5465	211
5466	208
5467	184
5468	225
5469	208
5470	224
5471	203
5472	202
5473	201
5474	200
5475	193
5476	193
5477	223
5478	209
5479	206
5480	226
5481	213
5482	202
5483	199
5484	222
5485	185
5486	219
5487	231
5488	212
5489	230
5490	237
5491	227
5492	205
5493	230
5494	206
5495	212
5496	197
5497	229
5498	207
5499	225
5500	226
5501	208
5502	213
5503	208
5504	203
5505	217
5506	212
5507	190
5508	193
5509	221
5510	198
5511	217
5512	215
5513	195
5514	217
5515	216
5516	211
5517	212
5518	204
5519	222
5520	229
5521	192
5522	203
5523	200
5524	201
5525	211
5526	209
5527	199
5528	206
5529	215
5530	190
5531	206
5532	224
5533	191
5534	220
5535	217
5536	196
5537	200
5538	210
5539	193
5540	199
5541	184
5542	198
5543	195
5544	209
5545	202
5546	214
5547	181
5548	233
5549	189
5550	215
5551	214
5552	178
5553	222
5554	219
5555	183
5556	199
5557	196
5558	184
5559	202
5560	207
5561	225
5562	183
5563	220
5564	200
5565	204
5566	186
5567	200
5568	178
5569	183
5570	232
5571	205
5572	206
5573	192
5574	208
5575	203
5576	193
5577	184
5578	184
5579	203
5580	183
5581	174
5582	222
5583	193
5584	175
5585	193
5586	164
5587	181
5588	222
5589	208
5590	174
5591	163
5592	160
5593	175
5594	191
5595	172
5596	179
5597	153
5598	174
5599	189
5600	209
5601	169
5602	202
5603	194
5604	193
5605	173
5606	184
5607	170
5608	187
5609	176
5610	185
5611	190
5612	203
5613	200
5614	169
5615	168
5616	163
5617	191
5618	204
5619	184
5620	187
5621	162
5622	158
5623	152
5624	170
5625	167
5626	177
5627	182
5628	186
5629	178
5630	152
5631	184
5632	177
5633	174
5634	138
5635	162
5636	186
5637	198
5638	166
5639	178
5640	196
5641	147
5642	174
5643	166
5644	155
5645	165
5646	169
5647	178
5648	182
5649	171
5650	177
5651	184
5652	169
5653	160
5654	182
5655	200
5656	157
5657	165
5658	175
5659	145
5660	161
5661	165
5662	178
5663	171
5664	158
5665	170
5666	159
5667	161
5668	158
5669	171
5670	161
5671	151
5672	146
5673	142
5674	164
5675	165
5676	167
5677	157
5678	164
5679	172
5680	144
5681	170
5682	164
5683	166
5684	139
5685	161
5686	168
5687	148
5688	156
5689	180
5690	167
5691	146
5692	130
5693	176
5694	148
5695	139
5696	166
5697	160
5698	177
5699	139
5700	139
5701	153
5702	143
5703	149
5704	161
5705	127
5706	147
5707	165
5708	156
5709	150
5710	151
5711	153
5712	154
5713	155
5714	151
5715	167
5716	146
5717	142
5718	169
5719	159
5720	165
5721	150
5722	145
5723	142
5724	156
5725	133
5726	170
5727	158
5728	166
5729	163
5730	138
5731	151
5732	166
5733	154
5734	154
5735	137
5736	149
5737	155
5738	154
5739	154
5740	134
5741	164
5742	134
5743	147
5744	122
5745	155
5746	161
5747	155
5748	139
5749	139
5750	162
5751	160
5752	153
5753	140
5754	131
5755	135
5756	155
5757	145
5758	151
5759	146
5760	159
5761	151
5762	171
5763	136
5764	150
5765	122
5766	130
5767	148
5768	144
5769	155
5770	140
5771	122
5772	149
5773	126
5774	127
5775	135
5776	154
5777	145
5778	143
5779	125
5780	142
5781	141
5782	136
5783	153
5784	144
5785	126
5786	115
5787	135
5788	168
5789	152
5790	139
5791	143
5792	151
5793	137
5794	147
5795	135
5796	123
5797	120
5798	129
5799	127
5800	137
5801	139
5802	142
5803	135
5804	121
5805	114
5806	121
5807	139
5808	144
5809	145
5810	129
5811	147
5812	144
5813	129
5814	130
5815	136
5816	132
5817	139
5818	133
5819	135
5820	135
5821	127
5822	126
5823	118
5824	138
5825	109
5826	128
5827	135
5828	131
5829	124
5830	119
5831	131
5832	146
5833	127
5834	135
5835	135
5836	126
5837	139
5838	144
5839	128
5840	114
5841	132
5842	140
5843	123
5844	149
5845	124
5846	113
5847	120
5848	122
5849	124
5850	125
5851	135
5852	119
5853	118
5854	125
5855	137
5856	135
5857	123
5858	128
5859	126
5860	160
5861	133
5862	139
5863	129
5864	145
5865	136
5866	110
5867	109
5868	157
5869	136
5870	109
5871	137
5872	110
5873	104
5874	118
5875	108
5876	116
5877	124
5878	142
5879	119
5880	138
5881	107
5882	101
5883	118
5884	132
5885	128
5886	123
5887	114
5888	139
5889	113
5890	115
5891	134
5892	128
5893	128
5894	149
5895	120
5896	127
5897	117
5898	134
5899	136
5900	117
5901	122
5902	110
5903	111
5904	121
5905	114
5906	122
5907	124
5908	124
5909	127
5910	122
5911	136
5912	131
5913	114
5914	130
5915	111
5916	139
5917	134
5918	137
5919	121
5920	120
5921	143
5922	110
5923	110
5924	118
5925	119
5926	136
5927	115
5928	111
5929	117
5930	125
5931	125
5932	114
5933	99
5934	116
5935	119
5936	116
5937	105
5938	120
5939	114
5940	118
5941	127
5942	145
5943	114
5944	109
5945	129
5946	124
5947	125
5948	130
5949	119
5950	125
5951	139
5952	133
5953	129
5954	108
5955	124
5956	134
5957	114
5958	116
5959	127
5960	97
5961	120
5962	101
5963	126
5964	109
5965	89
5966	120
5967	93
5968	107
5969	110
5970	107
5971	123
5972	134
5973	129
5974	121
5975	120
5976	124
5977	116
5978	116
5979	112
5980	111
5981	109
5982	107
5983	109
5984	120
5985	130
5986	94
5987	118
5988	121
5989	115
5990	111
5991	123
5992	114
5993	128
5994	110
5995	105
5996	103
5997	109
5998	130
5999	124
6000	123
6001	120
6002	109
6003	127
6004	114
6005	105
6006	110
6007	116
6008	127
6009	129
6010	93
6011	114
6012	114
6013	96
6014	118
6015	129
6016	102
6017	118
6018	104
6019	101
6020	120
6021	114
6022	121
6023	131
6024	119
6025	130
6026	109
6027	131
6028	129
6029	117
6030	117
6031	116
6032	119
6033	110
6034	102
6035	111
6036	111
6037	103
6038	118
6039	117
6040	119
6041	111
6042	99
6043	113
6044	135
6045	152
6046	117
6047	115
6048	117
6049	107
6050	106
6051	110
6052	103
6053	110
6054	123
6055	125
6056	133
6057	113
6058	113
6059	128
6060	110
6061	124
6062	105
6063	130
6064	102
6065	112
6066	125
6067	103
6068	111
6069	118
6070	105
6071	128
6072	112
6073	123
6074	105
6075	117
6076	102
6077	125
6078	104
6079	130
6080	111
6081	112
6082	120
6083	111
6084	118
6085	113
6086	90
6087	93
6088	129
6089	115
6090	115
6091	119
6092	92
6093	121
6094	98
6095	107
6096	132
6097	109
6098	136
6099	109
6100	111
6101	116
6102	98
6103	110
6104	124
6105	134
6106	124
6107	129
6108	84
6109	116
6110	126
6111	123
6112	111
6113	110
6114	114
6115	98
6116	117
6117	94
6118	135
6119	115
6120	109
6121	135
6122	113
6123	115
6124	135
6125	98
6126	111
6127	129
6128	87
6129	108
6130	110
6131	116
6132	116
6133	121
6134	116
6135	97
6136	125
6137	114
6138	127
6139	102
6140	95
6141	105
6142	115
6143	123
6144	109
6145	117
6146	122
6147	116
6148	139
6149	105
6150	110
6151	140
6152	105
6153	130
6154	113
6155	104
6156	112
6157	107
6158	108
6159	98
6160	109
6161	120
6162	112
6163	118
6164	125
6165	127
6166	126
6167	114
6168	131
6169	112
6170	131
6171	116
6172	124
6173	93
6174	126
6175	106
6176	117
6177	119
6178	101
6179	127
6180	110
6181	133
6182	116
6183	99
6184	129
6185	127
6186	124
6187	100
6188	109
6189	134
6190	109
6191	114
6192	100
6193	114
6194	96
6195	122
6196	106
6197	121
6198	119
6199	117
6200	105
6201	124
6202	124
6203	115
6204	108
6205	121
6206	114
6207	111
6208	114
6209	107
6210	97
6211	125
6212	108
6213	109
6214	128
6215	118
6216	135
6217	119
6218	117
6219	116
6220	117
6221	109
6222	106
6223	126
6224	110
6225	127
6226	109
6227	123
6228	102
6229	106
6230	125
6231	95
6232	122
6233	141
6234	116
6235	119
6236	104
6237	106
6238	109
6239	101
6240	108
6241	113
6242	119
6243	133
6244	127
6245	126
6246	131
6247	130
6248	108
6249	118
6250	92
6251	121
6252	129
6253	113
6254	127
6255	111
6256	128
6257	107
6258	94
6259	115
6260	107
6261	110
6262	116
6263	116
6264	129
6265	107
6266	120
6267	104
6268	138
6269	119
6270	111
6271	125
6272	141
6273	113
6274	133
6275	118
6276	127
6277	121
6278	124
6279	97
6280	109
6281	119
6282	117
6283	108
6284	111
6285	127
6286	122
6287	114
6288	120
6289	112
6290	121
6291	111
6292	110
6293	126
6294	107
6295	116
6296	114
6297	112
6298	119
6299	126
6300	130
6301	136
6302	96
6303	104
6304	112
6305	108
6306	109
6307	108
6308	114
6309	131
6310	103
6311	110
6312	129
6313	134
6314	125
6315	127
6316	117
6317	110
6318	122
6319	104
6320	105
6321	117
6322	98
6323	111
6324	127
6325	107
6326	108
6327	106
6328	115
6329	120
6330	122
6331	108
6332	112
6333	126
6334	107
6335	121
6336	136
6337	115
6338	117
6339	114
6340	114
6341	133
6342	116
6343	136
6344	130
6345	121
6346	143
6347	115
6348	119
6349	126
6350	121
6351	119
6352	129
6353	124
6354	130
6355	126
6356	117
6357	122
6358	127
6359	121
6360	120
6361	110
6362	110
6363	109
6364	99
6365	119
6366	132
6367	137
6368	134
6369	125
6370	126
6371	123
6372	116
6373	111
6374	97
6375	113
6376	107
6377	125
6378	115
6379	118
6380	121
6381	115
6382	136
6383	129
6384	115
6385	105
6386	126
6387	117
6388	136
6389	139
6390	140
6391	125
6392	112
6393	125
6394	119
6395	114
6396	123
6397	127
6398	118
6399	126
6400	117
6401	115
6402	107
6403	113
6404	120
6405	135
6406	128
6407	113
6408	109
6409	109
6410	116
6411	119
6412	110
6413	108
6414	132
6415	98
6416	110
6417	121
6418	118
6419	127
6420	122
6421	135
6422	116
6423	116
6424	127
6425	111
6426	100
6427	119
6428	121
6429	104
6430	134
6431	109
6432	126
6433	122
6434	131
6435	136
6436	129
6437	117
6438	135
6439	117
6440	139
6441	119
6442	112
6443	135
6444	120
6445	112
6446	148
6447	123
6448	128
6449	161
6450	110
6451	127
6452	137
6453	137
6454	119
6455	141
6456	145
6457	119
6458	122
6459	119
6460	113
6461	124
6462	108
6463	109
6464	133
6465	126
6466	123
6467	126
6468	140
6469	116
6470	123
6471	140
6472	134
6473	130
6474	119
6475	134
6476	123
6477	120
6478	132
6479	130
6480	110
6481	133
6482	127
6483	104
6484	139
6485	110
6486	132
6487	125
6488	111
6489	138
6490	108
6491	131
6492	120
6493	129
6494	102
6495	99
6496	142
6497	108
6498	142
6499	104
6500	124
6501	115
6502	121
6503	122
6504	139
6505	120
6506	129
6507	134
6508	120
6509	127
6510	131
6511	121
6512	122
6513	117
6514	111
6515	114
6516	116
6517	109
6518	136
6519	137
6520	126
6521	126
6522	128
6523	146
6524	141
6525	103
6526	128
6527	120
6528	118
6529	113
6530	117
6531	125
6532	129
6533	120
6534	114
6535	135
6536	115
6537	121
6538	114
6539	126
6540	128
6541	131
6542	138
6543	124
6544	135
6545	138
6546	133
6547	141
6548	137
6549	130
6550	123
6551	119
6552	115
6553	130
6554	146
6555	114
6556	146
6557	130
6558	112
6559	121
6560	140
6561	142
6562	140
6563	139
6564	144
6565	130
6566	133
6567	139
6568	138
6569	130
6570	142
6571	127
6572	131
6573	113
6574	110
6575	125
6576	146
6577	133
6578	148
6579	143
6580	133
6581	125
6582	147
6583	125
6584	132
6585	174
6586	133
6587	148
6588	132
6589	147
6590	145
6591	155
6592	124
6593	155
6594	162
6595	141
6596	145
6597	135
6598	135
6599	140
6600	133
6601	136
6602	141
6603	155
6604	131
6605	171
6606	159
6607	142
6608	154
6609	152
6610	154
6611	153
6612	149
6613	142
6614	135
6615	154
6616	131
6617	146
6618	171
6619	151
6620	135
6621	190
6622	129
6623	159
6624	156
6625	153
6626	171
6627	169
6628	159
6629	162
6630	137
6631	155
6632	170
6633	156
6634	149
6635	174
6636	175
6637	156
6638	189
6639	157
6640	156
6641	166
6642	168
6643	209
6644	172
6645	167
6646	179
6647	178
6648	162
6649	171
6650	172
6651	174
6652	177
6653	190
6654	180
6655	198
6656	190
6657	187
6658	187
6659	181
6660	200
6661	153
6662	210
6663	189
6664	190
6665	202
6666	188
6667	205
6668	183
6669	189
6670	203
6671	183
6672	211
6673	204
6674	224
6675	198
6676	202
6677	212
6678	201
6679	170
6680	192
6681	202
6682	219
6683	242
6684	198
6685	212
6686	199
6687	206
6688	233
6689	263
6690	198
6691	241
6692	222
6693	227
6694	232
6695	213
6696	253
6697	235
6698	262
6699	239
6700	261
6701	224
6702	246
6703	228
6704	234
6705	249
6706	258
6707	278
6708	257
6709	259
6710	252
6711	252
6712	268
6713	247
6714	234
6715	288
6716	289
6717	252
6718	273
6719	260
6720	290
6721	258
6722	276
6723	288
6724	298
6725	293
6726	277
6727	288
6728	292
6729	297
6730	286
6731	266
6732	290
6733	293
6734	343
6735	301
6736	312
6737	318
6738	325
6739	313
6740	296
6741	347
6742	351
6743	307
6744	302
6745	353
6746	346
6747	362
6748	328
6749	362
6750	311
6751	314
6752	319
6753	335
6754	374
6755	342
6756	337
6757	353
6758	347
6759	357
6760	362
6761	356
6762	359
6763	396
6764	380
6765	380
6766	381
6767	397
6768	381
6769	382
6770	366
6771	416
6772	392
6773	446
6774	413
6775	403
6776	412
6777	428
6778	424
6779	412
6780	407
6781	406
6782	409
6783	444
6784	429
6785	430
6786	443
6787	455
6788	460
6789	463
6790	440
6791	440
6792	496
6793	468
6794	490
6795	453
6796	437
6797	463
6798	487
6799	495
6800	460
6801	478
6802	488
6803	546
6804	497
6805	549
6806	527
6807	532
6808	557
6809	541
6810	489
6811	504
6812	498
6813	488
6814	542
6815	500
6816	554
6817	521
6818	545
6819	508
6820	525
6821	557
6822	566
6823	603
6824	544
6825	561
6826	571
6827	533
6828	539
6829	598
6830	540
6831	577
6832	619
6833	627
6834	587
6835	588
6836	579
6837	620
6838	598
6839	607
6840	606
6841	632
6842	622
6843	654
6844	640
6845	657
6846	677
6847	638
6848	643
6849	665
6850	663
6851	673
6852	590
6853	678
6854	654
6855	636
6856	633
6857	646
6858	679
6859	671
6860	710
6861	626
6862	709
6863	691
6864	738
6865	712
6866	748
6867	662
6868	689
6869	724
6870	680
6871	702
6872	725
6873	734
6874	704
6875	746
6876	738
6877	711
6878	756
6879	742
6880	707
6881	768
6882	664
6883	772
6884	749
6885	748
6886	752
6887	767
6888	820
6889	695
6890	776
6891	769
6892	774
6893	749
6894	778
6895	722
6896	781
6897	801
6898	789
6899	793
6900	808
6901	783
6902	819
6903	801
6904	834
6905	826
6906	808
6907	810
6908	830
6909	847
6910	828
6911	810
6912	823
6913	849
6914	839
6915	813
6916	799
6917	814
6918	866
6919	840
6920	861
6921	841
6922	872
6923	898
6924	827
6925	838
6926	868
6927	878
6928	882
6929	862
6930	881
6931	852
6932	871
6933	871
6934	809
6935	847
6936	841
6937	897
6938	852
6939	845
6940	856
6941	890
6942	881
6943	815
6944	802
6945	890
6946	883
6947	902
6948	890
6949	888
6950	898
6951	911
6952	923
6953	891
6954	919
6955	931
6956	888
6957	819
6958	864
6959	874
6960	882
6961	948
6962	873
6963	929
6964	890
6965	887
6966	926
6967	896
6968	942
6969	845
6970	870
6971	865
6972	868
6973	894
6974	902
6975	883
6976	892
6977	894
6978	829
6979	868
6980	910
6981	854
6982	865
6983	843
6984	895
6985	832
6986	881
6987	882
6988	873
6989	898
6990	899
6991	945
6992	876
6993	886
6994	844
6995	890
6996	897
6997	825
6998	830
6999	867
7000	877
7001	863
7002	857
7003	851
7004	872
7005	870
7006	837
7007	795
7008	873
7009	815
7010	845
7011	838
7012	844
7013	827
7014	775
7015	832
7016	855
7017	752
7018	831
7019	842
7020	763
7021	785
7022	811
7023	832
7024	823
7025	808
7026	806
7027	826
7028	805
7029	805
7030	769
7031	765
7032	810
7033	816
7034	866
7035	777
7036	713
7037	758
7038	733
7039	739
7040	717
7041	772
7042	768
7043	743
7044	741
7045	733
7046	734
7047	735
7048	710
7049	749
7050	808
7051	738
7052	680
7053	682
7054	725
7055	653
7056	701
7057	670
7058	699
7059	724
7060	651
7061	689
7062	703
7063	656
7064	663
7065	671
7066	677
7067	652
7068	635
7069	641
7070	588
7071	641
7072	613
7073	615
7074	625
7075	661
7076	645
7077	579
7078	576
7079	588
7080	578
7081	602
7082	601
7083	527
7084	543
7085	548
7086	590
7087	571
7088	560
7089	537
7090	551
7091	542
7092	544
7093	538
7094	548
7095	563
7096	538
7097	556
7098	558
7099	494
7100	529
7101	467
7102	492
7103	506
7104	465
7105	520
7106	481
7107	486
7108	460
7109	438
7110	477
7111	457
7112	434
7113	475
7114	445
7115	444
7116	475
7117	434
7118	421
7119	452
7120	411
7121	454
7122	407
7123	437
7124	434
7125	391
7126	365
7127	365
7128	404
7129	364
7130	391
7131	370
7132	374
7133	342
7134	419
7135	371
7136	359
7137	350
7138	360
7139	333
7140	329
7141	346
7142	343
7143	305
7144	301
7145	310
7146	296
7147	290
7148	303
7149	287
7150	278
7151	286
7152	303
7153	300
7154	284
7155	276
7156	274
7157	314
7158	278
7159	292
7160	288
7161	262
7162	239
7163	271
7164	228
7165	259
7166	256
7167	218
7168	253
7169	210
7170	221
7171	242
7172	217
7173	240
7174	229
7175	234
7176	216
7177	228
7178	234
7179	215
7180	210
7181	182
7182	202
7183	195
7184	196
7185	188
7186	206
7187	183
7188	213
7189	178
7190	167
7191	182
7192	176
7193	186
7194	180
7195	187
7196	171
7197	180
7198	148
7199	167
7200	179
7201	152
7202	141
7203	162
7204	160
7205	160
7206	175
7207	183
7208	147
7209	151
7210	172
7211	154
7212	159
7213	132
7214	132
7215	145
7216	152
7217	138
7218	158
7219	149
7220	129
7221	140
7222	123
7223	154
7224	125
7225	139
7226	131
7227	138
7228	127
7229	143
7230	136
7231	120
7232	145
7233	144
7234	143
7235	147
7236	154
7237	128
7238	147
7239	140
7240	131
7241	148
7242	132
7243	129
7244	139
7245	166
7246	116
7247	137
7248	115
7249	131
7250	128
7251	110
7252	145
7253	128
7254	117
7255	150
7256	137
7257	140
7258	148
7259	137
7260	150
7261	124
7262	138
7263	128
7264	120
7265	140
7266	136
7267	153
7268	125
7269	130
7270	130
7271	151
7272	138
7273	154
7274	157
7275	148
7276	171
7277	148
7278	146
7279	184
7280	154
7281	176
7282	173
7283	155
7284	160
7285	160
7286	184
7287	167
7288	174
7289	195
7290	178
7291	183
7292	190
7293	177
7294	206
7295	190
7296	196
7297	194
7298	196
7299	205
7300	177
7301	201
7302	209
7303	186
7304	243
7305	222
7306	247
7307	240
7308	226
7309	226
7310	213
7311	213
7312	262
7313	221
7314	222
7315	244
7316	245
7317	233
7318	252
7319	245
7320	281
7321	262
7322	258
7323	251
7324	275
7325	282
7326	274
7327	282
7328	260
7329	287
7330	354
7331	317
7332	276
7333	297
7334	298
7335	288
7336	327
7337	308
7338	345
7339	302
7340	334
7341	327
7342	324
7343	341
7344	368
7345	368
7346	373
7347	373
7348	384
7349	353
7350	377
7351	382
7352	354
7353	398
7354	366
7355	416
7356	411
7357	394
7358	411
7359	437
7360	437
7361	424
7362	440
7363	429
7364	465
7365	449
7366	472
7367	500
7368	465
7369	498
7370	482
7371	474
7372	474
7373	510
7374	522
7375	518
7376	495
7377	537
7378	518
7379	540
7380	508
7381	523
7382	567
7383	581
7384	563
7385	587
7386	585
7387	612
7388	601
7389	568
7390	603
7391	602
7392	617
7393	613
7394	619
7395	613
7396	635
7397	651
7398	659
7399	689
7400	625
7401	661
7402	710
7403	704
7404	667
7405	697
7406	703
7407	697
7408	714
7409	709
7410	681
7411	747
7412	750
7413	734
7414	782
7415	759
7416	781
7417	716
7418	740
7419	804
7420	834
7421	777
7422	785
7423	833
7424	847
7425	828
7426	852
7427	882
7428	855
7429	855
7430	864
7431	860
7432	887
7433	866
7434	877
7435	873
7436	905
7437	892
7438	887
7439	917
7440	895
7441	865
7442	921
7443	893
7444	1010
7445	889
7446	1022
7447	998
7448	950
7449	911
7450	1025
7451	944
7452	964
7453	1004
7454	1050
7455	946
7456	993
7457	941
7458	1018
7459	1029
7460	987
7461	1052
7462	1032
7463	1038
7464	1010
7465	1035
7466	1062
7467	1060
7468	1063
7469	1062
7470	1107
7471	1067
7472	1045
7473	1057
7474	1139
7475	1158
7476	1057
7477	1113
7478	1093
7479	1085
7480	1076
7481	1081
7482	1071
7483	1095
7484	1095
7485	1023
7486	1091
7487	1105
7488	1062
7489	1085
7490	1142
7491	1029
7492	1116
7493	1078
7494	1123
7495	1090
7496	1099
7497	1069
7498	1143
7499	1079
7500	1116
7501	1154
7502	1044
7503	1039
7504	1102
7505	1129
7506	1119
7507	1093
7508	1066
7509	1122
7510	1100
7511	1067
7512	1064
7513	1102
7514	1157
7515	1132
7516	1085
7517	1084
7518	1125
7519	1075
7520	1068
7521	995
7522	1039
7523	1058
7524	1076
7525	1062
7526	1053
7527	1036
7528	1066
7529	1059
7530	991
7531	1037
7532	1040
7533	1019
7534	1051
7535	968
7536	1054
7537	1005
7538	987
7539	991
7540	1023
7541	953
7542	962
7543	1009
7544	952
7545	937
7546	939
7547	975
7548	944
7549	962
7550	926
7551	954
7552	929
7553	909
7554	897
7555	960
7556	901
7557	888
7558	881
7559	911
7560	874
7561	878
7562	820
7563	834
7564	835
7565	851
7566	808
7567	823
7568	820
7569	816
7570	832
7571	785
7572	788
7573	747
7574	762
7575	751
7576	782
7577	765
7578	779
7579	790
7580	745
7581	738
7582	716
7583	734
7584	696
7585	663
7586	660
7587	677
7588	691
7589	679
7590	694
7591	630
7592	669
7593	601
7594	575
7595	573
7596	594
7597	611
7598	566
7599	560
7600	580
7601	534
7602	534
7603	523
7604	558
7605	530
7606	518
7607	524
7608	489
7609	518
7610	497
7611	481
7612	482
7613	480
7614	498
7615	451
7616	444
7617	473
7618	455
7619	437
7620	411
7621	388
7622	384
7623	402
7624	384
7625	402
7626	369
7627	412
7628	373
7629	360
7630	369
7631	362
7632	361
7633	327
7634	323
7635	325
7636	329
7637	315
7638	292
7639	294
7640	287
7641	286
7642	304
7643	258
7644	253
7645	274
7646	271
7647	291
7648	252
7649	266
7650	240
7651	243
7652	235
7653	236
7654	239
7655	220
7656	244
7657	214
7658	180
7659	202
7660	218
7661	225
7662	187
7663	236
7664	195
7665	180
7666	217
7667	199
7668	182
7669	175
7670	140
7671	178
7672	163
7673	145
7674	156
7675	163
7676	146
7677	136
7678	147
7679	129
7680	150
7681	135
7682	134
7683	127
7684	113
7685	118
7686	123
7687	121
7688	116
7689	127
7690	118
7691	103
7692	108
7693	114
7694	102
7695	96
7696	94
7697	98
7698	99
7699	92
7700	92
7701	81
7702	112
7703	85
7704	88
7705	83
7706	73
7707	97
7708	85
7709	92
7710	87
7711	82
7712	84
7713	84
7714	62
7715	90
7716	64
7717	82
7718	74
7719	81
7720	77
7721	82
7722	77
7723	76
7724	70
7725	63
7726	75
7727	73
7728	55
7729	67
7730	59
7731	66
7732	60
7733	69
7734	65
7735	62
7736	39
7737	59
7738	64
7739	65
7740	55
7741	55
7742	58
7743	57
7744	58
7745	42
7746	54
7747	54
7748	50
7749	75
7750	57
7751	57
7752	48
7753	42
7754	63
7755	52
7756	40
7757	62
7758	57
7759	52
7760	48
7761	51
7762	52
7763	48
7764	52
7765	55
7766	43
7767	47
7768	48
7769	48
7770	52
7771	55
7772	50
7773	42
7774	49
7775	34
7776	50
7777	51
7778	42
7779	45
7780	42
7781	39
7782	53
7783	50
7784	48
7785	52
7786	42
7787	44
7788	47
7789	41
7790	49
7791	51
7792	53
7793	50
7794	47
7795	53
7796	46
7797	44
7798	35
7799	50
7800	49
7801	41
7802	44
7803	46
7804	47
7805	48
7806	43
7807	48
7808	46
7809	45
7810	46
7811	47
7812	48
7813	52
7814	43
7815	40
7816	49
7817	43
7818	41
7819	44
7820	39
7821	50
7822	60
7823	57
7824	27
7825	45
7826	42
7827	57
7828	40
7829	43
7830	40
7831	43
7832	49
7833	50
7834	42
7835	42
7836	50
7837	47
7838	39
7839	45
7840	44
7841	53
7842	46
7843	47
7844	38
7845	45
7846	36
7847	38
7848	38
7849	55
7850	38
7851	45
7852	44
7853	47
7854	46
7855	41
7856	45
7857	40
7858	50
7859	42
7860	26
7861	35
7862	39
7863	39
7864	43
7865	34
7866	37
7867	31
7868	42
7869	36
7870	40
7871	34
7872	40
7873	44
7874	44
7875	39
7876	31
7877	23
7878	13
7879	7
7880	8
7881	2
7882	5
7883	4
7884	2
7885	6
7886	1
7887	3
7888	0
7889	4
7890	2
7891	5
7892	0
7893	3
7894	2
7895	0
7896	0
7897	3
7898	1
7899	1
7900	0
7901	2
7902	3
7903	0
7904	1
7905	1
7906	2
7907	2
7908	2
7909	1
7910	0
7911	1
7912	0
7913	3
7914	3
7915	1
7916	1
7917	1
7918	1
7919	0
7920	0
7921	0
7922	0
7923	2
7924	0
7925	0
7926	1
7927	0
7928	2
7929	1
7930	0
7931	0
7932	1
7933	1
7934	1
7935	0
7936	0
7937	0
7938	0
7939	0
7940	1
7941	1
7942	0
7943	1
7944	1
7945	1
7946	0
7947	0
7948	0
7949	1
7950	0
7951	0
7952	0
7953	0
7954	1
7955	0
7956	0
7957	0
7958	0
7959	0
7960	0
7961	0
7962	0
7963	0
7964	0
7965	0
7966	1
7967	1
7968	0
7969	0
7970	0
7971	0
7972	0
7973	0
7974	0
7975	0
7976	0
7977	0
7978	0
7979	0
7980	0
7981	1
7982	1
7983	0
7984	0
7985	0
7986	0
7987	0
7988	0
7989	0
7990	0
7991	0
7992	1
7993	0
7994	0
7995	2
7996	0
7997	0
7998	0
7999	0
8000	1
8001	0
8002	0
8003	0
8004	0
8005	0
8006	0
8007	0
8008	0
8009	0
8010	0
8011	0
8012	0
8013	0
8014	0
8015	0
8016	0
8017	0
8018	0
8019	0
8020	0
8021	0
8022	1
8023	0
8024	0
8025	0
8026	0
8027	0
8028	0
8029	0
8030	0
8031	0
8032	0
8033	0
8034	0
8035	0
8036	0
8037	0
8038	0
8039	1
8040	0
8041	0
8042	0
8043	0
8044	0
8045	0
8046	0
8047	0
8048	0
8049	0
8050	0
8051	0
8052	0
8053	0
8054	0
8055	0
8056	0
8057	0
8058	0
8059	0
8060	0
8061	0
8062	0
8063	0
8064	0
8065	0
8066	0
8067	0
8068	0
8069	0
8070	0
8071	0
8072	0
8073	0
8074	0
8075	0
8076	0
8077	0
8078	0
8079	0
8080	0
8081	0
8082	0
8083	0
8084	0
8085	0
8086	0
8087	0
8088	0
8089	0
8090	0
8091	0
8092	0
8093	0
8094	0
8095	0
8096	0
8097	0
8098	0
8099	0
8100	0
8101	0
8102	0
8103	0
8104	0
8105	0
8106	0
8107	0
8108	0
8109	0
8110	0
8111	0
8112	0
8113	0
8114	0
8115	0
8116	0
8117	0
8118	0
8119	0
8120	0
8121	0
8122	0
8123	0
8124	0
8125	0
8126	0
8127	0
8128	0
8129	0
8130	0
8131	0
8132	0
8133	0
8134	0
8135	0
8136	0
8137	0
8138	0
8139	0
8140	0
8141	0
8142	0
8143	0
8144	0
8145	0
8146	0
8147	0
8148	0
8149	0
8150	0
8151	0
8152	0
8153	0
8154	0
8155	0
8156	0
8157	0
8158	0
8159	0
8160	0
8161	0
8162	0
8163	0
8164	0
8165	0
8166	0
8167	0
8168	0
8169	0
8170	0
8171	0
8172	0
8173	0
8174	0
8175	0
8176	0
8177	0
8178	0
8179	0
8180	0
8181	0
8182	0
8183	0
8184	0
8185	0
8186	0
8187	0
8188	0
8189	0
8190	0
8191	0
