0	0
1	0
2	0
3	0
4	0
5	0
6	0
7	0
8	0
9	0
10	0
11	0
12	0
13	0
14	0
15	0
16	0
17	0
18	0
19	0
20	0
21	0
22	0
23	0
24	0
25	0
26	0
27	0
28	0
29	0
30	0
31	0
32	0
33	0
34	0
35	0
36	0
37	0
38	0
39	0
40	0
41	0
42	0
43	0
44	0
45	0
46	0
47	0
48	0
49	0
50	1
51	2
52	5
53	68
54	456
55	1715
56	3069
57	3363
58	2734
59	2235
60	1950
61	1720
62	1535
63	1504
64	1503
65	1412
66	1396
67	1365
68	1330
69	1332
70	1239
71	1289
72	1224
73	1181
74	1127
75	1207
76	1238
77	1176
78	1109
79	1147
80	1178
81	1149
82	1144
83	1092
84	1147
85	1076
86	1154
87	1113
88	1031
89	1084
90	1069
91	1085
92	1074
93	1113
94	1101
95	1023
96	1148
97	1105
98	1092
99	1086
100	1059
101	1128
102	1056
103	1145
104	1068
105	1065
106	1089
107	1021
108	917
109	1043
110	1049
111	972
112	999
113	1103
114	1013
115	1046
116	1014
117	1010
118	1010
119	1022
120	1025
121	1007
122	961
123	971
124	952
125	1012
126	975
127	963
128	998
129	1002
130	962
131	981
132	914
133	988
134	942
135	951
136	921
137	932
138	975
139	973
140	934
141	913
142	891
143	903
144	959
145	989
146	945
147	931
148	909
149	846
150	887
151	841
152	911
153	882
154	930
155	883
156	939
157	871
158	877
159	899
160	852
161	878
162	913
163	899
164	852
165	889
166	886
167	865
168	839
169	836
170	868
171	849
172	838
173	838
174	869
175	907
176	848
177	866
178	891
179	873
180	845
181	813
182	847
183	856
184	889
185	858
186	829
187	866
188	869
189	842
190	791
191	757
192	844
193	826
194	780
195	832
196	872
197	833
198	832
199	807
200	824
201	841
202	804
203	795
204	801
205	822
206	790
207	832
208	805
209	786
210	742
211	754
212	829
213	816
214	769
215	776
216	798
217	756
218	783
219	809
220	776
221	799
222	759
223	796
224	800
225	750
226	768
227	784
228	764
229	790
230	757
231	722
232	716
233	767
234	759
235	814
236	775
237	760
238	784
239	803
240	782
241	738
242	710
243	766
244	700
245	757
246	764
247	731
248	754
249	745
250	728
251	750
252	826
253	699
254	720
255	688
256	728
257	740
258	778
259	766
260	705
261	720
262	719
263	712
264	726
265	733
266	682
267	761
268	740
269	751
270	745
271	738
272	745
273	722
274	757
275	723
276	715
277	708
278	692
279	668
280	707
281	688
282	711
283	685
284	721
285	712
286	733
287	683
288	734
289	682
290	733
291	699
292	734
293	706
294	687
295	718
296	715
297	704
298	707
299	662
300	715
301	684
302	737
303	710
304	727
305	692
306	679
307	686
308	714
309	708
310	696
311	708
312	716
313	709
314	714
315	649
316	635
317	701
318	707
319	702
320	660
321	655
322	704
323	642
324	696
325	682
326	683
327	670
328	696
329	694
330	693
331	644
332	676
333	657
334	686
335	652
336	716
337	690
338	681
339	674
340	632
341	709
342	719
343	694
344	768
345	825
346	778
347	755
348	681
349	721
350	668
351	717
352	713
353	831
354	772
355	885
356	988
357	900
358	830
359	795
360	752
361	691
362	683
363	632
364	661
365	675
366	654
367	631
368	664
369	705
370	629
371	656
372	639
373	647
374	672
375	634
376	676
377	630
378	640
379	672
380	650
381	631
382	663
383	639
384	642
385	649
386	658
387	650
388	668
389	635
390	605
391	639
392	655
393	632
394	630
395	679
396	611
397	650
398	627
399	664
400	625
401	705
402	730
403	738
404	729
405	783
406	801
407	826
408	786
409	671
410	700
411	645
412	688
413	633
414	630
415	612
416	682
417	657
418	682
419	669
420	655
421	655
422	646
423	641
424	595
425	644
426	600
427	607
428	630
429	587
430	585
431	593
432	647
433	628
434	611
435	572
436	608
437	622
438	599
439	599
440	583
441	600
442	649
443	608
444	597
445	634
446	639
447	615
448	626
449	626
450	622
451	629
452	580
453	600
454	597
455	605
456	622
457	616
458	588
459	618
460	618
461	629
462	646
463	604
464	650
465	558
466	621
467	621
468	605
469	567
470	608
471	581
472	581
473	609
474	559
475	563
476	599
477	615
478	582
479	591
480	554
481	572
482	592
483	638
484	583
485	598
486	608
487	588
488	569
489	619
490	585
491	595
492	581
493	589
494	593
495	560
496	588
497	577
498	567
499	581
500	576
501	627
502	615
503	527
504	621
505	609
506	542
507	594
508	633
509	567
510	589
511	576
512	565
513	599
514	590
515	591
516	588
517	582
518	577
519	560
520	598
521	588
522	557
523	557
524	587
525	569
526	621
527	553
528	595
529	597
530	611
531	579
532	559
533	572
534	560
535	587
536	548
537	601
538	558
539	601
540	576
541	568
542	581
543	584
544	555
545	612
546	554
547	581
548	622
549	575
550	558
551	555
552	577
553	585
554	539
555	592
556	557
557	564
558	580
559	577
560	562
561	557
562	572
563	602
564	581
565	591
566	569
567	577
568	615
569	538
570	535
571	559
572	572
573	588
574	564
575	580
576	574
577	570
578	558
579	593
580	567
581	548
582	555
583	621
584	538
585	548
586	555
587	556
588	549
589	595
590	541
591	564
592	575
593	559
594	577
595	584
596	568
597	562
598	569
599	597
600	563
601	575
602	568
603	555
604	566
605	555
606	597
607	563
608	559
609	570
610	591
611	524
612	590
613	551
614	559
615	579
616	605
617	576
618	574
619	574
620	581
621	567
622	544
623	590
624	531
625	538
626	554
627	504
628	624
629	627
630	527
631	547
632	554
633	582
634	591
635	530
636	558
637	543
638	553
639	575
640	560
641	558
642	558
643	574
644	544
645	502
646	601
647	560
648	540
649	529
650	548
651	547
652	578
653	502
654	577
655	580
656	567
657	564
658	541
659	580
660	552
661	555
662	524
663	548
664	549
665	590
666	557
667	572
668	581
669	550
670	594
671	579
672	586
673	573
674	555
675	587
676	596
677	527
678	565
679	538
680	574
681	546
682	557
683	549
684	591
685	571
686	527
687	537
688	525
689	525
690	529
691	556
692	519
693	581
694	582
695	529
696	588
697	549
698	556
699	531
700	561
701	577
702	570
703	580
704	530
705	557
706	521
707	564
708	529
709	590
710	556
711	546
712	539
713	506
714	539
715	557
716	535
717	555
718	550
719	559
720	552
721	580
722	573
723	532
724	549
725	551
726	537
727	598
728	557
729	574
730	532
731	542
732	525
733	574
734	525
735	495
736	499
737	555
738	553
739	567
740	577
741	554
742	520
743	519
744	509
745	549
746	559
747	525
748	556
749	550
750	523
751	507
752	539
753	547
754	534
755	548
756	548
757	531
758	571
759	494
760	492
761	545
762	513
763	526
764	608
765	560
766	570
767	529
768	554
769	534
770	599
771	557
772	552
773	543
774	558
775	519
776	531
777	542
778	548
779	516
780	518
781	555
782	559
783	540
784	506
785	546
786	555
787	559
788	544
789	577
790	551
791	573
792	479
793	543
794	545
795	536
796	526
797	517
798	568
799	519
800	507
801	538
802	551
803	578
804	534
805	543
806	502
807	553
808	523
809	553
810	500
811	545
812	561
813	553
814	531
815	561
816	529
817	508
818	499
819	496
820	511
821	518
822	553
823	535
824	532
825	551
826	557
827	570
828	502
829	497
830	537
831	551
832	525
833	559
834	546
835	513
836	543
837	511
838	553
839	544
840	496
841	491
842	490
843	521
844	538
845	588
846	541
847	535
848	514
849	574
850	541
851	513
852	567
853	551
854	500
855	545
856	547
857	490
858	517
859	505
860	531
861	533
862	529
863	551
864	546
865	542
866	497
867	551
868	530
869	544
870	531
871	546
872	503
873	540
874	535
875	513
876	530
877	534
878	508
879	562
880	569
881	559
882	536
883	548
884	540
885	464
886	583
887	523
888	519
889	531
890	552
891	572
892	556
893	576
894	518
895	525
896	526
897	564
898	546
899	531
900	524
901	529
902	548
903	565
904	512
905	576
906	597
907	599
908	524
909	611
910	589
911	597
912	629
913	667
914	614
915	644
916	558
917	610
918	632
919	623
920	638
921	659
922	656
923	689
924	635
925	637
926	642
927	649
928	630
929	637
930	660
931	628
932	664
933	628
934	634
935	652
936	631
937	647
938	652
939	643
940	621
941	615
942	633
943	656
944	620
945	620
946	609
947	643
948	646
949	605
950	625
951	604
952	605
953	575
954	621
955	612
956	596
957	590
958	594
959	605
960	579
961	598
962	583
963	633
964	634
965	618
966	603
967	581
968	628
969	572
970	577
971	612
972	630
973	576
974	569
975	648
976	604
977	576
978	575
979	598
980	593
981	561
982	566
983	575
984	557
985	537
986	567
987	602
988	572
989	605
990	564
991	574
992	566
993	602
994	591
995	559
996	583
997	593
998	561
999	546
1000	599
1001	564
1002	575
1003	547
1004	581
1005	591
1006	547
1007	561
1008	555
1009	545
1010	576
1011	507
1012	577
1013	548
1014	574
1015	525
1016	579
1017	532
1018	550
1019	593
1020	560
1021	565
1022	562
1023	575
1024	533
1025	566
1026	578
1027	557
1028	516
1029	519
1030	548
1031	571
1032	535
1033	581
1034	522
1035	528
1036	524
1037	563
1038	560
1039	564
1040	528
1041	522
1042	513
1043	494
1044	535
1045	525
1046	552
1047	522
1048	547
1049	547
1050	533
1051	549
1052	566
1053	524
1054	541
1055	545
1056	521
1057	578
1058	533
1059	518
1060	537
1061	550
1062	554
1063	566
1064	530
1065	532
1066	516
1067	578
1068	538
1069	546
1070	544
1071	523
1072	506
1073	510
1074	525
1075	555
1076	515
1077	571
1078	519
1079	535
1080	503
1081	533
1082	526
1083	520
1084	531
1085	514
1086	512
1087	529
1088	528
1089	512
1090	551
1091	539
1092	543
1093	541
1094	541
1095	527
1096	530
1097	530
1098	525
1099	563
1100	523
1101	541
1102	539
1103	555
1104	532
1105	539
1106	499
1107	521
1108	529
1109	491
1110	508
1111	522
1112	522
1113	494
1114	530
1115	536
1116	515
1117	522
1118	502
1119	536
1120	511
1121	519
1122	533
1123	552
1124	553
1125	560
1126	499
1127	495
1128	523
1129	468
1130	547
1131	542
1132	499
1133	487
1134	501
1135	527
1136	497
1137	548
1138	556
1139	530
1140	505
1141	517
1142	495
1143	501
1144	485
1145	551
1146	535
1147	527
1148	561
1149	513
1150	477
1151	533
1152	505
1153	506
1154	489
1155	505
1156	476
1157	506
1158	482
1159	487
1160	535
1161	543
1162	494
1163	468
1164	496
1165	514
1166	533
1167	498
1168	511
1169	457
1170	499
1171	533
1172	480
1173	499
1174	512
1175	510
1176	494
1177	524
1178	494
1179	486
1180	504
1181	508
1182	531
1183	505
1184	488
1185	524
1186	486
1187	503
1188	539
1189	549
1190	482
1191	521
1192	492
1193	461
1194	489
1195	499
1196	542
1197	498
1198	483
1199	468
1200	497
1201	510
1202	493
1203	518
1204	471
1205	463
1206	512
1207	538
1208	498
1209	456
1210	488
1211	539
1212	473
1213	475
1214	534
1215	528
1216	505
1217	509
1218	481
1219	468
1220	458
1221	540
1222	517
1223	524
1224	470
1225	455
1226	489
1227	522
1228	466
1229	466
1230	499
1231	532
1232	527
1233	514
1234	478
1235	485
1236	530
1237	488
1238	482
1239	480
1240	499
1241	463
1242	507
1243	486
1244	487
1245	468
1246	508
1247	473
1248	499
1249	483
1250	516
1251	498
1252	510
1253	465
1254	483
1255	501
1256	486
1257	445
1258	455
1259	496
1260	484
1261	502
1262	504
1263	454
1264	474
1265	558
1266	461
1267	474
1268	498
1269	476
1270	432
1271	453
1272	520
1273	449
1274	502
1275	502
1276	476
1277	531
1278	471
1279	484
1280	494
1281	494
1282	486
1283	485
1284	476
1285	499
1286	476
1287	489
1288	492
1289	447
1290	486
1291	482
1292	514
1293	448
1294	521
1295	490
1296	480
1297	485
1298	508
1299	459
1300	477
1301	465
1302	476
1303	458
1304	491
1305	501
1306	523
1307	533
1308	495
1309	501
1310	481
1311	482
1312	483
1313	547
1314	463
1315	535
1316	482
1317	470
1318	520
1319	508
1320	537
1321	496
1322	483
1323	435
1324	450
1325	503
1326	488
1327	476
1328	487
1329	530
1330	479
1331	502
1332	447
1333	518
1334	451
1335	450
1336	512
1337	477
1338	497
1339	479
1340	496
1341	476
1342	496
1343	455
1344	480
1345	482
1346	480
1347	466
1348	474
1349	431
1350	465
1351	501
1352	485
1353	503
1354	444
1355	483
1356	460
1357	477
1358	520
1359	496
1360	501
1361	461
1362	436
1363	497
1364	488
1365	470
1366	464
1367	481
1368	452
1369	478
1370	456
1371	441
1372	481
1373	510
1374	465
1375	468
1376	473
1377	516
1378	466
1379	477
1380	482
1381	424
1382	481
1383	463
1384	426
1385	464
1386	440
1387	479
1388	453
1389	472
1390	434
1391	477
1392	501
1393	430
1394	470
1395	463
1396	500
1397	486
1398	506
1399	482
1400	503
1401	445
1402	476
1403	487
1404	486
1405	443
1406	449
1407	478
1408	465
1409	494
1410	525
1411	464
1412	456
1413	506
1414	450
1415	460
1416	483
1417	468
1418	495
1419	497
1420	467
1421	481
1422	446
1423	483
1424	482
1425	430
1426	432
1427	471
1428	474
1429	464
1430	458
1431	497
1432	464
1433	499
1434	487
1435	440
1436	489
1437	454
1438	496
1439	483
1440	520
1441	409
1442	474
1443	430
1444	476
1445	492
1446	478
1447	458
1448	466
1449	433
1450	485
1451	462
1452	493
1453	443
1454	489
1455	428
1456	456
1457	500
1458	440
1459	475
1460	445
1461	469
1462	458
1463	479
1464	452
1465	454
1466	468
1467	474
1468	489
1469	455
1470	435
1471	458
1472	430
1473	463
1474	425
1475	443
1476	465
1477	451
1478	437
1479	467
1480	451
1481	473
1482	462
1483	477
1484	494
1485	467
1486	513
1487	484
1488	501
1489	464
1490	448
1491	481
1492	417
1493	450
1494	498
1495	473
1496	461
1497	442
1498	458
1499	474
1500	479
1501	424
1502	450
1503	492
1504	490
1505	471
1506	469
1507	482
1508	457
1509	430
1510	435
1511	485
1512	476
1513	426
1514	460
1515	452
1516	449
1517	456
1518	487
1519	465
1520	426
1521	471
1522	427
1523	469
1524	427
1525	476
1526	434
1527	452
1528	466
1529	469
1530	460
1531	438
1532	460
1533	494
1534	463
1535	455
1536	451
1537	459
1538	454
1539	415
1540	451
1541	435
1542	439
1543	461
1544	464
1545	439
1546	424
1547	452
1548	443
1549	467
1550	435
1551	474
1552	487
1553	462
1554	476
1555	455
1556	453
1557	444
1558	451
1559	477
1560	447
1561	495
1562	447
1563	469
1564	476
1565	470
1566	468
1567	441
1568	428
1569	404
1570	432
1571	466
1572	441
1573	456
1574	464
1575	480
1576	439
1577	435
1578	447
1579	435
1580	514
1581	486
1582	435
1583	433
1584	404
1585	465
1586	458
1587	420
1588	468
1589	478
1590	433
1591	475
1592	471
1593	476
1594	434
1595	430
1596	468
1597	442
1598	440
1599	457
1600	472
1601	411
1602	436
1603	466
1604	423
1605	444
1606	447
1607	428
1608	413
1609	442
1610	437
1611	440
1612	439
1613	453
1614	436
1615	458
1616	424
1617	448
1618	444
1619	481
1620	433
1621	441
1622	430
1623	445
1624	471
1625	445
1626	415
1627	422
1628	455
1629	426
1630	495
1631	495
1632	495
1633	466
1634	465
1635	452
1636	441
1637	444
1638	467
1639	451
1640	441
1641	449
1642	433
1643	458
1644	429
1645	449
1646	434
1647	462
1648	441
1649	454
1650	474
1651	463
1652	459
1653	460
1654	471
1655	402
1656	467
1657	441
1658	381
1659	472
1660	444
1661	435
1662	462
1663	459
1664	479
1665	477
1666	444
1667	454
1668	464
1669	427
1670	494
1671	455
1672	457
1673	463
1674	441
1675	483
1676	474
1677	430
1678	430
1679	460
1680	436
1681	466
1682	476
1683	486
1684	468
1685	461
1686	488
1687	461
1688	465
1689	451
1690	463
1691	488
1692	463
1693	448
1694	460
1695	452
1696	463
1697	428
1698	458
1699	466
1700	448
1701	461
1702	439
1703	500
1704	405
1705	471
1706	492
1707	451
1708	449
1709	441
1710	413
1711	469
1712	476
1713	460
1714	460
1715	450
1716	436
1717	483
1718	419
1719	453
1720	439
1721	456
1722	447
1723	456
1724	483
1725	415
1726	448
1727	441
1728	470
1729	445
1730	435
1731	451
1732	471
1733	446
1734	465
1735	441
1736	454
1737	430
1738	478
1739	431
1740	439
1741	456
1742	430
1743	451
1744	450
1745	480
1746	474
1747	504
1748	466
1749	453
1750	472
1751	486
1752	429
1753	433
1754	464
1755	464
1756	449
1757	513
1758	456
1759	441
1760	441
1761	472
1762	464
1763	419
1764	438
1765	445
1766	435
1767	432
1768	483
1769	447
1770	450
1771	477
1772	476
1773	501
1774	417
1775	443
1776	451
1777	451
1778	512
1779	478
1780	450
1781	424
1782	438
1783	449
1784	447
1785	430
1786	478
1787	468
1788	459
1789	439
1790	445
1791	455
1792	457
1793	468
1794	472
1795	453
1796	441
1797	473
1798	454
1799	452
1800	461
1801	434
1802	440
1803	477
1804	483
1805	413
1806	446
1807	457
1808	473
1809	459
1810	470
1811	456
1812	465
1813	435
1814	426
1815	469
1816	430
1817	467
1818	436
1819	452
1820	460
1821	416
1822	451
1823	436
1824	477
1825	446
1826	463
1827	438
1828	457
1829	500
1830	439
1831	448
1832	505
1833	451
1834	455
1835	441
1836	453
1837	465
1838	452
1839	479
1840	428
1841	452
1842	463
1843	472
1844	445
1845	468
1846	470
1847	468
1848	512
1849	442
1850	451
1851	450
1852	447
1853	471
1854	471
1855	487
1856	436
1857	482
1858	424
1859	476
1860	457
1861	472
1862	478
1863	465
1864	464
1865	472
1866	447
1867	496
1868	500
1869	500
1870	458
1871	441
1872	459
1873	456
1874	473
1875	467
1876	465
1877	496
1878	445
1879	457
1880	470
1881	470
1882	472
1883	488
1884	461
1885	466
1886	474
1887	480
1888	448
1889	461
1890	476
1891	443
1892	462
1893	441
1894	479
1895	466
1896	503
1897	446
1898	490
1899	464
1900	451
1901	437
1902	441
1903	446
1904	452
1905	429
1906	449
1907	458
1908	452
1909	475
1910	478
1911	458
1912	479
1913	419
1914	483
1915	474
1916	453
1917	480
1918	473
1919	471
1920	437
1921	478
1922	496
1923	449
1924	474
1925	471
1926	475
1927	472
1928	430
1929	467
1930	517
1931	462
1932	491
1933	462
1934	444
1935	462
1936	476
1937	490
1938	476
1939	494
1940	474
1941	475
1942	499
1943	472
1944	472
1945	492
1946	482
1947	459
1948	505
1949	487
1950	472
1951	479
1952	486
1953	456
1954	437
1955	469
1956	465
1957	442
1958	453
1959	467
1960	472
1961	517
1962	477
1963	480
1964	496
1965	458
1966	514
1967	487
1968	464
1969	493
1970	513
1971	475
1972	491
1973	520
1974	462
1975	510
1976	444
1977	516
1978	477
1979	512
1980	467
1981	471
1982	482
1983	495
1984	480
1985	470
1986	417
1987	467
1988	466
1989	481
1990	476
1991	478
1992	463
1993	487
1994	532
1995	488
1996	451
1997	509
1998	469
1999	479
2000	513
2001	524
2002	471
2003	506
2004	504
2005	517
2006	480
2007	512
2008	496
2009	481
2010	511
2011	507
2012	448
2013	486
2014	496
2015	510
2016	511
2017	497
2018	474
2019	498
2020	516
2021	491
2022	480
2023	521
2024	459
2025	476
2026	500
2027	511
2028	484
2029	484
2030	475
2031	515
2032	475
2033	481
2034	518
2035	519
2036	497
2037	540
2038	528
2039	518
2040	467
2041	495
2042	491
2043	521
2044	498
2045	493
2046	500
2047	485
2048	498
2049	488
2050	478
2051	531
2052	544
2053	476
2054	498
2055	499
2056	520
2057	481
2058	490
2059	550
2060	505
2061	463
2062	521
2063	515
2064	519
2065	519
2066	550
2067	503
2068	514
2069	505
2070	509
2071	508
2072	477
2073	550
2074	495
2075	530
2076	500
2077	507
2078	551
2079	549
2080	475
2081	515
2082	529
2083	529
2084	490
2085	517
2086	524
2087	529
2088	493
2089	539
2090	564
2091	497
2092	508
2093	542
2094	562
2095	532
2096	501
2097	508
2098	491
2099	556
2100	533
2101	539
2102	504
2103	529
2104	498
2105	539
2106	559
2107	498
2108	498
2109	494
2110	570
2111	525
2112	520
2113	548
2114	517
2115	517
2116	549
2117	512
2118	499
2119	553
2120	571
2121	564
2122	545
2123	578
2124	557
2125	568
2126	527
2127	527
2128	532
2129	555
2130	540
2131	541
2132	520
2133	545
2134	551
2135	543
2136	578
2137	528
2138	539
2139	537
2140	559
2141	562
2142	510
2143	561
2144	558
2145	574
2146	524
2147	524
2148	533
2149	566
2150	551
2151	543
2152	534
2153	533
2154	583
2155	572
2156	553
2157	536
2158	587
2159	550
2160	552
2161	586
2162	594
2163	532
2164	586
2165	534
2166	553
2167	546
2168	541
2169	507
2170	569
2171	557
2172	493
2173	565
2174	540
2175	562
2176	570
2177	562
2178	535
2179	599
2180	572
2181	500
2182	591
2183	544
2184	592
2185	590
2186	554
2187	585
2188	554
2189	551
2190	568
2191	606
2192	552
2193	614
2194	570
2195	517
2196	577
2197	567
2198	569
2199	537
2200	569
2201	574
2202	574
2203	567
2204	591
2205	540
2206	566
2207	542
2208	557
2209	553
2210	544
2211	604
2212	598
2213	614
2214	613
2215	580
2216	623
2217	641
2218	576
2219	594
2220	593
2221	590
2222	593
2223	607
2224	570
2225	603
2226	594
2227	595
2228	617
2229	575
2230	621
2231	565
2232	600
2233	588
2234	609
2235	571
2236	577
2237	605
2238	594
2239	600
2240	594
2241	582
2242	539
2243	620
2244	630
2245	615
2246	658
2247	638
2248	631
2249	673
2250	629
2251	603
2252	629
2253	599
2254	651
2255	610
2256	632
2257	612
2258	593
2259	618
2260	621
2261	683
2262	619
2263	638
2264	598
2265	576
2266	626
2267	652
2268	644
2269	583
2270	646
2271	610
2272	633
2273	646
2274	601
2275	567
2276	630
2277	615
2278	648
2279	680
2280	645
2281	671
2282	628
2283	587
2284	577
2285	675
2286	611
2287	635
2288	614
2289	596
2290	637
2291	627
2292	602
2293	634
2294	672
2295	657
2296	600
2297	680
2298	699
2299	652
2300	630
2301	637
2302	628
2303	615
2304	640
2305	619
2306	642
2307	668
2308	620
2309	637
2310	628
2311	688
2312	637
2313	626
2314	617
2315	644
2316	694
2317	665
2318	660
2319	634
2320	604
2321	656
2322	648
2323	654
2324	645
2325	667
2326	674
2327	658
2328	632
2329	628
2330	634
2331	664
2332	656
2333	660
2334	680
2335	673
2336	650
2337	656
2338	633
2339	681
2340	679
2341	631
2342	633
2343	691
2344	675
2345	643
2346	689
2347	608
2348	660
2349	662
2350	665
2351	648
2352	644
2353	626
2354	617
2355	679
2356	644
2357	644
2358	642
2359	653
2360	680
2361	672
2362	644
2363	677
2364	619
2365	634
2366	631
2367	602
2368	629
2369	611
2370	620
2371	617
2372	575
2373	621
2374	618
2375	554
2376	587
2377	600
2378	553
2379	601
2380	614
2381	540
2382	531
2383	595
2384	557
2385	501
2386	512
2387	515
2388	535
2389	484
2390	501
2391	538
2392	489
2393	497
2394	453
2395	499
2396	486
2397	430
2398	473
2399	457
2400	465
2401	444
2402	468
2403	475
2404	471
2405	420
2406	424
2407	413
2408	466
2409	404
2410	426
2411	408
2412	374
2413	419
2414	377
2415	428
2416	393
2417	377
2418	384
2419	422
2420	388
2421	398
2422	425
2423	372
2424	367
2425	368
2426	386
2427	394
2428	337
2429	373
2430	389
2431	380
2432	348
2433	368
2434	376
2435	395
2436	367
2437	366
2438	338
2439	327
2440	375
2441	377
2442	347
2443	336
2444	326
2445	328
2446	365
2447	410
2448	337
2449	349
2450	348
2451	320
2452	366
2453	353
2454	369
2455	328
2456	334
2457	325
2458	364
2459	350
2460	372
2461	335
2462	335
2463	348
2464	315
2465	332
2466	311
2467	337
2468	351
2469	328
2470	337
2471	343
2472	352
2473	322
2474	319
2475	329
2476	335
2477	342
2478	299
2479	321
2480	319
2481	302
2482	331
2483	318
2484	326
2485	327
2486	303
2487	334
2488	291
2489	284
2490	303
2491	297
2492	281
2493	290
2494	297
2495	303
2496	319
2497	289
2498	276
2499	305
2500	300
2501	321
2502	295
2503	287
2504	277
2505	299
2506	288
2507	276
2508	287
2509	304
2510	290
2511	299
2512	296
2513	274
2514	299
2515	264
2516	300
2517	286
2518	284
2519	293
2520	259
2521	312
2522	272
2523	293
2524	280
2525	310
2526	288
2527	278
2528	291
2529	280
2530	285
2531	266
2532	280
2533	261
2534	280
2535	281
2536	268
2537	275
2538	270
2539	277
2540	274
2541	250
2542	282
2543	270
2544	235
2545	268
2546	268
2547	286
2548	267
2549	256
2550	266
2551	264
2552	271
2553	243
2554	266
2555	262
2556	263
2557	246
2558	260
2559	273
2560	255
2561	256
2562	249
2563	241
2564	278
2565	235
2566	238
2567	279
2568	262
2569	259
2570	266
2571	260
2572	250
2573	256
2574	231
2575	241
2576	245
2577	246
2578	254
2579	258
2580	228
2581	243
2582	215
2583	236
2584	232
2585	225
2586	236
2587	264
2588	249
2589	264
2590	261
2591	234
2592	246
2593	227
2594	242
2595	222
2596	261
2597	225
2598	229
2599	247
2600	247
2601	242
2602	249
2603	230
2604	244
2605	255
2606	233
2607	220
2608	239
2609	249
2610	251
2611	209
2612	216
2613	234
2614	220
2615	230
2616	230
2617	225
2618	223
2619	257
2620	225
2621	232
2622	227
2623	229
2624	228
2625	228
2626	239
2627	218
2628	228
2629	222
2630	232
2631	206
2632	180
2633	200
2634	201
2635	208
2636	199
2637	207
2638	226
2639	223
2640	213
2641	216
2642	218
2643	221
2644	207
2645	226
2646	213
2647	216
2648	235
2649	198
2650	207
2651	194
2652	185
2653	209
2654	194
2655	205
2656	193
2657	193
2658	210
2659	214
2660	194
2661	187
2662	199
2663	193
2664	180
2665	187
2666	192
2667	178
2668	189
2669	207
2670	193
2671	174
2672	176
2673	189
2674	169
2675	183
2676	180
2677	198
2678	195
2679	187
2680	209
2681	184
2682	203
2683	189
2684	207
2685	186
2686	166
2687	165
2688	186
2689	181
2690	184
2691	184
2692	184
2693	167
2694	159
2695	173
2696	161
2697	170
2698	151
2699	168
2700	193
2701	181
2702	185
2703	163
2704	171
2705	178
2706	161
2707	154
2708	184
2709	163
2710	174
2711	149
2712	177
2713	175
2714	167
2715	172
2716	137
2717	181
2718	171
2719	162
2720	186
2721	163
2722	160
2723	162
2724	151
2725	164
2726	152
2727	184
2728	158
2729	172
2730	152
2731	150
2732	141
2733	158
2734	158
2735	159
2736	158
2737	170
2738	138
2739	152
2740	141
2741	133
2742	139
2743	133
2744	169
2745	153
2746	136
2747	162
2748	143
2749	152
2750	153
2751	150
2752	159
2753	158
2754	157
2755	151
2756	155
2757	156
2758	147
2759	134
2760	165
2761	158
2762	157
2763	148
2764	144
2765	133
2766	161
2767	145
2768	134
2769	144
2770	137
2771	144
2772	126
2773	142
2774	134
2775	150
2776	137
2777	136
2778	132
2779	138
2780	140
2781	135
2782	157
2783	154
2784	139
2785	139
2786	155
2787	126
2788	141
2789	152
2790	138
2791	127
2792	136
2793	131
2794	168
2795	133
2796	144
2797	133
2798	95
2799	155
2800	162
2801	149
2802	135
2803	135
2804	127
2805	118
2806	117
2807	134
2808	131
2809	125
2810	141
2811	163
2812	121
2813	129
2814	111
2815	119
2816	156
2817	123
2818	132
2819	119
2820	150
2821	127
2822	132
2823	132
2824	109
2825	126
2826	147
2827	124
2828	122
2829	126
2830	121
2831	117
2832	120
2833	135
2834	103
2835	122
2836	116
2837	134
2838	115
2839	139
2840	124
2841	134
2842	141
2843	128
2844	135
2845	129
2846	141
2847	115
2848	121
2849	125
2850	120
2851	143
2852	123
2853	113
2854	113
2855	105
2856	110
2857	120
2858	131
2859	131
2860	122
2861	102
2862	124
2863	128
2864	118
2865	93
2866	110
2867	107
2868	113
2869	114
2870	127
2871	112
2872	118
2873	112
2874	123
2875	126
2876	134
2877	104
2878	119
2879	122
2880	131
2881	119
2882	124
2883	129
2884	125
2885	118
2886	116
2887	111
2888	122
2889	98
2890	159
2891	93
2892	117
2893	132
2894	110
2895	130
2896	130
2897	127
2898	118
2899	129
2900	130
2901	113
2902	102
2903	139
2904	107
2905	112
2906	112
2907	92
2908	110
2909	112
2910	121
2911	105
2912	128
2913	104
2914	91
2915	112
2916	91
2917	97
2918	114
2919	117
2920	131
2921	123
2922	108
2923	120
2924	122
2925	113
2926	113
2927	119
2928	126
2929	102
2930	113
2931	110
2932	119
2933	117
2934	116
2935	123
2936	111
2937	99
2938	127
2939	118
2940	111
2941	129
2942	119
2943	108
2944	117
2945	118
2946	95
2947	123
2948	104
2949	104
2950	124
2951	105
2952	114
2953	113
2954	115
2955	104
2956	100
2957	108
2958	95
2959	93
2960	87
2961	109
2962	107
2963	100
2964	97
2965	99
2966	97
2967	105
2968	96
2969	109
2970	116
2971	116
2972	116
2973	118
2974	108
2975	94
2976	97
2977	105
2978	102
2979	126
2980	89
2981	111
2982	99
2983	108
2984	99
2985	110
2986	104
2987	113
2988	115
2989	97
2990	108
2991	97
2992	112
2993	104
2994	112
2995	112
2996	84
2997	115
2998	103
2999	89
3000	100
3001	90
3002	123
3003	95
3004	96
3005	93
3006	92
3007	102
3008	103
3009	110
3010	98
3011	111
3012	100
3013	104
3014	89
3015	97
3016	108
3017	105
3018	99
3019	107
3020	116
3021	95
3022	115
3023	110
3024	99
3025	105
3026	97
3027	101
3028	107
3029	108
3030	120
3031	92
3032	100
3033	111
3034	102
3035	92
3036	84
3037	98
3038	112
3039	104
3040	111
3041	111
3042	91
3043	90
3044	101
3045	110
3046	94
3047	98
3048	90
3049	83
3050	99
3051	99
3052	119
3053	102
3054	102
3055	116
3056	103
3057	119
3058	124
3059	85
3060	92
3061	96
3062	109
3063	93
3064	86
3065	83
3066	95
3067	85
3068	99
3069	120
3070	114
3071	112
3072	98
3073	102
3074	95
3075	102
3076	91
3077	104
3078	98
3079	101
3080	93
3081	110
3082	83
3083	94
3084	82
3085	98
3086	93
3087	92
3088	80
3089	96
3090	109
3091	103
3092	76
3093	93
3094	98
3095	82
3096	94
3097	91
3098	89
3099	76
3100	86
3101	85
3102	80
3103	75
3104	76
3105	100
3106	88
3107	87
3108	102
3109	96
3110	73
3111	73
3112	94
3113	96
3114	107
3115	92
3116	81
3117	90
3118	97
3119	94
3120	100
3121	78
3122	60
3123	89
3124	89
3125	95
3126	96
3127	83
3128	77
3129	103
3130	81
3131	89
3132	84
3133	98
3134	93
3135	100
3136	87
3137	99
3138	75
3139	93
3140	99
3141	67
3142	79
3143	99
3144	96
3145	74
3146	104
3147	105
3148	87
3149	91
3150	91
3151	91
3152	83
3153	85
3154	77
3155	87
3156	81
3157	88
3158	77
3159	86
3160	89
3161	77
3162	90
3163	85
3164	107
3165	89
3166	77
3167	84
3168	98
3169	95
3170	73
3171	90
3172	83
3173	92
3174	91
3175	79
3176	89
3177	80
3178	80
3179	91
3180	82
3181	91
3182	87
3183	78
3184	96
3185	97
3186	96
3187	81
3188	88
3189	91
3190	88
3191	86
3192	80
3193	97
3194	98
3195	76
3196	86
3197	81
3198	97
3199	91
3200	95
3201	96
3202	86
3203	76
3204	75
3205	93
3206	80
3207	84
3208	81
3209	83
3210	85
3211	87
3212	93
3213	89
3214	78
3215	90
3216	91
3217	83
3218	92
3219	82
3220	80
3221	94
3222	78
3223	91
3224	90
3225	81
3226	75
3227	98
3228	97
3229	84
3230	93
3231	90
3232	72
3233	87
3234	96
3235	92
3236	87
3237	88
3238	98
3239	91
3240	98
3241	83
3242	90
3243	88
3244	98
3245	91
3246	92
3247	95
3248	82
3249	79
3250	83
3251	86
3252	99
3253	104
3254	83
3255	112
3256	72
3257	119
3258	106
3259	107
3260	88
3261	95
3262	117
3263	94
3264	98
3265	100
3266	94
3267	96
3268	120
3269	90
3270	93
3271	114
3272	122
3273	103
3274	110
3275	112
3276	108
3277	119
3278	112
3279	116
3280	116
3281	113
3282	116
3283	123
3284	142
3285	133
3286	143
3287	135
3288	142
3289	137
3290	142
3291	122
3292	144
3293	161
3294	166
3295	182
3296	164
3297	185
3298	213
3299	237
3300	265
3301	298
3302	339
3303	423
3304	536
3305	679
3306	994
3307	1334
3308	2058
3309	3072
3310	4840
3311	7486
3312	11170
3313	16138
3314	21945
3315	27464
3316	31783
3317	34006
3318	32804
3319	28667
3320	23100
3321	16755
3322	11043
3323	6780
3324	4022
3325	2289
3326	1308
3327	841
3328	612
3329	476
3330	408
3331	350
3332	339
3333	337
3334	286
3335	244
3336	248
3337	256
3338	240
3339	211
3340	206
3341	190
3342	170
3343	179
3344	158
3345	172
3346	165
3347	154
3348	146
3349	132
3350	140
3351	152
3352	151
3353	130
3354	108
3355	107
3356	119
3357	116
3358	101
3359	84
3360	76
3361	96
3362	101
3363	82
3364	69
3365	88
3366	75
3367	63
3368	77
3369	60
3370	63
3371	56
3372	49
3373	52
3374	49
3375	48
3376	40
3377	49
3378	35
3379	38
3380	54
3381	40
3382	32
3383	41
3384	30
3385	33
3386	25
3387	26
3388	31
3389	28
3390	29
3391	26
3392	28
3393	27
3394	41
3395	18
3396	21
3397	31
3398	36
3399	27
3400	21
3401	17
3402	23
3403	24
3404	24
3405	19
3406	22
3407	21
3408	31
3409	24
3410	20
3411	24
3412	18
3413	23
3414	17
3415	16
3416	22
3417	24
3418	25
3419	15
3420	18
3421	23
3422	18
3423	24
3424	21
3425	15
3426	18
3427	22
3428	26
3429	20
3430	19
3431	21
3432	23
3433	22
3434	21
3435	15
3436	11
3437	20
3438	24
3439	24
3440	18
3441	17
3442	28
3443	18
3444	17
3445	30
3446	16
3447	16
3448	16
3449	15
3450	20
3451	30
3452	25
3453	14
3454	19
3455	17
3456	19
3457	9
3458	25
3459	14
3460	22
3461	13
3462	14
3463	10
3464	21
3465	18
3466	18
3467	19
3468	13
3469	20
3470	19
3471	21
3472	13
3473	19
3474	11
3475	10
3476	14
3477	21
3478	16
3479	15
3480	14
3481	16
3482	16
3483	15
3484	15
3485	18
3486	25
3487	13
3488	17
3489	9
3490	14
3491	17
3492	23
3493	19
3494	17
3495	14
3496	17
3497	12
3498	12
3499	10
3500	16
3501	12
3502	13
3503	14
3504	16
3505	17
3506	16
3507	9
3508	7
3509	15
3510	13
3511	12
3512	16
3513	8
3514	4
3515	11
3516	11
3517	13
3518	10
3519	12
3520	15
3521	17
3522	16
3523	7
3524	15
3525	20
3526	7
3527	7
3528	21
3529	9
3530	17
3531	15
3532	11
3533	10
3534	17
3535	11
3536	10
3537	17
3538	16
3539	22
3540	20
3541	15
3542	14
3543	14
3544	9
3545	15
3546	10
3547	18
3548	16
3549	9
3550	13
3551	10
3552	15
3553	17
3554	12
3555	11
3556	12
3557	17
3558	10
3559	19
3560	15
3561	12
3562	13
3563	17
3564	15
3565	18
3566	16
3567	10
3568	9
3569	10
3570	12
3571	12
3572	12
3573	16
3574	10
3575	8
3576	11
3577	12
3578	10
3579	16
3580	14
3581	16
3582	17
3583	17
3584	11
3585	15
3586	20
3587	13
3588	12
3589	11
3590	9
3591	13
3592	15
3593	15
3594	8
3595	17
3596	7
3597	10
3598	9
3599	8
3600	12
3601	11
3602	9
3603	13
3604	10
3605	7
3606	13
3607	13
3608	13
3609	11
3610	14
3611	9
3612	7
3613	8
3614	16
3615	15
3616	14
3617	10
3618	18
3619	10
3620	12
3621	20
3622	19
3623	12
3624	13
3625	9
3626	13
3627	7
3628	14
3629	8
3630	7
3631	18
3632	16
3633	14
3634	13
3635	11
3636	7
3637	14
3638	15
3639	14
3640	12
3641	12
3642	9
3643	11
3644	10
3645	13
3646	7
3647	11
3648	18
3649	10
3650	13
3651	11
3652	9
3653	17
3654	16
3655	12
3656	7
3657	14
3658	14
3659	14
3660	13
3661	11
3662	8
3663	15
3664	15
3665	9
3666	5
3667	13
3668	14
3669	15
3670	8
3671	18
3672	16
3673	8
3674	3
3675	13
3676	13
3677	10
3678	14
3679	7
3680	14
3681	8
3682	8
3683	10
3684	16
3685	13
3686	10
3687	13
3688	8
3689	8
3690	20
3691	13
3692	13
3693	8
3694	9
3695	10
3696	12
3697	9
3698	4
3699	10
3700	6
3701	5
3702	5
3703	13
3704	8
3705	12
3706	17
3707	8
3708	9
3709	6
3710	12
3711	5
3712	10
3713	8
3714	14
3715	11
3716	14
3717	10
3718	7
3719	9
3720	11
3721	5
3722	11
3723	7
3724	5
3725	10
3726	8
3727	19
3728	18
3729	8
3730	8
3731	14
3732	10
3733	8
3734	5
3735	15
3736	8
3737	10
3738	13
3739	10
3740	7
3741	8
3742	14
3743	7
3744	7
3745	12
3746	11
3747	9
3748	10
3749	4
3750	15
3751	9
3752	7
3753	7
3754	6
3755	8
3756	9
3757	12
3758	5
3759	8
3760	9
3761	12
3762	11
3763	10
3764	13
3765	18
3766	5
3767	9
3768	8
3769	13
3770	10
3771	14
3772	8
3773	10
3774	7
3775	9
3776	11
3777	9
3778	7
3779	11
3780	11
3781	10
3782	12
3783	11
3784	5
3785	7
3786	11
3787	6
3788	12
3789	11
3790	5
3791	10
3792	9
3793	10
3794	9
3795	10
3796	5
3797	9
3798	9
3799	11
3800	12
3801	10
3802	10
3803	4
3804	6
3805	12
3806	7
3807	11
3808	6
3809	7
3810	10
3811	8
3812	9
3813	11
3814	10
3815	15
3816	10
3817	9
3818	12
3819	12
3820	8
3821	8
3822	11
3823	12
3824	14
3825	6
3826	10
3827	9
3828	9
3829	8
3830	10
3831	13
3832	7
3833	9
3834	7
3835	8
3836	5
3837	8
3838	3
3839	4
3840	7
3841	7
3842	11
3843	7
3844	4
3845	11
3846	9
3847	10
3848	7
3849	4
3850	2
3851	10
3852	6
3853	4
3854	12
3855	12
3856	5
3857	11
3858	8
3859	7
3860	15
3861	11
3862	11
3863	7
3864	9
3865	15
3866	11
3867	7
3868	4
3869	15
3870	3
3871	9
3872	6
3873	8
3874	6
3875	7
3876	11
3877	12
3878	9
3879	11
3880	12
3881	2
3882	9
3883	9
3884	9
3885	9
3886	5
3887	9
3888	7
3889	10
3890	9
3891	10
3892	6
3893	8
3894	4
3895	7
3896	15
3897	6
3898	4
3899	11
3900	8
3901	13
3902	11
3903	7
3904	6
3905	7
3906	12
3907	6
3908	6
3909	8
3910	11
3911	14
3912	4
3913	12
3914	8
3915	12
3916	11
3917	6
3918	13
3919	7
3920	7
3921	7
3922	9
3923	5
3924	9
3925	11
3926	10
3927	6
3928	9
3929	4
3930	12
3931	7
3932	12
3933	11
3934	15
3935	4
3936	10
3937	9
3938	10
3939	6
3940	7
3941	13
3942	10
3943	11
3944	9
3945	6
3946	8
3947	12
3948	9
3949	3
3950	4
3951	5
3952	9
3953	8
3954	8
3955	11
3956	7
3957	7
3958	6
3959	10
3960	14
3961	5
3962	5
3963	10
3964	2
3965	8
3966	8
3967	6
3968	10
3969	7
3970	8
3971	10
3972	4
3973	7
3974	10
3975	10
3976	8
3977	7
3978	5
3979	10
3980	10
3981	8
3982	8
3983	5
3984	13
3985	4
3986	16
3987	9
3988	5
3989	9
3990	6
3991	7
3992	8
3993	11
3994	9
3995	6
3996	11
3997	10
3998	4
3999	9
4000	4
4001	6
4002	8
4003	9
4004	4
4005	3
4006	11
4007	6
4008	8
4009	5
4010	4
4011	2
4012	5
4013	8
4014	8
4015	9
4016	12
4017	5
4018	6
4019	9
4020	9
4021	10
4022	7
4023	5
4024	11
4025	5
4026	8
4027	1
4028	4
4029	13
4030	5
4031	9
4032	5
4033	9
4034	4
4035	4
4036	6
4037	7
4038	8
4039	9
4040	12
4041	6
4042	11
4043	6
4044	8
4045	11
4046	8
4047	7
4048	7
4049	10
4050	5
4051	1
4052	4
4053	5
4054	10
4055	6
4056	14
4057	7
4058	7
4059	4
4060	8
4061	11
4062	13
4063	7
4064	7
4065	9
4066	11
4067	6
4068	6
4069	4
4070	6
4071	4
4072	6
4073	6
4074	4
4075	5
4076	6
4077	6
4078	7
4079	7
4080	5
4081	10
4082	5
4083	7
4084	7
4085	6
4086	8
4087	7
4088	6
4089	5
4090	5
4091	2
4092	7
4093	8
4094	7
4095	7
4096	6
4097	8
4098	3
4099	5
4100	9
4101	7
4102	5
4103	8
4104	5
4105	5
4106	4
4107	8
4108	6
4109	10
4110	5
4111	6
4112	10
4113	8
4114	9
4115	6
4116	9
4117	7
4118	7
4119	7
4120	5
4121	2
4122	8
4123	6
4124	4
4125	6
4126	4
4127	1
4128	8
4129	4
4130	9
4131	4
4132	9
4133	7
4134	6
4135	9
4136	13
4137	1
4138	8
4139	8
4140	11
4141	10
4142	5
4143	5
4144	9
4145	9
4146	10
4147	1
4148	5
4149	6
4150	1
4151	8
4152	14
4153	10
4154	5
4155	7
4156	11
4157	8
4158	6
4159	9
4160	8
4161	4
4162	8
4163	10
4164	7
4165	5
4166	12
4167	8
4168	1
4169	3
4170	9
4171	7
4172	12
4173	6
4174	9
4175	7
4176	10
4177	4
4178	5
4179	9
4180	7
4181	9
4182	7
4183	7
4184	5
4185	6
4186	8
4187	13
4188	5
4189	5
4190	5
4191	4
4192	5
4193	7
4194	11
4195	5
4196	6
4197	2
4198	7
4199	7
4200	7
4201	6
4202	8
4203	6
4204	6
4205	2
4206	8
4207	6
4208	4
4209	10
4210	8
4211	8
4212	7
4213	8
4214	7
4215	6
4216	7
4217	4
4218	2
4219	4
4220	8
4221	5
4222	5
4223	6
4224	6
4225	8
4226	2
4227	8
4228	5
4229	3
4230	4
4231	5
4232	7
4233	3
4234	9
4235	8
4236	7
4237	5
4238	7
4239	15
4240	8
4241	6
4242	7
4243	6
4244	2
4245	5
4246	7
4247	11
4248	7
4249	12
4250	12
4251	3
4252	6
4253	3
4254	1
4255	4
4256	7
4257	8
4258	9
4259	8
4260	5
4261	3
4262	4
4263	6
4264	9
4265	7
4266	4
4267	3
4268	3
4269	9
4270	5
4271	2
4272	9
4273	2
4274	4
4275	4
4276	5
4277	7
4278	3
4279	8
4280	4
4281	5
4282	11
4283	7
4284	4
4285	8
4286	2
4287	7
4288	4
4289	5
4290	4
4291	11
4292	3
4293	5
4294	7
4295	4
4296	6
4297	3
4298	10
4299	7
4300	2
4301	3
4302	8
4303	6
4304	6
4305	9
4306	6
4307	6
4308	4
4309	5
4310	2
4311	10
4312	4
4313	5
4314	6
4315	7
4316	8
4317	7
4318	7
4319	8
4320	5
4321	6
4322	4
4323	10
4324	8
4325	5
4326	5
4327	5
4328	4
4329	4
4330	9
4331	3
4332	4
4333	3
4334	13
4335	6
4336	6
4337	3
4338	6
4339	7
4340	8
4341	6
4342	5
4343	8
4344	1
4345	5
4346	9
4347	5
4348	2
4349	3
4350	8
4351	8
4352	5
4353	7
4354	6
4355	8
4356	5
4357	5
4358	5
4359	7
4360	7
4361	2
4362	5
4363	6
4364	6
4365	5
4366	6
4367	10
4368	5
4369	1
4370	10
4371	4
4372	10
4373	7
4374	2
4375	7
4376	5
4377	4
4378	7
4379	8
4380	5
4381	3
4382	8
4383	4
4384	4
4385	4
4386	5
4387	4
4388	6
4389	4
4390	7
4391	3
4392	5
4393	4
4394	5
4395	8
4396	8
4397	4
4398	2
4399	1
4400	10
4401	4
4402	9
4403	3
4404	6
4405	5
4406	7
4407	4
4408	5
4409	3
4410	4
4411	4
4412	9
4413	6
4414	4
4415	8
4416	5
4417	10
4418	4
4419	7
4420	10
4421	6
4422	2
4423	8
4424	2
4425	2
4426	6
4427	7
4428	6
4429	5
4430	6
4431	6
4432	5
4433	3
4434	8
4435	6
4436	7
4437	7
4438	9
4439	6
4440	8
4441	4
4442	8
4443	2
4444	2
4445	4
4446	6
4447	4
4448	3
4449	6
4450	5
4451	4
4452	1
4453	4
4454	5
4455	4
4456	3
4457	8
4458	5
4459	6
4460	6
4461	7
4462	6
4463	8
4464	3
4465	5
4466	4
4467	5
4468	5
4469	5
4470	4
4471	7
4472	6
4473	6
4474	6
4475	2
4476	2
4477	2
4478	4
4479	5
4480	8
4481	8
4482	3
4483	5
4484	2
4485	9
4486	4
4487	4
4488	6
4489	5
4490	4
4491	7
4492	5
4493	3
4494	3
4495	10
4496	7
4497	6
4498	5
4499	6
4500	8
4501	7
4502	3
4503	10
4504	6
4505	7
4506	4
4507	4
4508	3
4509	6
4510	7
4511	10
4512	4
4513	4
4514	5
4515	3
4516	7
4517	3
4518	1
4519	3
4520	5
4521	3
4522	4
4523	5
4524	6
4525	4
4526	7
4527	8
4528	3
4529	3
4530	5
4531	5
4532	5
4533	2
4534	6
4535	6
4536	6
4537	5
4538	5
4539	3
4540	6
4541	6
4542	2
4543	3
4544	2
4545	1
4546	9
4547	2
4548	5
4549	3
4550	8
4551	3
4552	2
4553	9
4554	4
4555	3
4556	4
4557	4
4558	2
4559	7
4560	3
4561	4
4562	7
4563	3
4564	2
4565	4
4566	2
4567	2
4568	6
4569	4
4570	4
4571	4
4572	4
4573	8
4574	8
4575	9
4576	6
4577	9
4578	4
4579	8
4580	11
4581	5
4582	5
4583	9
4584	7
4585	7
4586	3
4587	2
4588	5
4589	5
4590	3
4591	3
4592	5
4593	3
4594	2
4595	5
4596	3
4597	5
4598	2
4599	5
4600	1
4601	5
4602	5
4603	5
4604	6
4605	6
4606	2
4607	0
4608	5
4609	2
4610	3
4611	4
4612	5
4613	1
4614	2
4615	4
4616	7
4617	0
4618	4
4619	2
4620	0
4621	1
4622	2
4623	3
4624	4
4625	4
4626	5
4627	4
4628	4
4629	6
4630	5
4631	6
4632	2
4633	7
4634	1
4635	4
4636	2
4637	5
4638	2
4639	7
4640	1
4641	3
4642	3
4643	8
4644	4
4645	4
4646	4
4647	5
4648	2
4649	5
4650	3
4651	5
4652	6
4653	1
4654	4
4655	3
4656	5
4657	5
4658	3
4659	4
4660	2
4661	3
4662	4
4663	2
4664	4
4665	5
4666	6
4667	5
4668	1
4669	7
4670	3
4671	10
4672	3
4673	3
4674	3
4675	3
4676	1
4677	1
4678	4
4679	4
4680	1
4681	3
4682	6
4683	3
4684	1
4685	1
4686	5
4687	5
4688	5
4689	6
4690	5
4691	5
4692	7
4693	5
4694	3
4695	1
4696	2
4697	3
4698	6
4699	4
4700	5
4701	2
4702	4
4703	3
4704	4
4705	6
4706	5
4707	4
4708	4
4709	1
4710	4
4711	3
4712	4
4713	2
4714	1
4715	2
4716	2
4717	4
4718	3
4719	2
4720	7
4721	5
4722	3
4723	7
4724	1
4725	4
4726	6
4727	2
4728	3
4729	3
4730	5
4731	8
4732	2
4733	3
4734	5
4735	3
4736	7
4737	5
4738	6
4739	2
4740	3
4741	3
4742	6
4743	4
4744	6
4745	1
4746	5
4747	3
4748	3
4749	6
4750	3
4751	6
4752	4
4753	5
4754	7
4755	6
4756	5
4757	1
4758	4
4759	8
4760	5
4761	7
4762	3
4763	4
4764	4
4765	6
4766	3
4767	1
4768	4
4769	4
4770	4
4771	5
4772	5
4773	6
4774	3
4775	4
4776	9
4777	6
4778	6
4779	6
4780	3
4781	6
4782	4
4783	4
4784	4
4785	2
4786	1
4787	5
4788	2
4789	5
4790	1
4791	4
4792	6
4793	3
4794	2
4795	4
4796	4
4797	7
4798	1
4799	3
4800	4
4801	5
4802	3
4803	5
4804	3
4805	5
4806	6
4807	3
4808	6
4809	6
4810	2
4811	3
4812	3
4813	4
4814	3
4815	3
4816	4
4817	2
4818	4
4819	6
4820	6
4821	4
4822	2
4823	4
4824	5
4825	3
4826	3
4827	3
4828	2
4829	6
4830	4
4831	4
4832	4
4833	2
4834	5
4835	3
4836	2
4837	5
4838	6
4839	0
4840	7
4841	3
4842	3
4843	2
4844	3
4845	4
4846	2
4847	6
4848	9
4849	5
4850	4
4851	4
4852	2
4853	2
4854	3
4855	3
4856	3
4857	5
4858	5
4859	3
4860	0
4861	6
4862	2
4863	5
4864	6
4865	7
4866	1
4867	5
4868	4
4869	4
4870	5
4871	3
4872	5
4873	2
4874	3
4875	2
4876	3
4877	3
4878	3
4879	3
4880	2
4881	0
4882	0
4883	5
4884	5
4885	5
4886	4
4887	1
4888	2
4889	1
4890	5
4891	2
4892	3
4893	3
4894	3
4895	4
4896	5
4897	3
4898	9
4899	4
4900	5
4901	8
4902	7
4903	8
4904	3
4905	4
4906	2
4907	2
4908	4
4909	5
4910	4
4911	2
4912	3
4913	3
4914	4
4915	7
4916	1
4917	2
4918	5
4919	4
4920	4
4921	1
4922	1
4923	4
4924	5
4925	4
4926	3
4927	4
4928	4
4929	0
4930	5
4931	4
4932	0
4933	2
4934	5
4935	4
4936	4
4937	2
4938	4
4939	3
4940	6
4941	2
4942	2
4943	3
4944	6
4945	1
4946	2
4947	1
4948	3
4949	5
4950	3
4951	3
4952	3
4953	3
4954	1
4955	5
4956	3
4957	4
4958	4
4959	6
4960	4
4961	2
4962	4
4963	5
4964	3
4965	5
4966	6
4967	3
4968	4
4969	4
4970	6
4971	5
4972	4
4973	4
4974	2
4975	3
4976	3
4977	3
4978	3
4979	2
4980	4
4981	4
4982	2
4983	2
4984	6
4985	4
4986	3
4987	2
4988	4
4989	5
4990	1
4991	6
4992	1
4993	3
4994	9
4995	4
4996	4
4997	3
4998	1
4999	3
5000	3
5001	2
5002	5
5003	1
5004	0
5005	3
5006	1
5007	3
5008	4
5009	2
5010	1
5011	1
5012	3
5013	3
5014	3
5015	3
5016	1
5017	3
5018	1
5019	3
5020	4
5021	6
5022	2
5023	4
5024	3
5025	4
5026	1
5027	5
5028	3
5029	6
5030	3
5031	1
5032	4
5033	4
5034	2
5035	3
5036	4
5037	4
5038	2
5039	4
5040	4
5041	4
5042	1
5043	6
5044	4
5045	3
5046	2
5047	4
5048	3
5049	6
5050	3
5051	6
5052	6
5053	5
5054	3
5055	1
5056	5
5057	5
5058	3
5059	4
5060	1
5061	1
5062	3
5063	6
5064	2
5065	2
5066	3
5067	2
5068	3
5069	1
5070	5
5071	4
5072	2
5073	1
5074	3
5075	4
5076	5
5077	4
5078	2
5079	2
5080	4
5081	7
5082	8
5083	4
5084	0
5085	3
5086	3
5087	4
5088	2
5089	1
5090	4
5091	10
5092	4
5093	4
5094	2
5095	5
5096	5
5097	4
5098	4
5099	4
5100	4
5101	6
5102	3
5103	1
5104	1
5105	5
5106	1
5107	5
5108	2
5109	3
5110	8
5111	3
5112	5
5113	2
5114	4
5115	5
5116	1
5117	3
5118	5
5119	1
5120	3
5121	3
5122	4
5123	3
5124	1
5125	3
5126	1
5127	2
5128	3
5129	2
5130	0
5131	6
5132	2
5133	4
5134	2
5135	1
5136	4
5137	2
5138	5
5139	0
5140	1
5141	4
5142	3
5143	4
5144	4
5145	5
5146	3
5147	1
5148	4
5149	6
5150	1
5151	2
5152	4
5153	3
5154	2
5155	3
5156	4
5157	1
5158	2
5159	2
5160	2
5161	3
5162	2
5163	3
5164	2
5165	4
5166	2
5167	3
5168	2
5169	1
5170	3
5171	3
5172	4
5173	3
5174	5
5175	5
5176	2
5177	2
5178	3
5179	3
5180	2
5181	7
5182	4
5183	2
5184	3
5185	3
5186	1
5187	2
5188	3
5189	4
5190	7
5191	1
5192	3
5193	2
5194	4
5195	1
5196	2
5197	2
5198	5
5199	4
5200	2
5201	5
5202	3
5203	4
5204	1
5205	4
5206	1
5207	1
5208	4
5209	3
5210	1
5211	6
5212	2
5213	3
5214	1
5215	6
5216	4
5217	3
5218	6
5219	0
5220	1
5221	5
5222	2
5223	3
5224	4
5225	3
5226	2
5227	4
5228	2
5229	6
5230	0
5231	4
5232	1
5233	4
5234	0
5235	3
5236	2
5237	2
5238	3
5239	1
5240	3
5241	1
5242	2
5243	2
5244	2
5245	3
5246	4
5247	2
5248	1
5249	5
5250	3
5251	5
5252	0
5253	2
5254	3
5255	0
5256	3
5257	2
5258	4
5259	3
5260	1
5261	2
5262	2
5263	7
5264	2
5265	3
5266	3
5267	2
5268	4
5269	3
5270	4
5271	3
5272	2
5273	2
5274	5
5275	0
5276	9
5277	4
5278	1
5279	0
5280	4
5281	2
5282	3
5283	2
5284	1
5285	3
5286	3
5287	4
5288	3
5289	1
5290	2
5291	5
5292	1
5293	3
5294	0
5295	3
5296	1
5297	5
5298	3
5299	3
5300	5
5301	5
5302	4
5303	3
5304	3
5305	5
5306	5
5307	1
5308	1
5309	3
5310	3
5311	3
5312	3
5313	3
5314	3
5315	4
5316	2
5317	5
5318	2
5319	2
5320	1
5321	5
5322	1
5323	3
5324	2
5325	2
5326	2
5327	4
5328	1
5329	3
5330	4
5331	4
5332	2
5333	3
5334	2
5335	1
5336	4
5337	8
5338	2
5339	3
5340	4
5341	4
5342	4
5343	3
5344	2
5345	1
5346	2
5347	2
5348	2
5349	3
5350	1
5351	4
5352	3
5353	5
5354	3
5355	1
5356	2
5357	4
5358	5
5359	1
5360	6
5361	2
5362	1
5363	2
5364	4
5365	5
5366	4
5367	1
5368	4
5369	2
5370	6
5371	2
5372	1
5373	5
5374	1
5375	2
5376	4
5377	1
5378	3
5379	1
5380	2
5381	3
5382	3
5383	3
5384	1
5385	3
5386	1
5387	1
5388	2
5389	1
5390	2
5391	0
5392	2
5393	0
5394	1
5395	2
5396	2
5397	2
5398	2
5399	1
5400	3
5401	2
5402	3
5403	4
5404	2
5405	3
5406	3
5407	0
5408	0
5409	0
5410	4
5411	0
5412	3
5413	5
5414	0
5415	3
5416	1
5417	2
5418	6
5419	2
5420	3
5421	3
5422	2
5423	0
5424	1
5425	4
5426	4
5427	1
5428	0
5429	0
5430	2
5431	1
5432	4
5433	0
5434	2
5435	1
5436	0
5437	4
5438	1
5439	3
5440	2
5441	1
5442	2
5443	2
5444	0
5445	2
5446	0
5447	4
5448	1
5449	2
5450	1
5451	3
5452	6
5453	2
5454	1
5455	1
5456	5
5457	2
5458	0
5459	2
5460	2
5461	0
5462	2
5463	0
5464	2
5465	2
5466	1
5467	3
5468	4
5469	3
5470	2
5471	3
5472	3
5473	3
5474	0
5475	3
5476	1
5477	3
5478	2
5479	1
5480	1
5481	5
5482	1
5483	3
5484	3
5485	2
5486	5
5487	3
5488	2
5489	4
5490	4
5491	2
5492	1
5493	4
5494	2
5495	5
5496	0
5497	2
5498	2
5499	2
5500	2
5501	1
5502	1
5503	4
5504	1
5505	3
5506	4
5507	4
5508	2
5509	0
5510	2
5511	2
5512	2
5513	0
5514	2
5515	1
5516	2
5517	2
5518	5
5519	4
5520	3
5521	0
5522	3
5523	3
5524	3
5525	1
5526	3
5527	2
5528	1
5529	1
5530	2
5531	2
5532	4
5533	1
5534	4
5535	3
5536	4
5537	0
5538	0
5539	3
5540	1
5541	2
5542	2
5543	1
5544	6
5545	5
5546	1
5547	1
5548	2
5549	2
5550	3
5551	2
5552	2
5553	5
5554	2
5555	2
5556	2
5557	2
5558	3
5559	2
5560	3
5561	2
5562	4
5563	2
5564	2
5565	3
5566	3
5567	4
5568	4
5569	2
5570	3
5571	1
5572	1
5573	2
5574	1
5575	1
5576	2
5577	1
5578	3
5579	2
5580	5
5581	2
5582	1
5583	3
5584	1
5585	2
5586	3
5587	5
5588	1
5589	2
5590	1
5591	1
5592	2
5593	1
5594	1
5595	3
5596	2
5597	9
5598	1
5599	1
5600	1
5601	3
5602	3
5603	4
5604	1
5605	2
5606	1
5607	1
5608	1
5609	3
5610	0
5611	4
5612	2
5613	2
5614	1
5615	2
5616	1
5617	4
5618	0
5619	3
5620	3
5621	0
5622	1
5623	0
5624	1
5625	1
5626	2
5627	5
5628	2
5629	1
5630	3
5631	4
5632	7
5633	4
5634	4
5635	3
5636	2
5637	3
5638	4
5639	3
5640	1
5641	2
5642	0
5643	3
5644	4
5645	2
5646	2
5647	0
5648	2
5649	0
5650	0
5651	3
5652	1
5653	1
5654	2
5655	1
5656	4
5657	4
5658	0
5659	2
5660	3
5661	0
5662	2
5663	4
5664	1
5665	1
5666	2
5667	1
5668	3
5669	0
5670	0
5671	1
5672	3
5673	2
5674	1
5675	2
5676	0
5677	1
5678	4
5679	2
5680	0
5681	2
5682	3
5683	0
5684	0
5685	1
5686	3
5687	1
5688	1
5689	3
5690	0
5691	2
5692	3
5693	2
5694	3
5695	5
5696	1
5697	1
5698	5
5699	4
5700	3
5701	2
5702	2
5703	3
5704	1
5705	2
5706	1
5707	3
5708	4
5709	2
5710	2
5711	2
5712	0
5713	2
5714	1
5715	2
5716	1
5717	0
5718	1
5719	2
5720	3
5721	2
5722	4
5723	3
5724	3
5725	1
5726	2
5727	4
5728	1
5729	2
5730	2
5731	1
5732	2
5733	0
5734	1
5735	1
5736	2
5737	1
5738	3
5739	2
5740	4
5741	2
5742	1
5743	3
5744	2
5745	1
5746	1
5747	5
5748	1
5749	1
5750	3
5751	1
5752	2
5753	1
5754	2
5755	3
5756	3
5757	7
5758	0
5759	1
5760	3
5761	1
5762	2
5763	3
5764	4
5765	5
5766	2
5767	2
5768	3
5769	1
5770	2
5771	2
5772	3
5773	0
5774	2
5775	2
5776	0
5777	2
5778	1
5779	0
5780	1
5781	2
5782	0
5783	2
5784	3
5785	1
5786	0
5787	3
5788	0
5789	2
5790	1
5791	3
5792	3
5793	0
5794	3
5795	3
5796	3
5797	1
5798	3
5799	0
5800	2
5801	3
5802	3
5803	1
5804	5
5805	0
5806	4
5807	1
5808	5
5809	1
5810	0
5811	0
5812	3
5813	3
5814	0
5815	1
5816	1
5817	0
5818	2
5819	2
5820	1
5821	2
5822	3
5823	0
5824	0
5825	1
5826	1
5827	2
5828	1
5829	0
5830	2
5831	0
5832	0
5833	2
5834	3
5835	2
5836	0
5837	1
5838	3
5839	2
5840	2
5841	1
5842	1
5843	1
5844	4
5845	3
5846	0
5847	1
5848	0
5849	1
5850	1
5851	0
5852	0
5853	1
5854	2
5855	1
5856	3
5857	4
5858	2
5859	3
5860	3
5861	4
5862	1
5863	2
5864	2
5865	1
5866	0
5867	1
5868	5
5869	2
5870	1
5871	1
5872	1
5873	2
5874	0
5875	3
5876	0
5877	2
5878	0
5879	3
5880	1
5881	0
5882	1
5883	0
5884	3
5885	0
5886	2
5887	2
5888	1
5889	0
5890	3
5891	2
5892	3
5893	2
5894	3
5895	1
5896	4
5897	2
5898	2
5899	0
5900	1
5901	2
5902	2
5903	1
5904	4
5905	0
5906	3
5907	1
5908	1
5909	3
5910	3
5911	1
5912	2
5913	1
5914	2
5915	1
5916	2
5917	5
5918	1
5919	1
5920	1
5921	2
5922	2
5923	3
5924	5
5925	3
5926	1
5927	2
5928	3
5929	0
5930	0
5931	1
5932	1
5933	2
5934	5
5935	6
5936	1
5937	2
5938	5
5939	4
5940	0
5941	0
5942	0
5943	0
5944	1
5945	0
5946	1
5947	2
5948	3
5949	0
5950	1
5951	0
5952	4
5953	1
5954	3
5955	1
5956	1
5957	1
5958	0
5959	1
5960	0
5961	1
5962	1
5963	3
5964	0
5965	3
5966	2
5967	1
5968	1
5969	1
5970	3
5971	2
5972	1
5973	0
5974	2
5975	0
5976	1
5977	2
5978	4
5979	3
5980	3
5981	2
5982	0
5983	3
5984	3
5985	2
5986	2
5987	2
5988	2
5989	2
5990	2
5991	0
5992	2
5993	1
5994	3
5995	1
5996	2
5997	2
5998	0
5999	7
6000	1
6001	1
6002	0
6003	2
6004	0
6005	1
6006	3
6007	0
6008	4
6009	2
6010	0
6011	2
6012	0
6013	1
6014	2
6015	1
6016	3
6017	5
6018	2
6019	1
6020	1
6021	0
6022	2
6023	1
6024	2
6025	0
6026	0
6027	1
6028	3
6029	3
6030	2
6031	2
6032	3
6033	3
6034	2
6035	0
6036	5
6037	2
6038	1
6039	3
6040	5
6041	1
6042	3
6043	4
6044	4
6045	1
6046	1
6047	0
6048	1
6049	0
6050	2
6051	0
6052	1
6053	1
6054	2
6055	4
6056	0
6057	4
6058	1
6059	1
6060	0
6061	1
6062	3
6063	2
6064	2
6065	4
6066	1
6067	3
6068	0
6069	0
6070	1
6071	0
6072	1
6073	1
6074	3
6075	2
6076	0
6077	2
6078	1
6079	0
6080	4
6081	1
6082	2
6083	0
6084	2
6085	1
6086	1
6087	4
6088	2
6089	0
6090	3
6091	1
6092	1
6093	1
6094	4
6095	2
6096	0
6097	0
6098	1
6099	1
6100	1
6101	2
6102	0
6103	1
6104	2
6105	2
6106	1
6107	2
6108	2
6109	3
6110	0
6111	1
6112	1
6113	0
6114	3
6115	3
6116	0
6117	1
6118	2
6119	1
6120	1
6121	2
6122	1
6123	4
6124	1
6125	1
6126	1
6127	0
6128	0
6129	0
6130	6
6131	1
6132	1
6133	1
6134	0
6135	2
6136	2
6137	4
6138	2
6139	2
6140	0
6141	1
6142	1
6143	1
6144	2
6145	0
6146	2
6147	1
6148	1
6149	1
6150	0
6151	0
6152	3
6153	3
6154	2
6155	2
6156	1
6157	2
6158	1
6159	1
6160	2
6161	1
6162	2
6163	2
6164	0
6165	0
6166	2
6167	1
6168	0
6169	0
6170	2
6171	3
6172	2
6173	1
6174	1
6175	1
6176	3
6177	1
6178	2
6179	0
6180	0
6181	2
6182	4
6183	1
6184	1
6185	3
6186	3
6187	2
6188	1
6189	2
6190	1
6191	3
6192	4
6193	2
6194	1
6195	0
6196	0
6197	4
6198	2
6199	2
6200	2
6201	3
6202	1
6203	1
6204	1
6205	0
6206	1
6207	0
6208	1
6209	2
6210	2
6211	2
6212	1
6213	0
6214	2
6215	0
6216	2
6217	0
6218	0
6219	3
6220	1
6221	2
6222	1
6223	1
6224	2
6225	2
6226	3
6227	5
6228	1
6229	1
6230	2
6231	0
6232	2
6233	2
6234	3
6235	2
6236	3
6237	4
6238	1
6239	1
6240	2
6241	6
6242	1
6243	2
6244	1
6245	4
6246	0
6247	2
6248	2
6249	0
6250	2
6251	3
6252	1
6253	0
6254	1
6255	0
6256	1
6257	3
6258	1
6259	0
6260	0
6261	0
6262	1
6263	0
6264	1
6265	0
6266	0
6267	0
6268	0
6269	0
6270	1
6271	0
6272	0
6273	1
6274	1
6275	0
6276	0
6277	1
6278	1
6279	2
6280	0
6281	0
6282	1
6283	2
6284	0
6285	0
6286	3
6287	0
6288	1
6289	0
6290	2
6291	1
6292	0
6293	3
6294	1
6295	1
6296	0
6297	1
6298	2
6299	3
6300	2
6301	1
6302	2
6303	0
6304	0
6305	1
6306	1
6307	0
6308	3
6309	0
6310	4
6311	2
6312	1
6313	1
6314	2
6315	2
6316	1
6317	0
6318	0
6319	2
6320	2
6321	1
6322	1
6323	2
6324	2
6325	2
6326	0
6327	1
6328	3
6329	1
6330	1
6331	0
6332	1
6333	3
6334	2
6335	2
6336	0
6337	0
6338	2
6339	0
6340	0
6341	1
6342	1
6343	0
6344	2
6345	1
6346	0
6347	0
6348	1
6349	1
6350	0
6351	0
6352	3
6353	0
6354	0
6355	2
6356	2
6357	1
6358	0
6359	3
6360	0
6361	2
6362	2
6363	2
6364	1
6365	0
6366	1
6367	3
6368	1
6369	1
6370	3
6371	0
6372	2
6373	0
6374	2
6375	0
6376	0
6377	0
6378	0
6379	1
6380	1
6381	1
6382	0
6383	1
6384	1
6385	1
6386	0
6387	0
6388	3
6389	3
6390	2
6391	2
6392	1
6393	1
6394	0
6395	0
6396	1
6397	0
6398	0
6399	2
6400	1
6401	1
6402	2
6403	3
6404	1
6405	0
6406	1
6407	2
6408	1
6409	1
6410	3
6411	0
6412	1
6413	2
6414	1
6415	3
6416	0
6417	3
6418	0
6419	3
6420	0
6421	2
6422	0
6423	1
6424	0
6425	1
6426	0
6427	1
6428	2
6429	1
6430	3
6431	0
6432	0
6433	0
6434	2
6435	0
6436	2
6437	3
6438	0
6439	0
6440	1
6441	0
6442	0
6443	0
6444	1
6445	1
6446	0
6447	1
6448	1
6449	0
6450	0
6451	1
6452	1
6453	0
6454	1
6455	2
6456	0
6457	1
6458	1
6459	0
6460	3
6461	2
6462	3
6463	1
6464	2
6465	0
6466	0
6467	1
6468	0
6469	0
6470	2
6471	2
6472	2
6473	1
6474	1
6475	2
6476	1
6477	3
6478	2
6479	0
6480	0
6481	2
6482	1
6483	2
6484	0
6485	0
6486	2
6487	0
6488	1
6489	2
6490	0
6491	1
6492	2
6493	0
6494	0
6495	1
6496	0
6497	1
6498	0
6499	1
6500	1
6501	0
6502	1
6503	3
6504	0
6505	1
6506	0
6507	2
6508	1
6509	2
6510	0
6511	2
6512	2
6513	1
6514	2
6515	1
6516	3
6517	0
6518	4
6519	1
6520	1
6521	3
6522	0
6523	1
6524	1
6525	0
6526	2
6527	0
6528	0
6529	3
6530	1
6531	1
6532	1
6533	0
6534	1
6535	2
6536	2
6537	1
6538	2
6539	2
6540	1
6541	3
6542	0
6543	3
6544	1
6545	2
6546	1
6547	1
6548	2
6549	0
6550	3
6551	2
6552	0
6553	2
6554	2
6555	1
6556	1
6557	3
6558	1
6559	1
6560	0
6561	0
6562	2
6563	2
6564	2
6565	1
6566	0
6567	1
6568	0
6569	1
6570	3
6571	0
6572	1
6573	2
6574	1
6575	0
6576	0
6577	1
6578	1
6579	0
6580	4
6581	2
6582	1
6583	0
6584	1
6585	0
6586	0
6587	0
6588	2
6589	1
6590	3
6591	0
6592	2
6593	1
6594	0
6595	0
6596	1
6597	1
6598	2
6599	0
6600	2
6601	1
6602	2
6603	0
6604	1
6605	1
6606	0
6607	1
6608	1
6609	2
6610	1
6611	2
6612	2
6613	3
6614	2
6615	0
6616	2
6617	4
6618	0
6619	2
6620	2
6621	2
6622	0
6623	1
6624	3
6625	2
6626	3
6627	5
6628	3
6629	2
6630	2
6631	3
6632	3
6633	1
6634	4
6635	5
6636	2
6637	4
6638	3
6639	0
6640	1
6641	3
6642	4
6643	3
6644	0
6645	0
6646	4
6647	3
6648	2
6649	2
6650	2
6651	5
6652	3
6653	1
6654	4
6655	4
6656	2
6657	1
6658	3
6659	2
6660	1
6661	2
6662	0
6663	0
6664	0
6665	0
6666	1
6667	0
6668	0
6669	0
6670	2
6671	0
6672	0
6673	0
6674	1
6675	0
6676	0
6677	0
6678	1
6679	0
6680	1
6681	0
6682	0
6683	1
6684	0
6685	0
6686	3
6687	0
6688	0
6689	1
6690	0
6691	1
6692	0
6693	0
6694	0
6695	0
6696	0
6697	1
6698	0
6699	2
6700	1
6701	0
6702	0
6703	0
6704	1
6705	0
6706	0
6707	0
6708	0
6709	0
6710	0
6711	1
6712	0
6713	2
6714	0
6715	1
6716	0
6717	0
6718	1
6719	0
6720	0
6721	1
6722	0
6723	0
6724	0
6725	0
6726	0
6727	0
6728	1
6729	2
6730	1
6731	1
6732	0
6733	0
6734	0
6735	0
6736	1
6737	0
6738	2
6739	0
6740	1
6741	0
6742	0
6743	0
6744	1
6745	0
6746	0
6747	0
6748	0
6749	1
6750	0
6751	0
6752	0
6753	0
6754	1
6755	0
6756	2
6757	1
6758	0
6759	2
6760	1
6761	0
6762	0
6763	0
6764	1
6765	1
6766	0
6767	0
6768	0
6769	0
6770	0
6771	0
6772	1
6773	0
6774	0
6775	0
6776	0
6777	1
6778	2
6779	1
6780	0
6781	1
6782	0
6783	1
6784	0
6785	0
6786	1
6787	0
6788	1
6789	0
6790	0
6791	0
6792	1
6793	0
6794	0
6795	1
6796	1
6797	1
6798	0
6799	1
6800	1
6801	0
6802	0
6803	0
6804	2
6805	1
6806	1
6807	0
6808	1
6809	1
6810	3
6811	1
6812	1
6813	0
6814	0
6815	1
6816	0
6817	0
6818	0
6819	1
6820	0
6821	1
6822	0
6823	1
6824	0
6825	0
6826	0
6827	0
6828	0
6829	1
6830	0
6831	0
6832	0
6833	0
6834	1
6835	0
6836	0
6837	0
6838	0
6839	1
6840	0
6841	0
6842	0
6843	0
6844	1
6845	0
6846	0
6847	0
6848	0
6849	2
6850	0
6851	0
6852	0
6853	0
6854	0
6855	1
6856	0
6857	0
6858	1
6859	0
6860	0
6861	0
6862	0
6863	0
6864	0
6865	2
6866	0
6867	0
6868	0
6869	0
6870	0
6871	0
6872	1
6873	0
6874	0
6875	2
6876	1
6877	1
6878	0
6879	0
6880	1
6881	1
6882	2
6883	1
6884	0
6885	1
6886	0
6887	2
6888	0
6889	0
6890	0
6891	0
6892	0
6893	1
6894	1
6895	1
6896	0
6897	1
6898	0
6899	0
6900	1
6901	1
6902	0
6903	0
6904	0
6905	0
6906	0
6907	0
6908	0
6909	0
6910	0
6911	0
6912	0
6913	0
6914	0
6915	0
6916	0
6917	0
6918	0
6919	0
6920	0
6921	1
6922	2
6923	0
6924	1
6925	1
6926	0
6927	1
6928	1
6929	1
6930	2
6931	2
6932	1
6933	0
6934	1
6935	0
6936	2
6937	0
6938	3
6939	1
6940	0
6941	0
6942	0
6943	0
6944	1
6945	0
6946	0
6947	1
6948	0
6949	0
6950	0
6951	1
6952	0
6953	1
6954	0
6955	0
6956	0
6957	1
6958	0
6959	0
6960	0
6961	1
6962	0
6963	1
6964	0
6965	0
6966	0
6967	1
6968	1
6969	1
6970	0
6971	0
6972	1
6973	0
6974	1
6975	0
6976	0
6977	0
6978	0
6979	0
6980	0
6981	0
6982	0
6983	0
6984	0
6985	1
6986	0
6987	0
6988	0
6989	0
6990	0
6991	1
6992	0
6993	0
6994	0
6995	0
6996	0
6997	0
6998	0
6999	1
7000	1
7001	2
7002	1
7003	0
7004	0
7005	0
7006	0
7007	0
7008	0
7009	0
7010	0
7011	0
7012	0
7013	0
7014	1
7015	0
7016	1
7017	1
7018	0
7019	1
7020	0
7021	1
7022	1
7023	0
7024	0
7025	1
7026	0
7027	0
7028	0
7029	0
7030	0
7031	0
7032	1
7033	1
7034	0
7035	1
7036	0
7037	0
7038	0
7039	1
7040	0
7041	1
7042	0
7043	0
7044	0
7045	0
7046	0
7047	1
7048	0
7049	1
7050	0
7051	1
7052	1
7053	1
7054	0
7055	0
7056	1
7057	0
7058	1
7059	0
7060	1
7061	0
7062	0
7063	0
7064	0
7065	0
7066	1
7067	1
7068	0
7069	0
7070	1
7071	0
7072	0
7073	0
7074	1
7075	1
7076	0
7077	0
7078	0
7079	0
7080	2
7081	0
7082	2
7083	0
7084	1
7085	1
7086	0
7087	1
7088	2
7089	0
7090	0
7091	0
7092	0
7093	0
7094	0
7095	0
7096	0
7097	0
7098	1
7099	1
7100	0
7101	2
7102	0
7103	0
7104	0
7105	0
7106	0
7107	1
7108	0
7109	1
7110	0
7111	0
7112	0
7113	0
7114	0
7115	0
7116	0
7117	0
7118	0
7119	0
7120	0
7121	0
7122	1
7123	0
7124	0
7125	1
7126	1
7127	0
7128	0
7129	1
7130	0
7131	0
7132	2
7133	0
7134	0
7135	0
7136	0
7137	0
7138	0
7139	0
7140	2
7141	2
7142	1
7143	0
7144	1
7145	1
7146	0
7147	0
7148	1
7149	0
7150	1
7151	1
7152	0
7153	0
7154	0
7155	0
7156	1
7157	0
7158	0
7159	1
7160	1
7161	0
7162	1
7163	0
7164	1
7165	2
7166	0
7167	1
7168	1
7169	0
7170	0
7171	0
7172	0
7173	0
7174	1
7175	1
7176	0
7177	0
7178	0
7179	0
7180	0
7181	0
7182	0
7183	0
7184	0
7185	1
7186	1
7187	0
7188	0
7189	0
7190	0
7191	0
7192	1
7193	0
7194	1
7195	1
7196	0
7197	0
7198	0
7199	0
7200	0
7201	2
7202	0
7203	1
7204	0
7205	0
7206	1
7207	0
7208	0
7209	1
7210	1
7211	1
7212	0
7213	0
7214	0
7215	0
7216	0
7217	1
7218	1
7219	0
7220	1
7221	0
7222	0
7223	0
7224	0
7225	0
7226	0
7227	0
7228	0
7229	0
7230	1
7231	0
7232	0
7233	1
7234	0
7235	0
7236	0
7237	0
7238	0
7239	0
7240	1
7241	0
7242	1
7243	0
7244	1
7245	1
7246	0
7247	0
7248	0
7249	0
7250	0
7251	1
7252	0
7253	0
7254	1
7255	0
7256	2
7257	0
7258	0
7259	0
7260	0
7261	1
7262	1
7263	0
7264	0
7265	0
7266	0
7267	0
7268	0
7269	0
7270	0
7271	0
7272	0
7273	1
7274	0
7275	0
7276	0
7277	0
7278	0
7279	0
7280	0
7281	1
7282	1
7283	1
7284	0
7285	0
7286	1
7287	0
7288	1
7289	0
7290	0
7291	0
7292	3
7293	0
7294	0
7295	0
7296	1
7297	0
7298	0
7299	1
7300	0
7301	0
7302	0
7303	0
7304	0
7305	0
7306	0
7307	1
7308	2
7309	0
7310	0
7311	1
7312	1
7313	1
7314	0
7315	1
7316	1
7317	0
7318	0
7319	1
7320	0
7321	2
7322	0
7323	1
7324	1
7325	1
7326	0
7327	0
7328	0
7329	1
7330	1
7331	0
7332	0
7333	1
7334	1
7335	0
7336	0
7337	3
7338	1
7339	1
7340	0
7341	2
7342	5
7343	1
7344	6
7345	13
7346	14
7347	7
7348	9
7349	14
7350	20
7351	29
7352	15
7353	23
7354	18
7355	10
7356	16
7357	10
7358	3
7359	3
7360	2
7361	1
7362	2
7363	3
7364	0
7365	0
7366	1
7367	2
7368	1
7369	0
7370	1
7371	1
7372	1
7373	1
7374	1
7375	1
7376	0
7377	1
7378	0
7379	0
7380	1
7381	0
7382	0
7383	0
7384	0
7385	0
7386	1
7387	0
7388	1
7389	0
7390	0
7391	1
7392	0
7393	0
7394	0
7395	0
7396	0
7397	0
7398	0
7399	1
7400	0
7401	0
7402	0
7403	1
7404	0
7405	0
7406	0
7407	0
7408	1
7409	2
7410	0
7411	1
7412	0
7413	1
7414	0
7415	0
7416	1
7417	0
7418	1
7419	0
7420	0
7421	1
7422	0
7423	1
7424	0
7425	0
7426	0
7427	0
7428	0
7429	0
7430	0
7431	0
7432	0
7433	0
7434	0
7435	0
7436	0
7437	0
7438	0
7439	0
7440	0
7441	0
7442	0
7443	0
7444	0
7445	1
7446	2
7447	0
7448	0
7449	0
7450	0
7451	1
7452	0
7453	0
7454	0
7455	0
7456	1
7457	0
7458	0
7459	1
7460	0
7461	1
7462	0
7463	0
7464	0
7465	0
7466	0
7467	0
7468	0
7469	0
7470	0
7471	0
7472	0
7473	0
7474	0
7475	0
7476	1
7477	0
7478	0
7479	0
7480	0
7481	0
7482	1
7483	0
7484	0
7485	0
7486	0
7487	0
7488	0
7489	0
7490	0
7491	0
7492	0
7493	0
7494	1
7495	0
7496	0
7497	1
7498	0
7499	0
7500	0
7501	0
7502	0
7503	1
7504	1
7505	0
7506	0
7507	0
7508	2
7509	0
7510	0
7511	0
7512	0
7513	0
7514	0
7515	0
7516	1
7517	0
7518	0
7519	0
7520	0
7521	0
7522	0
7523	0
7524	0
7525	1
7526	0
7527	0
7528	1
7529	0
7530	0
7531	0
7532	0
7533	1
7534	0
7535	0
7536	1
7537	0
7538	2
7539	0
7540	0
7541	0
7542	0
7543	0
7544	0
7545	1
7546	0
7547	0
7548	0
7549	0
7550	0
7551	1
7552	1
7553	0
7554	0
7555	0
7556	0
7557	0
7558	0
7559	0
7560	0
7561	0
7562	0
7563	0
7564	0
7565	0
7566	0
7567	1
7568	0
7569	0
7570	0
7571	0
7572	0
7573	0
7574	1
7575	0
7576	0
7577	0
7578	0
7579	0
7580	0
7581	0
7582	0
7583	0
7584	0
7585	0
7586	1
7587	0
7588	0
7589	0
7590	0
7591	0
7592	0
7593	0
7594	0
7595	0
7596	0
7597	0
7598	1
7599	0
7600	1
7601	0
7602	1
7603	0
7604	0
7605	0
7606	0
7607	0
7608	0
7609	0
7610	0
7611	0
7612	0
7613	1
7614	0
7615	0
7616	0
7617	0
7618	0
7619	0
7620	1
7621	0
7622	0
7623	0
7624	0
7625	0
7626	0
7627	1
7628	0
7629	0
7630	0
7631	0
7632	0
7633	0
7634	0
7635	0
7636	0
7637	0
7638	0
7639	0
7640	0
7641	0
7642	0
7643	0
7644	0
7645	1
7646	0
7647	0
7648	1
7649	0
7650	1
7651	0
7652	0
7653	1
7654	1
7655	0
7656	1
7657	0
7658	1
7659	0
7660	0
7661	0
7662	1
7663	0
7664	2
7665	0
7666	0
7667	0
7668	0
7669	0
7670	1
7671	0
7672	0
7673	0
7674	0
7675	0
7676	0
7677	0
7678	0
7679	0
7680	0
7681	0
7682	1
7683	0
7684	2
7685	0
7686	0
7687	1
7688	0
7689	1
7690	0
7691	0
7692	0
7693	0
7694	2
7695	0
7696	1
7697	1
7698	0
7699	0
7700	1
7701	0
7702	0
7703	0
7704	0
7705	1
7706	0
7707	1
7708	0
7709	0
7710	0
7711	0
7712	0
7713	0
7714	1
7715	0
7716	0
7717	0
7718	0
7719	0
7720	0
7721	1
7722	1
7723	0
7724	0
7725	0
7726	1
7727	0
7728	1
7729	0
7730	0
7731	0
7732	1
7733	0
7734	0
7735	1
7736	0
7737	0
7738	0
7739	0
7740	1
7741	0
7742	0
7743	0
7744	0
7745	0
7746	1
7747	0
7748	0
7749	0
7750	2
7751	0
7752	0
7753	0
7754	0
7755	0
7756	0
7757	0
7758	1
7759	0
7760	0
7761	0
7762	0
7763	0
7764	0
7765	0
7766	0
7767	0
7768	1
7769	0
7770	0
7771	0
7772	0
7773	0
7774	0
7775	1
7776	0
7777	0
7778	0
7779	0
7780	0
7781	1
7782	0
7783	0
7784	1
7785	1
7786	0
7787	0
7788	0
7789	0
7790	0
7791	0
7792	0
7793	0
7794	0
7795	0
7796	0
7797	0
7798	0
7799	0
7800	1
7801	0
7802	0
7803	0
7804	0
7805	1
7806	0
7807	0
7808	0
7809	0
7810	0
7811	0
7812	0
7813	0
7814	0
7815	0
7816	0
7817	0
7818	0
7819	0
7820	0
7821	0
7822	0
7823	1
7824	1
7825	0
7826	0
7827	0
7828	0
7829	0
7830	0
7831	0
7832	0
7833	0
7834	0
7835	0
7836	0
7837	0
7838	0
7839	0
7840	1
7841	0
7842	1
7843	0
7844	0
7845	0
7846	0
7847	0
7848	0
7849	0
7850	0
7851	0
7852	0
7853	1
7854	0
7855	0
7856	0
7857	0
7858	0
7859	0
7860	0
7861	0
7862	0
7863	0
7864	0
7865	1
7866	2
7867	1
7868	0
7869	0
7870	0
7871	0
7872	0
7873	0
7874	0
7875	0
7876	0
7877	1
7878	0
7879	0
7880	1
7881	0
7882	0
7883	0
7884	0
7885	0
7886	0
7887	0
7888	0
7889	0
7890	0
7891	0
7892	0
7893	0
7894	0
7895	0
7896	0
7897	0
7898	0
7899	1
7900	0
7901	1
7902	0
7903	0
7904	0
7905	0
7906	0
7907	0
7908	0
7909	0
7910	0
7911	0
7912	0
7913	0
7914	0
7915	0
7916	0
7917	0
7918	0
7919	0
7920	0
7921	1
7922	0
7923	0
7924	0
7925	0
7926	0
7927	1
7928	0
7929	0
7930	1
7931	0
7932	0
7933	0
7934	0
7935	0
7936	1
7937	0
7938	0
7939	0
7940	0
7941	0
7942	0
7943	0
7944	0
7945	0
7946	0
7947	0
7948	0
7949	1
7950	1
7951	0
7952	0
7953	0
7954	0
7955	0
7956	0
7957	0
7958	0
7959	0
7960	0
7961	0
7962	1
7963	1
7964	0
7965	0
7966	0
7967	1
7968	0
7969	0
7970	0
7971	0
7972	0
7973	0
7974	0
7975	0
7976	0
7977	0
7978	0
7979	0
7980	0
7981	0
7982	0
7983	0
7984	0
7985	0
7986	0
7987	0
7988	0
7989	0
7990	0
7991	0
7992	0
7993	0
7994	0
7995	1
7996	0
7997	0
7998	0
7999	0
8000	0
8001	0
8002	0
8003	0
8004	1
8005	0
8006	0
8007	1
8008	0
8009	0
8010	0
8011	1
8012	1
8013	0
8014	1
8015	0
8016	0
8017	1
8018	0
8019	0
8020	0
8021	0
8022	1
8023	0
8024	1
8025	0
8026	0
8027	0
8028	0
8029	0
8030	0
8031	0
8032	1
8033	0
8034	1
8035	0
8036	2
8037	0
8038	0
8039	0
8040	1
8041	0
8042	0
8043	0
8044	0
8045	0
8046	0
8047	1
8048	0
8049	0
8050	0
8051	0
8052	0
8053	0
8054	1
8055	0
8056	0
8057	0
8058	0
8059	0
8060	0
8061	0
8062	0
8063	0
8064	0
8065	0
8066	0
8067	1
8068	0
8069	0
8070	0
8071	1
8072	0
8073	1
8074	0
8075	0
8076	0
8077	0
8078	0
8079	0
8080	0
8081	0
8082	0
8083	0
8084	0
8085	1
8086	0
8087	0
8088	0
8089	0
8090	0
8091	0
8092	0
8093	0
8094	0
8095	0
8096	2
8097	0
8098	0
8099	0
8100	0
8101	0
8102	0
8103	1
8104	0
8105	0
8106	0
8107	0
8108	0
8109	0
8110	0
8111	0
8112	0
8113	0
8114	0
8115	0
8116	0
8117	0
8118	1
8119	0
8120	1
8121	0
8122	0
8123	0
8124	0
8125	0
8126	1
8127	1
8128	0
8129	0
8130	0
8131	0
8132	0
8133	1
8134	0
8135	2
8136	1
8137	0
8138	0
8139	0
8140	0
8141	0
8142	0
8143	0
8144	0
8145	0
8146	0
8147	0
8148	0
8149	0
8150	1
8151	0
8152	0
8153	0
8154	0
8155	1
8156	0
8157	1
8158	1
8159	0
8160	0
8161	1
8162	0
8163	1
8164	0
8165	0
8166	0
8167	0
8168	0
8169	0
8170	0
8171	0
8172	0
8173	0
8174	0
8175	0
8176	0
8177	0
8178	0
8179	0
8180	0
8181	0
8182	0
8183	0
8184	0
8185	0
8186	0
8187	0
8188	0
8189	0
8190	0
8191	0
