0	98
1	5
2	5
3	5
4	8
5	18
6	12
7	3
8	13
9	14
10	15
11	4
12	15
13	11
14	13
15	17
16	19
17	13
18	22
19	17
20	22
21	13
22	18
23	19
24	16
25	26
26	21
27	30
28	15
29	26
30	28
31	31
32	22
33	26
34	30
35	35
36	22
37	23
38	24
39	26
40	31
41	31
42	25
43	33
44	37
45	40
46	35
47	33
48	35
49	54
50	92
51	345
52	1004
53	2602
54	5502
55	8824
56	9375
57	9178
58	8879
59	8262
60	8157
61	7754
62	7426
63	7226
64	6855
65	6778
66	6651
67	6665
68	6487
69	6361
70	6361
71	6174
72	6302
73	6241
74	6338
75	6308
76	6135
77	6227
78	6167
79	6205
80	6153
81	6234
82	6145
83	6245
84	6157
85	6245
86	6287
87	6158
88	6352
89	6217
90	6193
91	6191
92	6258
93	6274
94	6231
95	6301
96	6378
97	6453
98	6436
99	6343
100	6226
101	6317
102	6359
103	6493
104	6375
105	6284
106	6419
107	6490
108	6328
109	6438
110	6488
111	6313
112	6423
113	6461
114	6583
115	6574
116	6704
117	6583
118	6688
119	6688
120	6731
121	6562
122	6653
123	6590
124	6745
125	6836
126	6810
127	6786
128	6828
129	7072
130	6982
131	6813
132	7012
133	6799
134	6879
135	7075
136	6893
137	6938
138	7019
139	7075
140	7076
141	7080
142	7247
143	7138
144	7225
145	7278
146	7290
147	7314
148	7294
149	7546
150	7455
151	7729
152	7964
153	7927
154	8006
155	8071
156	8162
157	8304
158	8445
159	8470
160	8797
161	8760
162	9036
163	9233
164	9461
165	9555
166	9870
167	9832
168	10049
169	10412
170	10467
171	10914
172	11067
173	11089
174	11204
175	11483
176	11659
177	11765
178	11931
179	11997
180	12300
181	12427
182	12519
183	12770
184	12792
185	12907
186	13260
187	13337
188	13176
189	13362
190	13478
191	13268
192	13572
193	13517
194	13398
195	13279
196	13497
197	13215
198	13210
199	13183
200	13216
201	12822
202	12777
203	12829
204	12615
205	12780
206	12208
207	12419
208	12230
209	12086
210	11898
211	11732
212	11540
213	11283
214	11336
215	11055
216	10807
217	10801
218	10687
219	10512
220	10530
221	10320
222	10396
223	10161
224	9818
225	9949
226	9477
227	9444
228	9377
229	9261
230	9172
231	9155
232	8831
233	8923
234	8911
235	8842
236	8779
237	8590
238	8455
239	8468
240	8452
241	8434
242	8377
243	8211
244	8277
245	8182
246	8150
247	7929
248	8078
249	7869
250	7921
251	8033
252	7776
253	7681
254	7878
255	7664
256	7761
257	7564
258	7744
259	7703
260	7509
261	7643
262	7527
263	7555
264	7618
265	7451
266	7361
267	7527
268	7432
269	7421
270	7460
271	7406
272	7507
273	7309
274	7467
275	7496
276	7455
277	7571
278	7429
279	7423
280	7402
281	7584
282	7570
283	7500
284	7481
285	7621
286	7528
287	7550
288	7592
289	7638
290	7594
291	7695
292	7677
293	7591
294	7786
295	7593
296	7754
297	7711
298	7788
299	7733
300	8012
301	7840
302	7845
303	7932
304	8084
305	8043
306	8029
307	8274
308	8422
309	8203
310	8461
311	8510
312	8405
313	8550
314	8558
315	8699
316	8840
317	8943
318	8946
319	9112
320	9168
321	9152
322	9371
323	9524
324	9436
325	9579
326	9679
327	9821
328	9755
329	9710
330	9945
331	10074
332	9979
333	10209
334	10034
335	10065
336	10124
337	10267
338	10482
339	10413
340	10417
341	10444
342	10539
343	10351
344	10548
345	10513
346	10659
347	10403
348	10493
349	10676
350	10793
351	10631
352	10682
353	10796
354	10520
355	10701
356	10663
357	10432
358	10467
359	10631
360	10574
361	10531
362	10493
363	10101
364	10390
365	10341
366	10293
367	10290
368	10262
369	10325
370	10229
371	10078
372	10221
373	10249
374	10081
375	10111
376	9899
377	10057
378	10016
379	9735
380	9972
381	9801
382	9634
383	9647
384	9698
385	9707
386	9892
387	9610
388	9571
389	9528
390	9591
391	9606
392	9576
393	9546
394	9487
395	9435
396	9295
397	9277
398	9227
399	9290
400	9229
401	8953
402	9126
403	9209
404	9113
405	9181
406	9029
407	8878
408	8949
409	8928
410	8852
411	8859
412	8888
413	8797
414	8782
415	8871
416	8699
417	8903
418	8660
419	8597
420	8549
421	8660
422	8649
423	8610
424	8624
425	8609
426	8454
427	8537
428	8507
429	8521
430	8606
431	8412
432	8192
433	8301
434	8195
435	8185
436	8220
437	8218
438	8353
439	8162
440	8346
441	8100
442	8197
443	8160
444	8147
445	7992
446	8181
447	7950
448	8083
449	8187
450	8145
451	8037
452	7973
453	7916
454	7872
455	7860
456	7919
457	7887
458	7970
459	7896
460	7792
461	7726
462	7745
463	7715
464	7688
465	7792
466	7786
467	7622
468	7627
469	7778
470	7747
471	7542
472	7651
473	7730
474	7622
475	7533
476	7333
477	7458
478	7404
479	7492
480	7511
481	7345
482	7457
483	7379
484	7500
485	7353
486	7280
487	7342
488	7324
489	7290
490	7299
491	7152
492	7397
493	7312
494	7215
495	7311
496	7336
497	7358
498	7213
499	7121
500	7087
501	7284
502	7145
503	7059
504	7117
505	7149
506	6975
507	7162
508	7010
509	7042
510	6895
511	6987
512	7130
513	6974
514	7031
515	7016
516	6893
517	6880
518	6944
519	7029
520	6870
521	6924
522	7023
523	6888
524	6866
525	6925
526	6775
527	6803
528	6898
529	6816
530	6788
531	6822
532	6930
533	6873
534	6891
535	6696
536	6847
537	6773
538	6614
539	6869
540	6686
541	6762
542	6632
543	6776
544	6570
545	6795
546	6670
547	6431
548	6575
549	6776
550	6618
551	6574
552	6507
553	6502
554	6701
555	6667
556	6490
557	6566
558	6578
559	6675
560	6563
561	6443
562	6477
563	6368
564	6567
565	6467
566	6427
567	6430
568	6453
569	6470
570	6382
571	6404
572	6581
573	6404
574	6395
575	6413
576	6454
577	6517
578	6326
579	6476
580	6352
581	6355
582	6385
583	6468
584	6357
585	6276
586	6333
587	6300
588	6355
589	6328
590	6210
591	6310
592	6404
593	6262
594	6259
595	6289
596	6262
597	6251
598	6467
599	6306
600	6219
601	6402
602	6167
603	6287
604	6334
605	6089
606	6312
607	6264
608	6320
609	6306
610	6265
611	6415
612	6295
613	6102
614	6076
615	6230
616	6229
617	6178
618	6132
619	6118
620	6202
621	6249
622	6203
623	6116
624	6306
625	6315
626	6342
627	6138
628	6219
629	6220
630	6074
631	6124
632	6181
633	6226
634	6109
635	6086
636	6176
637	6208
638	6046
639	6139
640	6077
641	6158
642	6145
643	6184
644	6124
645	6093
646	6143
647	6240
648	6063
649	6165
650	6212
651	6316
652	6308
653	6208
654	6230
655	6045
656	6027
657	6145
658	6081
659	6114
660	6169
661	6015
662	5964
663	6143
664	6112
665	6096
666	6095
667	5985
668	6126
669	6058
670	6051
671	6127
672	6087
673	6077
674	6138
675	6061
676	6022
677	6198
678	6143
679	6028
680	6103
681	6153
682	6159
683	6146
684	6035
685	6084
686	6049
687	6050
688	6055
689	5999
690	6156
691	6130
692	6087
693	6102
694	6179
695	5972
696	6010
697	6154
698	6035
699	6106
700	6096
701	6142
702	6129
703	6047
704	6151
705	6102
706	6063
707	6073
708	6076
709	6215
710	6184
711	6014
712	6124
713	6010
714	6059
715	6161
716	5999
717	6233
718	6093
719	6176
720	6160
721	6203
722	6248
723	6040
724	6194
725	6078
726	6135
727	6161
728	6077
729	6197
730	6231
731	6091
732	6145
733	6181
734	6165
735	6218
736	6158
737	6030
738	6128
739	6153
740	6218
741	6203
742	6335
743	6233
744	6047
745	6241
746	6315
747	6169
748	6317
749	6373
750	6197
751	6164
752	6329
753	6250
754	6279
755	6302
756	6225
757	6306
758	6349
759	6304
760	6335
761	6234
762	6355
763	6250
764	6163
765	6328
766	6319
767	6158
768	6252
769	6297
770	6495
771	6221
772	6236
773	6271
774	6210
775	6380
776	6268
777	6355
778	6255
779	6264
780	6385
781	6294
782	6208
783	6244
784	6273
785	6283
786	6325
787	6311
788	6285
789	6323
790	6350
791	6152
792	6231
793	6232
794	6243
795	6173
796	6129
797	6096
798	6210
799	6212
800	6107
801	6319
802	6088
803	6007
804	6071
805	6039
806	5877
807	6138
808	6122
809	6048
810	6001
811	5910
812	5964
813	5990
814	5901
815	5855
816	5757
817	5799
818	5691
819	5751
820	5671
821	5773
822	5705
823	5575
824	5677
825	5446
826	5429
827	5374
828	5488
829	5398
830	5385
831	5387
832	5395
833	5302
834	5202
835	5276
836	5172
837	5148
838	5125
839	5048
840	4953
841	5018
842	4855
843	4934
844	4880
845	4963
846	4834
847	4747
848	4748
849	4836
850	4675
851	4659
852	4505
853	4535
854	4471
855	4595
856	4470
857	4353
858	4333
859	4343
860	4284
861	4453
862	4275
863	4257
864	4205
865	4189
866	4144
867	4105
868	4109
869	3987
870	4133
871	4028
872	3909
873	3982
874	4053
875	3882
876	3802
877	3793
878	3748
879	3839
880	3745
881	3781
882	3720
883	3760
884	3677
885	3629
886	3616
887	3555
888	3635
889	3635
890	3609
891	3532
892	3547
893	3472
894	3481
895	3464
896	3484
897	3383
898	3391
899	3428
900	3337
901	3242
902	3428
903	3349
904	3332
905	3372
906	3269
907	3358
908	3362
909	3183
910	3367
911	3251
912	3226
913	3238
914	3085
915	3149
916	3322
917	3243
918	3202
919	3254
920	3065
921	3125
922	3044
923	3121
924	3159
925	3146
926	3112
927	3084
928	3045
929	3059
930	3035
931	3048
932	3084
933	3064
934	3051
935	2969
936	2941
937	3045
938	2971
939	2931
940	2916
941	2969
942	2959
943	2974
944	3003
945	2993
946	3011
947	2910
948	2954
949	2813
950	2923
951	2855
952	2866
953	2844
954	2781
955	2884
956	2890
957	2909
958	2806
959	2807
960	2953
961	2828
962	2849
963	2837
964	2891
965	2853
966	2792
967	2798
968	2867
969	2762
970	2803
971	2709
972	2832
973	2822
974	2722
975	2680
976	2846
977	2803
978	2743
979	2717
980	2768
981	2703
982	2730
983	2704
984	2638
985	2734
986	2604
987	2664
988	2728
989	2659
990	2656
991	2741
992	2697
993	2648
994	2746
995	2690
996	2754
997	2614
998	2710
999	2646
1000	2702
1001	2677
1002	2692
1003	2675
1004	2622
1005	2632
1006	2762
1007	2655
1008	2779
1009	2720
1010	2704
1011	2615
1012	2646
1013	2653
1014	2636
1015	2619
1016	2661
1017	2642
1018	2720
1019	2667
1020	2616
1021	2557
1022	2649
1023	2697
1024	2650
1025	2700
1026	2683
1027	2703
1028	2688
1029	2614
1030	2684
1031	2624
1032	2702
1033	2692
1034	2668
1035	2576
1036	2587
1037	2698
1038	2707
1039	2656
1040	2775
1041	2678
1042	2716
1043	2772
1044	2728
1045	2809
1046	2718
1047	2669
1048	2789
1049	2807
1050	2746
1051	2719
1052	2684
1053	2807
1054	2826
1055	2878
1056	2771
1057	2809
1058	2814
1059	2770
1060	2844
1061	2763
1062	2952
1063	2950
1064	2918
1065	2986
1066	2978
1067	3030
1068	3059
1069	3044
1070	3095
1071	3138
1072	3121
1073	3225
1074	3283
1075	3384
1076	3256
1077	3496
1078	3345
1079	3484
1080	3564
1081	3669
1082	3724
1083	3687
1084	3715
1085	3878
1086	3981
1087	4079
1088	4132
1089	4324
1090	4347
1091	4412
1092	4518
1093	4493
1094	4757
1095	4909
1096	5086
1097	5050
1098	5315
1099	5424
1100	5648
1101	5621
1102	5879
1103	6062
1104	6272
1105	6476
1106	6532
1107	6909
1108	7224
1109	7237
1110	7577
1111	7615
1112	7971
1113	8358
1114	8264
1115	8679
1116	9077
1117	9092
1118	9447
1119	10026
1120	10173
1121	10450
1122	10870
1123	11198
1124	11592
1125	11884
1126	12324
1127	12682
1128	13141
1129	13584
1130	13810
1131	14462
1132	14744
1133	15348
1134	15689
1135	15951
1136	16511
1137	16890
1138	17642
1139	17983
1140	18081
1141	19048
1142	19375
1143	19815
1144	20440
1145	21007
1146	21423
1147	22131
1148	22562
1149	23014
1150	23742
1151	24150
1152	24707
1153	25296
1154	25409
1155	26526
1156	26827
1157	27226
1158	27685
1159	27974
1160	28811
1161	29199
1162	29491
1163	30179
1164	30574
1165	31328
1166	31137
1167	32147
1168	32589
1169	32565
1170	33323
1171	33836
1172	34018
1173	34308
1174	34552
1175	35214
1176	35599
1177	35797
1178	36150
1179	36539
1180	36425
1181	36570
1182	36962
1183	37253
1184	37107
1185	37234
1186	37295
1187	37473
1188	37559
1189	37860
1190	37508
1191	37490
1192	37665
1193	37875
1194	37856
1195	37702
1196	37409
1197	37178
1198	37180
1199	36890
1200	36507
1201	36878
1202	36565
1203	36113
1204	35813
1205	36021
1206	35328
1207	34831
1208	34592
1209	34259
1210	34037
1211	33322
1212	33302
1213	32900
1214	32439
1215	31721
1216	31207
1217	31174
1218	30852
1219	29962
1220	29793
1221	29269
1222	28748
1223	28162
1224	27812
1225	27287
1226	26732
1227	26172
1228	25687
1229	25203
1230	24675
1231	23999
1232	23568
1233	23020
1234	22742
1235	21857
1236	21379
1237	20965
1238	20467
1239	20190
1240	19448
1241	19036
1242	18649
1243	18080
1244	17330
1245	16986
1246	16802
1247	16208
1248	15660
1249	15515
1250	14819
1251	14383
1252	14221
1253	13750
1254	13339
1255	12945
1256	12657
1257	12272
1258	12018
1259	11655
1260	11071
1261	10941
1262	10488
1263	10409
1264	9854
1265	9587
1266	9254
1267	9005
1268	8857
1269	8592
1270	8360
1271	8022
1272	7996
1273	7606
1274	7429
1275	7109
1276	7046
1277	7033
1278	6795
1279	6577
1280	6337
1281	6111
1282	6014
1283	5978
1284	5971
1285	5499
1286	5515
1287	5430
1288	5306
1289	5207
1290	5079
1291	5064
1292	4977
1293	4869
1294	4726
1295	4603
1296	4689
1297	4402
1298	4471
1299	4435
1300	4271
1301	4268
1302	4109
1303	4129
1304	4061
1305	4030
1306	3922
1307	3988
1308	3812
1309	3784
1310	3842
1311	3871
1312	3776
1313	3710
1314	3663
1315	3574
1316	3670
1317	3608
1318	3516
1319	3605
1320	3456
1321	3522
1322	3461
1323	3445
1324	3424
1325	3592
1326	3380
1327	3442
1328	3170
1329	3355
1330	3317
1331	3386
1332	3301
1333	3246
1334	3260
1335	3212
1336	3179
1337	3152
1338	3227
1339	3174
1340	3253
1341	3197
1342	3165
1343	3191
1344	3319
1345	3223
1346	3187
1347	3146
1348	3157
1349	3125
1350	3084
1351	3229
1352	3047
1353	2910
1354	3135
1355	3102
1356	3020
1357	3042
1358	3082
1359	2966
1360	3037
1361	2998
1362	2960
1363	3072
1364	2904
1365	2942
1366	2962
1367	2982
1368	2987
1369	2893
1370	2791
1371	2868
1372	2927
1373	2934
1374	2969
1375	2826
1376	2910
1377	2991
1378	2943
1379	2943
1380	2901
1381	2876
1382	2806
1383	2878
1384	2718
1385	2803
1386	2770
1387	2817
1388	2850
1389	2784
1390	2807
1391	2739
1392	2814
1393	2724
1394	2735
1395	2699
1396	2699
1397	2597
1398	2813
1399	2661
1400	2784
1401	2703
1402	2572
1403	2686
1404	2720
1405	2625
1406	2706
1407	2653
1408	2709
1409	2671
1410	2737
1411	2798
1412	2645
1413	2633
1414	2562
1415	2651
1416	2609
1417	2585
1418	2647
1419	2665
1420	2566
1421	2631
1422	2629
1423	2545
1424	2507
1425	2558
1426	2514
1427	2611
1428	2624
1429	2479
1430	2507
1431	2578
1432	2503
1433	2471
1434	2546
1435	2552
1436	2471
1437	2458
1438	2498
1439	2445
1440	2522
1441	2513
1442	2534
1443	2485
1444	2468
1445	2467
1446	2475
1447	2380
1448	2437
1449	2474
1450	2473
1451	2519
1452	2439
1453	2528
1454	2390
1455	2385
1456	2471
1457	2375
1458	2503
1459	2326
1460	2431
1461	2400
1462	2368
1463	2402
1464	2446
1465	2479
1466	2400
1467	2357
1468	2381
1469	2407
1470	2291
1471	2304
1472	2358
1473	2343
1474	2422
1475	2394
1476	2313
1477	2337
1478	2402
1479	2324
1480	2375
1481	2382
1482	2332
1483	2268
1484	2289
1485	2342
1486	2382
1487	2213
1488	2292
1489	2295
1490	2321
1491	2257
1492	2278
1493	2364
1494	2375
1495	2270
1496	2310
1497	2279
1498	2298
1499	2247
1500	2207
1501	2257
1502	2272
1503	2295
1504	2260
1505	2162
1506	2367
1507	2310
1508	2283
1509	2218
1510	2276
1511	2264
1512	2173
1513	2255
1514	2249
1515	2247
1516	2191
1517	2235
1518	2235
1519	2266
1520	2136
1521	2208
1522	2155
1523	2204
1524	2243
1525	2214
1526	2244
1527	2279
1528	2130
1529	2226
1530	2120
1531	2142
1532	2263
1533	2193
1534	2196
1535	2236
1536	2213
1537	2309
1538	2197
1539	2122
1540	2194
1541	2182
1542	2133
1543	2137
1544	2016
1545	2170
1546	2205
1547	2156
1548	2163
1549	2169
1550	2081
1551	2056
1552	2086
1553	2140
1554	2171
1555	2030
1556	2163
1557	2099
1558	2035
1559	2080
1560	2022
1561	2032
1562	2081
1563	2127
1564	2152
1565	2142
1566	2118
1567	2144
1568	2001
1569	2081
1570	2072
1571	2099
1572	2159
1573	2085
1574	2027
1575	2078
1576	1992
1577	2077
1578	2046
1579	2078
1580	2037
1581	2130
1582	2119
1583	2009
1584	2054
1585	2035
1586	1979
1587	2055
1588	2088
1589	1940
1590	1971
1591	2057
1592	1999
1593	2040
1594	1948
1595	2046
1596	2050
1597	1986
1598	2026
1599	2019
1600	2053
1601	2002
1602	2021
1603	2045
1604	1982
1605	2025
1606	1905
1607	1963
1608	2039
1609	1967
1610	1933
1611	1952
1612	2001
1613	2038
1614	1984
1615	1912
1616	1940
1617	1988
1618	1969
1619	2000
1620	1921
1621	1969
1622	2057
1623	1974
1624	1900
1625	1958
1626	2002
1627	1988
1628	1994
1629	1953
1630	1956
1631	1985
1632	1935
1633	1877
1634	1926
1635	1839
1636	1892
1637	2002
1638	1929
1639	1872
1640	1859
1641	1925
1642	1940
1643	1888
1644	1996
1645	1974
1646	1915
1647	1868
1648	1982
1649	1905
1650	1861
1651	1905
1652	1866
1653	1927
1654	1931
1655	1870
1656	1948
1657	1858
1658	1895
1659	1938
1660	1841
1661	1918
1662	1909
1663	1896
1664	1838
1665	1811
1666	1861
1667	1922
1668	1839
1669	1820
1670	1967
1671	1863
1672	1780
1673	1801
1674	1889
1675	1863
1676	1791
1677	1837
1678	1773
1679	1897
1680	1855
1681	1792
1682	1847
1683	1935
1684	1820
1685	1842
1686	1883
1687	1746
1688	1814
1689	1776
1690	1834
1691	1864
1692	1776
1693	1859
1694	1822
1695	1768
1696	1807
1697	1821
1698	1743
1699	1845
1700	1824
1701	1790
1702	1777
1703	1716
1704	1818
1705	1810
1706	1826
1707	1853
1708	1860
1709	1827
1710	1811
1711	1813
1712	1822
1713	1768
1714	1728
1715	1715
1716	1768
1717	1714
1718	1816
1719	1770
1720	1728
1721	1796
1722	1800
1723	1772
1724	1779
1725	1696
1726	1756
1727	1773
1728	1754
1729	1676
1730	1807
1731	1790
1732	1766
1733	1792
1734	1753
1735	1747
1736	1785
1737	1748
1738	1768
1739	1769
1740	1801
1741	1744
1742	1729
1743	1762
1744	1703
1745	1655
1746	1731
1747	1757
1748	1740
1749	1732
1750	1734
1751	1754
1752	1706
1753	1709
1754	1748
1755	1650
1756	1759
1757	1728
1758	1798
1759	1750
1760	1710
1761	1708
1762	1762
1763	1769
1764	1779
1765	1765
1766	1787
1767	1670
1768	1680
1769	1741
1770	1730
1771	1650
1772	1721
1773	1714
1774	1721
1775	1690
1776	1755
1777	1754
1778	1654
1779	1673
1780	1635
1781	1687
1782	1719
1783	1736
1784	1627
1785	1741
1786	1757
1787	1701
1788	1640
1789	1722
1790	1741
1791	1722
1792	1657
1793	1796
1794	1748
1795	1703
1796	1747
1797	1646
1798	1736
1799	1709
1800	1660
1801	1731
1802	1645
1803	1605
1804	1661
1805	1688
1806	1688
1807	1535
1808	1647
1809	1644
1810	1629
1811	1643
1812	1703
1813	1655
1814	1630
1815	1662
1816	1673
1817	1657
1818	1654
1819	1583
1820	1685
1821	1644
1822	1701
1823	1652
1824	1695
1825	1648
1826	1628
1827	1572
1828	1701
1829	1615
1830	1550
1831	1604
1832	1636
1833	1639
1834	1696
1835	1693
1836	1623
1837	1593
1838	1640
1839	1697
1840	1601
1841	1701
1842	1659
1843	1628
1844	1671
1845	1646
1846	1693
1847	1680
1848	1656
1849	1617
1850	1654
1851	1634
1852	1594
1853	1642
1854	1536
1855	1717
1856	1669
1857	1533
1858	1656
1859	1595
1860	1559
1861	1640
1862	1557
1863	1664
1864	1524
1865	1570
1866	1568
1867	1651
1868	1676
1869	1549
1870	1689
1871	1584
1872	1592
1873	1574
1874	1538
1875	1639
1876	1591
1877	1630
1878	1620
1879	1623
1880	1613
1881	1591
1882	1607
1883	1672
1884	1507
1885	1545
1886	1538
1887	1526
1888	1519
1889	1575
1890	1535
1891	1622
1892	1639
1893	1545
1894	1582
1895	1582
1896	1593
1897	1606
1898	1551
1899	1573
1900	1569
1901	1502
1902	1632
1903	1565
1904	1572
1905	1608
1906	1573
1907	1605
1908	1544
1909	1571
1910	1509
1911	1539
1912	1543
1913	1594
1914	1565
1915	1583
1916	1562
1917	1546
1918	1498
1919	1582
1920	1594
1921	1541
1922	1535
1923	1461
1924	1538
1925	1498
1926	1509
1927	1615
1928	1578
1929	1562
1930	1566
1931	1609
1932	1494
1933	1449
1934	1575
1935	1525
1936	1506
1937	1572
1938	1547
1939	1571
1940	1519
1941	1581
1942	1539
1943	1534
1944	1538
1945	1490
1946	1565
1947	1610
1948	1533
1949	1537
1950	1546
1951	1510
1952	1524
1953	1490
1954	1534
1955	1493
1956	1626
1957	1543
1958	1439
1959	1470
1960	1561
1961	1556
1962	1493
1963	1536
1964	1552
1965	1535
1966	1525
1967	1535
1968	1524
1969	1498
1970	1498
1971	1578
1972	1545
1973	1548
1974	1580
1975	1504
1976	1470
1977	1575
1978	1513
1979	1477
1980	1475
1981	1427
1982	1548
1983	1526
1984	1482
1985	1557
1986	1505
1987	1498
1988	1465
1989	1563
1990	1461
1991	1570
1992	1526
1993	1442
1994	1510
1995	1538
1996	1420
1997	1490
1998	1550
1999	1509
2000	1446
2001	1469
2002	1473
2003	1475
2004	1565
2005	1445
2006	1537
2007	1493
2008	1568
2009	1494
2010	1533
2011	1420
2012	1545
2013	1527
2014	1462
2015	1484
2016	1460
2017	1466
2018	1490
2019	1512
2020	1431
2021	1461
2022	1554
2023	1490
2024	1454
2025	1484
2026	1484
2027	1475
2028	1496
2029	1514
2030	1543
2031	1489
2032	1379
2033	1473
2034	1460
2035	1494
2036	1535
2037	1446
2038	1465
2039	1456
2040	1481
2041	1497
2042	1465
2043	1503
2044	1548
2045	1461
2046	1401
2047	1458
2048	1482
2049	1528
2050	1448
2051	1441
2052	1548
2053	1463
2054	1490
2055	1462
2056	1428
2057	1459
2058	1439
2059	1480
2060	1454
2061	1472
2062	1397
2063	1504
2064	1432
2065	1400
2066	1421
2067	1486
2068	1474
2069	1431
2070	1445
2071	1500
2072	1422
2073	1471
2074	1406
2075	1412
2076	1485
2077	1470
2078	1517
2079	1447
2080	1409
2081	1412
2082	1488
2083	1475
2084	1475
2085	1430
2086	1468
2087	1422
2088	1458
2089	1417
2090	1392
2091	1492
2092	1499
2093	1466
2094	1415
2095	1429
2096	1440
2097	1399
2098	1426
2099	1386
2100	1416
2101	1467
2102	1347
2103	1454
2104	1421
2105	1396
2106	1448
2107	1513
2108	1435
2109	1428
2110	1420
2111	1492
2112	1426
2113	1459
2114	1441
2115	1420
2116	1429
2117	1392
2118	1433
2119	1404
2120	1410
2121	1431
2122	1431
2123	1451
2124	1404
2125	1425
2126	1369
2127	1479
2128	1469
2129	1443
2130	1466
2131	1432
2132	1452
2133	1426
2134	1397
2135	1444
2136	1473
2137	1461
2138	1472
2139	1441
2140	1434
2141	1415
2142	1453
2143	1461
2144	1496
2145	1371
2146	1428
2147	1367
2148	1425
2149	1426
2150	1396
2151	1418
2152	1421
2153	1349
2154	1476
2155	1398
2156	1365
2157	1525
2158	1401
2159	1422
2160	1442
2161	1431
2162	1431
2163	1357
2164	1392
2165	1460
2166	1463
2167	1426
2168	1439
2169	1361
2170	1409
2171	1528
2172	1458
2173	1383
2174	1444
2175	1469
2176	1367
2177	1404
2178	1394
2179	1378
2180	1431
2181	1412
2182	1422
2183	1426
2184	1399
2185	1404
2186	1453
2187	1402
2188	1415
2189	1447
2190	1428
2191	1409
2192	1451
2193	1395
2194	1479
2195	1359
2196	1456
2197	1404
2198	1410
2199	1371
2200	1441
2201	1334
2202	1504
2203	1372
2204	1391
2205	1346
2206	1376
2207	1388
2208	1395
2209	1414
2210	1434
2211	1347
2212	1381
2213	1466
2214	1359
2215	1384
2216	1405
2217	1434
2218	1402
2219	1431
2220	1429
2221	1385
2222	1337
2223	1415
2224	1490
2225	1406
2226	1512
2227	1409
2228	1362
2229	1434
2230	1449
2231	1366
2232	1360
2233	1386
2234	1401
2235	1390
2236	1425
2237	1413
2238	1471
2239	1448
2240	1408
2241	1396
2242	1380
2243	1460
2244	1461
2245	1391
2246	1386
2247	1402
2248	1329
2249	1365
2250	1417
2251	1459
2252	1432
2253	1399
2254	1449
2255	1327
2256	1372
2257	1370
2258	1372
2259	1454
2260	1406
2261	1387
2262	1391
2263	1382
2264	1399
2265	1322
2266	1428
2267	1351
2268	1396
2269	1332
2270	1385
2271	1393
2272	1409
2273	1448
2274	1441
2275	1400
2276	1406
2277	1480
2278	1415
2279	1371
2280	1434
2281	1422
2282	1439
2283	1347
2284	1323
2285	1348
2286	1367
2287	1390
2288	1399
2289	1426
2290	1398
2291	1452
2292	1359
2293	1419
2294	1459
2295	1389
2296	1417
2297	1383
2298	1365
2299	1435
2300	1420
2301	1362
2302	1426
2303	1435
2304	1445
2305	1394
2306	1407
2307	1354
2308	1405
2309	1487
2310	1388
2311	1410
2312	1425
2313	1380
2314	1429
2315	1427
2316	1380
2317	1434
2318	1427
2319	1392
2320	1374
2321	1362
2322	1402
2323	1402
2324	1499
2325	1399
2326	1393
2327	1361
2328	1416
2329	1390
2330	1467
2331	1445
2332	1458
2333	1450
2334	1440
2335	1418
2336	1434
2337	1402
2338	1453
2339	1426
2340	1378
2341	1411
2342	1373
2343	1438
2344	1368
2345	1349
2346	1371
2347	1364
2348	1478
2349	1381
2350	1406
2351	1439
2352	1503
2353	1369
2354	1440
2355	1386
2356	1366
2357	1410
2358	1398
2359	1413
2360	1475
2361	1449
2362	1438
2363	1499
2364	1340
2365	1443
2366	1367
2367	1439
2368	1434
2369	1422
2370	1509
2371	1497
2372	1416
2373	1382
2374	1434
2375	1410
2376	1434
2377	1397
2378	1412
2379	1478
2380	1381
2381	1375
2382	1432
2383	1363
2384	1417
2385	1441
2386	1454
2387	1431
2388	1424
2389	1358
2390	1349
2391	1396
2392	1343
2393	1446
2394	1404
2395	1395
2396	1346
2397	1352
2398	1435
2399	1404
2400	1376
2401	1371
2402	1414
2403	1360
2404	1412
2405	1329
2406	1427
2407	1357
2408	1354
2409	1411
2410	1464
2411	1395
2412	1356
2413	1392
2414	1347
2415	1352
2416	1428
2417	1415
2418	1454
2419	1355
2420	1420
2421	1386
2422	1432
2423	1480
2424	1404
2425	1363
2426	1377
2427	1383
2428	1346
2429	1406
2430	1333
2431	1456
2432	1389
2433	1403
2434	1414
2435	1350
2436	1335
2437	1393
2438	1503
2439	1420
2440	1328
2441	1412
2442	1363
2443	1438
2444	1386
2445	1382
2446	1415
2447	1332
2448	1402
2449	1373
2450	1377
2451	1374
2452	1388
2453	1391
2454	1398
2455	1358
2456	1347
2457	1359
2458	1347
2459	1386
2460	1349
2461	1403
2462	1404
2463	1429
2464	1377
2465	1347
2466	1422
2467	1379
2468	1364
2469	1431
2470	1383
2471	1343
2472	1391
2473	1379
2474	1362
2475	1400
2476	1381
2477	1390
2478	1374
2479	1315
2480	1377
2481	1399
2482	1345
2483	1407
2484	1414
2485	1377
2486	1413
2487	1356
2488	1326
2489	1355
2490	1353
2491	1383
2492	1401
2493	1420
2494	1428
2495	1365
2496	1307
2497	1335
2498	1349
2499	1371
2500	1470
2501	1382
2502	1341
2503	1354
2504	1374
2505	1426
2506	1412
2507	1339
2508	1329
2509	1363
2510	1378
2511	1402
2512	1383
2513	1359
2514	1407
2515	1314
2516	1402
2517	1358
2518	1349
2519	1403
2520	1380
2521	1397
2522	1427
2523	1338
2524	1386
2525	1408
2526	1398
2527	1396
2528	1439
2529	1388
2530	1351
2531	1364
2532	1356
2533	1396
2534	1332
2535	1413
2536	1339
2537	1379
2538	1356
2539	1403
2540	1360
2541	1307
2542	1418
2543	1414
2544	1414
2545	1343
2546	1346
2547	1365
2548	1371
2549	1395
2550	1344
2551	1345
2552	1368
2553	1358
2554	1397
2555	1361
2556	1389
2557	1372
2558	1372
2559	1412
2560	1368
2561	1339
2562	1384
2563	1451
2564	1378
2565	1343
2566	1338
2567	1381
2568	1313
2569	1355
2570	1372
2571	1394
2572	1371
2573	1404
2574	1398
2575	1379
2576	1426
2577	1420
2578	1344
2579	1380
2580	1419
2581	1361
2582	1337
2583	1343
2584	1415
2585	1383
2586	1338
2587	1342
2588	1463
2589	1391
2590	1410
2591	1396
2592	1389
2593	1357
2594	1366
2595	1390
2596	1328
2597	1377
2598	1410
2599	1395
2600	1385
2601	1411
2602	1405
2603	1421
2604	1396
2605	1354
2606	1393
2607	1426
2608	1383
2609	1411
2610	1324
2611	1368
2612	1342
2613	1428
2614	1341
2615	1399
2616	1456
2617	1351
2618	1345
2619	1384
2620	1379
2621	1397
2622	1393
2623	1368
2624	1262
2625	1440
2626	1381
2627	1351
2628	1350
2629	1402
2630	1439
2631	1376
2632	1343
2633	1405
2634	1414
2635	1350
2636	1421
2637	1339
2638	1364
2639	1391
2640	1360
2641	1363
2642	1299
2643	1355
2644	1425
2645	1382
2646	1426
2647	1408
2648	1341
2649	1356
2650	1387
2651	1415
2652	1363
2653	1400
2654	1403
2655	1417
2656	1343
2657	1416
2658	1332
2659	1400
2660	1411
2661	1367
2662	1328
2663	1334
2664	1377
2665	1339
2666	1366
2667	1397
2668	1321
2669	1369
2670	1403
2671	1308
2672	1351
2673	1339
2674	1292
2675	1364
2676	1365
2677	1365
2678	1335
2679	1319
2680	1413
2681	1383
2682	1348
2683	1310
2684	1368
2685	1326
2686	1322
2687	1356
2688	1391
2689	1362
2690	1350
2691	1314
2692	1332
2693	1407
2694	1357
2695	1386
2696	1304
2697	1370
2698	1351
2699	1355
2700	1366
2701	1409
2702	1362
2703	1330
2704	1314
2705	1386
2706	1339
2707	1393
2708	1354
2709	1312
2710	1283
2711	1328
2712	1266
2713	1356
2714	1332
2715	1301
2716	1315
2717	1252
2718	1355
2719	1319
2720	1342
2721	1319
2722	1231
2723	1300
2724	1335
2725	1297
2726	1299
2727	1367
2728	1328
2729	1288
2730	1246
2731	1234
2732	1269
2733	1250
2734	1270
2735	1301
2736	1372
2737	1251
2738	1343
2739	1222
2740	1246
2741	1276
2742	1281
2743	1303
2744	1295
2745	1309
2746	1316
2747	1296
2748	1299
2749	1229
2750	1321
2751	1306
2752	1244
2753	1150
2754	1273
2755	1274
2756	1286
2757	1217
2758	1278
2759	1251
2760	1183
2761	1198
2762	1280
2763	1190
2764	1169
2765	1165
2766	1237
2767	1196
2768	1195
2769	1195
2770	1227
2771	1191
2772	1195
2773	1178
2774	1205
2775	1175
2776	1160
2777	1168
2778	1113
2779	1142
2780	1157
2781	1196
2782	1179
2783	1163
2784	1189
2785	1139
2786	1091
2787	1138
2788	1129
2789	1142
2790	1078
2791	1081
2792	1112
2793	1117
2794	1095
2795	1170
2796	1146
2797	1154
2798	1167
2799	1124
2800	1168
2801	1076
2802	1085
2803	1109
2804	1144
2805	1056
2806	1133
2807	1012
2808	1079
2809	1061
2810	1050
2811	1035
2812	1071
2813	1075
2814	1060
2815	1036
2816	1002
2817	1058
2818	1016
2819	1033
2820	1051
2821	1005
2822	1021
2823	987
2824	990
2825	996
2826	988
2827	976
2828	1013
2829	999
2830	1006
2831	998
2832	993
2833	1020
2834	996
2835	922
2836	952
2837	975
2838	1022
2839	975
2840	961
2841	963
2842	984
2843	902
2844	917
2845	1017
2846	907
2847	937
2848	956
2849	956
2850	946
2851	872
2852	925
2853	969
2854	897
2855	947
2856	926
2857	897
2858	902
2859	878
2860	865
2861	912
2862	893
2863	856
2864	855
2865	820
2866	925
2867	890
2868	924
2869	844
2870	804
2871	877
2872	903
2873	862
2874	868
2875	853
2876	830
2877	825
2878	864
2879	858
2880	853
2881	808
2882	858
2883	782
2884	813
2885	805
2886	845
2887	770
2888	772
2889	834
2890	774
2891	783
2892	789
2893	788
2894	799
2895	752
2896	795
2897	752
2898	778
2899	731
2900	758
2901	756
2902	756
2903	742
2904	731
2905	761
2906	739
2907	745
2908	711
2909	750
2910	690
2911	722
2912	715
2913	707
2914	707
2915	650
2916	720
2917	722
2918	676
2919	756
2920	702
2921	694
2922	705
2923	694
2924	703
2925	690
2926	667
2927	674
2928	711
2929	655
2930	653
2931	704
2932	709
2933	665
2934	652
2935	647
2936	639
2937	664
2938	657
2939	694
2940	636
2941	694
2942	614
2943	635
2944	618
2945	629
2946	664
2947	588
2948	662
2949	703
2950	613
2951	576
2952	623
2953	635
2954	580
2955	621
2956	588
2957	586
2958	577
2959	520
2960	607
2961	556
2962	588
2963	582
2964	587
2965	532
2966	569
2967	594
2968	573
2969	527
2970	560
2971	540
2972	555
2973	577
2974	578
2975	530
2976	565
2977	560
2978	592
2979	571
2980	520
2981	559
2982	554
2983	518
2984	535
2985	550
2986	562
2987	548
2988	547
2989	521
2990	514
2991	528
2992	554
2993	534
2994	527
2995	527
2996	530
2997	532
2998	541
2999	555
3000	493
3001	542
3002	514
3003	542
3004	547
3005	523
3006	549
3007	533
3008	553
3009	486
3010	491
3011	517
3012	532
3013	464
3014	514
3015	506
3016	511
3017	476
3018	493
3019	472
3020	502
3021	457
3022	490
3023	504
3024	500
3025	518
3026	447
3027	483
3028	527
3029	481
3030	462
3031	505
3032	499
3033	454
3034	481
3035	468
3036	475
3037	446
3038	458
3039	465
3040	483
3041	470
3042	474
3043	490
3044	413
3045	462
3046	474
3047	487
3048	469
3049	477
3050	445
3051	468
3052	437
3053	427
3054	466
3055	452
3056	447
3057	471
3058	423
3059	440
3060	427
3061	432
3062	436
3063	462
3064	448
3065	444
3066	437
3067	440
3068	384
3069	463
3070	423
3071	419
3072	463
3073	451
3074	466
3075	434
3076	412
3077	435
3078	419
3079	443
3080	409
3081	455
3082	432
3083	455
3084	420
3085	400
3086	436
3087	435
3088	390
3089	426
3090	408
3091	389
3092	408
3093	422
3094	398
3095	415
3096	441
3097	403
3098	397
3099	436
3100	414
3101	405
3102	415
3103	438
3104	391
3105	395
3106	400
3107	400
3108	387
3109	391
3110	397
3111	426
3112	436
3113	417
3114	391
3115	406
3116	374
3117	390
3118	384
3119	377
3120	383
3121	403
3122	401
3123	395
3124	377
3125	373
3126	416
3127	381
3128	364
3129	400
3130	377
3131	399
3132	384
3133	384
3134	383
3135	377
3136	379
3137	418
3138	427
3139	427
3140	426
3141	456
3142	457
3143	404
3144	428
3145	370
3146	399
3147	351
3148	343
3149	337
3150	372
3151	382
3152	409
3153	366
3154	395
3155	360
3156	387
3157	396
3158	390
3159	349
3160	362
3161	358
3162	389
3163	342
3164	365
3165	355
3166	368
3167	383
3168	338
3169	329
3170	354
3171	367
3172	376
3173	350
3174	359
3175	343
3176	300
3177	338
3178	341
3179	359
3180	317
3181	322
3182	375
3183	342
3184	363
3185	340
3186	388
3187	343
3188	357
3189	316
3190	342
3191	332
3192	345
3193	311
3194	364
3195	330
3196	318
3197	315
3198	335
3199	369
3200	346
3201	350
3202	330
3203	344
3204	407
3205	344
3206	328
3207	340
3208	338
3209	306
3210	300
3211	344
3212	321
3213	318
3214	281
3215	354
3216	334
3217	315
3218	357
3219	350
3220	327
3221	301
3222	319
3223	273
3224	342
3225	354
3226	335
3227	344
3228	345
3229	327
3230	319
3231	289
3232	297
3233	306
3234	333
3235	314
3236	308
3237	326
3238	284
3239	376
3240	296
3241	305
3242	320
3243	307
3244	309
3245	293
3246	306
3247	308
3248	321
3249	332
3250	308
3251	278
3252	316
3253	309
3254	303
3255	301
3256	291
3257	334
3258	325
3259	297
3260	312
3261	297
3262	285
3263	326
3264	299
3265	309
3266	326
3267	282
3268	298
3269	355
3270	306
3271	314
3272	319
3273	332
3274	298
3275	295
3276	294
3277	299
3278	269
3279	293
3280	320
3281	289
3282	306
3283	317
3284	276
3285	303
3286	274
3287	277
3288	294
3289	308
3290	277
3291	282
3292	293
3293	289
3294	314
3295	312
3296	292
3297	299
3298	268
3299	273
3300	282
3301	314
3302	301
3303	302
3304	304
3305	284
3306	258
3307	288
3308	307
3309	270
3310	284
3311	274
3312	256
3313	276
3314	272
3315	272
3316	280
3317	273
3318	294
3319	311
3320	284
3321	283
3322	267
3323	282
3324	265
3325	280
3326	295
3327	239
3328	265
3329	256
3330	307
3331	265
3332	286
3333	267
3334	280
3335	257
3336	262
3337	301
3338	288
3339	269
3340	259
3341	264
3342	265
3343	256
3344	248
3345	284
3346	288
3347	250
3348	298
3349	247
3350	245
3351	275
3352	307
3353	246
3354	265
3355	257
3356	268
3357	270
3358	273
3359	276
3360	300
3361	291
3362	282
3363	248
3364	246
3365	259
3366	267
3367	277
3368	283
3369	284
3370	277
3371	264
3372	255
3373	258
3374	295
3375	269
3376	271
3377	260
3378	294
3379	234
3380	264
3381	261
3382	266
3383	262
3384	259
3385	266
3386	248
3387	262
3388	272
3389	252
3390	254
3391	254
3392	286
3393	242
3394	279
3395	252
3396	304
3397	231
3398	256
3399	282
3400	293
3401	270
3402	245
3403	262
3404	274
3405	266
3406	262
3407	232
3408	279
3409	305
3410	258
3411	275
3412	230
3413	250
3414	305
3415	271
3416	248
3417	286
3418	272
3419	240
3420	271
3421	248
3422	267
3423	277
3424	276
3425	276
3426	242
3427	272
3428	255
3429	245
3430	273
3431	268
3432	244
3433	271
3434	258
3435	249
3436	247
3437	247
3438	258
3439	268
3440	264
3441	250
3442	290
3443	280
3444	246
3445	259
3446	249
3447	270
3448	247
3449	282
3450	244
3451	252
3452	275
3453	239
3454	254
3455	260
3456	250
3457	254
3458	244
3459	259
3460	212
3461	262
3462	305
3463	257
3464	259
3465	264
3466	247
3467	255
3468	260
3469	253
3470	269
3471	234
3472	234
3473	271
3474	236
3475	273
3476	252
3477	278
3478	275
3479	255
3480	280
3481	245
3482	280
3483	233
3484	280
3485	258
3486	291
3487	257
3488	266
3489	259
3490	248
3491	290
3492	279
3493	233
3494	284
3495	262
3496	273
3497	238
3498	276
3499	257
3500	255
3501	252
3502	252
3503	257
3504	263
3505	298
3506	272
3507	233
3508	245
3509	291
3510	225
3511	280
3512	273
3513	265
3514	252
3515	276
3516	268
3517	263
3518	227
3519	292
3520	278
3521	263
3522	277
3523	265
3524	278
3525	308
3526	252
3527	260
3528	246
3529	286
3530	283
3531	268
3532	256
3533	248
3534	252
3535	291
3536	282
3537	237
3538	249
3539	297
3540	285
3541	284
3542	312
3543	266
3544	298
3545	281
3546	283
3547	273
3548	284
3549	270
3550	258
3551	280
3552	303
3553	257
3554	295
3555	265
3556	275
3557	280
3558	317
3559	292
3560	293
3561	272
3562	277
3563	281
3564	278
3565	297
3566	300
3567	325
3568	275
3569	286
3570	318
3571	314
3572	327
3573	312
3574	308
3575	315
3576	331
3577	306
3578	327
3579	314
3580	310
3581	289
3582	365
3583	304
3584	311
3585	313
3586	303
3587	372
3588	328
3589	340
3590	323
3591	331
3592	317
3593	355
3594	325
3595	342
3596	375
3597	344
3598	334
3599	349
3600	337
3601	321
3602	345
3603	368
3604	334
3605	347
3606	325
3607	369
3608	342
3609	394
3610	364
3611	373
3612	392
3613	370
3614	395
3615	392
3616	384
3617	394
3618	386
3619	403
3620	386
3621	453
3622	446
3623	451
3624	413
3625	422
3626	407
3627	452
3628	437
3629	441
3630	456
3631	421
3632	430
3633	478
3634	489
3635	484
3636	432
3637	509
3638	503
3639	508
3640	481
3641	496
3642	548
3643	522
3644	536
3645	524
3646	524
3647	528
3648	560
3649	533
3650	558
3651	525
3652	556
3653	563
3654	565
3655	586
3656	607
3657	579
3658	621
3659	602
3660	629
3661	647
3662	627
3663	599
3664	631
3665	734
3666	640
3667	703
3668	701
3669	658
3670	712
3671	778
3672	720
3673	756
3674	692
3675	761
3676	795
3677	822
3678	819
3679	781
3680	750
3681	812
3682	836
3683	806
3684	867
3685	846
3686	850
3687	890
3688	865
3689	865
3690	908
3691	893
3692	962
3693	944
3694	903
3695	1042
3696	994
3697	995
3698	1033
3699	1052
3700	1049
3701	1018
3702	1101
3703	1099
3704	1106
3705	1108
3706	1189
3707	1122
3708	1185
3709	1156
3710	1205
3711	1211
3712	1169
3713	1269
3714	1326
3715	1241
3716	1314
3717	1308
3718	1309
3719	1332
3720	1417
3721	1372
3722	1441
3723	1408
3724	1505
3725	1451
3726	1447
3727	1571
3728	1546
3729	1454
3730	1559
3731	1585
3732	1617
3733	1578
3734	1655
3735	1686
3736	1696
3737	1666
3738	1721
3739	1771
3740	1818
3741	1824
3742	1858
3743	1853
3744	1914
3745	1940
3746	1893
3747	1998
3748	1947
3749	1976
3750	1976
3751	2020
3752	2054
3753	2138
3754	2101
3755	2213
3756	2139
3757	2221
3758	2164
3759	2284
3760	2200
3761	2340
3762	2349
3763	2340
3764	2467
3765	2479
3766	2458
3767	2462
3768	2553
3769	2579
3770	2659
3771	2659
3772	2774
3773	2721
3774	2647
3775	2796
3776	2778
3777	2870
3778	2936
3779	2940
3780	2933
3781	2862
3782	2943
3783	3102
3784	3031
3785	3174
3786	3140
3787	3246
3788	3311
3789	3275
3790	3322
3791	3349
3792	3382
3793	3489
3794	3446
3795	3399
3796	3522
3797	3448
3798	3612
3799	3658
3800	3663
3801	3701
3802	3808
3803	3855
3804	3922
3805	3906
3806	3966
3807	3994
3808	3963
3809	4048
3810	4087
3811	4137
3812	4163
3813	4281
3814	4205
3815	4204
3816	4481
3817	4248
3818	4387
3819	4509
3820	4477
3821	4555
3822	4617
3823	4741
3824	4817
3825	4789
3826	4931
3827	4803
3828	5054
3829	5007
3830	5008
3831	5137
3832	5021
3833	5067
3834	5199
3835	5377
3836	5261
3837	5218
3838	5415
3839	5551
3840	5592
3841	5535
3842	5643
3843	5616
3844	5666
3845	5795
3846	5848
3847	5866
3848	5891
3849	6038
3850	6120
3851	6089
3852	6226
3853	6078
3854	6145
3855	6344
3856	6274
3857	6277
3858	6396
3859	6465
3860	6589
3861	6738
3862	6621
3863	6606
3864	6699
3865	6748
3866	6880
3867	6946
3868	6927
3869	7025
3870	6980
3871	7038
3872	7086
3873	7350
3874	7122
3875	7283
3876	7560
3877	7397
3878	7475
3879	7588
3880	7424
3881	7547
3882	7713
3883	7775
3884	7651
3885	7666
3886	7795
3887	8102
3888	7968
3889	8106
3890	8045
3891	8146
3892	8040
3893	8152
3894	8332
3895	8331
3896	8450
3897	8399
3898	8372
3899	8404
3900	8494
3901	8627
3902	8533
3903	8593
3904	8736
3905	8846
3906	8854
3907	9064
3908	8909
3909	9065
3910	9056
3911	9010
3912	9209
3913	9024
3914	9152
3915	9159
3916	9335
3917	9261
3918	9401
3919	9337
3920	9490
3921	9562
3922	9550
3923	9585
3924	9731
3925	9627
3926	9737
3927	9793
3928	9761
3929	9694
3930	9936
3931	9908
3932	9997
3933	9915
3934	9971
3935	9891
3936	10067
3937	9865
3938	10211
3939	10079
3940	10156
3941	10107
3942	10363
3943	10448
3944	10339
3945	10361
3946	10545
3947	10450
3948	10413
3949	10542
3950	10524
3951	10472
3952	10571
3953	10581
3954	10640
3955	10670
3956	10733
3957	10813
3958	10698
3959	10967
3960	10964
3961	10637
3962	10953
3963	10805
3964	10983
3965	10970
3966	10852
3967	10735
3968	10926
3969	11034
3970	10998
3971	10940
3972	10908
3973	10977
3974	10991
3975	11079
3976	11174
3977	11125
3978	10991
3979	11205
3980	11097
3981	10961
3982	11239
3983	11101
3984	11159
3985	10905
3986	11062
3987	11131
3988	11130
3989	11197
3990	11123
3991	11191
3992	11195
3993	11206
3994	11234
3995	11117
3996	11023
3997	11148
3998	11106
3999	11000
4000	11177
4001	11152
4002	11105
4003	11137
4004	10942
4005	10868
4006	11019
4007	10892
4008	11043
4009	11101
4010	10917
4011	11106
4012	10949
4013	11107
4014	10960
4015	10763
4016	10960
4017	10900
4018	10991
4019	10876
4020	10815
4021	10690
4022	10928
4023	10878
4024	10786
4025	10609
4026	10832
4027	10702
4028	10678
4029	10644
4030	10630
4031	10680
4032	10517
4033	10374
4034	10563
4035	10523
4036	10407
4037	10350
4038	10253
4039	10336
4040	10185
4041	10226
4042	10289
4043	9993
4044	10255
4045	10125
4046	10188
4047	10048
4048	9999
4049	10113
4050	9888
4051	9908
4052	10056
4053	9982
4054	9704
4055	9800
4056	9797
4057	9853
4058	9707
4059	9651
4060	9769
4061	9471
4062	9558
4063	9418
4064	9508
4065	9242
4066	9313
4067	9249
4068	9125
4069	9175
4070	9180
4071	9207
4072	8863
4073	8971
4074	9188
4075	8881
4076	9067
4077	8806
4078	8673
4079	8685
4080	8658
4081	8748
4082	8575
4083	8708
4084	8594
4085	8257
4086	8163
4087	8503
4088	8272
4089	8067
4090	8086
4091	8164
4092	8276
4093	7989
4094	8072
4095	7815
4096	7708
4097	7738
4098	7810
4099	7606
4100	7466
4101	7617
4102	7504
4103	7582
4104	7386
4105	7281
4106	7287
4107	7279
4108	7256
4109	7220
4110	7090
4111	7021
4112	6908
4113	7030
4114	6883
4115	6796
4116	6731
4117	6724
4118	6658
4119	6689
4120	6592
4121	6626
4122	6414
4123	6485
4124	6427
4125	6252
4126	6233
4127	6097
4128	6128
4129	6011
4130	6007
4131	6029
4132	5809
4133	5683
4134	5815
4135	5856
4136	5727
4137	5540
4138	5581
4139	5649
4140	5505
4141	5255
4142	5399
4143	5351
4144	5357
4145	5306
4146	5184
4147	5130
4148	5053
4149	5037
4150	4935
4151	4921
4152	4855
4153	4835
4154	4788
4155	4680
4156	4720
4157	4594
4158	4560
4159	4503
4160	4372
4161	4384
4162	4432
4163	4388
4164	4359
4165	4485
4166	4189
4167	4170
4168	4148
4169	4090
4170	4057
4171	3925
4172	3884
4173	3880
4174	3774
4175	3794
4176	3687
4177	3703
4178	3648
4179	3555
4180	3503
4181	3491
4182	3443
4183	3451
4184	3359
4185	3419
4186	3368
4187	3224
4188	3184
4189	3164
4190	3188
4191	3056
4192	3088
4193	3111
4194	2977
4195	2921
4196	2949
4197	2924
4198	2901
4199	2797
4200	2772
4201	2719
4202	2750
4203	2690
4204	2570
4205	2622
4206	2632
4207	2483
4208	2514
4209	2505
4210	2498
4211	2360
4212	2383
4213	2388
4214	2208
4215	2329
4216	2208
4217	2178
4218	2128
4219	2073
4220	2159
4221	2058
4222	2085
4223	1994
4224	2060
4225	1985
4226	1997
4227	1987
4228	1823
4229	1852
4230	1840
4231	1832
4232	1736
4233	1726
4234	1693
4235	1720
4236	1671
4237	1634
4238	1624
4239	1592
4240	1612
4241	1544
4242	1505
4243	1616
4244	1514
4245	1598
4246	1478
4247	1464
4248	1454
4249	1383
4250	1396
4251	1392
4252	1392
4253	1319
4254	1266
4255	1244
4256	1280
4257	1215
4258	1156
4259	1211
4260	1205
4261	1187
4262	1154
4263	1158
4264	1120
4265	1160
4266	1032
4267	1018
4268	1080
4269	1031
4270	1078
4271	982
4272	997
4273	1002
4274	941
4275	942
4276	897
4277	869
4278	853
4279	873
4280	865
4281	815
4282	866
4283	846
4284	816
4285	815
4286	758
4287	763
4288	810
4289	824
4290	732
4291	723
4292	726
4293	710
4294	711
4295	692
4296	667
4297	694
4298	642
4299	649
4300	604
4301	667
4302	642
4303	589
4304	596
4305	606
4306	627
4307	580
4308	571
4309	551
4310	565
4311	546
4312	529
4313	574
4314	533
4315	527
4316	563
4317	505
4318	483
4319	503
4320	452
4321	468
4322	453
4323	501
4324	434
4325	434
4326	449
4327	453
4328	434
4329	412
4330	409
4331	431
4332	385
4333	398
4334	384
4335	389
4336	385
4337	389
4338	375
4339	326
4340	355
4341	373
4342	359
4343	349
4344	352
4345	345
4346	354
4347	339
4348	333
4349	341
4350	304
4351	302
4352	315
4353	297
4354	315
4355	318
4356	319
4357	341
4358	283
4359	274
4360	304
4361	325
4362	303
4363	275
4364	277
4365	276
4366	310
4367	266
4368	302
4369	280
4370	263
4371	270
4372	218
4373	251
4374	272
4375	272
4376	273
4377	253
4378	222
4379	241
4380	272
4381	284
4382	237
4383	246
4384	221
4385	260
4386	263
4387	247
4388	220
4389	252
4390	237
4391	264
4392	220
4393	225
4394	254
4395	218
4396	209
4397	197
4398	217
4399	201
4400	256
4401	216
4402	239
4403	210
4404	223
4405	226
4406	195
4407	188
4408	182
4409	190
4410	212
4411	217
4412	218
4413	214
4414	187
4415	198
4416	201
4417	191
4418	194
4419	189
4420	194
4421	201
4422	213
4423	172
4424	215
4425	186
4426	177
4427	212
4428	190
4429	177
4430	170
4431	195
4432	145
4433	185
4434	188
4435	177
4436	209
4437	206
4438	207
4439	184
4440	184
4441	180
4442	189
4443	164
4444	185
4445	175
4446	174
4447	160
4448	166
4449	193
4450	185
4451	176
4452	190
4453	159
4454	166
4455	171
4456	173
4457	203
4458	180
4459	179
4460	163
4461	186
4462	168
4463	198
4464	167
4465	194
4466	159
4467	161
4468	193
4469	173
4470	171
4471	168
4472	162
4473	170
4474	166
4475	174
4476	173
4477	186
4478	173
4479	173
4480	169
4481	182
4482	145
4483	173
4484	170
4485	172
4486	155
4487	160
4488	149
4489	158
4490	159
4491	166
4492	159
4493	141
4494	151
4495	143
4496	164
4497	157
4498	158
4499	164
4500	172
4501	175
4502	162
4503	162
4504	157
4505	172
4506	146
4507	159
4508	156
4509	172
4510	158
4511	178
4512	157
4513	159
4514	162
4515	153
4516	160
4517	157
4518	157
4519	140
4520	157
4521	165
4522	157
4523	162
4524	150
4525	138
4526	158
4527	164
4528	158
4529	159
4530	135
4531	160
4532	163
4533	144
4534	158
4535	164
4536	152
4537	151
4538	136
4539	164
4540	151
4541	151
4542	165
4543	181
4544	145
4545	143
4546	155
4547	154
4548	158
4549	137
4550	153
4551	140
4552	146
4553	161
4554	139
4555	154
4556	145
4557	150
4558	152
4559	117
4560	152
4561	149
4562	121
4563	155
4564	148
4565	167
4566	154
4567	154
4568	140
4569	157
4570	141
4571	139
4572	135
4573	158
4574	144
4575	146
4576	144
4577	149
4578	174
4579	144
4580	160
4581	131
4582	143
4583	138
4584	154
4585	149
4586	134
4587	144
4588	129
4589	138
4590	143
4591	165
4592	162
4593	136
4594	136
4595	139
4596	129
4597	148
4598	145
4599	156
4600	152
4601	144
4602	149
4603	131
4604	151
4605	129
4606	149
4607	132
4608	163
4609	129
4610	150
4611	130
4612	155
4613	159
4614	138
4615	163
4616	147
4617	154
4618	148
4619	142
4620	139
4621	132
4622	150
4623	130
4624	142
4625	118
4626	132
4627	137
4628	125
4629	131
4630	145
4631	135
4632	109
4633	166
4634	133
4635	108
4636	149
4637	125
4638	113
4639	147
4640	135
4641	122
4642	140
4643	110
4644	131
4645	130
4646	120
4647	127
4648	136
4649	127
4650	125
4651	133
4652	144
4653	136
4654	143
4655	137
4656	139
4657	143
4658	134
4659	145
4660	121
4661	132
4662	142
4663	136
4664	123
4665	130
4666	147
4667	129
4668	140
4669	140
4670	138
4671	134
4672	123
4673	124
4674	139
4675	112
4676	129
4677	145
4678	129
4679	112
4680	121
4681	116
4682	113
4683	135
4684	126
4685	133
4686	119
4687	129
4688	128
4689	140
4690	134
4691	107
4692	143
4693	115
4694	118
4695	131
4696	146
4697	120
4698	126
4699	124
4700	143
4701	156
4702	126
4703	127
4704	112
4705	130
4706	127
4707	106
4708	122
4709	93
4710	133
4711	128
4712	105
4713	126
4714	135
4715	131
4716	118
4717	105
4718	111
4719	122
4720	111
4721	127
4722	113
4723	113
4724	117
4725	122
4726	118
4727	116
4728	129
4729	143
4730	116
4731	132
4732	104
4733	137
4734	122
4735	114
4736	120
4737	119
4738	129
4739	97
4740	123
4741	120
4742	114
4743	119
4744	108
4745	121
4746	111
4747	115
4748	154
4749	121
4750	127
4751	117
4752	112
4753	108
4754	121
4755	125
4756	115
4757	108
4758	124
4759	106
4760	126
4761	102
4762	112
4763	100
4764	114
4765	124
4766	106
4767	135
4768	110
4769	108
4770	106
4771	94
4772	95
4773	127
4774	127
4775	117
4776	92
4777	91
4778	121
4779	113
4780	96
4781	104
4782	98
4783	112
4784	121
4785	101
4786	106
4787	115
4788	84
4789	107
4790	96
4791	118
4792	122
4793	133
4794	116
4795	118
4796	104
4797	115
4798	113
4799	103
4800	109
4801	110
4802	116
4803	114
4804	115
4805	97
4806	115
4807	115
4808	125
4809	102
4810	113
4811	105
4812	105
4813	112
4814	112
4815	97
4816	146
4817	112
4818	112
4819	103
4820	98
4821	101
4822	108
4823	105
4824	100
4825	104
4826	101
4827	109
4828	113
4829	117
4830	113
4831	129
4832	105
4833	109
4834	123
4835	122
4836	97
4837	115
4838	113
4839	97
4840	87
4841	114
4842	87
4843	103
4844	108
4845	113
4846	123
4847	124
4848	102
4849	108
4850	116
4851	104
4852	116
4853	110
4854	127
4855	92
4856	107
4857	107
4858	114
4859	116
4860	129
4861	97
4862	102
4863	99
4864	108
4865	99
4866	111
4867	89
4868	109
4869	105
4870	101
4871	106
4872	119
4873	101
4874	95
4875	103
4876	105
4877	85
4878	95
4879	108
4880	79
4881	121
4882	99
4883	93
4884	107
4885	111
4886	106
4887	106
4888	115
4889	113
4890	88
4891	108
4892	100
4893	91
4894	103
4895	106
4896	97
4897	97
4898	110
4899	97
4900	103
4901	113
4902	93
4903	100
4904	109
4905	95
4906	120
4907	108
4908	106
4909	95
4910	103
4911	91
4912	107
4913	108
4914	86
4915	99
4916	116
4917	93
4918	105
4919	80
4920	111
4921	97
4922	99
4923	106
4924	117
4925	103
4926	112
4927	102
4928	109
4929	99
4930	102
4931	97
4932	106
4933	100
4934	120
4935	116
4936	112
4937	105
4938	97
4939	90
4940	129
4941	115
4942	99
4943	118
4944	105
4945	104
4946	105
4947	110
4948	99
4949	99
4950	97
4951	95
4952	78
4953	91
4954	101
4955	101
4956	93
4957	122
4958	90
4959	94
4960	112
4961	115
4962	106
4963	98
4964	100
4965	112
4966	100
4967	104
4968	104
4969	115
4970	106
4971	104
4972	109
4973	81
4974	107
4975	118
4976	96
4977	91
4978	95
4979	109
4980	94
4981	90
4982	123
4983	98
4984	99
4985	96
4986	107
4987	102
4988	100
4989	106
4990	113
4991	98
4992	94
4993	105
4994	78
4995	96
4996	91
4997	103
4998	120
4999	81
5000	106
5001	102
5002	108
5003	103
5004	116
5005	108
5006	109
5007	112
5008	102
5009	98
5010	121
5011	104
5012	93
5013	102
5014	91
5015	101
5016	107
5017	107
5018	97
5019	106
5020	90
5021	120
5022	93
5023	114
5024	111
5025	113
5026	101
5027	106
5028	96
5029	117
5030	100
5031	96
5032	104
5033	112
5034	127
5035	96
5036	99
5037	109
5038	109
5039	115
5040	112
5041	104
5042	116
5043	111
5044	103
5045	82
5046	98
5047	103
5048	97
5049	119
5050	110
5051	95
5052	101
5053	112
5054	109
5055	110
5056	106
5057	98
5058	103
5059	96
5060	97
5061	93
5062	103
5063	108
5064	99
5065	94
5066	100
5067	100
5068	104
5069	96
5070	97
5071	105
5072	104
5073	104
5074	92
5075	90
5076	104
5077	109
5078	79
5079	108
5080	113
5081	101
5082	103
5083	98
5084	93
5085	83
5086	100
5087	106
5088	106
5089	94
5090	121
5091	102
5092	100
5093	114
5094	85
5095	78
5096	126
5097	106
5098	99
5099	102
5100	113
5101	92
5102	118
5103	97
5104	99
5105	101
5106	99
5107	88
5108	101
5109	88
5110	107
5111	99
5112	113
5113	95
5114	98
5115	104
5116	115
5117	113
5118	101
5119	115
5120	109
5121	86
5122	98
5123	108
5124	95
5125	94
5126	96
5127	108
5128	103
5129	114
5130	93
5131	99
5132	98
5133	100
5134	109
5135	102
5136	112
5137	109
5138	103
5139	107
5140	105
5141	84
5142	84
5143	112
5144	91
5145	98
5146	97
5147	95
5148	92
5149	100
5150	110
5151	88
5152	117
5153	111
5154	109
5155	95
5156	96
5157	114
5158	98
5159	88
5160	92
5161	99
5162	108
5163	111
5164	81
5165	83
5166	85
5167	94
5168	92
5169	99
5170	121
5171	97
5172	85
5173	95
5174	102
5175	99
5176	87
5177	117
5178	99
5179	88
5180	99
5181	93
5182	92
5183	109
5184	105
5185	88
5186	86
5187	81
5188	101
5189	74
5190	70
5191	90
5192	92
5193	95
5194	78
5195	105
5196	93
5197	92
5198	80
5199	93
5200	110
5201	103
5202	87
5203	85
5204	77
5205	81
5206	84
5207	88
5208	95
5209	92
5210	87
5211	90
5212	102
5213	88
5214	75
5215	86
5216	87
5217	102
5218	77
5219	83
5220	101
5221	94
5222	89
5223	87
5224	100
5225	66
5226	106
5227	65
5228	86
5229	65
5230	80
5231	110
5232	85
5233	82
5234	98
5235	74
5236	92
5237	84
5238	77
5239	86
5240	105
5241	103
5242	96
5243	76
5244	80
5245	85
5246	88
5247	81
5248	88
5249	78
5250	77
5251	62
5252	79
5253	77
5254	87
5255	81
5256	75
5257	91
5258	80
5259	90
5260	84
5261	69
5262	79
5263	82
5264	58
5265	87
5266	79
5267	65
5268	79
5269	78
5270	71
5271	80
5272	75
5273	68
5274	69
5275	72
5276	74
5277	60
5278	74
5279	69
5280	85
5281	83
5282	86
5283	78
5284	81
5285	69
5286	70
5287	62
5288	62
5289	73
5290	80
5291	51
5292	63
5293	92
5294	69
5295	71
5296	84
5297	54
5298	70
5299	60
5300	55
5301	70
5302	64
5303	58
5304	66
5305	81
5306	72
5307	58
5308	63
5309	70
5310	59
5311	58
5312	63
5313	58
5314	67
5315	61
5316	73
5317	66
5318	61
5319	68
5320	60
5321	49
5322	69
5323	71
5324	61
5325	61
5326	58
5327	67
5328	66
5329	61
5330	63
5331	51
5332	63
5333	58
5334	65
5335	71
5336	63
5337	48
5338	59
5339	64
5340	57
5341	73
5342	46
5343	66
5344	67
5345	60
5346	45
5347	54
5348	60
5349	64
5350	53
5351	59
5352	59
5353	52
5354	53
5355	51
5356	55
5357	62
5358	41
5359	55
5360	59
5361	53
5362	62
5363	59
5364	41
5365	42
5366	62
5367	60
5368	55
5369	47
5370	61
5371	50
5372	47
5373	64
5374	44
5375	44
5376	45
5377	43
5378	53
5379	58
5380	56
5381	58
5382	54
5383	56
5384	48
5385	51
5386	43
5387	40
5388	45
5389	36
5390	40
5391	53
5392	59
5393	54
5394	36
5395	48
5396	43
5397	46
5398	43
5399	47
5400	46
5401	50
5402	43
5403	44
5404	41
5405	45
5406	35
5407	41
5408	57
5409	47
5410	36
5411	35
5412	39
5413	34
5414	55
5415	40
5416	34
5417	42
5418	44
5419	42
5420	41
5421	43
5422	39
5423	32
5424	39
5425	32
5426	35
5427	36
5428	49
5429	47
5430	33
5431	45
5432	60
5433	50
5434	23
5435	40
5436	43
5437	39
5438	39
5439	44
5440	21
5441	34
5442	34
5443	35
5444	45
5445	44
5446	37
5447	28
5448	42
5449	46
5450	32
5451	32
5452	34
5453	32
5454	37
5455	43
5456	34
5457	32
5458	36
5459	31
5460	44
5461	36
5462	41
5463	39
5464	40
5465	34
5466	29
5467	34
5468	33
5469	33
5470	25
5471	33
5472	35
5473	36
5474	43
5475	45
5476	20
5477	41
5478	38
5479	32
5480	24
5481	21
5482	32
5483	36
5484	33
5485	37
5486	22
5487	33
5488	36
5489	28
5490	41
5491	28
5492	33
5493	32
5494	27
5495	26
5496	30
5497	34
5498	36
5499	28
5500	37
5501	40
5502	33
5503	27
5504	27
5505	28
5506	21
5507	27
5508	32
5509	41
5510	34
5511	21
5512	26
5513	29
5514	41
5515	25
5516	36
5517	17
5518	34
5519	28
5520	30
5521	22
5522	31
5523	32
5524	27
5525	23
5526	36
5527	24
5528	31
5529	23
5530	26
5531	34
5532	32
5533	40
5534	35
5535	25
5536	40
5537	19
5538	40
5539	39
5540	34
5541	29
5542	21
5543	30
5544	31
5545	47
5546	37
5547	36
5548	32
5549	28
5550	29
5551	33
5552	33
5553	28
5554	29
5555	26
5556	21
5557	27
5558	31
5559	28
5560	35
5561	25
5562	34
5563	29
5564	34
5565	23
5566	34
5567	33
5568	36
5569	28
5570	25
5571	32
5572	30
5573	32
5574	20
5575	30
5576	33
5577	32
5578	17
5579	25
5580	30
5581	32
5582	33
5583	33
5584	25
5585	29
5586	31
5587	32
5588	29
5589	22
5590	35
5591	30
5592	16
5593	36
5594	27
5595	25
5596	31
5597	23
5598	19
5599	31
5600	36
5601	15
5602	19
5603	27
5604	26
5605	24
5606	27
5607	23
5608	28
5609	40
5610	27
5611	26
5612	24
5613	28
5614	29
5615	26
5616	27
5617	22
5618	30
5619	23
5620	25
5621	25
5622	25
5623	23
5624	27
5625	24
5626	29
5627	32
5628	27
5629	25
5630	25
5631	33
5632	18
5633	25
5634	27
5635	22
5636	17
5637	36
5638	27
5639	20
5640	28
5641	27
5642	27
5643	23
5644	19
5645	26
5646	23
5647	21
5648	24
5649	30
5650	21
5651	22
5652	26
5653	27
5654	28
5655	29
5656	22
5657	24
5658	32
5659	29
5660	24
5661	23
5662	29
5663	21
5664	30
5665	31
5666	27
5667	19
5668	19
5669	37
5670	22
5671	16
5672	28
5673	22
5674	19
5675	25
5676	33
5677	15
5678	30
5679	20
5680	24
5681	22
5682	25
5683	23
5684	21
5685	27
5686	21
5687	24
5688	23
5689	25
5690	25
5691	26
5692	24
5693	28
5694	27
5695	28
5696	22
5697	23
5698	25
5699	25
5700	15
5701	22
5702	21
5703	17
5704	19
5705	14
5706	18
5707	24
5708	23
5709	19
5710	18
5711	25
5712	17
5713	30
5714	25
5715	23
5716	25
5717	28
5718	29
5719	28
5720	16
5721	25
5722	25
5723	32
5724	20
5725	31
5726	32
5727	27
5728	23
5729	18
5730	26
5731	15
5732	19
5733	18
5734	25
5735	16
5736	29
5737	15
5738	28
5739	20
5740	17
5741	18
5742	29
5743	21
5744	19
5745	19
5746	17
5747	22
5748	26
5749	22
5750	25
5751	16
5752	18
5753	35
5754	17
5755	19
5756	20
5757	28
5758	19
5759	22
5760	25
5761	24
5762	24
5763	26
5764	18
5765	18
5766	27
5767	20
5768	27
5769	21
5770	24
5771	20
5772	25
5773	18
5774	23
5775	26
5776	20
5777	27
5778	23
5779	22
5780	30
5781	24
5782	15
5783	29
5784	14
5785	24
5786	16
5787	21
5788	22
5789	33
5790	27
5791	16
5792	24
5793	20
5794	22
5795	25
5796	22
5797	27
5798	16
5799	20
5800	15
5801	19
5802	17
5803	18
5804	17
5805	21
5806	27
5807	22
5808	22
5809	23
5810	26
5811	16
5812	25
5813	20
5814	14
5815	16
5816	18
5817	16
5818	23
5819	19
5820	22
5821	24
5822	21
5823	29
5824	30
5825	13
5826	24
5827	21
5828	26
5829	23
5830	19
5831	24
5832	21
5833	20
5834	24
5835	18
5836	15
5837	19
5838	19
5839	22
5840	25
5841	26
5842	22
5843	21
5844	22
5845	16
5846	27
5847	13
5848	18
5849	18
5850	16
5851	17
5852	24
5853	18
5854	18
5855	17
5856	25
5857	16
5858	26
5859	18
5860	28
5861	21
5862	21
5863	25
5864	14
5865	20
5866	24
5867	25
5868	23
5869	26
5870	24
5871	21
5872	16
5873	12
5874	22
5875	17
5876	17
5877	17
5878	17
5879	21
5880	21
5881	27
5882	23
5883	22
5884	20
5885	19
5886	19
5887	10
5888	22
5889	27
5890	27
5891	27
5892	23
5893	19
5894	21
5895	18
5896	14
5897	18
5898	20
5899	27
5900	17
5901	17
5902	23
5903	10
5904	20
5905	17
5906	16
5907	19
5908	17
5909	23
5910	23
5911	17
5912	30
5913	19
5914	19
5915	28
5916	32
5917	22
5918	20
5919	28
5920	29
5921	17
5922	32
5923	18
5924	15
5925	14
5926	31
5927	27
5928	20
5929	16
5930	21
5931	17
5932	14
5933	16
5934	21
5935	17
5936	16
5937	25
5938	24
5939	7
5940	30
5941	21
5942	18
5943	20
5944	22
5945	25
5946	20
5947	19
5948	15
5949	18
5950	25
5951	23
5952	28
5953	24
5954	21
5955	19
5956	19
5957	29
5958	21
5959	17
5960	19
5961	23
5962	18
5963	21
5964	22
5965	18
5966	27
5967	21
5968	34
5969	16
5970	19
5971	25
5972	24
5973	18
5974	19
5975	15
5976	21
5977	15
5978	13
5979	21
5980	16
5981	24
5982	19
5983	21
5984	13
5985	26
5986	17
5987	17
5988	23
5989	15
5990	23
5991	14
5992	19
5993	21
5994	17
5995	18
5996	14
5997	22
5998	19
5999	9
6000	12
6001	23
6002	13
6003	15
6004	19
6005	16
6006	20
6007	15
6008	26
6009	23
6010	21
6011	24
6012	21
6013	19
6014	25
6015	18
6016	23
6017	28
6018	20
6019	16
6020	14
6021	22
6022	20
6023	19
6024	20
6025	16
6026	16
6027	21
6028	19
6029	22
6030	20
6031	10
6032	20
6033	24
6034	21
6035	20
6036	20
6037	16
6038	16
6039	26
6040	17
6041	9
6042	12
6043	13
6044	18
6045	18
6046	22
6047	20
6048	18
6049	8
6050	18
6051	21
6052	23
6053	16
6054	14
6055	20
6056	17
6057	24
6058	20
6059	18
6060	19
6061	26
6062	22
6063	14
6064	23
6065	17
6066	20
6067	13
6068	18
6069	13
6070	14
6071	15
6072	17
6073	15
6074	15
6075	13
6076	23
6077	19
6078	10
6079	16
6080	15
6081	18
6082	16
6083	14
6084	23
6085	21
6086	26
6087	19
6088	19
6089	17
6090	21
6091	23
6092	22
6093	21
6094	22
6095	22
6096	20
6097	13
6098	22
6099	16
6100	18
6101	13
6102	14
6103	23
6104	23
6105	16
6106	25
6107	22
6108	17
6109	13
6110	19
6111	14
6112	17
6113	19
6114	10
6115	13
6116	16
6117	16
6118	29
6119	24
6120	15
6121	19
6122	17
6123	16
6124	19
6125	23
6126	15
6127	23
6128	20
6129	31
6130	22
6131	26
6132	17
6133	14
6134	18
6135	22
6136	17
6137	17
6138	20
6139	15
6140	15
6141	17
6142	23
6143	15
6144	17
6145	13
6146	17
6147	10
6148	13
6149	20
6150	13
6151	12
6152	16
6153	12
6154	16
6155	13
6156	20
6157	30
6158	26
6159	9
6160	24
6161	13
6162	19
6163	16
6164	16
6165	13
6166	15
6167	18
6168	15
6169	19
6170	15
6171	18
6172	16
6173	17
6174	18
6175	17
6176	16
6177	12
6178	16
6179	13
6180	13
6181	19
6182	15
6183	12
6184	20
6185	16
6186	9
6187	11
6188	20
6189	22
6190	22
6191	22
6192	15
6193	22
6194	15
6195	27
6196	14
6197	13
6198	9
6199	13
6200	15
6201	20
6202	20
6203	10
6204	16
6205	27
6206	19
6207	27
6208	25
6209	16
6210	15
6211	25
6212	14
6213	19
6214	16
6215	17
6216	17
6217	15
6218	21
6219	16
6220	24
6221	13
6222	28
6223	17
6224	22
6225	11
6226	12
6227	20
6228	25
6229	19
6230	17
6231	11
6232	19
6233	17
6234	17
6235	17
6236	19
6237	20
6238	14
6239	16
6240	18
6241	12
6242	20
6243	22
6244	25
6245	15
6246	16
6247	19
6248	9
6249	29
6250	14
6251	22
6252	22
6253	20
6254	19
6255	13
6256	13
6257	8
6258	14
6259	18
6260	17
6261	20
6262	7
6263	21
6264	18
6265	22
6266	22
6267	13
6268	22
6269	18
6270	12
6271	13
6272	23
6273	17
6274	16
6275	19
6276	11
6277	20
6278	14
6279	12
6280	16
6281	16
6282	23
6283	14
6284	21
6285	20
6286	13
6287	15
6288	18
6289	14
6290	18
6291	18
6292	17
6293	18
6294	19
6295	12
6296	19
6297	12
6298	24
6299	17
6300	13
6301	14
6302	18
6303	15
6304	18
6305	21
6306	26
6307	20
6308	11
6309	18
6310	20
6311	16
6312	15
6313	18
6314	15
6315	17
6316	18
6317	14
6318	12
6319	14
6320	20
6321	16
6322	15
6323	26
6324	9
6325	18
6326	19
6327	9
6328	14
6329	16
6330	16
6331	22
6332	9
6333	14
6334	26
6335	25
6336	17
6337	12
6338	19
6339	20
6340	15
6341	17
6342	17
6343	11
6344	18
6345	19
6346	20
6347	15
6348	24
6349	19
6350	15
6351	17
6352	20
6353	19
6354	22
6355	21
6356	12
6357	8
6358	17
6359	17
6360	20
6361	19
6362	19
6363	17
6364	12
6365	16
6366	13
6367	18
6368	13
6369	12
6370	13
6371	16
6372	14
6373	12
6374	17
6375	16
6376	11
6377	12
6378	16
6379	15
6380	18
6381	21
6382	13
6383	10
6384	14
6385	14
6386	20
6387	19
6388	17
6389	14
6390	16
6391	20
6392	19
6393	16
6394	21
6395	8
6396	14
6397	20
6398	16
6399	14
6400	12
6401	16
6402	13
6403	14
6404	21
6405	17
6406	17
6407	9
6408	17
6409	16
6410	20
6411	18
6412	14
6413	10
6414	16
6415	17
6416	17
6417	17
6418	22
6419	17
6420	16
6421	16
6422	14
6423	22
6424	22
6425	16
6426	15
6427	11
6428	19
6429	12
6430	15
6431	18
6432	18
6433	16
6434	9
6435	15
6436	23
6437	11
6438	15
6439	18
6440	23
6441	19
6442	13
6443	17
6444	27
6445	14
6446	20
6447	13
6448	19
6449	11
6450	18
6451	6
6452	17
6453	12
6454	18
6455	13
6456	20
6457	13
6458	23
6459	11
6460	20
6461	20
6462	11
6463	23
6464	23
6465	21
6466	16
6467	20
6468	18
6469	18
6470	8
6471	9
6472	16
6473	13
6474	12
6475	18
6476	15
6477	8
6478	22
6479	24
6480	16
6481	15
6482	12
6483	12
6484	14
6485	10
6486	19
6487	17
6488	12
6489	17
6490	15
6491	19
6492	19
6493	19
6494	18
6495	13
6496	13
6497	14
6498	13
6499	21
6500	16
6501	16
6502	14
6503	10
6504	11
6505	9
6506	15
6507	14
6508	20
6509	11
6510	17
6511	11
6512	12
6513	17
6514	11
6515	15
6516	13
6517	19
6518	19
6519	19
6520	18
6521	9
6522	14
6523	16
6524	11
6525	11
6526	14
6527	19
6528	16
6529	14
6530	16
6531	19
6532	16
6533	12
6534	13
6535	13
6536	15
6537	18
6538	12
6539	12
6540	10
6541	8
6542	22
6543	19
6544	15
6545	17
6546	24
6547	16
6548	16
6549	14
6550	9
6551	20
6552	21
6553	10
6554	18
6555	11
6556	14
6557	14
6558	12
6559	13
6560	20
6561	8
6562	19
6563	19
6564	10
6565	19
6566	27
6567	17
6568	8
6569	14
6570	12
6571	17
6572	19
6573	28
6574	14
6575	13
6576	11
6577	17
6578	10
6579	12
6580	19
6581	20
6582	11
6583	11
6584	20
6585	13
6586	11
6587	6
6588	13
6589	17
6590	16
6591	16
6592	16
6593	16
6594	17
6595	21
6596	19
6597	17
6598	12
6599	7
6600	17
6601	17
6602	16
6603	13
6604	12
6605	11
6606	12
6607	11
6608	19
6609	18
6610	14
6611	17
6612	13
6613	17
6614	13
6615	21
6616	10
6617	9
6618	11
6619	10
6620	14
6621	12
6622	19
6623	17
6624	26
6625	17
6626	14
6627	13
6628	14
6629	18
6630	16
6631	17
6632	12
6633	19
6634	17
6635	15
6636	18
6637	16
6638	14
6639	7
6640	7
6641	18
6642	12
6643	23
6644	14
6645	15
6646	19
6647	16
6648	13
6649	7
6650	17
6651	20
6652	19
6653	18
6654	12
6655	11
6656	13
6657	16
6658	10
6659	17
6660	18
6661	14
6662	15
6663	16
6664	11
6665	15
6666	13
6667	17
6668	11
6669	20
6670	15
6671	16
6672	17
6673	14
6674	21
6675	13
6676	14
6677	11
6678	10
6679	11
6680	17
6681	14
6682	24
6683	14
6684	18
6685	11
6686	19
6687	13
6688	16
6689	18
6690	14
6691	29
6692	13
6693	14
6694	20
6695	12
6696	14
6697	17
6698	9
6699	19
6700	13
6701	10
6702	21
6703	10
6704	14
6705	11
6706	10
6707	12
6708	9
6709	14
6710	18
6711	18
6712	14
6713	14
6714	17
6715	14
6716	15
6717	15
6718	14
6719	13
6720	8
6721	18
6722	15
6723	7
6724	17
6725	17
6726	15
6727	13
6728	21
6729	15
6730	20
6731	13
6732	20
6733	12
6734	13
6735	16
6736	14
6737	13
6738	15
6739	17
6740	11
6741	18
6742	14
6743	16
6744	17
6745	14
6746	13
6747	12
6748	11
6749	12
6750	18
6751	10
6752	24
6753	11
6754	20
6755	13
6756	17
6757	11
6758	16
6759	12
6760	22
6761	17
6762	13
6763	14
6764	11
6765	14
6766	9
6767	12
6768	15
6769	10
6770	8
6771	16
6772	13
6773	17
6774	21
6775	9
6776	19
6777	19
6778	10
6779	16
6780	15
6781	10
6782	15
6783	15
6784	12
6785	9
6786	7
6787	16
6788	18
6789	10
6790	17
6791	5
6792	10
6793	7
6794	11
6795	11
6796	22
6797	16
6798	17
6799	13
6800	12
6801	10
6802	13
6803	12
6804	14
6805	9
6806	15
6807	11
6808	16
6809	17
6810	14
6811	11
6812	10
6813	17
6814	15
6815	8
6816	4
6817	8
6818	15
6819	11
6820	17
6821	18
6822	7
6823	8
6824	13
6825	17
6826	17
6827	15
6828	10
6829	14
6830	15
6831	15
6832	17
6833	10
6834	9
6835	17
6836	15
6837	11
6838	9
6839	11
6840	18
6841	12
6842	17
6843	15
6844	10
6845	15
6846	12
6847	13
6848	14
6849	10
6850	15
6851	11
6852	15
6853	17
6854	19
6855	18
6856	12
6857	12
6858	16
6859	13
6860	13
6861	16
6862	13
6863	19
6864	15
6865	14
6866	25
6867	18
6868	13
6869	8
6870	11
6871	10
6872	11
6873	22
6874	13
6875	10
6876	18
6877	17
6878	8
6879	9
6880	8
6881	6
6882	8
6883	10
6884	8
6885	12
6886	16
6887	9
6888	14
6889	12
6890	18
6891	13
6892	16
6893	18
6894	12
6895	12
6896	20
6897	11
6898	13
6899	8
6900	10
6901	10
6902	9
6903	11
6904	8
6905	9
6906	15
6907	16
6908	16
6909	12
6910	12
6911	7
6912	22
6913	14
6914	18
6915	7
6916	9
6917	17
6918	15
6919	15
6920	9
6921	8
6922	12
6923	12
6924	11
6925	11
6926	16
6927	12
6928	15
6929	11
6930	11
6931	18
6932	13
6933	14
6934	8
6935	9
6936	11
6937	18
6938	15
6939	9
6940	11
6941	9
6942	16
6943	16
6944	17
6945	9
6946	13
6947	8
6948	18
6949	14
6950	14
6951	14
6952	13
6953	7
6954	13
6955	12
6956	17
6957	6
6958	8
6959	18
6960	12
6961	16
6962	11
6963	7
6964	9
6965	10
6966	14
6967	8
6968	9
6969	14
6970	12
6971	8
6972	5
6973	10
6974	21
6975	11
6976	8
6977	15
6978	11
6979	10
6980	18
6981	9
6982	11
6983	12
6984	10
6985	14
6986	11
6987	12
6988	7
6989	10
6990	9
6991	11
6992	17
6993	12
6994	12
6995	8
6996	8
6997	12
6998	16
6999	7
7000	17
7001	13
7002	13
7003	13
7004	15
7005	11
7006	21
7007	14
7008	8
7009	9
7010	14
7011	8
7012	10
7013	16
7014	19
7015	19
7016	12
7017	9
7018	16
7019	13
7020	17
7021	15
7022	16
7023	10
7024	18
7025	12
7026	11
7027	14
7028	14
7029	12
7030	13
7031	8
7032	18
7033	14
7034	12
7035	10
7036	11
7037	9
7038	13
7039	6
7040	15
7041	11
7042	12
7043	5
7044	7
7045	11
7046	11
7047	10
7048	11
7049	5
7050	10
7051	14
7052	14
7053	12
7054	13
7055	15
7056	15
7057	10
7058	11
7059	9
7060	22
7061	14
7062	10
7063	8
7064	9
7065	14
7066	11
7067	11
7068	14
7069	13
7070	16
7071	7
7072	12
7073	10
7074	7
7075	12
7076	11
7077	12
7078	16
7079	14
7080	16
7081	7
7082	10
7083	12
7084	10
7085	7
7086	14
7087	7
7088	18
7089	11
7090	8
7091	14
7092	17
7093	15
7094	8
7095	10
7096	8
7097	12
7098	10
7099	17
7100	10
7101	6
7102	17
7103	12
7104	14
7105	13
7106	12
7107	4
7108	13
7109	10
7110	15
7111	9
7112	10
7113	6
7114	11
7115	7
7116	12
7117	12
7118	11
7119	7
7120	10
7121	10
7122	13
7123	10
7124	9
7125	10
7126	11
7127	15
7128	9
7129	13
7130	6
7131	17
7132	18
7133	11
7134	12
7135	10
7136	8
7137	13
7138	13
7139	11
7140	17
7141	11
7142	18
7143	10
7144	16
7145	12
7146	19
7147	9
7148	12
7149	11
7150	11
7151	16
7152	13
7153	11
7154	6
7155	9
7156	10
7157	14
7158	13
7159	9
7160	6
7161	11
7162	8
7163	13
7164	12
7165	11
7166	11
7167	11
7168	11
7169	7
7170	7
7171	7
7172	16
7173	9
7174	9
7175	7
7176	11
7177	8
7178	9
7179	8
7180	14
7181	14
7182	10
7183	9
7184	9
7185	10
7186	10
7187	8
7188	15
7189	13
7190	19
7191	7
7192	12
7193	9
7194	8
7195	16
7196	8
7197	11
7198	10
7199	12
7200	12
7201	13
7202	14
7203	12
7204	6
7205	13
7206	7
7207	12
7208	10
7209	10
7210	10
7211	12
7212	6
7213	14
7214	12
7215	6
7216	13
7217	15
7218	12
7219	9
7220	8
7221	12
7222	10
7223	9
7224	13
7225	12
7226	14
7227	12
7228	8
7229	7
7230	12
7231	9
7232	19
7233	14
7234	9
7235	10
7236	12
7237	11
7238	10
7239	11
7240	8
7241	9
7242	8
7243	7
7244	13
7245	16
7246	11
7247	13
7248	5
7249	10
7250	15
7251	9
7252	13
7253	8
7254	11
7255	14
7256	11
7257	13
7258	11
7259	11
7260	10
7261	14
7262	8
7263	15
7264	8
7265	8
7266	11
7267	10
7268	14
7269	12
7270	9
7271	11
7272	12
7273	11
7274	9
7275	11
7276	14
7277	7
7278	17
7279	16
7280	18
7281	11
7282	16
7283	13
7284	10
7285	10
7286	11
7287	9
7288	10
7289	13
7290	14
7291	10
7292	8
7293	12
7294	9
7295	11
7296	7
7297	11
7298	17
7299	10
7300	14
7301	15
7302	6
7303	9
7304	12
7305	12
7306	6
7307	8
7308	11
7309	13
7310	10
7311	13
7312	16
7313	12
7314	16
7315	12
7316	6
7317	18
7318	8
7319	19
7320	10
7321	13
7322	16
7323	13
7324	13
7325	16
7326	11
7327	12
7328	8
7329	17
7330	9
7331	10
7332	9
7333	15
7334	20
7335	19
7336	12
7337	11
7338	11
7339	15
7340	14
7341	12
7342	15
7343	14
7344	7
7345	9
7346	9
7347	12
7348	15
7349	7
7350	6
7351	4
7352	5
7353	13
7354	9
7355	13
7356	9
7357	10
7358	10
7359	10
7360	12
7361	13
7362	13
7363	13
7364	16
7365	10
7366	18
7367	11
7368	10
7369	13
7370	10
7371	12
7372	13
7373	20
7374	8
7375	9
7376	7
7377	13
7378	12
7379	12
7380	16
7381	13
7382	8
7383	21
7384	14
7385	9
7386	12
7387	12
7388	12
7389	19
7390	11
7391	11
7392	11
7393	14
7394	20
7395	13
7396	9
7397	12
7398	8
7399	18
7400	14
7401	11
7402	17
7403	10
7404	9
7405	16
7406	15
7407	18
7408	4
7409	12
7410	12
7411	16
7412	7
7413	8
7414	10
7415	14
7416	17
7417	9
7418	15
7419	24
7420	13
7421	19
7422	15
7423	13
7424	14
7425	18
7426	8
7427	15
7428	12
7429	16
7430	10
7431	11
7432	12
7433	10
7434	16
7435	16
7436	15
7437	22
7438	13
7439	16
7440	21
7441	20
7442	13
7443	10
7444	30
7445	17
7446	24
7447	13
7448	14
7449	7
7450	21
7451	12
7452	14
7453	13
7454	11
7455	12
7456	23
7457	10
7458	18
7459	16
7460	25
7461	22
7462	8
7463	17
7464	14
7465	7
7466	14
7467	11
7468	8
7469	18
7470	18
7471	13
7472	20
7473	9
7474	22
7475	12
7476	12
7477	9
7478	15
7479	15
7480	16
7481	15
7482	14
7483	15
7484	13
7485	14
7486	18
7487	12
7488	15
7489	22
7490	19
7491	19
7492	18
7493	18
7494	27
7495	19
7496	12
7497	14
7498	23
7499	15
7500	20
7501	17
7502	19
7503	14
7504	20
7505	24
7506	11
7507	19
7508	16
7509	16
7510	21
7511	10
7512	16
7513	16
7514	15
7515	16
7516	21
7517	16
7518	14
7519	24
7520	17
7521	11
7522	19
7523	33
7524	23
7525	12
7526	31
7527	23
7528	27
7529	21
7530	16
7531	24
7532	25
7533	16
7534	16
7535	29
7536	19
7537	25
7538	16
7539	24
7540	23
7541	18
7542	21
7543	25
7544	21
7545	17
7546	18
7547	24
7548	17
7549	15
7550	17
7551	21
7552	28
7553	20
7554	20
7555	12
7556	42
7557	24
7558	25
7559	19
7560	25
7561	29
7562	18
7563	18
7564	22
7565	15
7566	23
7567	21
7568	25
7569	26
7570	26
7571	19
7572	22
7573	15
7574	15
7575	26
7576	27
7577	37
7578	24
7579	19
7580	20
7581	20
7582	24
7583	23
7584	15
7585	19
7586	25
7587	27
7588	23
7589	28
7590	28
7591	26
7592	18
7593	24
7594	21
7595	29
7596	28
7597	28
7598	29
7599	20
7600	27
7601	33
7602	32
7603	26
7604	27
7605	25
7606	22
7607	16
7608	22
7609	35
7610	17
7611	31
7612	23
7613	25
7614	22
7615	27
7616	27
7617	28
7618	30
7619	29
7620	31
7621	26
7622	30
7623	41
7624	26
7625	26
7626	29
7627	26
7628	23
7629	27
7630	28
7631	25
7632	24
7633	18
7634	34
7635	32
7636	22
7637	32
7638	20
7639	35
7640	32
7641	30
7642	21
7643	29
7644	28
7645	35
7646	32
7647	30
7648	34
7649	30
7650	27
7651	31
7652	32
7653	34
7654	32
7655	24
7656	25
7657	30
7658	27
7659	32
7660	23
7661	28
7662	29
7663	43
7664	26
7665	31
7666	29
7667	35
7668	32
7669	30
7670	29
7671	28
7672	37
7673	28
7674	33
7675	35
7676	27
7677	30
7678	27
7679	27
7680	30
7681	41
7682	22
7683	33
7684	29
7685	29
7686	31
7687	31
7688	26
7689	36
7690	26
7691	34
7692	31
7693	26
7694	37
7695	31
7696	28
7697	22
7698	32
7699	31
7700	23
7701	25
7702	42
7703	27
7704	36
7705	24
7706	31
7707	28
7708	38
7709	30
7710	25
7711	32
7712	28
7713	33
7714	24
7715	43
7716	29
7717	33
7718	30
7719	29
7720	28
7721	33
7722	32
7723	25
7724	23
7725	22
7726	26
7727	34
7728	29
7729	23
7730	31
7731	35
7732	22
7733	35
7734	28
7735	26
7736	34
7737	27
7738	28
7739	30
7740	25
7741	28
7742	35
7743	30
7744	28
7745	25
7746	29
7747	32
7748	23
7749	29
7750	29
7751	37
7752	33
7753	36
7754	33
7755	25
7756	27
7757	27
7758	28
7759	33
7760	32
7761	24
7762	33
7763	23
7764	26
7765	40
7766	26
7767	24
7768	35
7769	18
7770	37
7771	26
7772	28
7773	29
7774	28
7775	38
7776	26
7777	24
7778	26
7779	29
7780	29
7781	29
7782	35
7783	20
7784	22
7785	28
7786	25
7787	18
7788	20
7789	25
7790	17
7791	32
7792	21
7793	33
7794	29
7795	22
7796	27
7797	33
7798	24
7799	17
7800	30
7801	16
7802	22
7803	22
7804	28
7805	23
7806	24
7807	29
7808	26
7809	26
7810	19
7811	28
7812	33
7813	21
7814	29
7815	16
7816	23
7817	25
7818	22
7819	22
7820	29
7821	22
7822	20
7823	23
7824	26
7825	26
7826	27
7827	27
7828	25
7829	21
7830	19
7831	26
7832	22
7833	17
7834	28
7835	27
7836	21
7837	14
7838	13
7839	21
7840	13
7841	28
7842	21
7843	31
7844	22
7845	18
7846	20
7847	26
7848	17
7849	16
7850	19
7851	24
7852	16
7853	24
7854	21
7855	14
7856	19
7857	17
7858	20
7859	24
7860	14
7861	22
7862	22
7863	23
7864	15
7865	23
7866	21
7867	15
7868	19
7869	16
7870	25
7871	17
7872	27
7873	20
7874	13
7875	25
7876	12
7877	17
7878	10
7879	12
7880	15
7881	9
7882	9
7883	6
7884	12
7885	8
7886	5
7887	1
7888	3
7889	1
7890	4
7891	0
7892	3
7893	1
7894	0
7895	3
7896	0
7897	1
7898	0
7899	0
7900	0
7901	0
7902	0
7903	0
7904	0
7905	0
7906	0
7907	0
7908	0
7909	0
7910	0
7911	0
7912	0
7913	0
7914	0
7915	0
7916	2
7917	0
7918	1
7919	0
7920	0
7921	0
7922	1
7923	0
7924	0
7925	0
7926	1
7927	0
7928	0
7929	1
7930	0
7931	0
7932	0
7933	0
7934	0
7935	0
7936	0
7937	0
7938	0
7939	0
7940	0
7941	0
7942	0
7943	0
7944	0
7945	0
7946	0
7947	0
7948	0
7949	0
7950	0
7951	0
7952	0
7953	0
7954	0
7955	1
7956	0
7957	0
7958	0
7959	0
7960	0
7961	0
7962	0
7963	0
7964	0
7965	0
7966	0
7967	0
7968	0
7969	0
7970	0
7971	0
7972	0
7973	0
7974	0
7975	0
7976	0
7977	0
7978	0
7979	0
7980	0
7981	0
7982	0
7983	0
7984	0
7985	0
7986	0
7987	0
7988	0
7989	0
7990	0
7991	0
7992	0
7993	0
7994	0
7995	0
7996	0
7997	0
7998	0
7999	0
8000	0
8001	0
8002	0
8003	0
8004	0
8005	0
8006	0
8007	0
8008	0
8009	0
8010	0
8011	0
8012	0
8013	0
8014	0
8015	0
8016	0
8017	0
8018	0
8019	0
8020	0
8021	0
8022	0
8023	0
8024	0
8025	0
8026	0
8027	0
8028	0
8029	0
8030	0
8031	0
8032	0
8033	0
8034	0
8035	0
8036	0
8037	0
8038	0
8039	0
8040	0
8041	0
8042	0
8043	0
8044	0
8045	0
8046	0
8047	0
8048	0
8049	0
8050	0
8051	0
8052	0
8053	0
8054	0
8055	0
8056	0
8057	0
8058	0
8059	0
8060	0
8061	0
8062	0
8063	0
8064	0
8065	0
8066	0
8067	0
8068	0
8069	0
8070	0
8071	0
8072	0
8073	0
8074	0
8075	0
8076	0
8077	0
8078	0
8079	0
8080	0
8081	0
8082	0
8083	0
8084	0
8085	0
8086	0
8087	0
8088	0
8089	0
8090	0
8091	0
8092	0
8093	0
8094	0
8095	0
8096	0
8097	0
8098	0
8099	0
8100	0
8101	0
8102	0
8103	0
8104	0
8105	0
8106	0
8107	0
8108	0
8109	0
8110	0
8111	0
8112	0
8113	0
8114	0
8115	0
8116	0
8117	0
8118	0
8119	0
8120	0
8121	0
8122	0
8123	0
8124	0
8125	0
8126	0
8127	0
8128	0
8129	0
8130	0
8131	0
8132	0
8133	0
8134	0
8135	0
8136	0
8137	0
8138	0
8139	0
8140	0
8141	0
8142	0
8143	0
8144	0
8145	0
8146	0
8147	0
8148	0
8149	0
8150	0
8151	0
8152	0
8153	0
8154	0
8155	0
8156	0
8157	0
8158	0
8159	0
8160	0
8161	0
8162	0
8163	0
8164	0
8165	0
8166	0
8167	0
8168	0
8169	0
8170	0
8171	0
8172	0
8173	0
8174	0
8175	0
8176	0
8177	0
8178	0
8179	0
8180	0
8181	0
8182	0
8183	0
8184	0
8185	0
8186	0
8187	0
8188	0
8189	0
8190	0
8191	0
