0	464
1	30
2	34
3	39
4	49
5	52
6	39
7	54
8	57
9	63
10	76
11	65
12	74
13	97
14	100
15	114
16	120
17	117
18	115
19	135
20	151
21	171
22	189
23	150
24	194
25	185
26	169
27	206
28	244
29	275
30	356
31	454
32	469
33	517
34	494
35	457
36	440
37	499
38	520
39	543
40	587
41	710
42	854
43	1125
44	1152
45	1238
46	1312
47	1358
48	1383
49	1547
50	2628
51	7904
52	21079
53	47010
54	103167
55	173664
56	213186
57	222732
58	226487
59	231747
60	232563
61	233350
62	231559
63	229380
64	223692
65	218916
66	212183
67	205516
68	197831
69	190654
70	182305
71	174275
72	165378
73	157419
74	150427
75	140845
76	134200
77	126511
78	119872
79	112166
80	106234
81	100680
82	95631
83	90423
84	85752
85	80773
86	76755
87	73398
88	69773
89	66426
90	63792
91	61400
92	59125
93	56548
94	54681
95	53034
96	51221
97	49568
98	48374
99	47322
100	46283
101	44638
102	44248
103	43266
104	42149
105	41931
106	40970
107	40214
108	40096
109	39333
110	38632
111	38461
112	38344
113	37823
114	37669
115	37637
116	37185
117	37086
118	36932
119	37217
120	36795
121	37058
122	36980
123	37100
124	36929
125	37409
126	37407
127	37642
128	37641
129	38325
130	38333
131	38741
132	38585
133	38942
134	39879
135	39467
136	40241
137	40511
138	41229
139	41043
140	41479
141	41825
142	42402
143	42340
144	42756
145	42987
146	43814
147	43208
148	43801
149	43846
150	43726
151	43798
152	43744
153	43538
154	43472
155	43673
156	43404
157	43040
158	43240
159	42995
160	42578
161	42259
162	42183
163	41993
164	41502
165	41159
166	41360
167	40955
168	41084
169	40802
170	40821
171	40960
172	40708
173	40906
174	40914
175	41137
176	41597
177	42204
178	42594
179	43089
180	44065
181	45083
182	46267
183	47490
184	48662
185	50068
186	52006
187	54295
188	55683
189	58510
190	61023
191	64112
192	66380
193	70028
194	73115
195	76861
196	80571
197	84179
198	88181
199	91853
200	96360
201	100807
202	105362
203	110053
204	114394
205	118855
206	123317
207	127018
208	130034
209	135018
210	139199
211	141673
212	145480
213	148111
214	151002
215	154314
216	155459
217	157439
218	158989
219	160456
220	160885
221	162349
222	162471
223	162802
224	161827
225	162308
226	161393
227	161031
228	160603
229	158989
230	157958
231	156743
232	154934
233	155070
234	153425
235	151586
236	150532
237	148765
238	148097
239	146011
240	144776
241	143821
242	143339
243	141882
244	140936
245	139604
246	137923
247	137083
248	136819
249	134910
250	134300
251	133171
252	132188
253	131771
254	129720
255	128679
256	128044
257	125732
258	124919
259	123763
260	122706
261	121468
262	119534
263	119243
264	116611
265	115025
266	113562
267	113185
268	110499
269	109384
270	108168
271	106205
272	104784
273	102855
274	101318
275	100417
276	98842
277	97286
278	96336
279	93645
280	93147
281	91483
282	89939
283	88082
284	87155
285	85582
286	84497
287	82929
288	82063
289	80881
290	79346
291	78000
292	77171
293	75455
294	74443
295	73427
296	72238
297	70900
298	69727
299	69075
300	67477
301	66557
302	65440
303	64238
304	63560
305	62521
306	61458
307	59696
308	58908
309	57688
310	56493
311	55916
312	54791
313	53887
314	52533
315	51846
316	50616
317	49853
318	48695
319	47769
320	46650
321	46332
322	45088
323	44282
324	43629
325	42743
326	41986
327	40862
328	40005
329	39191
330	38337
331	38052
332	37460
333	36523
334	35785
335	35428
336	35114
337	34208
338	33664
339	33149
340	32856
341	32380
342	31887
343	31474
344	31650
345	30878
346	30751
347	30098
348	29742
349	29740
350	29086
351	29305
352	28688
353	28315
354	28311
355	27863
356	27664
357	27348
358	27400
359	26901
360	26992
361	26889
362	26949
363	26661
364	26652
365	26571
366	26269
367	26379
368	25984
369	25936
370	26136
371	25903
372	25866
373	25607
374	25769
375	25495
376	25474
377	25216
378	25352
379	25355
380	24885
381	25364
382	25337
383	25399
384	25337
385	25064
386	25031
387	25352
388	25205
389	25305
390	25457
391	25316
392	25280
393	25834
394	25584
395	25413
396	25784
397	26109
398	25926
399	26357
400	26282
401	26575
402	26820
403	26605
404	27268
405	27197
406	27564
407	27552
408	28257
409	27979
410	28578
411	28772
412	28698
413	29238
414	29608
415	30021
416	30288
417	30347
418	30788
419	31079
420	31550
421	31709
422	32056
423	31987
424	32460
425	33005
426	33234
427	33326
428	33867
429	33837
430	34118
431	34329
432	34375
433	34366
434	34662
435	35050
436	34672
437	35244
438	35082
439	35012
440	34977
441	35606
442	35196
443	35377
444	35141
445	35082
446	34939
447	34752
448	34894
449	34863
450	34229
451	34145
452	34256
453	33968
454	33468
455	33690
456	33280
457	32977
458	32356
459	32680
460	32177
461	31795
462	31790
463	30969
464	31061
465	30698
466	30294
467	29963
468	29596
469	29771
470	29403
471	28677
472	28793
473	28069
474	28153
475	27648
476	27612
477	27376
478	27147
479	27301
480	26659
481	26725
482	26786
483	26437
484	26252
485	25898
486	26087
487	25789
488	25506
489	25571
490	25506
491	25315
492	25132
493	25501
494	25303
495	25253
496	25024
497	25005
498	24903
499	25118
500	24785
501	24832
502	24828
503	24971
504	24794
505	25022
506	24775
507	24981
508	24748
509	24809
510	24866
511	24533
512	25204
513	24976
514	24933
515	24981
516	25089
517	25415
518	24987
519	25329
520	25161
521	25482
522	25313
523	25395
524	25402
525	25592
526	25312
527	25526
528	25456
529	25607
530	25465
531	25524
532	25443
533	25719
534	25220
535	25691
536	25735
537	25964
538	25606
539	25819
540	26095
541	25956
542	25981
543	25954
544	26103
545	26004
546	26217
547	26003
548	26412
549	26095
550	26556
551	26465
552	26476
553	26493
554	26428
555	27050
556	27076
557	26896
558	27490
559	27615
560	27978
561	27834
562	28192
563	28184
564	28610
565	28728
566	29149
567	29256
568	29641
569	29685
570	30550
571	30629
572	31293
573	31589
574	31769
575	32470
576	32998
577	33131
578	33690
579	34226
580	34678
581	34927
582	36060
583	36730
584	37280
585	37537
586	38181
587	39004
588	39472
589	39711
590	40371
591	41640
592	42131
593	42505
594	43464
595	44110
596	45152
597	45709
598	45930
599	46536
600	47469
601	47825
602	48492
603	49246
604	49995
605	50355
606	50986
607	51750
608	52012
609	52119
610	52828
611	52988
612	53883
613	53165
614	54031
615	54136
616	54645
617	54480
618	55083
619	55473
620	55153
621	55623
622	55630
623	55299
624	55525
625	55396
626	54894
627	54862
628	55443
629	54799
630	54913
631	54707
632	53927
633	53790
634	53061
635	52871
636	52257
637	51944
638	51551
639	51204
640	50309
641	49824
642	49406
643	48575
644	48330
645	47568
646	46812
647	46141
648	45242
649	45045
650	44307
651	43743
652	43321
653	42641
654	41836
655	41250
656	40839
657	39635
658	39687
659	38722
660	38196
661	37959
662	37420
663	36743
664	36451
665	35229
666	35107
667	34608
668	34069
669	33982
670	33568
671	33399
672	33111
673	32498
674	32450
675	31830
676	31600
677	31379
678	31576
679	31039
680	30726
681	30645
682	30337
683	30324
684	30221
685	30415
686	30412
687	30184
688	30136
689	29977
690	30509
691	30202
692	30332
693	30417
694	31002
695	30563
696	30506
697	31091
698	30973
699	31198
700	31706
701	31588
702	32055
703	32055
704	32305
705	33452
706	33394
707	33647
708	34194
709	34276
710	34391
711	34655
712	35745
713	35954
714	36436
715	36526
716	37318
717	37663
718	38119
719	38366
720	38925
721	39834
722	39941
723	40324
724	40894
725	41598
726	42241
727	42382
728	43295
729	44046
730	44138
731	44809
732	45551
733	46126
734	46332
735	47145
736	47485
737	48236
738	48517
739	49109
740	49535
741	50473
742	51001
743	50898
744	51441
745	52092
746	52612
747	53416
748	53312
749	53930
750	54039
751	54563
752	55100
753	55318
754	56064
755	56349
756	56946
757	56989
758	57570
759	57179
760	57282
761	57641
762	57713
763	57988
764	58465
765	58049
766	58185
767	58598
768	58543
769	58442
770	58777
771	58883
772	58713
773	58267
774	58243
775	58282
776	58355
777	57935
778	57873
779	57422
780	57497
781	57188
782	56942
783	56802
784	56222
785	55990
786	55467
787	55277
788	55429
789	54563
790	54033
791	53970
792	53497
793	53197
794	52346
795	52164
796	51666
797	50865
798	50057
799	49955
800	49184
801	48500
802	48323
803	48050
804	47241
805	46653
806	46086
807	45264
808	45203
809	44355
810	43767
811	43321
812	42659
813	42648
814	41452
815	40618
816	40070
817	39728
818	39137
819	38528
820	37833
821	37267
822	36748
823	36286
824	35181
825	35116
826	34309
827	34131
828	33579
829	33035
830	32391
831	31732
832	31523
833	31123
834	30387
835	30232
836	29622
837	29159
838	28896
839	28295
840	27687
841	27535
842	27224
843	26733
844	26224
845	25740
846	25565
847	25146
848	24704
849	24257
850	24163
851	23722
852	23486
853	23110
854	22863
855	22575
856	22673
857	21993
858	22022
859	21543
860	21253
861	21229
862	21020
863	20693
864	20349
865	20479
866	20123
867	20075
868	19923
869	19769
870	19389
871	19235
872	19344
873	18884
874	18894
875	18664
876	18532
877	18421
878	18311
879	18146
880	18093
881	17939
882	17910
883	17802
884	17619
885	17472
886	17510
887	17259
888	17276
889	17161
890	17198
891	17234
892	16902
893	16996
894	16722
895	16952
896	16988
897	16607
898	16727
899	16602
900	16568
901	16506
902	16424
903	16288
904	16167
905	16402
906	16265
907	16215
908	16054
909	16185
910	16135
911	15941
912	16201
913	15670
914	15822
915	15774
916	15978
917	15670
918	15715
919	15551
920	15547
921	15754
922	15413
923	15673
924	15673
925	15401
926	15369
927	15482
928	15550
929	15505
930	15389
931	15180
932	15106
933	15542
934	15334
935	15298
936	15043
937	15326
938	15208
939	15144
940	15192
941	15298
942	15073
943	15205
944	15264
945	15143
946	15149
947	15088
948	15100
949	14919
950	15135
951	15271
952	15006
953	15076
954	15007
955	14884
956	15091
957	15038
958	15089
959	14994
960	14965
961	15108
962	15048
963	14857
964	15197
965	15141
966	14855
967	14898
968	15034
969	15085
970	14885
971	14975
972	15019
973	15139
974	15296
975	14925
976	15315
977	15219
978	14984
979	14959
980	15332
981	15123
982	15091
983	15211
984	15103
985	15144
986	14874
987	15117
988	15280
989	15189
990	15334
991	15413
992	15368
993	15405
994	15364
995	15288
996	15435
997	15239
998	15350
999	15354
1000	15386
1001	15307
1002	15385
1003	15572
1004	15401
1005	15548
1006	15223
1007	15491
1008	15444
1009	15518
1010	15350
1011	15674
1012	15434
1013	15542
1014	15515
1015	15480
1016	15404
1017	15528
1018	15450
1019	15431
1020	15642
1021	15460
1022	15373
1023	15664
1024	15564
1025	15694
1026	15646
1027	15794
1028	15571
1029	15538
1030	15419
1031	15578
1032	15522
1033	15400
1034	15375
1035	15482
1036	15499
1037	15329
1038	15641
1039	15449
1040	15637
1041	15537
1042	15604
1043	15802
1044	15515
1045	15402
1046	15700
1047	15599
1048	15476
1049	15681
1050	15471
1051	15356
1052	15260
1053	15227
1054	15427
1055	15245
1056	15108
1057	15210
1058	15050
1059	14737
1060	15152
1061	15060
1062	15065
1063	15111
1064	14887
1065	15083
1066	15006
1067	15153
1068	14800
1069	14879
1070	14836
1071	14917
1072	14811
1073	14639
1074	14523
1075	14826
1076	14576
1077	14585
1078	14405
1079	14635
1080	14388
1081	14438
1082	14218
1083	14431
1084	14089
1085	14174
1086	14217
1087	14335
1088	14240
1089	14079
1090	13863
1091	14101
1092	14092
1093	14102
1094	14026
1095	13694
1096	13701
1097	13672
1098	13649
1099	13509
1100	13639
1101	13616
1102	13569
1103	13382
1104	13326
1105	13192
1106	13340
1107	13188
1108	12999
1109	13436
1110	13205
1111	13325
1112	13037
1113	12918
1114	12964
1115	12875
1116	12917
1117	12945
1118	12955
1119	12919
1120	12816
1121	12717
1122	12657
1123	12728
1124	12737
1125	12684
1126	12344
1127	12657
1128	12557
1129	12570
1130	12219
1131	12414
1132	12117
1133	12287
1134	12220
1135	12218
1136	12243
1137	12195
1138	12363
1139	12232
1140	12096
1141	12234
1142	12143
1143	12084
1144	12023
1145	12032
1146	11904
1147	11962
1148	11924
1149	11863
1150	11974
1151	11868
1152	11808
1153	11959
1154	11872
1155	11870
1156	11796
1157	11751
1158	11842
1159	11800
1160	11766
1161	11742
1162	11843
1163	11632
1164	11610
1165	11765
1166	11793
1167	11841
1168	11573
1169	11539
1170	11747
1171	11698
1172	11553
1173	11673
1174	11550
1175	11529
1176	11661
1177	11608
1178	11583
1179	11741
1180	11425
1181	11585
1182	11537
1183	11600
1184	11659
1185	11514
1186	11436
1187	11505
1188	11609
1189	11404
1190	11636
1191	11460
1192	11283
1193	11515
1194	11472
1195	11583
1196	11616
1197	11570
1198	11691
1199	11505
1200	11264
1201	11643
1202	11465
1203	11517
1204	11444
1205	11491
1206	11477
1207	11401
1208	11738
1209	11517
1210	11629
1211	11456
1212	11593
1213	11660
1214	11455
1215	11413
1216	11528
1217	11653
1218	11634
1219	11603
1220	11327
1221	11440
1222	11553
1223	11434
1224	11651
1225	11609
1226	11343
1227	11647
1228	11488
1229	11420
1230	11431
1231	11578
1232	11716
1233	11419
1234	11414
1235	11665
1236	11421
1237	11562
1238	11475
1239	11581
1240	11380
1241	11472
1242	11555
1243	11537
1244	11661
1245	11659
1246	11500
1247	11521
1248	11293
1249	11592
1250	11577
1251	11603
1252	11306
1253	11574
1254	11205
1255	11502
1256	11482
1257	11584
1258	11448
1259	11585
1260	11406
1261	11564
1262	11492
1263	11545
1264	11567
1265	11456
1266	11317
1267	11204
1268	11272
1269	11538
1270	11381
1271	11235
1272	11409
1273	11213
1274	11400
1275	11591
1276	11617
1277	11476
1278	11185
1279	11187
1280	11276
1281	11386
1282	11451
1283	11369
1284	11315
1285	11202
1286	11411
1287	11330
1288	11335
1289	11152
1290	11479
1291	11534
1292	11542
1293	11255
1294	11378
1295	11344
1296	11379
1297	11070
1298	11222
1299	11350
1300	11368
1301	11550
1302	11467
1303	11397
1304	11210
1305	11571
1306	11473
1307	11529
1308	11569
1309	11573
1310	11667
1311	11666
1312	11473
1313	11712
1314	11700
1315	11484
1316	11893
1317	11713
1318	11790
1319	11674
1320	11781
1321	11909
1322	11860
1323	11937
1324	12037
1325	12321
1326	11917
1327	12305
1328	12203
1329	12135
1330	12232
1331	12467
1332	12420
1333	12530
1334	12429
1335	12604
1336	12526
1337	12576
1338	12649
1339	12728
1340	12934
1341	12839
1342	13078
1343	13064
1344	13256
1345	13178
1346	13011
1347	13337
1348	13221
1349	13420
1350	13553
1351	13455
1352	13672
1353	13621
1354	13795
1355	13977
1356	13900
1357	14064
1358	14045
1359	14228
1360	14316
1361	14503
1362	14432
1363	14660
1364	14635
1365	14503
1366	14810
1367	14844
1368	14885
1369	14942
1370	15081
1371	14951
1372	15198
1373	15347
1374	15291
1375	15458
1376	15425
1377	15554
1378	15618
1379	15656
1380	15630
1381	16169
1382	15852
1383	16036
1384	15887
1385	15983
1386	16288
1387	16479
1388	16251
1389	16329
1390	16256
1391	16356
1392	16339
1393	16662
1394	16484
1395	16477
1396	16710
1397	16604
1398	16642
1399	16668
1400	16808
1401	16876
1402	16778
1403	16792
1404	17027
1405	16998
1406	16936
1407	17046
1408	16805
1409	16812
1410	16863
1411	17026
1412	16922
1413	17112
1414	17318
1415	17144
1416	17402
1417	17013
1418	16842
1419	17083
1420	17053
1421	17112
1422	16980
1423	17060
1424	16835
1425	16776
1426	17125
1427	17114
1428	16718
1429	17073
1430	17066
1431	17208
1432	16979
1433	17144
1434	16897
1435	17144
1436	17029
1437	16825
1438	16663
1439	16924
1440	16754
1441	16822
1442	16905
1443	16555
1444	16491
1445	16642
1446	16583
1447	16612
1448	16695
1449	16190
1450	16665
1451	16410
1452	16677
1453	16344
1454	16462
1455	16291
1456	16504
1457	16303
1458	16242
1459	16322
1460	15945
1461	16054
1462	16188
1463	16122
1464	16181
1465	16100
1466	16159
1467	16202
1468	16032
1469	16169
1470	15970
1471	15990
1472	16041
1473	15930
1474	15972
1475	15893
1476	15891
1477	15896
1478	15493
1479	16073
1480	15775
1481	15785
1482	15961
1483	15788
1484	16006
1485	15729
1486	15813
1487	15624
1488	15763
1489	15804
1490	15498
1491	15527
1492	15765
1493	15641
1494	15532
1495	15652
1496	15673
1497	15589
1498	15400
1499	15619
1500	15661
1501	15666
1502	15627
1503	15831
1504	15471
1505	15141
1506	15737
1507	15317
1508	15496
1509	15527
1510	15488
1511	15533
1512	15400
1513	15301
1514	15466
1515	15336
1516	15327
1517	15366
1518	15401
1519	15374
1520	15428
1521	15085
1522	15185
1523	15490
1524	15171
1525	15045
1526	15108
1527	14994
1528	15207
1529	15098
1530	14942
1531	15035
1532	15114
1533	14876
1534	14792
1535	15041
1536	14994
1537	14987
1538	14776
1539	14837
1540	14839
1541	14523
1542	14641
1543	14542
1544	14708
1545	14569
1546	14447
1547	14325
1548	14340
1549	14412
1550	14493
1551	14414
1552	14234
1553	14240
1554	14364
1555	14139
1556	14353
1557	13953
1558	13964
1559	14007
1560	13897
1561	13623
1562	13905
1563	13906
1564	13730
1565	13590
1566	13691
1567	13621
1568	13455
1569	13575
1570	13089
1571	13324
1572	13385
1573	12990
1574	13042
1575	13234
1576	12989
1577	12976
1578	12935
1579	12805
1580	12584
1581	12700
1582	12628
1583	12694
1584	12597
1585	12445
1586	12397
1587	12242
1588	12195
1589	12204
1590	12277
1591	12146
1592	12159
1593	12098
1594	12083
1595	11944
1596	11884
1597	11887
1598	11606
1599	11812
1600	11823
1601	11760
1602	11801
1603	11453
1604	11622
1605	11351
1606	11528
1607	11223
1608	11405
1609	11286
1610	11212
1611	11270
1612	11080
1613	11090
1614	11193
1615	11067
1616	11148
1617	11133
1618	10989
1619	10968
1620	10960
1621	10904
1622	10935
1623	10764
1624	10735
1625	10879
1626	10679
1627	10589
1628	10822
1629	10655
1630	10598
1631	10577
1632	10750
1633	10684
1634	10569
1635	10666
1636	10611
1637	10478
1638	10507
1639	10498
1640	10374
1641	10586
1642	10452
1643	10331
1644	10629
1645	10479
1646	10677
1647	10482
1648	10571
1649	10626
1650	10466
1651	10311
1652	10482
1653	10610
1654	10570
1655	10569
1656	10748
1657	10506
1658	10442
1659	10579
1660	10639
1661	10836
1662	10787
1663	10737
1664	10835
1665	10909
1666	10742
1667	10694
1668	10754
1669	10738
1670	10852
1671	10861
1672	10876
1673	11003
1674	10846
1675	10941
1676	10838
1677	11035
1678	10863
1679	10955
1680	11210
1681	11170
1682	11275
1683	11298
1684	11130
1685	11351
1686	11365
1687	11379
1688	11545
1689	11369
1690	11467
1691	11496
1692	11480
1693	11634
1694	11599
1695	11599
1696	11867
1697	11625
1698	11532
1699	11507
1700	11707
1701	11801
1702	11710
1703	11760
1704	11920
1705	11780
1706	11875
1707	12232
1708	12126
1709	11869
1710	12014
1711	11841
1712	12108
1713	11996
1714	12168
1715	12120
1716	12054
1717	11937
1718	11918
1719	12274
1720	12139
1721	12085
1722	11946
1723	12413
1724	11986
1725	12245
1726	12251
1727	12357
1728	12180
1729	12105
1730	12165
1731	12097
1732	12069
1733	12271
1734	12198
1735	12171
1736	12153
1737	11960
1738	12132
1739	12181
1740	12025
1741	12298
1742	12104
1743	11907
1744	12071
1745	11992
1746	11870
1747	11931
1748	12016
1749	12025
1750	11990
1751	11885
1752	11880
1753	11733
1754	11958
1755	11826
1756	11843
1757	11702
1758	11294
1759	11627
1760	11529
1761	11701
1762	11587
1763	11362
1764	11338
1765	11680
1766	11543
1767	11334
1768	11171
1769	11317
1770	11277
1771	11282
1772	10968
1773	11246
1774	11149
1775	10921
1776	11180
1777	11011
1778	11064
1779	10888
1780	10740
1781	10730
1782	10783
1783	10842
1784	10622
1785	10471
1786	10477
1787	10537
1788	10481
1789	10236
1790	10574
1791	10407
1792	10181
1793	10135
1794	10017
1795	10159
1796	10240
1797	9954
1798	10093
1799	10111
1800	10055
1801	9856
1802	9732
1803	9833
1804	9777
1805	9841
1806	9712
1807	9840
1808	9770
1809	9464
1810	9741
1811	9617
1812	9452
1813	9396
1814	9342
1815	9373
1816	9551
1817	9599
1818	9486
1819	9331
1820	9375
1821	9286
1822	9281
1823	9326
1824	9291
1825	9158
1826	9231
1827	9227
1828	9111
1829	9233
1830	9105
1831	9070
1832	9231
1833	9038
1834	9141
1835	9128
1836	9073
1837	8971
1838	8990
1839	8959
1840	8987
1841	9122
1842	9050
1843	9049
1844	9002
1845	9001
1846	8934
1847	9176
1848	8972
1849	9167
1850	8946
1851	9044
1852	8879
1853	9080
1854	8997
1855	9006
1856	8988
1857	9236
1858	9187
1859	9053
1860	9005
1861	8951
1862	8929
1863	9239
1864	9310
1865	9265
1866	9350
1867	9446
1868	9440
1869	9264
1870	9169
1871	9508
1872	9514
1873	9521
1874	9563
1875	9599
1876	9541
1877	9585
1878	9872
1879	9456
1880	9947
1881	9781
1882	9804
1883	10070
1884	9806
1885	10048
1886	9772
1887	9927
1888	10179
1889	10072
1890	10412
1891	10375
1892	10319
1893	10326
1894	10695
1895	10475
1896	10658
1897	10763
1898	10723
1899	10891
1900	10782
1901	10828
1902	10949
1903	11124
1904	11095
1905	11220
1906	11294
1907	11456
1908	11577
1909	11603
1910	11615
1911	11836
1912	11809
1913	11793
1914	11950
1915	12263
1916	12135
1917	12387
1918	12413
1919	12309
1920	12515
1921	12659
1922	12770
1923	12861
1924	12926
1925	13064
1926	13141
1927	13287
1928	13250
1929	13384
1930	13273
1931	13581
1932	13781
1933	13810
1934	13930
1935	13694
1936	13946
1937	14247
1938	14231
1939	14455
1940	14655
1941	14275
1942	14482
1943	14778
1944	14730
1945	14799
1946	14943
1947	14961
1948	15221
1949	15145
1950	15317
1951	15346
1952	15487
1953	15575
1954	15711
1955	15643
1956	15806
1957	15825
1958	15956
1959	16122
1960	16015
1961	16302
1962	16417
1963	16492
1964	16314
1965	16588
1966	16701
1967	16655
1968	16886
1969	16858
1970	16948
1971	16815
1972	17134
1973	17061
1974	17360
1975	17388
1976	17497
1977	17400
1978	17749
1979	17521
1980	17704
1981	17787
1982	17918
1983	17751
1984	17986
1985	17964
1986	18180
1987	17969
1988	18178
1989	18144
1990	18347
1991	18449
1992	18302
1993	18161
1994	18517
1995	18659
1996	18533
1997	18660
1998	18833
1999	18675
2000	18668
2001	18761
2002	18862
2003	18869
2004	18976
2005	18884
2006	19175
2007	19016
2008	19041
2009	19160
2010	19407
2011	19276
2012	19344
2013	19292
2014	19283
2015	19287
2016	19182
2017	19687
2018	19575
2019	19552
2020	19376
2021	19259
2022	19778
2023	19782
2024	19903
2025	20036
2026	19681
2027	19580
2028	19751
2029	19904
2030	19744
2031	19931
2032	19885
2033	20170
2034	19807
2035	19985
2036	19904
2037	20084
2038	20102
2039	19990
2040	20203
2041	19998
2042	20461
2043	20139
2044	20238
2045	20358
2046	20374
2047	20130
2048	20465
2049	20484
2050	20443
2051	20430
2052	20420
2053	20298
2054	20437
2055	20607
2056	20376
2057	20431
2058	20604
2059	20554
2060	20476
2061	20518
2062	20463
2063	20782
2064	20600
2065	20242
2066	20844
2067	20444
2068	20653
2069	20215
2070	20704
2071	20568
2072	20333
2073	20585
2074	20617
2075	20600
2076	20519
2077	20621
2078	20655
2079	20409
2080	20594
2081	20532
2082	20730
2083	20704
2084	20744
2085	20431
2086	20500
2087	20493
2088	20334
2089	20574
2090	20679
2091	20794
2092	20468
2093	20602
2094	20372
2095	20512
2096	20269
2097	20462
2098	20324
2099	20389
2100	20332
2101	20397
2102	20206
2103	20502
2104	20384
2105	20121
2106	20156
2107	20168
2108	20273
2109	20041
2110	20230
2111	19967
2112	20074
2113	20022
2114	20036
2115	19891
2116	19976
2117	20171
2118	20051
2119	19758
2120	19896
2121	19629
2122	19564
2123	19694
2124	19672
2125	19634
2126	19440
2127	19141
2128	19265
2129	19469
2130	19272
2131	19321
2132	19252
2133	19074
2134	19300
2135	18859
2136	18797
2137	19183
2138	18844
2139	18778
2140	18845
2141	18722
2142	18372
2143	18449
2144	18396
2145	18499
2146	18377
2147	18269
2148	18065
2149	18416
2150	17998
2151	18093
2152	17899
2153	17719
2154	17423
2155	17718
2156	17746
2157	17400
2158	17383
2159	17315
2160	17164
2161	17266
2162	17113
2163	16936
2164	17022
2165	17140
2166	17093
2167	16604
2168	16839
2169	16347
2170	16622
2171	16274
2172	16341
2173	16054
2174	16118
2175	15974
2176	15743
2177	15854
2178	15683
2179	15786
2180	15422
2181	15353
2182	15077
2183	15175
2184	15180
2185	14920
2186	15037
2187	15014
2188	14721
2189	14562
2190	14633
2191	14481
2192	14134
2193	14296
2194	14233
2195	13849
2196	13924
2197	13888
2198	13888
2199	13895
2200	13821
2201	13652
2202	13438
2203	13338
2204	13449
2205	13139
2206	12985
2207	12976
2208	12711
2209	12919
2210	12652
2211	12568
2212	12463
2213	12455
2214	12363
2215	12325
2216	12073
2217	12176
2218	12084
2219	12118
2220	11905
2221	11893
2222	11814
2223	11374
2224	11410
2225	11451
2226	11314
2227	11066
2228	11228
2229	11067
2230	10941
2231	10986
2232	10753
2233	10745
2234	10759
2235	10673
2236	10533
2237	10534
2238	10584
2239	10228
2240	10337
2241	10168
2242	9986
2243	10151
2244	9901
2245	9634
2246	9768
2247	9783
2248	9776
2249	9616
2250	9649
2251	9526
2252	9372
2253	9400
2254	9202
2255	8971
2256	9207
2257	9099
2258	9090
2259	8872
2260	8916
2261	8811
2262	8727
2263	8739
2264	8674
2265	8637
2266	8559
2267	8438
2268	8312
2269	8505
2270	8392
2271	8290
2272	8171
2273	8383
2274	8192
2275	8102
2276	8115
2277	8017
2278	8113
2279	7996
2280	8080
2281	7877
2282	7801
2283	7792
2284	7776
2285	7707
2286	7537
2287	7495
2288	7557
2289	7510
2290	7322
2291	7612
2292	7331
2293	7346
2294	7410
2295	7337
2296	7301
2297	7331
2298	7234
2299	7079
2300	7018
2301	7099
2302	6970
2303	6907
2304	7071
2305	6949
2306	6849
2307	6770
2308	7056
2309	6758
2310	6581
2311	6902
2312	6846
2313	6774
2314	6710
2315	6668
2316	6794
2317	6742
2318	6595
2319	6645
2320	6642
2321	6604
2322	6543
2323	6474
2324	6609
2325	6517
2326	6468
2327	6530
2328	6569
2329	6537
2330	6402
2331	6520
2332	6463
2333	6450
2334	6544
2335	6463
2336	6403
2337	6465
2338	6406
2339	6313
2340	6513
2341	6269
2342	6440
2343	6468
2344	6430
2345	6502
2346	6519
2347	6401
2348	6588
2349	6493
2350	6460
2351	6471
2352	6480
2353	6419
2354	6478
2355	6616
2356	6563
2357	6483
2358	6591
2359	6685
2360	6596
2361	6589
2362	6613
2363	6664
2364	6737
2365	6742
2366	6561
2367	6728
2368	6824
2369	6776
2370	6799
2371	6736
2372	6911
2373	6860
2374	6826
2375	6926
2376	6953
2377	7087
2378	7091
2379	7198
2380	7239
2381	7221
2382	7251
2383	7045
2384	7195
2385	7297
2386	7351
2387	7304
2388	7427
2389	7421
2390	7514
2391	7539
2392	7414
2393	7733
2394	7744
2395	7687
2396	7835
2397	7717
2398	7800
2399	7921
2400	7913
2401	8112
2402	7908
2403	8017
2404	8014
2405	8237
2406	8230
2407	8274
2408	8150
2409	8456
2410	8147
2411	8387
2412	8451
2413	8377
2414	8553
2415	8655
2416	8585
2417	8496
2418	8600
2419	8601
2420	8818
2421	8698
2422	8872
2423	8579
2424	8970
2425	8925
2426	8761
2427	8867
2428	8911
2429	9126
2430	9097
2431	9049
2432	8880
2433	9028
2434	9088
2435	9115
2436	9092
2437	9195
2438	9283
2439	9154
2440	9388
2441	9392
2442	9279
2443	9208
2444	9331
2445	9362
2446	9195
2447	9308
2448	9094
2449	9300
2450	9356
2451	9387
2452	9156
2453	9253
2454	9492
2455	9183
2456	9116
2457	9166
2458	9235
2459	9155
2460	8979
2461	9221
2462	9198
2463	9167
2464	9127
2465	9299
2466	9340
2467	9174
2468	9052
2469	9163
2470	8981
2471	9040
2472	8931
2473	8978
2474	8961
2475	8702
2476	8980
2477	8977
2478	8961
2479	8825
2480	8709
2481	8898
2482	8631
2483	8738
2484	8528
2485	8672
2486	8383
2487	8644
2488	8573
2489	8665
2490	8379
2491	8297
2492	8156
2493	8297
2494	8265
2495	8271
2496	8109
2497	8172
2498	8039
2499	8017
2500	7871
2501	7947
2502	7788
2503	7789
2504	7882
2505	7811
2506	7723
2507	7718
2508	7638
2509	7537
2510	7580
2511	7622
2512	7675
2513	7526
2514	7437
2515	7364
2516	7314
2517	7455
2518	7107
2519	7088
2520	7063
2521	7306
2522	7121
2523	7098
2524	7002
2525	7014
2526	6895
2527	7044
2528	6880
2529	6853
2530	6674
2531	6694
2532	6687
2533	6759
2534	6880
2535	6654
2536	6615
2537	6625
2538	6420
2539	6634
2540	6392
2541	6461
2542	6369
2543	6405
2544	6381
2545	6270
2546	6150
2547	6213
2548	6257
2549	6183
2550	6144
2551	6287
2552	6205
2553	6123
2554	5974
2555	5983
2556	5953
2557	5791
2558	6005
2559	5913
2560	5806
2561	5829
2562	5981
2563	5995
2564	5760
2565	5851
2566	5640
2567	5784
2568	5759
2569	5721
2570	5754
2571	5805
2572	5796
2573	5777
2574	5707
2575	5594
2576	5623
2577	5721
2578	5494
2579	5501
2580	5575
2581	5549
2582	5505
2583	5575
2584	5467
2585	5480
2586	5498
2587	5428
2588	5483
2589	5427
2590	5333
2591	5370
2592	5351
2593	5390
2594	5315
2595	5276
2596	5293
2597	5341
2598	5230
2599	5202
2600	5295
2601	5368
2602	5113
2603	5239
2604	5183
2605	5248
2606	5138
2607	5237
2608	5160
2609	5232
2610	5125
2611	5196
2612	5172
2613	5088
2614	5130
2615	5107
2616	5175
2617	5134
2618	5181
2619	5106
2620	5110
2621	5093
2622	5062
2623	5045
2624	4971
2625	4988
2626	4992
2627	4948
2628	5120
2629	4955
2630	4941
2631	4916
2632	4929
2633	4988
2634	5004
2635	5043
2636	4985
2637	4857
2638	4860
2639	4900
2640	4976
2641	5063
2642	4863
2643	5028
2644	4906
2645	4774
2646	4933
2647	4936
2648	5083
2649	4785
2650	4876
2651	4946
2652	4961
2653	4991
2654	4845
2655	4819
2656	4855
2657	4810
2658	4896
2659	4914
2660	4814
2661	4704
2662	4739
2663	4888
2664	4839
2665	4810
2666	4868
2667	4680
2668	4826
2669	4714
2670	4732
2671	4555
2672	4689
2673	4803
2674	4780
2675	4742
2676	4712
2677	4711
2678	4558
2679	4542
2680	4642
2681	4646
2682	4720
2683	4663
2684	4717
2685	4624
2686	4636
2687	4654
2688	4636
2689	4729
2690	4622
2691	4568
2692	4610
2693	4526
2694	4602
2695	4609
2696	4635
2697	4568
2698	4530
2699	4603
2700	4533
2701	4530
2702	4430
2703	4649
2704	4441
2705	4416
2706	4432
2707	4552
2708	4449
2709	4470
2710	4510
2711	4280
2712	4367
2713	4393
2714	4402
2715	4417
2716	4419
2717	4247
2718	4392
2719	4414
2720	4335
2721	4318
2722	4346
2723	4408
2724	4316
2725	4452
2726	4236
2727	4165
2728	4304
2729	4248
2730	4205
2731	4154
2732	4220
2733	4333
2734	4179
2735	4111
2736	4228
2737	4315
2738	4195
2739	4099
2740	4284
2741	4158
2742	4195
2743	4095
2744	4191
2745	4180
2746	4056
2747	4086
2748	4062
2749	3969
2750	4096
2751	4047
2752	4072
2753	4003
2754	4050
2755	4060
2756	3988
2757	4018
2758	4076
2759	3827
2760	3961
2761	3989
2762	4000
2763	3897
2764	3969
2765	3905
2766	3927
2767	3965
2768	3773
2769	3856
2770	3862
2771	3938
2772	3819
2773	3917
2774	3789
2775	3922
2776	3726
2777	3753
2778	3843
2779	3801
2780	3742
2781	3780
2782	3728
2783	3754
2784	3678
2785	3845
2786	3638
2787	3716
2788	3721
2789	3629
2790	3664
2791	3611
2792	3715
2793	3629
2794	3648
2795	3678
2796	3598
2797	3585
2798	3600
2799	3591
2800	3605
2801	3627
2802	3577
2803	3553
2804	3567
2805	3591
2806	3617
2807	3437
2808	3454
2809	3585
2810	3567
2811	3558
2812	3500
2813	3365
2814	3382
2815	3414
2816	3415
2817	3502
2818	3370
2819	3459
2820	3435
2821	3375
2822	3449
2823	3354
2824	3388
2825	3421
2826	3351
2827	3298
2828	3423
2829	3333
2830	3318
2831	3385
2832	3353
2833	3318
2834	3271
2835	3337
2836	3311
2837	3236
2838	3284
2839	3197
2840	3291
2841	3171
2842	3210
2843	3206
2844	3294
2845	3257
2846	3257
2847	3299
2848	3319
2849	3297
2850	3183
2851	3197
2852	3275
2853	3155
2854	3171
2855	3228
2856	3102
2857	3208
2858	3131
2859	3151
2860	3270
2861	3150
2862	3286
2863	3151
2864	3142
2865	3069
2866	3019
2867	3108
2868	3127
2869	3061
2870	3095
2871	3100
2872	3066
2873	3068
2874	3022
2875	3065
2876	3139
2877	3014
2878	3075
2879	3069
2880	3112
2881	2987
2882	3027
2883	2992
2884	3068
2885	2990
2886	2968
2887	2936
2888	3131
2889	2901
2890	2940
2891	3125
2892	2958
2893	2907
2894	3001
2895	3031
2896	2969
2897	2847
2898	2876
2899	2982
2900	2884
2901	2781
2902	2907
2903	3006
2904	2788
2905	2966
2906	2935
2907	2902
2908	2845
2909	2958
2910	2899
2911	2937
2912	2876
2913	2920
2914	2904
2915	2986
2916	2801
2917	2843
2918	2776
2919	2862
2920	3018
2921	2798
2922	2770
2923	2832
2924	2766
2925	2810
2926	2695
2927	2843
2928	2923
2929	2851
2930	2859
2931	2789
2932	2846
2933	2817
2934	2822
2935	2799
2936	2766
2937	2868
2938	2767
2939	2852
2940	2791
2941	2714
2942	2802
2943	2824
2944	2782
2945	2773
2946	2829
2947	2738
2948	2737
2949	2786
2950	2779
2951	2720
2952	2757
2953	2783
2954	2745
2955	2781
2956	2718
2957	2695
2958	2748
2959	2814
2960	2746
2961	2664
2962	2704
2963	2710
2964	2719
2965	2756
2966	2699
2967	2698
2968	2589
2969	2715
2970	2724
2971	2706
2972	2605
2973	2701
2974	2751
2975	2723
2976	2665
2977	2712
2978	2636
2979	2698
2980	2747
2981	2759
2982	2698
2983	2657
2984	2760
2985	2663
2986	2724
2987	2709
2988	2634
2989	2650
2990	2731
2991	2617
2992	2692
2993	2728
2994	2633
2995	2658
2996	2670
2997	2576
2998	2668
2999	2651
3000	2605
3001	2649
3002	2610
3003	2654
3004	2702
3005	2664
3006	2636
3007	2647
3008	2617
3009	2674
3010	2633
3011	2671
3012	2605
3013	2676
3014	2593
3015	2606
3016	2653
3017	2555
3018	2609
3019	2640
3020	2616
3021	2655
3022	2655
3023	2593
3024	2705
3025	2580
3026	2511
3027	2682
3028	2556
3029	2518
3030	2607
3031	2550
3032	2605
3033	2561
3034	2527
3035	2537
3036	2735
3037	2558
3038	2594
3039	2563
3040	2691
3041	2642
3042	2604
3043	2573
3044	2509
3045	2532
3046	2566
3047	2584
3048	2502
3049	2565
3050	2522
3051	2603
3052	2527
3053	2545
3054	2522
3055	2454
3056	2474
3057	2531
3058	2469
3059	2584
3060	2616
3061	2487
3062	2614
3063	2604
3064	2438
3065	2513
3066	2528
3067	2440
3068	2555
3069	2527
3070	2577
3071	2558
3072	2491
3073	2433
3074	2372
3075	2493
3076	2528
3077	2521
3078	2442
3079	2550
3080	2414
3081	2513
3082	2530
3083	2448
3084	2438
3085	2411
3086	2552
3087	2436
3088	2472
3089	2472
3090	2510
3091	2451
3092	2457
3093	2522
3094	2448
3095	2493
3096	2489
3097	2410
3098	2494
3099	2341
3100	2394
3101	2417
3102	2477
3103	2395
3104	2454
3105	2442
3106	2452
3107	2383
3108	2388
3109	2399
3110	2485
3111	2388
3112	2352
3113	2382
3114	2450
3115	2370
3116	2417
3117	2340
3118	2463
3119	2394
3120	2498
3121	2408
3122	2389
3123	2508
3124	2296
3125	2366
3126	2427
3127	2380
3128	2422
3129	2331
3130	2369
3131	2363
3132	2339
3133	2350
3134	2440
3135	2458
3136	2439
3137	2522
3138	2379
3139	2385
3140	2368
3141	2404
3142	2476
3143	2461
3144	2313
3145	2335
3146	2265
3147	2348
3148	2411
3149	2352
3150	2343
3151	2373
3152	2371
3153	2324
3154	2410
3155	2318
3156	2298
3157	2367
3158	2369
3159	2329
3160	2345
3161	2292
3162	2358
3163	2350
3164	2301
3165	2405
3166	2340
3167	2248
3168	2269
3169	2297
3170	2323
3171	2406
3172	2322
3173	2342
3174	2335
3175	2321
3176	2291
3177	2268
3178	2302
3179	2361
3180	2397
3181	2350
3182	2352
3183	2254
3184	2325
3185	2291
3186	2245
3187	2357
3188	2365
3189	2350
3190	2292
3191	2243
3192	2269
3193	2259
3194	2312
3195	2217
3196	2306
3197	2255
3198	2323
3199	2338
3200	2359
3201	2374
3202	2183
3203	2199
3204	2278
3205	2373
3206	2304
3207	2326
3208	2306
3209	2265
3210	2250
3211	2323
3212	2352
3213	2348
3214	2302
3215	2262
3216	2251
3217	2386
3218	2382
3219	2316
3220	2267
3221	2335
3222	2186
3223	2245
3224	2228
3225	2262
3226	2320
3227	2268
3228	2253
3229	2365
3230	2274
3231	2304
3232	2307
3233	2274
3234	2310
3235	2297
3236	2221
3237	2347
3238	2258
3239	2201
3240	2190
3241	2327
3242	2207
3243	2237
3244	2198
3245	2316
3246	2307
3247	2207
3248	2171
3249	2290
3250	2242
3251	2284
3252	2201
3253	2230
3254	2279
3255	2293
3256	2163
3257	2181
3258	2307
3259	2264
3260	2204
3261	2263
3262	2303
3263	2266
3264	2233
3265	2264
3266	2196
3267	2280
3268	2187
3269	2147
3270	2239
3271	2254
3272	2300
3273	2175
3274	2199
3275	2274
3276	2155
3277	2226
3278	2272
3279	2244
3280	2116
3281	2200
3282	2280
3283	2280
3284	2218
3285	2227
3286	2233
3287	2244
3288	2246
3289	2223
3290	2256
3291	2329
3292	2314
3293	2228
3294	2207
3295	2264
3296	2249
3297	2252
3298	2217
3299	2226
3300	2138
3301	2223
3302	2256
3303	2162
3304	2258
3305	2259
3306	2270
3307	2252
3308	2291
3309	2228
3310	2335
3311	2175
3312	2232
3313	2311
3314	2239
3315	2217
3316	2359
3317	2292
3318	2303
3319	2260
3320	2243
3321	2239
3322	2186
3323	2172
3324	2228
3325	2254
3326	2256
3327	2194
3328	2258
3329	2237
3330	2164
3331	2215
3332	2352
3333	2246
3334	2319
3335	2228
3336	2284
3337	2192
3338	2261
3339	2198
3340	2180
3341	2312
3342	2299
3343	2286
3344	2243
3345	2205
3346	2232
3347	2260
3348	2265
3349	2182
3350	2187
3351	2234
3352	2179
3353	2191
3354	2276
3355	2295
3356	2242
3357	2211
3358	2237
3359	2278
3360	2244
3361	2137
3362	2258
3363	2156
3364	2222
3365	2218
3366	2248
3367	2185
3368	2208
3369	2185
3370	2235
3371	2284
3372	2215
3373	2182
3374	2227
3375	2275
3376	2269
3377	2217
3378	2253
3379	2229
3380	2278
3381	2213
3382	2198
3383	2206
3384	2276
3385	2316
3386	2196
3387	2242
3388	2267
3389	2308
3390	2186
3391	2198
3392	2235
3393	2273
3394	2272
3395	2200
3396	2207
3397	2247
3398	2169
3399	2259
3400	2143
3401	2157
3402	2235
3403	2200
3404	2231
3405	2204
3406	2180
3407	2218
3408	2238
3409	2234
3410	2131
3411	2260
3412	2225
3413	2116
3414	2209
3415	2265
3416	2194
3417	2284
3418	2189
3419	2203
3420	2214
3421	2305
3422	2231
3423	2096
3424	2138
3425	2225
3426	2152
3427	2253
3428	2231
3429	2197
3430	2215
3431	2201
3432	2238
3433	2172
3434	2146
3435	2265
3436	2207
3437	2308
3438	2219
3439	2190
3440	2184
3441	2156
3442	2154
3443	2231
3444	2213
3445	2221
3446	2138
3447	2201
3448	2218
3449	2200
3450	2200
3451	2168
3452	2234
3453	2256
3454	2244
3455	2303
3456	2144
3457	2198
3458	2318
3459	2102
3460	2216
3461	2177
3462	2185
3463	2150
3464	2240
3465	2154
3466	2188
3467	2203
3468	2238
3469	2146
3470	2209
3471	2190
3472	2259
3473	2193
3474	2204
3475	2147
3476	2155
3477	2195
3478	2180
3479	2109
3480	2203
3481	2234
3482	2147
3483	2208
3484	2061
3485	2231
3486	2195
3487	2181
3488	2198
3489	2151
3490	2140
3491	2126
3492	2106
3493	2186
3494	2185
3495	2082
3496	2110
3497	2163
3498	2136
3499	2053
3500	2113
3501	2182
3502	2104
3503	2156
3504	2143
3505	2211
3506	2121
3507	2077
3508	2150
3509	2112
3510	2109
3511	2151
3512	2121
3513	2150
3514	2210
3515	2035
3516	2060
3517	2186
3518	2159
3519	2075
3520	2059
3521	2071
3522	2108
3523	2104
3524	2050
3525	2046
3526	2129
3527	2115
3528	2050
3529	2140
3530	2106
3531	2034
3532	2023
3533	2072
3534	2137
3535	2080
3536	2083
3537	2000
3538	2123
3539	2043
3540	2021
3541	2024
3542	2025
3543	2117
3544	2132
3545	2097
3546	2039
3547	2035
3548	2088
3549	2063
3550	2084
3551	2066
3552	2106
3553	2055
3554	2035
3555	2059
3556	1967
3557	2071
3558	2088
3559	2006
3560	2051
3561	1940
3562	2005
3563	2005
3564	2080
3565	2052
3566	1998
3567	2107
3568	2100
3569	2043
3570	2038
3571	2061
3572	2080
3573	1952
3574	2069
3575	2022
3576	2056
3577	1983
3578	1961
3579	2077
3580	2054
3581	2049
3582	2041
3583	2021
3584	2023
3585	1995
3586	2066
3587	2014
3588	1963
3589	1950
3590	1963
3591	2011
3592	2045
3593	2018
3594	1977
3595	1949
3596	1952
3597	2054
3598	1966
3599	1964
3600	2067
3601	1969
3602	1990
3603	1970
3604	1994
3605	1965
3606	1950
3607	1937
3608	1944
3609	1927
3610	1950
3611	1985
3612	1987
3613	1974
3614	1945
3615	1907
3616	1931
3617	1947
3618	1946
3619	1995
3620	1913
3621	1937
3622	1966
3623	1987
3624	1879
3625	1895
3626	1945
3627	1979
3628	1921
3629	1854
3630	1899
3631	1877
3632	2003
3633	1885
3634	1877
3635	1994
3636	1935
3637	1912
3638	1895
3639	1980
3640	1876
3641	1917
3642	1791
3643	1864
3644	1914
3645	1839
3646	1927
3647	1942
3648	1875
3649	1947
3650	1869
3651	1866
3652	1863
3653	1886
3654	1820
3655	1888
3656	1838
3657	1885
3658	1864
3659	1837
3660	1901
3661	1859
3662	1846
3663	1854
3664	1827
3665	1849
3666	1835
3667	1831
3668	1820
3669	1904
3670	1846
3671	1862
3672	1855
3673	1842
3674	1880
3675	1794
3676	1888
3677	1849
3678	1821
3679	1869
3680	1822
3681	1839
3682	1834
3683	1850
3684	1811
3685	1907
3686	1764
3687	1837
3688	1787
3689	1785
3690	1807
3691	1869
3692	1916
3693	1847
3694	1802
3695	1853
3696	1788
3697	1807
3698	1858
3699	1793
3700	1788
3701	1791
3702	1828
3703	1830
3704	1796
3705	1801
3706	1782
3707	1785
3708	1843
3709	1825
3710	1853
3711	1742
3712	1839
3713	1803
3714	1779
3715	1873
3716	1848
3717	1680
3718	1799
3719	1740
3720	1731
3721	1862
3722	1830
3723	1805
3724	1845
3725	1707
3726	1873
3727	1814
3728	1808
3729	1847
3730	1803
3731	1809
3732	1863
3733	1849
3734	1787
3735	1770
3736	1693
3737	1765
3738	1764
3739	1795
3740	1830
3741	1831
3742	1766
3743	1708
3744	1749
3745	1827
3746	1742
3747	1798
3748	1826
3749	1777
3750	1828
3751	1724
3752	1665
3753	1800
3754	1804
3755	1825
3756	1809
3757	1767
3758	1806
3759	1730
3760	1774
3761	1688
3762	1780
3763	1740
3764	1705
3765	1763
3766	1799
3767	1778
3768	1720
3769	1747
3770	1821
3771	1753
3772	1753
3773	1746
3774	1746
3775	1799
3776	1680
3777	1812
3778	1821
3779	1771
3780	1773
3781	1765
3782	1733
3783	1855
3784	1787
3785	1765
3786	1707
3787	1801
3788	1727
3789	1760
3790	1782
3791	1759
3792	1762
3793	1796
3794	1779
3795	1758
3796	1670
3797	1734
3798	1707
3799	1682
3800	1755
3801	1798
3802	1693
3803	1731
3804	1810
3805	1668
3806	1795
3807	1730
3808	1778
3809	1811
3810	1775
3811	1746
3812	1723
3813	1701
3814	1760
3815	1782
3816	1683
3817	1843
3818	1689
3819	1677
3820	1748
3821	1743
3822	1729
3823	1768
3824	1721
3825	1646
3826	1714
3827	1801
3828	1757
3829	1765
3830	1744
3831	1735
3832	1734
3833	1782
3834	1706
3835	1719
3836	1651
3837	1732
3838	1796
3839	1700
3840	1739
3841	1742
3842	1763
3843	1704
3844	1687
3845	1752
3846	1786
3847	1746
3848	1715
3849	1752
3850	1765
3851	1787
3852	1759
3853	1712
3854	1670
3855	1700
3856	1794
3857	1668
3858	1671
3859	1710
3860	1759
3861	1719
3862	1782
3863	1712
3864	1675
3865	1708
3866	1727
3867	1724
3868	1716
3869	1742
3870	1723
3871	1657
3872	1750
3873	1794
3874	1670
3875	1752
3876	1765
3877	1766
3878	1779
3879	1765
3880	1787
3881	1806
3882	1770
3883	1685
3884	1743
3885	1780
3886	1730
3887	1774
3888	1765
3889	1778
3890	1762
3891	1775
3892	1769
3893	1754
3894	1770
3895	1654
3896	1789
3897	1747
3898	1762
3899	1762
3900	1728
3901	1798
3902	1742
3903	1749
3904	1774
3905	1667
3906	1813
3907	1824
3908	1784
3909	1742
3910	1765
3911	1780
3912	1755
3913	1701
3914	1804
3915	1745
3916	1716
3917	1781
3918	1773
3919	1738
3920	1674
3921	1748
3922	1758
3923	1767
3924	1771
3925	1871
3926	1831
3927	1752
3928	1773
3929	1771
3930	1729
3931	1844
3932	1748
3933	1762
3934	1750
3935	1708
3936	1763
3937	1769
3938	1838
3939	1760
3940	1782
3941	1721
3942	1725
3943	1749
3944	1799
3945	1753
3946	1770
3947	1820
3948	1759
3949	1814
3950	1732
3951	1731
3952	1805
3953	1842
3954	1807
3955	1770
3956	1873
3957	1808
3958	1791
3959	1757
3960	1763
3961	1771
3962	1716
3963	1846
3964	1773
3965	1804
3966	1711
3967	1791
3968	1731
3969	1801
3970	1814
3971	1767
3972	1792
3973	1732
3974	1829
3975	1817
3976	1783
3977	1857
3978	1801
3979	1759
3980	1728
3981	1785
3982	1790
3983	1817
3984	1771
3985	1841
3986	1779
3987	1795
3988	1790
3989	1780
3990	1815
3991	1794
3992	1793
3993	1797
3994	1869
3995	1796
3996	1789
3997	1768
3998	1861
3999	1767
4000	1823
4001	1798
4002	1836
4003	1837
4004	1803
4005	1823
4006	1827
4007	1893
4008	1833
4009	1839
4010	1792
4011	1844
4012	1763
4013	1790
4014	1799
4015	1806
4016	1880
4017	1805
4018	1891
4019	1866
4020	1860
4021	1786
4022	1890
4023	1855
4024	1892
4025	1830
4026	1842
4027	1849
4028	1788
4029	1779
4030	1896
4031	1914
4032	1856
4033	1872
4034	1818
4035	1758
4036	1842
4037	1833
4038	1837
4039	1839
4040	1917
4041	1787
4042	1826
4043	1875
4044	1863
4045	1828
4046	1824
4047	1853
4048	1842
4049	1880
4050	1860
4051	1931
4052	1930
4053	1909
4054	1855
4055	1827
4056	1887
4057	1924
4058	1817
4059	1843
4060	1798
4061	1855
4062	1767
4063	1835
4064	1904
4065	1878
4066	1854
4067	1805
4068	1845
4069	1913
4070	1834
4071	1854
4072	1804
4073	1839
4074	1906
4075	1786
4076	1819
4077	1847
4078	1817
4079	1912
4080	1890
4081	1809
4082	1857
4083	1904
4084	1808
4085	1854
4086	1874
4087	1820
4088	1842
4089	1859
4090	1867
4091	1931
4092	1832
4093	1855
4094	1845
4095	1853
4096	1846
4097	1846
4098	1838
4099	1926
4100	1864
4101	1889
4102	1800
4103	1929
4104	1927
4105	1786
4106	1942
4107	1895
4108	1899
4109	1920
4110	1883
4111	1877
4112	1948
4113	1857
4114	1783
4115	1910
4116	1867
4117	1882
4118	1831
4119	1821
4120	1880
4121	1937
4122	1831
4123	1905
4124	1898
4125	1817
4126	1957
4127	1897
4128	1871
4129	1873
4130	1836
4131	1883
4132	1849
4133	1930
4134	1886
4135	1878
4136	1874
4137	1914
4138	1831
4139	1870
4140	1837
4141	1817
4142	1806
4143	1841
4144	1795
4145	1919
4146	1908
4147	1892
4148	1949
4149	1863
4150	1864
4151	1854
4152	1863
4153	1854
4154	1930
4155	1845
4156	1900
4157	1747
4158	1851
4159	1896
4160	1867
4161	1923
4162	1843
4163	1916
4164	1796
4165	1865
4166	1823
4167	1896
4168	1891
4169	1864
4170	1863
4171	1820
4172	1830
4173	1903
4174	1822
4175	1776
4176	1818
4177	1852
4178	1866
4179	1925
4180	1923
4181	1792
4182	1821
4183	1837
4184	1853
4185	1872
4186	1816
4187	1793
4188	1846
4189	1821
4190	1860
4191	1844
4192	1823
4193	1818
4194	1806
4195	1840
4196	1906
4197	1887
4198	1829
4199	1812
4200	1854
4201	1862
4202	1881
4203	1914
4204	1930
4205	1861
4206	1873
4207	1862
4208	1815
4209	1863
4210	1873
4211	1838
4212	1891
4213	1848
4214	1907
4215	1899
4216	1750
4217	1863
4218	1815
4219	1857
4220	1812
4221	1846
4222	1865
4223	1796
4224	1912
4225	1844
4226	1887
4227	1840
4228	1762
4229	1823
4230	1886
4231	1845
4232	1792
4233	1911
4234	1824
4235	1865
4236	1837
4237	1838
4238	1805
4239	1747
4240	1863
4241	1852
4242	1780
4243	1834
4244	1914
4245	1811
4246	1878
4247	1828
4248	1886
4249	1841
4250	1837
4251	1926
4252	1868
4253	1696
4254	1859
4255	1776
4256	1840
4257	1805
4258	1777
4259	1819
4260	1821
4261	1804
4262	1767
4263	1819
4264	1802
4265	1828
4266	1803
4267	1792
4268	1744
4269	1765
4270	1840
4271	1786
4272	1782
4273	1842
4274	1786
4275	1777
4276	1760
4277	1735
4278	1771
4279	1801
4280	1840
4281	1766
4282	1846
4283	1782
4284	1883
4285	1765
4286	1744
4287	1811
4288	1813
4289	1788
4290	1843
4291	1853
4292	1876
4293	1787
4294	1839
4295	1782
4296	1806
4297	1832
4298	1806
4299	1861
4300	1859
4301	1878
4302	1801
4303	1862
4304	1775
4305	1860
4306	1759
4307	1753
4308	1785
4309	1837
4310	1853
4311	1793
4312	1885
4313	1764
4314	1873
4315	1824
4316	1820
4317	1789
4318	1792
4319	1779
4320	1803
4321	1826
4322	1909
4323	1794
4324	1698
4325	1793
4326	1818
4327	1823
4328	1902
4329	1757
4330	1837
4331	1852
4332	1881
4333	1783
4334	1846
4335	1814
4336	1854
4337	1874
4338	1824
4339	1854
4340	1902
4341	1753
4342	1904
4343	1867
4344	1798
4345	1788
4346	1805
4347	1818
4348	1901
4349	1840
4350	1863
4351	1833
4352	1827
4353	1828
4354	1834
4355	1877
4356	1918
4357	1885
4358	1884
4359	1827
4360	1786
4361	1876
4362	1874
4363	1842
4364	1835
4365	1801
4366	1865
4367	1852
4368	1826
4369	1784
4370	1907
4371	1911
4372	1858
4373	1841
4374	1919
4375	1873
4376	1826
4377	1887
4378	1854
4379	1904
4380	1848
4381	1850
4382	1852
4383	1796
4384	1931
4385	1890
4386	1888
4387	1886
4388	1873
4389	1912
4390	1976
4391	1887
4392	1875
4393	1927
4394	1896
4395	1868
4396	1899
4397	1929
4398	1850
4399	2006
4400	1936
4401	1930
4402	1829
4403	1996
4404	1919
4405	1974
4406	1883
4407	2002
4408	1984
4409	1904
4410	1965
4411	2029
4412	2022
4413	1931
4414	1922
4415	2008
4416	1991
4417	1960
4418	2017
4419	1935
4420	1986
4421	1994
4422	2029
4423	1986
4424	2106
4425	1980
4426	1982
4427	1968
4428	2082
4429	2064
4430	1996
4431	2036
4432	1957
4433	2084
4434	2038
4435	1972
4436	2024
4437	2097
4438	1997
4439	2055
4440	2063
4441	2087
4442	2095
4443	2077
4444	2064
4445	2108
4446	2145
4447	2134
4448	2061
4449	2233
4450	2038
4451	2161
4452	2082
4453	2140
4454	2155
4455	2079
4456	2195
4457	2160
4458	2169
4459	2110
4460	2142
4461	2162
4462	2146
4463	2165
4464	2258
4465	2159
4466	2192
4467	2264
4468	2241
4469	2253
4470	2248
4471	2275
4472	2270
4473	2234
4474	2245
4475	2188
4476	2183
4477	2294
4478	2324
4479	2274
4480	2313
4481	2271
4482	2344
4483	2290
4484	2340
4485	2306
4486	2365
4487	2241
4488	2328
4489	2353
4490	2383
4491	2398
4492	2370
4493	2361
4494	2419
4495	2373
4496	2423
4497	2431
4498	2427
4499	2386
4500	2384
4501	2495
4502	2415
4503	2438
4504	2399
4505	2498
4506	2429
4507	2474
4508	2486
4509	2471
4510	2466
4511	2523
4512	2501
4513	2482
4514	2559
4515	2589
4516	2512
4517	2422
4518	2530
4519	2459
4520	2477
4521	2515
4522	2569
4523	2470
4524	2475
4525	2561
4526	2657
4527	2638
4528	2696
4529	2534
4530	2672
4531	2674
4532	2647
4533	2598
4534	2720
4535	2604
4536	2726
4537	2732
4538	2653
4539	2688
4540	2702
4541	2706
4542	2716
4543	2777
4544	2710
4545	2812
4546	2748
4547	2774
4548	2818
4549	2839
4550	2754
4551	2742
4552	2772
4553	2700
4554	2848
4555	2776
4556	2834
4557	2832
4558	2860
4559	2883
4560	2847
4561	2790
4562	2884
4563	2872
4564	2867
4565	2949
4566	3044
4567	2872
4568	2869
4569	2912
4570	2895
4571	2902
4572	2992
4573	2963
4574	2961
4575	2941
4576	2931
4577	3033
4578	3024
4579	2997
4580	2923
4581	2802
4582	2990
4583	2976
4584	3055
4585	3062
4586	3029
4587	3130
4588	2980
4589	3047
4590	3042
4591	3029
4592	3089
4593	3031
4594	3045
4595	3050
4596	3041
4597	3158
4598	3174
4599	3145
4600	3151
4601	3084
4602	3087
4603	3133
4604	3095
4605	3163
4606	3028
4607	3121
4608	3200
4609	3212
4610	3216
4611	3090
4612	3185
4613	3133
4614	3103
4615	3216
4616	3283
4617	3210
4618	3170
4619	3314
4620	3373
4621	3283
4622	3225
4623	3282
4624	3365
4625	3296
4626	3260
4627	3212
4628	3305
4629	3198
4630	3299
4631	3264
4632	3298
4633	3269
4634	3281
4635	3305
4636	3361
4637	3324
4638	3305
4639	3230
4640	3288
4641	3387
4642	3303
4643	3460
4644	3424
4645	3290
4646	3318
4647	3363
4648	3288
4649	3341
4650	3397
4651	3280
4652	3304
4653	3364
4654	3313
4655	3352
4656	3394
4657	3257
4658	3320
4659	3322
4660	3358
4661	3352
4662	3362
4663	3437
4664	3337
4665	3389
4666	3392
4667	3391
4668	3465
4669	3345
4670	3331
4671	3340
4672	3355
4673	3404
4674	3277
4675	3371
4676	3380
4677	3311
4678	3410
4679	3447
4680	3355
4681	3336
4682	3359
4683	3348
4684	3349
4685	3405
4686	3425
4687	3384
4688	3335
4689	3289
4690	3410
4691	3428
4692	3335
4693	3291
4694	3388
4695	3419
4696	3247
4697	3313
4698	3354
4699	3399
4700	3423
4701	3521
4702	3360
4703	3295
4704	3302
4705	3355
4706	3370
4707	3399
4708	3268
4709	3307
4710	3353
4711	3352
4712	3321
4713	3304
4714	3335
4715	3325
4716	3224
4717	3341
4718	3352
4719	3223
4720	3328
4721	3369
4722	3314
4723	3270
4724	3305
4725	3343
4726	3224
4727	3401
4728	3247
4729	3315
4730	3277
4731	3215
4732	3205
4733	3149
4734	3188
4735	3116
4736	3234
4737	3253
4738	3165
4739	3206
4740	3246
4741	3213
4742	3214
4743	3218
4744	3189
4745	3215
4746	3224
4747	3263
4748	3226
4749	3094
4750	3239
4751	3079
4752	3141
4753	3120
4754	3192
4755	3065
4756	3129
4757	2986
4758	3195
4759	3110
4760	3143
4761	3116
4762	3065
4763	3025
4764	3005
4765	3094
4766	2875
4767	3086
4768	3031
4769	2953
4770	2975
4771	2954
4772	2992
4773	3059
4774	2937
4775	2978
4776	2890
4777	2974
4778	3045
4779	3036
4780	2958
4781	2907
4782	2880
4783	2909
4784	2859
4785	2924
4786	2897
4787	2899
4788	2931
4789	2890
4790	2888
4791	2909
4792	2802
4793	2850
4794	2858
4795	2749
4796	2877
4797	2885
4798	2818
4799	2792
4800	2859
4801	2826
4802	2758
4803	2789
4804	2799
4805	2747
4806	2713
4807	2728
4808	2765
4809	2746
4810	2733
4811	2700
4812	2640
4813	2660
4814	2649
4815	2681
4816	2705
4817	2743
4818	2567
4819	2559
4820	2642
4821	2706
4822	2554
4823	2630
4824	2665
4825	2563
4826	2596
4827	2612
4828	2555
4829	2650
4830	2586
4831	2578
4832	2544
4833	2583
4834	2538
4835	2568
4836	2567
4837	2574
4838	2533
4839	2563
4840	2388
4841	2506
4842	2510
4843	2467
4844	2355
4845	2391
4846	2439
4847	2505
4848	2454
4849	2387
4850	2340
4851	2381
4852	2411
4853	2347
4854	2378
4855	2313
4856	2357
4857	2375
4858	2367
4859	2393
4860	2391
4861	2346
4862	2266
4863	2306
4864	2306
4865	2271
4866	2281
4867	2273
4868	2366
4869	2297
4870	2245
4871	2264
4872	2254
4873	2187
4874	2203
4875	2195
4876	2199
4877	2288
4878	2204
4879	2190
4880	2191
4881	2160
4882	2236
4883	2129
4884	2300
4885	2192
4886	2124
4887	2128
4888	2059
4889	2082
4890	2178
4891	2064
4892	2163
4893	2121
4894	2143
4895	2127
4896	2121
4897	2085
4898	2130
4899	2057
4900	2098
4901	2055
4902	2055
4903	2029
4904	2021
4905	2093
4906	2083
4907	2056
4908	2050
4909	2061
4910	2041
4911	2110
4912	1870
4913	1981
4914	2023
4915	2056
4916	1994
4917	2044
4918	1924
4919	1985
4920	1997
4921	1940
4922	1951
4923	1971
4924	1925
4925	1982
4926	1920
4927	1984
4928	1893
4929	2013
4930	1909
4931	1896
4932	1874
4933	1923
4934	1894
4935	1948
4936	1896
4937	1954
4938	1884
4939	1809
4940	1829
4941	1911
4942	1881
4943	1873
4944	1905
4945	1862
4946	1938
4947	1792
4948	1759
4949	1882
4950	1877
4951	1747
4952	1949
4953	1842
4954	1920
4955	1787
4956	1838
4957	1867
4958	1800
4959	1814
4960	1856
4961	1807
4962	1736
4963	1710
4964	1795
4965	1848
4966	1799
4967	1765
4968	1829
4969	1742
4970	1798
4971	1812
4972	1732
4973	1787
4974	1808
4975	1800
4976	1767
4977	1842
4978	1832
4979	1750
4980	1733
4981	1733
4982	1799
4983	1715
4984	1704
4985	1748
4986	1760
4987	1814
4988	1754
4989	1788
4990	1802
4991	1718
4992	1745
4993	1755
4994	1778
4995	1709
4996	1755
4997	1787
4998	1735
4999	1796
5000	1631
5001	1778
5002	1722
5003	1810
5004	1746
5005	1812
5006	1724
5007	1755
5008	1707
5009	1763
5010	1711
5011	1794
5012	1745
5013	1772
5014	1671
5015	1749
5016	1729
5017	1768
5018	1734
5019	1729
5020	1677
5021	1800
5022	1768
5023	1757
5024	1691
5025	1764
5026	1708
5027	1752
5028	1641
5029	1786
5030	1744
5031	1752
5032	1721
5033	1719
5034	1791
5035	1740
5036	1763
5037	1772
5038	1647
5039	1727
5040	1732
5041	1746
5042	1735
5043	1694
5044	1796
5045	1720
5046	1705
5047	1738
5048	1816
5049	1746
5050	1780
5051	1737
5052	1741
5053	1667
5054	1775
5055	1721
5056	1704
5057	1636
5058	1682
5059	1738
5060	1711
5061	1742
5062	1664
5063	1737
5064	1690
5065	1730
5066	1699
5067	1753
5068	1659
5069	1742
5070	1728
5071	1694
5072	1674
5073	1702
5074	1729
5075	1737
5076	1764
5077	1774
5078	1811
5079	1720
5080	1755
5081	1711
5082	1736
5083	1638
5084	1730
5085	1779
5086	1819
5087	1806
5088	1677
5089	1779
5090	1695
5091	1781
5092	1660
5093	1731
5094	1729
5095	1783
5096	1719
5097	1753
5098	1729
5099	1764
5100	1651
5101	1746
5102	1690
5103	1749
5104	1686
5105	1773
5106	1734
5107	1721
5108	1809
5109	1703
5110	1716
5111	1712
5112	1669
5113	1665
5114	1749
5115	1751
5116	1736
5117	1623
5118	1707
5119	1764
5120	1702
5121	1825
5122	1709
5123	1775
5124	1719
5125	1726
5126	1698
5127	1747
5128	1767
5129	1804
5130	1757
5131	1658
5132	1741
5133	1692
5134	1791
5135	1712
5136	1781
5137	1694
5138	1708
5139	1638
5140	1676
5141	1735
5142	1786
5143	1714
5144	1705
5145	1720
5146	1763
5147	1793
5148	1832
5149	1711
5150	1781
5151	1721
5152	1709
5153	1708
5154	1740
5155	1831
5156	1757
5157	1815
5158	1752
5159	1645
5160	1699
5161	1809
5162	1705
5163	1722
5164	1791
5165	1729
5166	1749
5167	1752
5168	1835
5169	1737
5170	1804
5171	1719
5172	1716
5173	1660
5174	1757
5175	1703
5176	1713
5177	1817
5178	1760
5179	1692
5180	1757
5181	1738
5182	1664
5183	1767
5184	1762
5185	1731
5186	1792
5187	1675
5188	1738
5189	1770
5190	1725
5191	1748
5192	1727
5193	1735
5194	1741
5195	1762
5196	1751
5197	1722
5198	1702
5199	1749
5200	1716
5201	1649
5202	1738
5203	1736
5204	1720
5205	1671
5206	1678
5207	1738
5208	1683
5209	1694
5210	1771
5211	1709
5212	1772
5213	1729
5214	1748
5215	1712
5216	1732
5217	1725
5218	1682
5219	1758
5220	1753
5221	1731
5222	1682
5223	1624
5224	1711
5225	1730
5226	1695
5227	1685
5228	1667
5229	1720
5230	1671
5231	1817
5232	1706
5233	1657
5234	1746
5235	1760
5236	1724
5237	1740
5238	1637
5239	1765
5240	1621
5241	1768
5242	1648
5243	1678
5244	1641
5245	1718
5246	1598
5247	1661
5248	1671
5249	1671
5250	1751
5251	1629
5252	1578
5253	1635
5254	1721
5255	1649
5256	1673
5257	1593
5258	1655
5259	1678
5260	1714
5261	1683
5262	1627
5263	1634
5264	1715
5265	1729
5266	1737
5267	1619
5268	1673
5269	1620
5270	1687
5271	1640
5272	1627
5273	1655
5274	1684
5275	1606
5276	1701
5277	1669
5278	1545
5279	1688
5280	1625
5281	1634
5282	1708
5283	1620
5284	1694
5285	1618
5286	1556
5287	1696
5288	1638
5289	1601
5290	1701
5291	1628
5292	1610
5293	1651
5294	1589
5295	1657
5296	1659
5297	1588
5298	1578
5299	1607
5300	1645
5301	1585
5302	1625
5303	1649
5304	1630
5305	1629
5306	1592
5307	1583
5308	1579
5309	1615
5310	1575
5311	1616
5312	1633
5313	1644
5314	1628
5315	1513
5316	1629
5317	1578
5318	1581
5319	1621
5320	1533
5321	1559
5322	1570
5323	1608
5324	1605
5325	1526
5326	1592
5327	1498
5328	1554
5329	1539
5330	1537
5331	1533
5332	1526
5333	1571
5334	1627
5335	1557
5336	1670
5337	1594
5338	1602
5339	1547
5340	1498
5341	1617
5342	1604
5343	1472
5344	1531
5345	1530
5346	1606
5347	1555
5348	1526
5349	1519
5350	1555
5351	1571
5352	1521
5353	1482
5354	1559
5355	1493
5356	1525
5357	1553
5358	1545
5359	1498
5360	1501
5361	1589
5362	1507
5363	1617
5364	1526
5365	1472
5366	1533
5367	1446
5368	1489
5369	1527
5370	1521
5371	1510
5372	1532
5373	1562
5374	1465
5375	1518
5376	1567
5377	1508
5378	1541
5379	1449
5380	1500
5381	1563
5382	1560
5383	1524
5384	1553
5385	1544
5386	1510
5387	1574
5388	1484
5389	1579
5390	1471
5391	1526
5392	1520
5393	1553
5394	1494
5395	1519
5396	1520
5397	1479
5398	1518
5399	1464
5400	1530
5401	1515
5402	1509
5403	1535
5404	1531
5405	1501
5406	1517
5407	1569
5408	1465
5409	1553
5410	1515
5411	1490
5412	1554
5413	1597
5414	1543
5415	1486
5416	1537
5417	1534
5418	1552
5419	1550
5420	1575
5421	1536
5422	1592
5423	1538
5424	1537
5425	1619
5426	1551
5427	1547
5428	1561
5429	1549
5430	1482
5431	1548
5432	1532
5433	1454
5434	1591
5435	1561
5436	1572
5437	1602
5438	1530
5439	1515
5440	1584
5441	1541
5442	1561
5443	1526
5444	1495
5445	1557
5446	1530
5447	1601
5448	1564
5449	1596
5450	1577
5451	1605
5452	1515
5453	1573
5454	1579
5455	1553
5456	1533
5457	1537
5458	1641
5459	1585
5460	1541
5461	1554
5462	1624
5463	1607
5464	1550
5465	1586
5466	1611
5467	1576
5468	1577
5469	1564
5470	1554
5471	1630
5472	1587
5473	1542
5474	1665
5475	1590
5476	1576
5477	1645
5478	1599
5479	1620
5480	1601
5481	1669
5482	1584
5483	1633
5484	1611
5485	1627
5486	1603
5487	1737
5488	1618
5489	1631
5490	1660
5491	1698
5492	1700
5493	1695
5494	1707
5495	1672
5496	1693
5497	1718
5498	1572
5499	1650
5500	1693
5501	1692
5502	1689
5503	1737
5504	1733
5505	1698
5506	1710
5507	1732
5508	1748
5509	1685
5510	1764
5511	1704
5512	1706
5513	1749
5514	1743
5515	1772
5516	1692
5517	1728
5518	1725
5519	1775
5520	1784
5521	1797
5522	1748
5523	1694
5524	1840
5525	1739
5526	1723
5527	1827
5528	1762
5529	1769
5530	1731
5531	1817
5532	1766
5533	1725
5534	1726
5535	1779
5536	1757
5537	1874
5538	1756
5539	1771
5540	1820
5541	1826
5542	1827
5543	1817
5544	1778
5545	1825
5546	1866
5547	1811
5548	1835
5549	1903
5550	1847
5551	1844
5552	1821
5553	1924
5554	1881
5555	1803
5556	1904
5557	1864
5558	1894
5559	1872
5560	1923
5561	1832
5562	1872
5563	1878
5564	1904
5565	1917
5566	1897
5567	1972
5568	1932
5569	1898
5570	1953
5571	1884
5572	1972
5573	1897
5574	1909
5575	1955
5576	1955
5577	1969
5578	1953
5579	1887
5580	1972
5581	1942
5582	2014
5583	1956
5584	1891
5585	2019
5586	1991
5587	1905
5588	1930
5589	2051
5590	1953
5591	1977
5592	2004
5593	2020
5594	2042
5595	1998
5596	1913
5597	2018
5598	2120
5599	2056
5600	2060
5601	2135
5602	2074
5603	2067
5604	2144
5605	2085
5606	2046
5607	2067
5608	2006
5609	2002
5610	2045
5611	2120
5612	2010
5613	2032
5614	2030
5615	2116
5616	2169
5617	2066
5618	2053
5619	2090
5620	2119
5621	2026
5622	2112
5623	2078
5624	2119
5625	2109
5626	2147
5627	2124
5628	2097
5629	2117
5630	2125
5631	2181
5632	2200
5633	2141
5634	2213
5635	2161
5636	2133
5637	2131
5638	2199
5639	2187
5640	2176
5641	2102
5642	2117
5643	2147
5644	2140
5645	2174
5646	2174
5647	2133
5648	2217
5649	2231
5650	2185
5651	2189
5652	2144
5653	2185
5654	2174
5655	2192
5656	2215
5657	2263
5658	2251
5659	2248
5660	2171
5661	2177
5662	2283
5663	2237
5664	2287
5665	2225
5666	2180
5667	2201
5668	2229
5669	2247
5670	2246
5671	2320
5672	2213
5673	2305
5674	2189
5675	2186
5676	2269
5677	2212
5678	2309
5679	2321
5680	2217
5681	2311
5682	2307
5683	2329
5684	2272
5685	2178
5686	2274
5687	2315
5688	2317
5689	2318
5690	2277
5691	2234
5692	2403
5693	2216
5694	2313
5695	2330
5696	2276
5697	2300
5698	2248
5699	2248
5700	2319
5701	2292
5702	2283
5703	2288
5704	2247
5705	2257
5706	2413
5707	2304
5708	2368
5709	2370
5710	2277
5711	2370
5712	2366
5713	2329
5714	2352
5715	2318
5716	2322
5717	2320
5718	2409
5719	2320
5720	2318
5721	2225
5722	2324
5723	2346
5724	2298
5725	2254
5726	2309
5727	2304
5728	2381
5729	2244
5730	2379
5731	2343
5732	2271
5733	2345
5734	2260
5735	2321
5736	2322
5737	2340
5738	2278
5739	2229
5740	2311
5741	2216
5742	2391
5743	2402
5744	2320
5745	2325
5746	2318
5747	2298
5748	2303
5749	2327
5750	2400
5751	2343
5752	2313
5753	2256
5754	2315
5755	2426
5756	2232
5757	2296
5758	2367
5759	2393
5760	2298
5761	2314
5762	2359
5763	2350
5764	2384
5765	2368
5766	2271
5767	2349
5768	2360
5769	2294
5770	2293
5771	2363
5772	2366
5773	2252
5774	2275
5775	2356
5776	2228
5777	2289
5778	2389
5779	2284
5780	2404
5781	2272
5782	2298
5783	2335
5784	2308
5785	2356
5786	2293
5787	2243
5788	2283
5789	2252
5790	2222
5791	2279
5792	2235
5793	2347
5794	2276
5795	2231
5796	2261
5797	2301
5798	2330
5799	2196
5800	2198
5801	2294
5802	2242
5803	2273
5804	2277
5805	2214
5806	2195
5807	2189
5808	2257
5809	2228
5810	2241
5811	2209
5812	2172
5813	2308
5814	2287
5815	2282
5816	2128
5817	2292
5818	2248
5819	2211
5820	2199
5821	2288
5822	2267
5823	2286
5824	2290
5825	2176
5826	2059
5827	2127
5828	2282
5829	2149
5830	2110
5831	2205
5832	2212
5833	2238
5834	2174
5835	2151
5836	2209
5837	2196
5838	2176
5839	2136
5840	2250
5841	2233
5842	2162
5843	2204
5844	2186
5845	2171
5846	2164
5847	2162
5848	2210
5849	2187
5850	2158
5851	2102
5852	2137
5853	2129
5854	2137
5855	2149
5856	2124
5857	2164
5858	2057
5859	2108
5860	2055
5861	2098
5862	2142
5863	2103
5864	2050
5865	2010
5866	2033
5867	2118
5868	2165
5869	2045
5870	2003
5871	2021
5872	1944
5873	2056
5874	2017
5875	2019
5876	2137
5877	2127
5878	2048
5879	1975
5880	2023
5881	1907
5882	1988
5883	2042
5884	1969
5885	2005
5886	1938
5887	1980
5888	1969
5889	1935
5890	2026
5891	1955
5892	2059
5893	2001
5894	2012
5895	1941
5896	1900
5897	1868
5898	1978
5899	1991
5900	1941
5901	1951
5902	1940
5903	1883
5904	1902
5905	1977
5906	1915
5907	1941
5908	1930
5909	1900
5910	1782
5911	1897
5912	1924
5913	1854
5914	1900
5915	1893
5916	1849
5917	1883
5918	1933
5919	1895
5920	1777
5921	1968
5922	1920
5923	1844
5924	1808
5925	1814
5926	1825
5927	1872
5928	1865
5929	1820
5930	1801
5931	1775
5932	1759
5933	1819
5934	1813
5935	1812
5936	1781
5937	1782
5938	1813
5939	1780
5940	1774
5941	1865
5942	1839
5943	1837
5944	1776
5945	1729
5946	1754
5947	1707
5948	1718
5949	1808
5950	1764
5951	1701
5952	1696
5953	1655
5954	1684
5955	1728
5956	1724
5957	1712
5958	1699
5959	1711
5960	1676
5961	1715
5962	1730
5963	1732
5964	1668
5965	1655
5966	1674
5967	1662
5968	1607
5969	1714
5970	1552
5971	1667
5972	1614
5973	1585
5974	1586
5975	1633
5976	1651
5977	1636
5978	1544
5979	1667
5980	1612
5981	1552
5982	1641
5983	1621
5984	1625
5985	1596
5986	1628
5987	1609
5988	1607
5989	1614
5990	1600
5991	1500
5992	1539
5993	1577
5994	1537
5995	1542
5996	1533
5997	1552
5998	1542
5999	1536
6000	1560
6001	1560
6002	1619
6003	1533
6004	1556
6005	1578
6006	1552
6007	1566
6008	1542
6009	1530
6010	1571
6011	1447
6012	1528
6013	1568
6014	1506
6015	1552
6016	1476
6017	1510
6018	1523
6019	1481
6020	1531
6021	1416
6022	1510
6023	1533
6024	1500
6025	1501
6026	1455
6027	1573
6028	1458
6029	1503
6030	1522
6031	1401
6032	1397
6033	1440
6034	1486
6035	1365
6036	1424
6037	1387
6038	1428
6039	1426
6040	1401
6041	1429
6042	1452
6043	1350
6044	1371
6045	1423
6046	1487
6047	1347
6048	1365
6049	1375
6050	1316
6051	1378
6052	1396
6053	1294
6054	1379
6055	1378
6056	1414
6057	1339
6058	1409
6059	1325
6060	1370
6061	1365
6062	1258
6063	1300
6064	1441
6065	1395
6066	1372
6067	1352
6068	1290
6069	1336
6070	1280
6071	1334
6072	1322
6073	1358
6074	1367
6075	1374
6076	1358
6077	1344
6078	1247
6079	1288
6080	1292
6081	1359
6082	1347
6083	1303
6084	1390
6085	1321
6086	1289
6087	1272
6088	1197
6089	1260
6090	1345
6091	1300
6092	1302
6093	1235
6094	1296
6095	1309
6096	1305
6097	1291
6098	1270
6099	1262
6100	1313
6101	1290
6102	1324
6103	1306
6104	1266
6105	1331
6106	1314
6107	1296
6108	1261
6109	1282
6110	1263
6111	1245
6112	1277
6113	1215
6114	1258
6115	1276
6116	1256
6117	1272
6118	1300
6119	1233
6120	1284
6121	1303
6122	1235
6123	1310
6124	1227
6125	1270
6126	1225
6127	1260
6128	1306
6129	1236
6130	1271
6131	1248
6132	1327
6133	1256
6134	1261
6135	1207
6136	1273
6137	1302
6138	1219
6139	1239
6140	1264
6141	1247
6142	1225
6143	1255
6144	1262
6145	1238
6146	1236
6147	1271
6148	1263
6149	1198
6150	1256
6151	1197
6152	1257
6153	1228
6154	1212
6155	1308
6156	1203
6157	1262
6158	1205
6159	1184
6160	1160
6161	1248
6162	1233
6163	1235
6164	1251
6165	1242
6166	1224
6167	1209
6168	1288
6169	1218
6170	1302
6171	1169
6172	1311
6173	1230
6174	1289
6175	1204
6176	1276
6177	1269
6178	1253
6179	1271
6180	1296
6181	1300
6182	1232
6183	1332
6184	1218
6185	1249
6186	1301
6187	1258
6188	1275
6189	1202
6190	1239
6191	1195
6192	1242
6193	1275
6194	1316
6195	1253
6196	1266
6197	1304
6198	1232
6199	1208
6200	1304
6201	1285
6202	1241
6203	1206
6204	1220
6205	1303
6206	1223
6207	1184
6208	1327
6209	1370
6210	1321
6211	1221
6212	1314
6213	1283
6214	1255
6215	1297
6216	1359
6217	1344
6218	1285
6219	1311
6220	1310
6221	1254
6222	1289
6223	1260
6224	1242
6225	1292
6226	1289
6227	1248
6228	1307
6229	1335
6230	1201
6231	1342
6232	1340
6233	1282
6234	1317
6235	1282
6236	1256
6237	1303
6238	1319
6239	1287
6240	1283
6241	1308
6242	1378
6243	1302
6244	1305
6245	1288
6246	1305
6247	1355
6248	1224
6249	1319
6250	1347
6251	1295
6252	1380
6253	1306
6254	1347
6255	1343
6256	1376
6257	1368
6258	1331
6259	1362
6260	1425
6261	1302
6262	1339
6263	1341
6264	1346
6265	1409
6266	1322
6267	1360
6268	1327
6269	1364
6270	1364
6271	1379
6272	1389
6273	1378
6274	1410
6275	1474
6276	1383
6277	1330
6278	1413
6279	1352
6280	1425
6281	1400
6282	1449
6283	1483
6284	1448
6285	1408
6286	1421
6287	1492
6288	1396
6289	1408
6290	1406
6291	1469
6292	1499
6293	1394
6294	1432
6295	1497
6296	1425
6297	1464
6298	1436
6299	1426
6300	1463
6301	1474
6302	1482
6303	1535
6304	1464
6305	1498
6306	1586
6307	1511
6308	1533
6309	1516
6310	1524
6311	1512
6312	1511
6313	1525
6314	1531
6315	1568
6316	1494
6317	1580
6318	1543
6319	1517
6320	1575
6321	1598
6322	1574
6323	1543
6324	1462
6325	1571
6326	1611
6327	1663
6328	1553
6329	1577
6330	1613
6331	1645
6332	1508
6333	1548
6334	1603
6335	1675
6336	1596
6337	1640
6338	1670
6339	1675
6340	1641
6341	1659
6342	1641
6343	1643
6344	1585
6345	1737
6346	1665
6347	1663
6348	1702
6349	1693
6350	1723
6351	1736
6352	1722
6353	1681
6354	1685
6355	1675
6356	1784
6357	1694
6358	1704
6359	1755
6360	1779
6361	1703
6362	1739
6363	1713
6364	1807
6365	1842
6366	1857
6367	1793
6368	1758
6369	1822
6370	1811
6371	1858
6372	1827
6373	1901
6374	1910
6375	1865
6376	1864
6377	1939
6378	1877
6379	1884
6380	1944
6381	1899
6382	1932
6383	1839
6384	1910
6385	1883
6386	1960
6387	1990
6388	1905
6389	1942
6390	1922
6391	2008
6392	1901
6393	2040
6394	1945
6395	2094
6396	1934
6397	2060
6398	2032
6399	1955
6400	1951
6401	1993
6402	1936
6403	2011
6404	1962
6405	1979
6406	2029
6407	2078
6408	2043
6409	2052
6410	2089
6411	2128
6412	2008
6413	2071
6414	2150
6415	2069
6416	2150
6417	2098
6418	2149
6419	2158
6420	2222
6421	2223
6422	2196
6423	2170
6424	2203
6425	2175
6426	2241
6427	2178
6428	2215
6429	2150
6430	2114
6431	2172
6432	2228
6433	2235
6434	2261
6435	2234
6436	2269
6437	2232
6438	2253
6439	2308
6440	2243
6441	2242
6442	2306
6443	2252
6444	2290
6445	2301
6446	2249
6447	2303
6448	2410
6449	2419
6450	2406
6451	2330
6452	2370
6453	2397
6454	2304
6455	2435
6456	2354
6457	2447
6458	2320
6459	2408
6460	2487
6461	2434
6462	2318
6463	2409
6464	2377
6465	2501
6466	2507
6467	2503
6468	2516
6469	2511
6470	2506
6471	2520
6472	2484
6473	2431
6474	2498
6475	2492
6476	2536
6477	2488
6478	2509
6479	2458
6480	2573
6481	2621
6482	2516
6483	2577
6484	2634
6485	2623
6486	2545
6487	2645
6488	2636
6489	2603
6490	2657
6491	2637
6492	2563
6493	2594
6494	2707
6495	2636
6496	2660
6497	2746
6498	2700
6499	2666
6500	2693
6501	2717
6502	2716
6503	2754
6504	2837
6505	2827
6506	2695
6507	2783
6508	2759
6509	2681
6510	2776
6511	2761
6512	2811
6513	2808
6514	2876
6515	2836
6516	2793
6517	2818
6518	2781
6519	2746
6520	2888
6521	2737
6522	2805
6523	2868
6524	2896
6525	2847
6526	2875
6527	2811
6528	2794
6529	2917
6530	2859
6531	2903
6532	2896
6533	2846
6534	2795
6535	2970
6536	2930
6537	2826
6538	2916
6539	2851
6540	2859
6541	2828
6542	2979
6543	2882
6544	2940
6545	3040
6546	3014
6547	2949
6548	2907
6549	3017
6550	2892
6551	2969
6552	2959
6553	2953
6554	3075
6555	2895
6556	3066
6557	3044
6558	2965
6559	3025
6560	2968
6561	3056
6562	3034
6563	3108
6564	3077
6565	2907
6566	3002
6567	3017
6568	3022
6569	3078
6570	2964
6571	3045
6572	3055
6573	3116
6574	3046
6575	3064
6576	2957
6577	3140
6578	3018
6579	3038
6580	3123
6581	3073
6582	3049
6583	3124
6584	3069
6585	3052
6586	3045
6587	3206
6588	3170
6589	3066
6590	3101
6591	3061
6592	3040
6593	3105
6594	3219
6595	3254
6596	3058
6597	3030
6598	3179
6599	3117
6600	3212
6601	3091
6602	3192
6603	3072
6604	3250
6605	3186
6606	3151
6607	3131
6608	3266
6609	3139
6610	3183
6611	3167
6612	3142
6613	3163
6614	3113
6615	3163
6616	3115
6617	3086
6618	3067
6619	3153
6620	3198
6621	3168
6622	3239
6623	3171
6624	3180
6625	3171
6626	3131
6627	3177
6628	3156
6629	3243
6630	3204
6631	3126
6632	3200
6633	3068
6634	3089
6635	3108
6636	3125
6637	3114
6638	3156
6639	3160
6640	3157
6641	3128
6642	3131
6643	3183
6644	3205
6645	3181
6646	3197
6647	3318
6648	3199
6649	3162
6650	3162
6651	3131
6652	3124
6653	3234
6654	3141
6655	3170
6656	3135
6657	3077
6658	3079
6659	3130
6660	3093
6661	3252
6662	3093
6663	3080
6664	3090
6665	3181
6666	3144
6667	3062
6668	3064
6669	3108
6670	3154
6671	3275
6672	3077
6673	3051
6674	3051
6675	3128
6676	3179
6677	3121
6678	3163
6679	3073
6680	3111
6681	3143
6682	3129
6683	3145
6684	3129
6685	3087
6686	3088
6687	3175
6688	3171
6689	3121
6690	3100
6691	3026
6692	3076
6693	3056
6694	3102
6695	3100
6696	3085
6697	3081
6698	3064
6699	3053
6700	3001
6701	3122
6702	2965
6703	3024
6704	2940
6705	3053
6706	3061
6707	3000
6708	3008
6709	2935
6710	3019
6711	2990
6712	2967
6713	3007
6714	2958
6715	2996
6716	2960
6717	2930
6718	2869
6719	2844
6720	2940
6721	3067
6722	2968
6723	2890
6724	2961
6725	2850
6726	2862
6727	2956
6728	3053
6729	2955
6730	2948
6731	2887
6732	2956
6733	2888
6734	2788
6735	2980
6736	2777
6737	2845
6738	2939
6739	2816
6740	2957
6741	2799
6742	2848
6743	2793
6744	2841
6745	2758
6746	2837
6747	2887
6748	2755
6749	2848
6750	2793
6751	2791
6752	2695
6753	2783
6754	2739
6755	2720
6756	2718
6757	2753
6758	2724
6759	2734
6760	2719
6761	2828
6762	2748
6763	2700
6764	2705
6765	2781
6766	2632
6767	2734
6768	2664
6769	2739
6770	2729
6771	2738
6772	2721
6773	2717
6774	2626
6775	2670
6776	2639
6777	2674
6778	2573
6779	2634
6780	2621
6781	2497
6782	2640
6783	2652
6784	2541
6785	2598
6786	2557
6787	2600
6788	2532
6789	2579
6790	2556
6791	2598
6792	2600
6793	2439
6794	2528
6795	2445
6796	2388
6797	2426
6798	2495
6799	2443
6800	2437
6801	2458
6802	2441
6803	2437
6804	2420
6805	2436
6806	2378
6807	2406
6808	2457
6809	2412
6810	2326
6811	2384
6812	2514
6813	2401
6814	2283
6815	2356
6816	2339
6817	2369
6818	2347
6819	2371
6820	2449
6821	2357
6822	2300
6823	2268
6824	2322
6825	2327
6826	2325
6827	2335
6828	2258
6829	2288
6830	2229
6831	2258
6832	2355
6833	2203
6834	2294
6835	2325
6836	2247
6837	2191
6838	2226
6839	2201
6840	2258
6841	2206
6842	2167
6843	2235
6844	2147
6845	2149
6846	2185
6847	2191
6848	2104
6849	2175
6850	2115
6851	2126
6852	2103
6853	2191
6854	2124
6855	2174
6856	2093
6857	2110
6858	2087
6859	2039
6860	2041
6861	2041
6862	2051
6863	2070
6864	2045
6865	2047
6866	2035
6867	2044
6868	2062
6869	1997
6870	1956
6871	1973
6872	1973
6873	1948
6874	2001
6875	1928
6876	1876
6877	1897
6878	1833
6879	2028
6880	1940
6881	1906
6882	1951
6883	1970
6884	1872
6885	1837
6886	1876
6887	1838
6888	1927
6889	1843
6890	1864
6891	1890
6892	1861
6893	1784
6894	1833
6895	1879
6896	1792
6897	1880
6898	1835
6899	1765
6900	1760
6901	1784
6902	1861
6903	1800
6904	1707
6905	1723
6906	1758
6907	1726
6908	1832
6909	1695
6910	1704
6911	1727
6912	1785
6913	1698
6914	1738
6915	1599
6916	1691
6917	1767
6918	1660
6919	1693
6920	1721
6921	1748
6922	1666
6923	1714
6924	1563
6925	1655
6926	1669
6927	1687
6928	1650
6929	1641
6930	1552
6931	1695
6932	1625
6933	1656
6934	1576
6935	1560
6936	1524
6937	1595
6938	1646
6939	1630
6940	1611
6941	1552
6942	1571
6943	1668
6944	1558
6945	1531
6946	1540
6947	1526
6948	1521
6949	1556
6950	1434
6951	1574
6952	1597
6953	1502
6954	1572
6955	1517
6956	1541
6957	1486
6958	1421
6959	1448
6960	1459
6961	1489
6962	1553
6963	1475
6964	1448
6965	1525
6966	1413
6967	1393
6968	1446
6969	1428
6970	1452
6971	1440
6972	1426
6973	1385
6974	1410
6975	1373
6976	1331
6977	1397
6978	1384
6979	1436
6980	1396
6981	1415
6982	1411
6983	1457
6984	1359
6985	1416
6986	1320
6987	1318
6988	1297
6989	1340
6990	1309
6991	1325
6992	1328
6993	1371
6994	1391
6995	1372
6996	1315
6997	1307
6998	1403
6999	1362
7000	1332
7001	1254
7002	1299
7003	1319
7004	1286
7005	1317
7006	1361
7007	1326
7008	1291
7009	1280
7010	1295
7011	1286
7012	1288
7013	1283
7014	1231
7015	1283
7016	1264
7017	1260
7018	1282
7019	1286
7020	1253
7021	1264
7022	1268
7023	1214
7024	1258
7025	1216
7026	1225
7027	1194
7028	1250
7029	1267
7030	1188
7031	1200
7032	1235
7033	1208
7034	1187
7035	1201
7036	1081
7037	1216
7038	1201
7039	1216
7040	1203
7041	1142
7042	1155
7043	1175
7044	1193
7045	1190
7046	1173
7047	1180
7048	1143
7049	1180
7050	1147
7051	1131
7052	1217
7053	1118
7054	1150
7055	1121
7056	1089
7057	1091
7058	1093
7059	1134
7060	1165
7061	1143
7062	1139
7063	1136
7064	1127
7065	1101
7066	1108
7067	1164
7068	1078
7069	1108
7070	1164
7071	1057
7072	1108
7073	1103
7074	1099
7075	1164
7076	1133
7077	1108
7078	1132
7079	1139
7080	1089
7081	1085
7082	1102
7083	1091
7084	1058
7085	1082
7086	1100
7087	1045
7088	1105
7089	1115
7090	1130
7091	1130
7092	1057
7093	1049
7094	1058
7095	1071
7096	1047
7097	1084
7098	1035
7099	1115
7100	1040
7101	1043
7102	1024
7103	1070
7104	1032
7105	1084
7106	1111
7107	1038
7108	1036
7109	1075
7110	1056
7111	1040
7112	1034
7113	1030
7114	1057
7115	1054
7116	1064
7117	1062
7118	1039
7119	1003
7120	1011
7121	990
7122	980
7123	1000
7124	1036
7125	1072
7126	1043
7127	1048
7128	1032
7129	1020
7130	1059
7131	1040
7132	1002
7133	987
7134	979
7135	995
7136	984
7137	1011
7138	1027
7139	979
7140	998
7141	1029
7142	1003
7143	1059
7144	1031
7145	960
7146	1030
7147	969
7148	1004
7149	1051
7150	1003
7151	1013
7152	951
7153	1047
7154	1016
7155	1054
7156	983
7157	1019
7158	1024
7159	1003
7160	978
7161	972
7162	1009
7163	980
7164	980
7165	1034
7166	976
7167	1012
7168	997
7169	991
7170	1016
7171	999
7172	961
7173	980
7174	938
7175	918
7176	938
7177	928
7178	932
7179	978
7180	1003
7181	975
7182	983
7183	958
7184	929
7185	955
7186	969
7187	996
7188	974
7189	1020
7190	950
7191	958
7192	922
7193	962
7194	1003
7195	976
7196	925
7197	982
7198	988
7199	955
7200	953
7201	1033
7202	1015
7203	941
7204	1011
7205	953
7206	997
7207	928
7208	977
7209	959
7210	979
7211	932
7212	957
7213	990
7214	978
7215	940
7216	990
7217	913
7218	952
7219	922
7220	1030
7221	945
7222	930
7223	964
7224	943
7225	964
7226	956
7227	957
7228	978
7229	938
7230	980
7231	944
7232	915
7233	929
7234	956
7235	968
7236	962
7237	949
7238	889
7239	892
7240	1006
7241	925
7242	912
7243	968
7244	982
7245	986
7246	954
7247	941
7248	954
7249	956
7250	933
7251	943
7252	977
7253	970
7254	954
7255	968
7256	965
7257	959
7258	979
7259	935
7260	847
7261	944
7262	959
7263	957
7264	903
7265	919
7266	896
7267	945
7268	938
7269	917
7270	929
7271	907
7272	946
7273	948
7274	954
7275	916
7276	920
7277	977
7278	973
7279	859
7280	964
7281	967
7282	888
7283	910
7284	936
7285	919
7286	906
7287	905
7288	989
7289	994
7290	902
7291	951
7292	960
7293	923
7294	945
7295	895
7296	914
7297	934
7298	893
7299	931
7300	922
7301	920
7302	920
7303	1001
7304	915
7305	926
7306	877
7307	859
7308	948
7309	937
7310	915
7311	922
7312	998
7313	914
7314	938
7315	874
7316	908
7317	939
7318	911
7319	902
7320	910
7321	906
7322	931
7323	927
7324	867
7325	914
7326	954
7327	893
7328	943
7329	915
7330	914
7331	932
7332	920
7333	881
7334	918
7335	885
7336	916
7337	873
7338	938
7339	881
7340	971
7341	981
7342	944
7343	894
7344	916
7345	938
7346	969
7347	859
7348	960
7349	912
7350	952
7351	946
7352	917
7353	869
7354	930
7355	911
7356	935
7357	880
7358	915
7359	934
7360	933
7361	923
7362	891
7363	896
7364	878
7365	937
7366	951
7367	874
7368	947
7369	903
7370	944
7371	945
7372	957
7373	895
7374	925
7375	905
7376	923
7377	981
7378	908
7379	941
7380	884
7381	924
7382	912
7383	922
7384	885
7385	847
7386	961
7387	960
7388	871
7389	917
7390	933
7391	892
7392	911
7393	915
7394	1005
7395	879
7396	917
7397	888
7398	978
7399	914
7400	937
7401	902
7402	909
7403	948
7404	919
7405	926
7406	943
7407	864
7408	929
7409	942
7410	836
7411	929
7412	927
7413	872
7414	925
7415	920
7416	949
7417	883
7418	986
7419	901
7420	923
7421	958
7422	938
7423	943
7424	918
7425	899
7426	911
7427	944
7428	914
7429	950
7430	917
7431	933
7432	918
7433	922
7434	891
7435	899
7436	917
7437	912
7438	899
7439	952
7440	894
7441	934
7442	938
7443	912
7444	865
7445	853
7446	929
7447	919
7448	970
7449	921
7450	925
7451	935
7452	909
7453	945
7454	915
7455	978
7456	955
7457	930
7458	920
7459	1019
7460	939
7461	921
7462	943
7463	915
7464	847
7465	957
7466	947
7467	957
7468	939
7469	979
7470	999
7471	989
7472	934
7473	967
7474	980
7475	906
7476	927
7477	1003
7478	1041
7479	993
7480	915
7481	973
7482	1034
7483	1048
7484	1027
7485	1012
7486	1014
7487	1019
7488	980
7489	1025
7490	998
7491	998
7492	1021
7493	1048
7494	1000
7495	1001
7496	1069
7497	1137
7498	1061
7499	1023
7500	1051
7501	1062
7502	1132
7503	1045
7504	1101
7505	1095
7506	1071
7507	1121
7508	1101
7509	1119
7510	1079
7511	1145
7512	1171
7513	1067
7514	1126
7515	1117
7516	1102
7517	1183
7518	1151
7519	1162
7520	1160
7521	1221
7522	1199
7523	1126
7524	1174
7525	1189
7526	1167
7527	1240
7528	1200
7529	1252
7530	1232
7531	1247
7532	1266
7533	1324
7534	1268
7535	1259
7536	1319
7537	1329
7538	1364
7539	1348
7540	1309
7541	1341
7542	1335
7543	1371
7544	1407
7545	1337
7546	1420
7547	1427
7548	1361
7549	1371
7550	1383
7551	1413
7552	1507
7553	1400
7554	1478
7555	1470
7556	1548
7557	1516
7558	1460
7559	1539
7560	1553
7561	1610
7562	1530
7563	1640
7564	1585
7565	1633
7566	1663
7567	1634
7568	1661
7569	1650
7570	1667
7571	1596
7572	1730
7573	1713
7574	1726
7575	1752
7576	1766
7577	1793
7578	1835
7579	1780
7580	1842
7581	1911
7582	1841
7583	1782
7584	1919
7585	1768
7586	1954
7587	1845
7588	2001
7589	1894
7590	1901
7591	1944
7592	2010
7593	1978
7594	2037
7595	1979
7596	2099
7597	2038
7598	2095
7599	2145
7600	2045
7601	2157
7602	2183
7603	2153
7604	2171
7605	2214
7606	2169
7607	2311
7608	2288
7609	2181
7610	2245
7611	2351
7612	2329
7613	2238
7614	2320
7615	2335
7616	2315
7617	2405
7618	2285
7619	2391
7620	2465
7621	2434
7622	2367
7623	2493
7624	2452
7625	2454
7626	2479
7627	2486
7628	2574
7629	2576
7630	2664
7631	2507
7632	2639
7633	2640
7634	2668
7635	2722
7636	2678
7637	2730
7638	2749
7639	2690
7640	2775
7641	2691
7642	2784
7643	2814
7644	2833
7645	2740
7646	2774
7647	2916
7648	2855
7649	2829
7650	2885
7651	2904
7652	2948
7653	2935
7654	2801
7655	3026
7656	3043
7657	2963
7658	3022
7659	2893
7660	3016
7661	3003
7662	3024
7663	3092
7664	3087
7665	3109
7666	3067
7667	3061
7668	3056
7669	3076
7670	3129
7671	3067
7672	3094
7673	3180
7674	3064
7675	3228
7676	3198
7677	3243
7678	3156
7679	3189
7680	3187
7681	3252
7682	3276
7683	3204
7684	3335
7685	3157
7686	3185
7687	3309
7688	3242
7689	3194
7690	3206
7691	3188
7692	3237
7693	3317
7694	3257
7695	3175
7696	3186
7697	3253
7698	3170
7699	3238
7700	3197
7701	3244
7702	3314
7703	3195
7704	3189
7705	3289
7706	3222
7707	3259
7708	3126
7709	3309
7710	3173
7711	3289
7712	3266
7713	3217
7714	3188
7715	3237
7716	3137
7717	3215
7718	3168
7719	3082
7720	3162
7721	3093
7722	3193
7723	3126
7724	3104
7725	3183
7726	3061
7727	3209
7728	3168
7729	3082
7730	3049
7731	3072
7732	3038
7733	3048
7734	3053
7735	3104
7736	2973
7737	3031
7738	2880
7739	2924
7740	3027
7741	3062
7742	2968
7743	2989
7744	2952
7745	3018
7746	2851
7747	2918
7748	2904
7749	2807
7750	2843
7751	2793
7752	2896
7753	2825
7754	2762
7755	2870
7756	2748
7757	2737
7758	2752
7759	2883
7760	2756
7761	2746
7762	2652
7763	2741
7764	2573
7765	2644
7766	2661
7767	2592
7768	2601
7769	2578
7770	2563
7771	2452
7772	2442
7773	2479
7774	2435
7775	2394
7776	2462
7777	2360
7778	2534
7779	2430
7780	2402
7781	2443
7782	2387
7783	2431
7784	2285
7785	2343
7786	2310
7787	2298
7788	2208
7789	2235
7790	2243
7791	2177
7792	2221
7793	2229
7794	2102
7795	2153
7796	2123
7797	2035
7798	2142
7799	2014
7800	2032
7801	2113
7802	2108
7803	1970
7804	1972
7805	1974
7806	1988
7807	1955
7808	1954
7809	1931
7810	1952
7811	1933
7812	1846
7813	1866
7814	1848
7815	1874
7816	1817
7817	1734
7818	1791
7819	1765
7820	1781
7821	1741
7822	1754
7823	1724
7824	1678
7825	1686
7826	1684
7827	1709
7828	1648
7829	1721
7830	1573
7831	1611
7832	1598
7833	1599
7834	1601
7835	1582
7836	1573
7837	1559
7838	1520
7839	1503
7840	1497
7841	1459
7842	1436
7843	1526
7844	1442
7845	1451
7846	1331
7847	1346
7848	1342
7849	1395
7850	1390
7851	1362
7852	1346
7853	1379
7854	1331
7855	1319
7856	1312
7857	1318
7858	1295
7859	1295
7860	1227
7861	1237
7862	1240
7863	1263
7864	1219
7865	1191
7866	1205
7867	1198
7868	1123
7869	1164
7870	1183
7871	1158
7872	1058
7873	1074
7874	1124
7875	1073
7876	1010
7877	869
7878	695
7879	500
7880	429
7881	378
7882	303
7883	284
7884	225
7885	232
7886	220
7887	195
7888	174
7889	172
7890	177
7891	150
7892	133
7893	121
7894	102
7895	111
7896	107
7897	100
7898	97
7899	99
7900	91
7901	90
7902	78
7903	76
7904	85
7905	82
7906	76
7907	77
7908	82
7909	75
7910	59
7911	60
7912	48
7913	60
7914	50
7915	58
7916	44
7917	42
7918	56
7919	51
7920	39
7921	44
7922	32
7923	47
7924	34
7925	38
7926	28
7927	28
7928	23
7929	31
7930	27
7931	27
7932	30
7933	25
7934	23
7935	21
7936	20
7937	17
7938	11
7939	19
7940	13
7941	18
7942	10
7943	18
7944	13
7945	17
7946	13
7947	10
7948	8
7949	11
7950	11
7951	13
7952	7
7953	4
7954	9
7955	12
7956	6
7957	15
7958	22
7959	6
7960	8
7961	8
7962	7
7963	6
7964	10
7965	7
7966	6
7967	7
7968	7
7969	2
7970	5
7971	7
7972	9
7973	7
7974	9
7975	3
7976	3
7977	3
7978	2
7979	4
7980	8
7981	5
7982	4
7983	2
7984	2
7985	7
7986	4
7987	4
7988	6
7989	9
7990	2
7991	5
7992	3
7993	3
7994	3
7995	3
7996	2
7997	1
7998	1
7999	2
8000	1
8001	3
8002	1
8003	4
8004	2
8005	4
8006	1
8007	3
8008	1
8009	6
8010	3
8011	3
8012	0
8013	0
8014	5
8015	3
8016	3
8017	0
8018	1
8019	3
8020	0
8021	3
8022	1
8023	3
8024	2
8025	0
8026	1
8027	0
8028	1
8029	2
8030	1
8031	1
8032	1
8033	1
8034	0
8035	1
8036	4
8037	1
8038	0
8039	0
8040	0
8041	0
8042	2
8043	0
8044	0
8045	0
8046	0
8047	1
8048	1
8049	0
8050	1
8051	0
8052	0
8053	0
8054	1
8055	1
8056	1
8057	1
8058	1
8059	0
8060	0
8061	0
8062	2
8063	0
8064	0
8065	0
8066	0
8067	0
8068	0
8069	0
8070	0
8071	1
8072	0
8073	0
8074	0
8075	0
8076	0
8077	0
8078	0
8079	0
8080	0
8081	0
8082	0
8083	0
8084	0
8085	0
8086	0
8087	0
8088	0
8089	0
8090	0
8091	0
8092	0
8093	0
8094	0
8095	0
8096	0
8097	0
8098	0
8099	0
8100	0
8101	0
8102	0
8103	0
8104	0
8105	0
8106	0
8107	0
8108	0
8109	0
8110	0
8111	0
8112	0
8113	0
8114	0
8115	0
8116	0
8117	0
8118	0
8119	0
8120	0
8121	0
8122	0
8123	0
8124	0
8125	0
8126	0
8127	0
8128	0
8129	0
8130	0
8131	0
8132	0
8133	0
8134	0
8135	0
8136	0
8137	0
8138	0
8139	0
8140	0
8141	0
8142	0
8143	0
8144	0
8145	0
8146	0
8147	0
8148	0
8149	0
8150	0
8151	0
8152	0
8153	0
8154	0
8155	0
8156	0
8157	0
8158	0
8159	0
8160	0
8161	0
8162	0
8163	0
8164	0
8165	0
8166	0
8167	0
8168	0
8169	0
8170	0
8171	0
8172	0
8173	0
8174	0
8175	0
8176	0
8177	0
8178	0
8179	0
8180	0
8181	0
8182	0
8183	0
8184	0
8185	0
8186	0
8187	0
8188	0
8189	0
8190	0
8191	0
