0	0
1	0
2	0
3	0
4	0
5	0
6	0
7	0
8	0
9	0
10	0
11	0
12	0
13	0
14	0
15	0
16	0
17	0
18	0
19	0
20	0
21	0
22	0
23	0
24	0
25	0
26	0
27	0
28	0
29	0
30	0
31	0
32	0
33	0
34	0
35	0
36	0
37	0
38	0
39	0
40	0
41	0
42	0
43	0
44	0
45	0
46	0
47	0
48	0
49	3
50	7
51	8
52	22
53	210
54	1397
55	4936
56	9366
57	11010
58	10246
59	9475
60	8774
61	8381
62	8185
63	8288
64	8236
65	8067
66	7964
67	7964
68	7987
69	7797
70	7818
71	7741
72	7686
73	7666
74	7582
75	7430
76	7376
77	7503
78	7438
79	7343
80	7343
81	7451
82	7162
83	7202
84	7097
85	7212
86	7252
87	7045
88	7186
89	7073
90	7071
91	7079
92	6938
93	7051
94	6833
95	6943
96	6843
97	6907
98	6899
99	6810
100	6784
101	6850
102	6742
103	6805
104	6775
105	6724
106	6534
107	6580
108	6620
109	6422
110	6340
111	6291
112	6365
113	6291
114	6322
115	6276
116	6261
117	6147
118	6098
119	6231
120	6133
121	6074
122	5920
123	6033
124	5861
125	5954
126	5841
127	5901
128	5856
129	5787
130	5788
131	5773
132	5716
133	5808
134	5753
135	5625
136	5729
137	5504
138	5612
139	5545
140	5409
141	5588
142	5623
143	5441
144	5485
145	5418
146	5317
147	5310
148	5421
149	5270
150	5391
151	5184
152	5168
153	5236
154	5178
155	5235
156	5127
157	5064
158	5149
159	5033
160	5164
161	5128
162	4954
163	4956
164	4966
165	4997
166	4918
167	5091
168	4921
169	4885
170	4849
171	4925
172	4874
173	4752
174	4823
175	4776
176	4705
177	4724
178	4883
179	4462
180	4707
181	4477
182	4639
183	4562
184	4534
185	4565
186	4595
187	4451
188	4503
189	4312
190	4553
191	4467
192	4483
193	4348
194	4328
195	4495
196	4271
197	4429
198	4309
199	4316
200	4226
201	4333
202	4262
203	4249
204	4285
205	4198
206	4242
207	4192
208	4230
209	4154
210	4290
211	4145
212	3962
213	4162
214	4066
215	4111
216	4133
217	3968
218	4074
219	3994
220	3908
221	3888
222	3975
223	3926
224	3985
225	3893
226	3984
227	3738
228	3834
229	3755
230	3746
231	3752
232	3621
233	3722
234	3778
235	3713
236	3768
237	3644
238	3691
239	3671
240	3685
241	3596
242	3634
243	3660
244	3541
245	3472
246	3577
247	3507
248	3687
249	3580
250	3582
251	3569
252	3474
253	3493
254	3549
255	3426
256	3511
257	3461
258	3406
259	3507
260	3352
261	3444
262	3437
263	3431
264	3428
265	3367
266	3382
267	3416
268	3325
269	3305
270	3359
271	3386
272	3354
273	3358
274	3345
275	3340
276	3301
277	3206
278	3313
279	3332
280	3204
281	3251
282	3236
283	3241
284	3187
285	3187
286	3150
287	3244
288	3192
289	3193
290	3152
291	3199
292	3143
293	3103
294	3212
295	3146
296	3179
297	3187
298	3031
299	3194
300	3123
301	3075
302	3159
303	3117
304	3063
305	3114
306	3082
307	3153
308	3167
309	3142
310	3067
311	3043
312	3021
313	3110
314	3088
315	3057
316	3072
317	2999
318	2992
319	3117
320	3038
321	3038
322	3124
323	3001
324	3027
325	2944
326	3068
327	2946
328	3013
329	3053
330	3011
331	2845
332	3074
333	2983
334	2952
335	2978
336	3055
337	2971
338	3041
339	2998
340	3005
341	3026
342	3108
343	3065
344	3296
345	3564
346	3668
347	3431
348	3227
349	3133
350	3079
351	3051
352	3152
353	3098
354	3420
355	3686
356	4019
357	4159
358	3837
359	3501
360	3151
361	2949
362	2935
363	2934
364	2938
365	3007
366	3078
367	3074
368	3118
369	3097
370	2910
371	2984
372	2930
373	2826
374	2817
375	2800
376	2914
377	2883
378	2928
379	2848
380	2927
381	2888
382	2906
383	2897
384	2986
385	2815
386	2800
387	2853
388	2877
389	2878
390	2970
391	2911
392	2777
393	2845
394	3008
395	2844
396	2873
397	2959
398	2840
399	2894
400	2878
401	2932
402	3008
403	3118
404	3129
405	3452
406	3388
407	3435
408	3428
409	3175
410	3034
411	2913
412	2977
413	2857
414	2924
415	2906
416	2978
417	2949
418	3086
419	3165
420	3114
421	3152
422	2942
423	3072
424	2969
425	2910
426	2907
427	2906
428	2785
429	2781
430	2901
431	2831
432	2963
433	2979
434	2873
435	2876
436	2931
437	2876
438	2871
439	2904
440	2823
441	2836
442	2943
443	2821
444	2945
445	2987
446	2854
447	2998
448	2938
449	2976
450	2908
451	2887
452	2959
453	2918
454	2927
455	2946
456	3027
457	2788
458	2861
459	2888
460	2884
461	2846
462	2866
463	2742
464	2848
465	2893
466	2953
467	2763
468	2741
469	2889
470	2956
471	2851
472	2790
473	2857
474	2877
475	2867
476	2941
477	2999
478	2873
479	2886
480	2895
481	2869
482	2837
483	2921
484	2955
485	2840
486	2906
487	2896
488	2958
489	2928
490	2870
491	2844
492	2866
493	2959
494	2808
495	2892
496	2897
497	2786
498	2838
499	2909
500	2857
501	2894
502	2921
503	2749
504	2824
505	2835
506	2959
507	2865
508	2911
509	2847
510	2937
511	2934
512	2908
513	2901
514	2882
515	2859
516	2783
517	2879
518	2782
519	2927
520	2797
521	2914
522	2739
523	2833
524	2852
525	2785
526	2852
527	2877
528	2896
529	2902
530	2846
531	2872
532	2864
533	2891
534	2960
535	2883
536	2813
537	2748
538	2873
539	2950
540	2965
541	2880
542	2817
543	2982
544	2789
545	2736
546	2903
547	2832
548	2837
549	2895
550	2834
551	2841
552	2906
553	2846
554	2875
555	2828
556	2802
557	2799
558	2877
559	2833
560	2846
561	2920
562	2843
563	2826
564	2814
565	2841
566	2791
567	2731
568	2865
569	2774
570	2823
571	2876
572	2810
573	2912
574	2923
575	2922
576	2773
577	2829
578	2776
579	2866
580	2875
581	2853
582	2792
583	2782
584	2866
585	2750
586	2776
587	2816
588	2782
589	2772
590	2720
591	2751
592	2793
593	2736
594	2760
595	2806
596	2713
597	2716
598	2793
599	2733
600	2683
601	2698
602	2766
603	2807
604	2749
605	2775
606	2783
607	2874
608	2719
609	2756
610	2751
611	2732
612	2688
613	2733
614	2769
615	2758
616	2803
617	2653
618	2724
619	2693
620	2757
621	2689
622	2763
623	2715
624	2684
625	2592
626	2756
627	2759
628	2759
629	2783
630	2771
631	2755
632	2759
633	2797
634	2724
635	2686
636	2676
637	2779
638	2713
639	2716
640	2665
641	2638
642	2673
643	2638
644	2728
645	2634
646	2636
647	2733
648	2744
649	2591
650	2607
651	2717
652	2639
653	2720
654	2556
655	2661
656	2554
657	2633
658	2627
659	2625
660	2638
661	2594
662	2597
663	2645
664	2662
665	2598
666	2616
667	2639
668	2609
669	2600
670	2660
671	2636
672	2603
673	2508
674	2577
675	2568
676	2568
677	2546
678	2538
679	2551
680	2515
681	2537
682	2502
683	2552
684	2542
685	2539
686	2626
687	2593
688	2587
689	2580
690	2589
691	2543
692	2459
693	2468
694	2498
695	2483
696	2505
697	2533
698	2545
699	2513
700	2467
701	2525
702	2545
703	2625
704	2526
705	2464
706	2502
707	2526
708	2556
709	2503
710	2474
711	2451
712	2503
713	2361
714	2435
715	2481
716	2463
717	2428
718	2388
719	2461
720	2447
721	2459
722	2345
723	2466
724	2366
725	2438
726	2487
727	2415
728	2444
729	2435
730	2362
731	2414
732	2449
733	2384
734	2355
735	2371
736	2397
737	2450
738	2492
739	2459
740	2284
741	2353
742	2309
743	2403
744	2383
745	2343
746	2326
747	2407
748	2356
749	2395
750	2313
751	2345
752	2302
753	2280
754	2368
755	2335
756	2328
757	2283
758	2347
759	2369
760	2387
761	2280
762	2311
763	2272
764	2330
765	2219
766	2235
767	2239
768	2250
769	2225
770	2258
771	2309
772	2272
773	2262
774	2150
775	2203
776	2205
777	2288
778	2265
779	2169
780	2279
781	2201
782	2235
783	2157
784	2242
785	2287
786	2240
787	2234
788	2184
789	2196
790	2235
791	2157
792	2205
793	2226
794	2129
795	2260
796	2095
797	2131
798	2110
799	2206
800	2222
801	2209
802	2178
803	2108
804	2187
805	2169
806	2125
807	2172
808	2208
809	2225
810	2131
811	2122
812	2184
813	2088
814	2154
815	2114
816	2138
817	2147
818	2088
819	2119
820	2166
821	2076
822	2107
823	2055
824	2139
825	2084
826	2042
827	2031
828	2060
829	2049
830	2166
831	2091
832	2079
833	2032
834	2065
835	1995
836	2057
837	2010
838	2001
839	2011
840	2007
841	1993
842	2056
843	2015
844	2086
845	1993
846	2009
847	2047
848	1985
849	1899
850	2005
851	2116
852	1943
853	2017
854	1947
855	1971
856	1963
857	2017
858	2074
859	1967
860	1938
861	1972
862	1938
863	1963
864	2015
865	2001
866	1943
867	2027
868	1954
869	1939
870	1934
871	1976
872	1957
873	1928
874	1909
875	1906
876	1918
877	2012
878	1920
879	1973
880	1995
881	1921
882	1864
883	1958
884	1887
885	1913
886	1861
887	1942
888	1888
889	1801
890	1930
891	1903
892	1912
893	1878
894	1896
895	1897
896	1819
897	1909
898	1894
899	1849
900	1796
901	1917
902	1836
903	1835
904	1799
905	1850
906	1881
907	1840
908	1956
909	1854
910	1865
911	1834
912	1976
913	1837
914	1923
915	1885
916	2008
917	1992
918	2081
919	2049
920	1975
921	1895
922	1840
923	1869
924	1767
925	1731
926	1746
927	1736
928	1744
929	1815
930	1867
931	1761
932	1772
933	1790
934	1746
935	1786
936	1709
937	1801
938	1762
939	1801
940	1702
941	1811
942	1770
943	1757
944	1692
945	1866
946	1744
947	1749
948	1773
949	1715
950	1782
951	1720
952	1675
953	1756
954	1708
955	1657
956	1731
957	1643
958	1760
959	1648
960	1672
961	1665
962	1655
963	1701
964	1704
965	1687
966	1664
967	1672
968	1593
969	1694
970	1764
971	1669
972	1703
973	1676
974	1681
975	1630
976	1752
977	1673
978	1628
979	1588
980	1607
981	1671
982	1663
983	1683
984	1626
985	1595
986	1697
987	1633
988	1652
989	1563
990	1625
991	1661
992	1616
993	1618
994	1558
995	1601
996	1617
997	1611
998	1597
999	1589
1000	1607
1001	1577
1002	1625
1003	1604
1004	1559
1005	1602
1006	1572
1007	1574
1008	1524
1009	1544
1010	1672
1011	1665
1012	1550
1013	1558
1014	1566
1015	1481
1016	1593
1017	1525
1018	1537
1019	1546
1020	1549
1021	1562
1022	1498
1023	1477
1024	1542
1025	1489
1026	1535
1027	1559
1028	1542
1029	1562
1030	1502
1031	1545
1032	1564
1033	1605
1034	1590
1035	1635
1036	1693
1037	1659
1038	1555
1039	1507
1040	1569
1041	1452
1042	1504
1043	1446
1044	1454
1045	1529
1046	1516
1047	1456
1048	1475
1049	1523
1050	1528
1051	1521
1052	1422
1053	1431
1054	1501
1055	1462
1056	1488
1057	1430
1058	1393
1059	1469
1060	1398
1061	1458
1062	1460
1063	1522
1064	1476
1065	1411
1066	1457
1067	1457
1068	1409
1069	1382
1070	1440
1071	1423
1072	1383
1073	1375
1074	1494
1075	1386
1076	1473
1077	1420
1078	1473
1079	1441
1080	1399
1081	1410
1082	1423
1083	1442
1084	1366
1085	1412
1086	1396
1087	1382
1088	1434
1089	1403
1090	1319
1091	1363
1092	1339
1093	1464
1094	1410
1095	1398
1096	1339
1097	1366
1098	1318
1099	1321
1100	1364
1101	1389
1102	1282
1103	1374
1104	1364
1105	1448
1106	1413
1107	1289
1108	1428
1109	1339
1110	1300
1111	1333
1112	1302
1113	1317
1114	1359
1115	1301
1116	1311
1117	1330
1118	1368
1119	1293
1120	1320
1121	1320
1122	1263
1123	1349
1124	1290
1125	1276
1126	1227
1127	1258
1128	1297
1129	1254
1130	1274
1131	1259
1132	1330
1133	1260
1134	1327
1135	1362
1136	1351
1137	1271
1138	1277
1139	1306
1140	1279
1141	1272
1142	1232
1143	1281
1144	1235
1145	1260
1146	1314
1147	1251
1148	1226
1149	1300
1150	1311
1151	1240
1152	1206
1153	1271
1154	1286
1155	1267
1156	1236
1157	1208
1158	1206
1159	1192
1160	1303
1161	1244
1162	1292
1163	1225
1164	1225
1165	1213
1166	1166
1167	1199
1168	1254
1169	1192
1170	1198
1171	1262
1172	1230
1173	1255
1174	1202
1175	1202
1176	1216
1177	1223
1178	1238
1179	1283
1180	1484
1181	1697
1182	2261
1183	2624
1184	2800
1185	2584
1186	2250
1187	1777
1188	1456
1189	1255
1190	1244
1191	1122
1192	1236
1193	1213
1194	1224
1195	1259
1196	1347
1197	1301
1198	1318
1199	1270
1200	1344
1201	1343
1202	1338
1203	1317
1204	1291
1205	1131
1206	1105
1207	1154
1208	1181
1209	1088
1210	1133
1211	1112
1212	1077
1213	1084
1214	1117
1215	1105
1216	1075
1217	1110
1218	1097
1219	1076
1220	1087
1221	1069
1222	1098
1223	1052
1224	1147
1225	1052
1226	1115
1227	1105
1228	1050
1229	1065
1230	1067
1231	1081
1232	1106
1233	992
1234	1091
1235	1040
1236	1100
1237	1052
1238	1051
1239	1101
1240	1054
1241	1070
1242	1003
1243	1035
1244	1052
1245	1077
1246	1022
1247	1068
1248	1076
1249	1010
1250	1022
1251	1119
1252	1041
1253	1026
1254	1072
1255	1035
1256	987
1257	1036
1258	1064
1259	981
1260	970
1261	1096
1262	1016
1263	1017
1264	966
1265	975
1266	986
1267	973
1268	975
1269	953
1270	1070
1271	987
1272	995
1273	929
1274	989
1275	960
1276	984
1277	995
1278	997
1279	1002
1280	1042
1281	990
1282	948
1283	996
1284	1022
1285	1009
1286	1001
1287	1033
1288	994
1289	1001
1290	954
1291	981
1292	940
1293	950
1294	936
1295	961
1296	975
1297	925
1298	983
1299	950
1300	955
1301	958
1302	996
1303	956
1304	917
1305	949
1306	894
1307	955
1308	923
1309	906
1310	921
1311	872
1312	917
1313	971
1314	919
1315	958
1316	877
1317	977
1318	889
1319	946
1320	926
1321	957
1322	870
1323	909
1324	907
1325	952
1326	883
1327	934
1328	900
1329	950
1330	928
1331	930
1332	905
1333	883
1334	901
1335	931
1336	915
1337	940
1338	953
1339	941
1340	974
1341	951
1342	1010
1343	1020
1344	1053
1345	1045
1346	935
1347	885
1348	930
1349	900
1350	930
1351	907
1352	884
1353	885
1354	877
1355	864
1356	839
1357	856
1358	878
1359	916
1360	847
1361	883
1362	866
1363	824
1364	914
1365	891
1366	860
1367	868
1368	859
1369	879
1370	795
1371	864
1372	867
1373	895
1374	842
1375	888
1376	875
1377	896
1378	855
1379	829
1380	881
1381	922
1382	860
1383	854
1384	897
1385	841
1386	905
1387	873
1388	840
1389	805
1390	852
1391	772
1392	897
1393	903
1394	824
1395	819
1396	801
1397	789
1398	783
1399	844
1400	829
1401	845
1402	828
1403	823
1404	827
1405	837
1406	800
1407	849
1408	823
1409	844
1410	851
1411	776
1412	806
1413	828
1414	808
1415	844
1416	846
1417	834
1418	783
1419	829
1420	796
1421	834
1422	831
1423	770
1424	793
1425	777
1426	768
1427	794
1428	824
1429	781
1430	761
1431	850
1432	785
1433	800
1434	783
1435	769
1436	815
1437	806
1438	803
1439	770
1440	805
1441	776
1442	824
1443	803
1444	740
1445	758
1446	773
1447	809
1448	711
1449	762
1450	801
1451	814
1452	765
1453	742
1454	723
1455	761
1456	761
1457	795
1458	749
1459	733
1460	763
1461	743
1462	802
1463	787
1464	829
1465	850
1466	966
1467	1084
1468	1216
1469	1311
1470	1312
1471	1196
1472	1035
1473	959
1474	815
1475	758
1476	717
1477	736
1478	729
1479	721
1480	768
1481	762
1482	708
1483	691
1484	720
1485	715
1486	751
1487	726
1488	721
1489	744
1490	737
1491	792
1492	795
1493	809
1494	795
1495	782
1496	759
1497	756
1498	744
1499	759
1500	696
1501	716
1502	721
1503	713
1504	693
1505	720
1506	736
1507	661
1508	686
1509	717
1510	658
1511	682
1512	707
1513	696
1514	680
1515	669
1516	668
1517	651
1518	707
1519	693
1520	682
1521	700
1522	696
1523	676
1524	702
1525	669
1526	674
1527	672
1528	659
1529	712
1530	667
1531	682
1532	659
1533	673
1534	674
1535	654
1536	722
1537	649
1538	645
1539	697
1540	686
1541	725
1542	617
1543	719
1544	640
1545	688
1546	696
1547	680
1548	680
1549	626
1550	643
1551	637
1552	723
1553	678
1554	651
1555	648
1556	670
1557	644
1558	657
1559	681
1560	669
1561	639
1562	618
1563	652
1564	622
1565	659
1566	621
1567	649
1568	654
1569	672
1570	630
1571	637
1572	643
1573	594
1574	672
1575	642
1576	643
1577	602
1578	693
1579	657
1580	611
1581	644
1582	620
1583	649
1584	652
1585	628
1586	626
1587	591
1588	656
1589	635
1590	638
1591	647
1592	634
1593	674
1594	626
1595	618
1596	654
1597	651
1598	617
1599	636
1600	655
1601	673
1602	660
1603	607
1604	674
1605	661
1606	597
1607	623
1608	635
1609	668
1610	590
1611	576
1612	633
1613	643
1614	637
1615	621
1616	611
1617	661
1618	681
1619	610
1620	618
1621	613
1622	605
1623	600
1624	614
1625	629
1626	611
1627	593
1628	624
1629	623
1630	618
1631	627
1632	628
1633	709
1634	745
1635	659
1636	680
1637	679
1638	649
1639	646
1640	618
1641	624
1642	624
1643	608
1644	616
1645	563
1646	615
1647	590
1648	556
1649	606
1650	625
1651	601
1652	613
1653	583
1654	603
1655	599
1656	579
1657	583
1658	585
1659	568
1660	627
1661	595
1662	583
1663	580
1664	603
1665	563
1666	619
1667	613
1668	584
1669	573
1670	583
1671	556
1672	587
1673	585
1674	567
1675	550
1676	577
1677	526
1678	578
1679	586
1680	591
1681	586
1682	626
1683	665
1684	715
1685	783
1686	901
1687	920
1688	880
1689	796
1690	753
1691	666
1692	636
1693	564
1694	549
1695	585
1696	556
1697	589
1698	559
1699	566
1700	580
1701	535
1702	614
1703	520
1704	540
1705	565
1706	560
1707	582
1708	531
1709	521
1710	541
1711	551
1712	569
1713	543
1714	567
1715	561
1716	558
1717	511
1718	533
1719	536
1720	567
1721	525
1722	557
1723	561
1724	553
1725	510
1726	576
1727	531
1728	561
1729	521
1730	556
1731	533
1732	545
1733	509
1734	547
1735	522
1736	592
1737	524
1738	553
1739	554
1740	552
1741	528
1742	546
1743	526
1744	559
1745	555
1746	514
1747	517
1748	599
1749	586
1750	598
1751	711
1752	884
1753	1127
1754	1321
1755	1496
1756	1535
1757	1369
1758	1114
1759	843
1760	677
1761	542
1762	544
1763	496
1764	541
1765	464
1766	510
1767	515
1768	457
1769	491
1770	548
1771	499
1772	485
1773	520
1774	522
1775	504
1776	533
1777	519
1778	538
1779	490
1780	468
1781	479
1782	489
1783	501
1784	552
1785	506
1786	533
1787	500
1788	490
1789	497
1790	452
1791	452
1792	484
1793	515
1794	481
1795	457
1796	459
1797	549
1798	464
1799	487
1800	479
1801	473
1802	480
1803	461
1804	470
1805	467
1806	475
1807	531
1808	491
1809	466
1810	440
1811	495
1812	461
1813	464
1814	443
1815	451
1816	479
1817	516
1818	427
1819	488
1820	510
1821	459
1822	469
1823	433
1824	465
1825	479
1826	482
1827	466
1828	457
1829	483
1830	431
1831	467
1832	485
1833	460
1834	480
1835	420
1836	449
1837	446
1838	443
1839	481
1840	476
1841	489
1842	496
1843	466
1844	473
1845	403
1846	448
1847	457
1848	507
1849	503
1850	467
1851	458
1852	441
1853	446
1854	453
1855	463
1856	448
1857	447
1858	448
1859	488
1860	454
1861	462
1862	443
1863	436
1864	460
1865	439
1866	431
1867	447
1868	452
1869	432
1870	426
1871	440
1872	467
1873	434
1874	458
1875	445
1876	428
1877	458
1878	429
1879	457
1880	456
1881	441
1882	426
1883	507
1884	432
1885	425
1886	395
1887	461
1888	461
1889	434
1890	450
1891	478
1892	488
1893	461
1894	444
1895	406
1896	440
1897	441
1898	422
1899	421
1900	426
1901	429
1902	457
1903	418
1904	448
1905	413
1906	432
1907	442
1908	415
1909	432
1910	447
1911	441
1912	437
1913	403
1914	433
1915	451
1916	439
1917	395
1918	436
1919	439
1920	434
1921	458
1922	416
1923	464
1924	388
1925	457
1926	431
1927	410
1928	426
1929	467
1930	428
1931	464
1932	457
1933	424
1934	421
1935	416
1936	412
1937	443
1938	441
1939	409
1940	426
1941	388
1942	383
1943	476
1944	453
1945	403
1946	419
1947	402
1948	423
1949	420
1950	419
1951	406
1952	432
1953	453
1954	418
1955	422
1956	414
1957	442
1958	442
1959	381
1960	395
1961	404
1962	371
1963	422
1964	436
1965	419
1966	388
1967	385
1968	392
1969	423
1970	402
1971	422
1972	410
1973	402
1974	398
1975	427
1976	409
1977	414
1978	430
1979	442
1980	404
1981	392
1982	399
1983	435
1984	403
1985	398
1986	423
1987	379
1988	393
1989	385
1990	358
1991	414
1992	399
1993	409
1994	374
1995	417
1996	411
1997	400
1998	404
1999	430
2000	444
2001	425
2002	394
2003	405
2004	405
2005	435
2006	417
2007	416
2008	412
2009	399
2010	386
2011	400
2012	390
2013	374
2014	385
2015	435
2016	439
2017	382
2018	387
2019	408
2020	414
2021	391
2022	366
2023	439
2024	387
2025	365
2026	393
2027	427
2028	398
2029	395
2030	425
2031	363
2032	363
2033	379
2034	390
2035	384
2036	416
2037	376
2038	367
2039	379
2040	391
2041	393
2042	433
2043	438
2044	426
2045	433
2046	438
2047	408
2048	407
2049	392
2050	392
2051	363
2052	387
2053	398
2054	416
2055	388
2056	361
2057	361
2058	394
2059	437
2060	367
2061	366
2062	375
2063	362
2064	349
2065	408
2066	384
2067	359
2068	411
2069	341
2070	402
2071	400
2072	367
2073	401
2074	396
2075	349
2076	376
2077	362
2078	370
2079	387
2080	380
2081	377
2082	397
2083	393
2084	363
2085	426
2086	387
2087	375
2088	380
2089	390
2090	349
2091	325
2092	389
2093	370
2094	337
2095	376
2096	374
2097	374
2098	351
2099	408
2100	361
2101	362
2102	390
2103	377
2104	382
2105	372
2106	326
2107	318
2108	396
2109	373
2110	346
2111	360
2112	335
2113	350
2114	377
2115	346
2116	363
2117	369
2118	372
2119	388
2120	365
2121	398
2122	346
2123	337
2124	357
2125	397
2126	367
2127	376
2128	340
2129	367
2130	363
2131	369
2132	342
2133	379
2134	363
2135	363
2136	366
2137	336
2138	374
2139	350
2140	385
2141	359
2142	336
2143	368
2144	341
2145	349
2146	355
2147	349
2148	322
2149	339
2150	316
2151	367
2152	345
2153	356
2154	332
2155	392
2156	326
2157	322
2158	331
2159	331
2160	324
2161	350
2162	341
2163	351
2164	362
2165	349
2166	352
2167	339
2168	379
2169	333
2170	363
2171	339
2172	329
2173	333
2174	354
2175	348
2176	312
2177	352
2178	322
2179	351
2180	344
2181	366
2182	346
2183	337
2184	349
2185	323
2186	356
2187	346
2188	336
2189	321
2190	379
2191	323
2192	367
2193	342
2194	362
2195	378
2196	329
2197	324
2198	360
2199	378
2200	373
2201	315
2202	347
2203	368
2204	326
2205	334
2206	355
2207	347
2208	327
2209	324
2210	317
2211	329
2212	318
2213	315
2214	328
2215	323
2216	326
2217	318
2218	318
2219	319
2220	325
2221	318
2222	318
2223	332
2224	314
2225	327
2226	317
2227	322
2228	307
2229	314
2230	318
2231	354
2232	379
2233	352
2234	325
2235	319
2236	320
2237	327
2238	309
2239	334
2240	331
2241	314
2242	323
2243	327
2244	288
2245	305
2246	342
2247	327
2248	313
2249	290
2250	328
2251	330
2252	339
2253	299
2254	279
2255	332
2256	328
2257	349
2258	317
2259	315
2260	280
2261	316
2262	308
2263	368
2264	336
2265	312
2266	322
2267	312
2268	303
2269	306
2270	333
2271	318
2272	303
2273	340
2274	347
2275	321
2276	288
2277	292
2278	334
2279	335
2280	302
2281	320
2282	297
2283	276
2284	301
2285	275
2286	271
2287	304
2288	299
2289	285
2290	276
2291	326
2292	272
2293	317
2294	286
2295	322
2296	313
2297	329
2298	326
2299	320
2300	281
2301	320
2302	307
2303	303
2304	311
2305	325
2306	293
2307	310
2308	283
2309	303
2310	323
2311	322
2312	361
2313	315
2314	406
2315	412
2316	437
2317	377
2318	361
2319	364
2320	346
2321	315
2322	312
2323	301
2324	309
2325	297
2326	295
2327	298
2328	312
2329	271
2330	320
2331	295
2332	302
2333	321
2334	307
2335	291
2336	304
2337	300
2338	276
2339	283
2340	296
2341	281
2342	269
2343	304
2344	283
2345	278
2346	295
2347	298
2348	277
2349	308
2350	298
2351	300
2352	287
2353	294
2354	322
2355	272
2356	283
2357	310
2358	321
2359	293
2360	288
2361	291
2362	273
2363	293
2364	288
2365	278
2366	284
2367	284
2368	291
2369	273
2370	323
2371	279
2372	274
2373	288
2374	282
2375	287
2376	290
2377	265
2378	280
2379	261
2380	304
2381	289
2382	262
2383	300
2384	289
2385	302
2386	295
2387	287
2388	284
2389	313
2390	270
2391	298
2392	325
2393	311
2394	289
2395	319
2396	289
2397	285
2398	302
2399	259
2400	288
2401	294
2402	279
2403	268
2404	266
2405	304
2406	289
2407	268
2408	309
2409	252
2410	286
2411	316
2412	280
2413	273
2414	295
2415	278
2416	289
2417	240
2418	267
2419	280
2420	271
2421	288
2422	281
2423	294
2424	286
2425	292
2426	251
2427	263
2428	265
2429	269
2430	253
2431	262
2432	283
2433	266
2434	316
2435	249
2436	279
2437	286
2438	288
2439	304
2440	285
2441	283
2442	316
2443	278
2444	243
2445	266
2446	286
2447	288
2448	232
2449	251
2450	247
2451	268
2452	262
2453	262
2454	307
2455	261
2456	288
2457	268
2458	280
2459	290
2460	260
2461	267
2462	276
2463	260
2464	257
2465	257
2466	276
2467	257
2468	259
2469	253
2470	261
2471	248
2472	256
2473	292
2474	248
2475	257
2476	247
2477	243
2478	253
2479	248
2480	251
2481	269
2482	277
2483	232
2484	282
2485	270
2486	263
2487	278
2488	243
2489	260
2490	284
2491	300
2492	280
2493	288
2494	274
2495	254
2496	273
2497	282
2498	285
2499	268
2500	267
2501	273
2502	239
2503	257
2504	270
2505	266
2506	257
2507	268
2508	271
2509	282
2510	289
2511	229
2512	238
2513	247
2514	255
2515	232
2516	252
2517	267
2518	247
2519	250
2520	253
2521	270
2522	263
2523	258
2524	254
2525	276
2526	263
2527	231
2528	250
2529	270
2530	249
2531	264
2532	257
2533	254
2534	247
2535	268
2536	252
2537	276
2538	274
2539	254
2540	270
2541	284
2542	265
2543	286
2544	281
2545	283
2546	292
2547	306
2548	338
2549	321
2550	361
2551	337
2552	408
2553	498
2554	488
2555	556
2556	578
2557	618
2558	548
2559	555
2560	478
2561	444
2562	404
2563	389
2564	348
2565	345
2566	325
2567	322
2568	293
2569	284
2570	280
2571	259
2572	286
2573	262
2574	231
2575	245
2576	227
2577	258
2578	250
2579	239
2580	255
2581	254
2582	255
2583	252
2584	235
2585	251
2586	221
2587	262
2588	251
2589	243
2590	249
2591	225
2592	254
2593	245
2594	246
2595	237
2596	241
2597	235
2598	246
2599	246
2600	245
2601	242
2602	266
2603	245
2604	236
2605	253
2606	245
2607	237
2608	238
2609	228
2610	189
2611	242
2612	237
2613	237
2614	240
2615	222
2616	243
2617	250
2618	221
2619	235
2620	230
2621	210
2622	252
2623	256
2624	223
2625	224
2626	242
2627	274
2628	224
2629	227
2630	225
2631	241
2632	206
2633	224
2634	214
2635	228
2636	229
2637	227
2638	216
2639	226
2640	224
2641	232
2642	224
2643	230
2644	252
2645	207
2646	214
2647	230
2648	242
2649	231
2650	244
2651	209
2652	223
2653	249
2654	215
2655	217
2656	234
2657	245
2658	240
2659	226
2660	241
2661	238
2662	235
2663	227
2664	244
2665	211
2666	222
2667	231
2668	249
2669	222
2670	229
2671	244
2672	217
2673	223
2674	221
2675	207
2676	239
2677	228
2678	213
2679	243
2680	207
2681	209
2682	215
2683	236
2684	246
2685	230
2686	258
2687	240
2688	245
2689	216
2690	243
2691	218
2692	229
2693	210
2694	244
2695	219
2696	251
2697	237
2698	225
2699	208
2700	211
2701	211
2702	222
2703	231
2704	224
2705	231
2706	233
2707	238
2708	237
2709	242
2710	261
2711	193
2712	221
2713	226
2714	229
2715	229
2716	218
2717	213
2718	210
2719	244
2720	219
2721	202
2722	208
2723	216
2724	230
2725	209
2726	222
2727	221
2728	192
2729	227
2730	205
2731	214
2732	213
2733	220
2734	222
2735	233
2736	223
2737	232
2738	214
2739	194
2740	229
2741	244
2742	210
2743	206
2744	232
2745	212
2746	230
2747	243
2748	228
2749	199
2750	221
2751	205
2752	195
2753	219
2754	214
2755	217
2756	238
2757	207
2758	177
2759	233
2760	237
2761	197
2762	212
2763	208
2764	231
2765	242
2766	205
2767	228
2768	215
2769	224
2770	188
2771	238
2772	225
2773	221
2774	244
2775	225
2776	217
2777	236
2778	236
2779	202
2780	222
2781	209
2782	234
2783	210
2784	205
2785	208
2786	215
2787	197
2788	218
2789	201
2790	221
2791	201
2792	194
2793	189
2794	246
2795	213
2796	179
2797	242
2798	185
2799	199
2800	204
2801	235
2802	253
2803	209
2804	230
2805	195
2806	212
2807	207
2808	203
2809	196
2810	214
2811	210
2812	198
2813	206
2814	244
2815	218
2816	254
2817	212
2818	213
2819	235
2820	205
2821	235
2822	238
2823	224
2824	187
2825	214
2826	190
2827	214
2828	230
2829	211
2830	226
2831	198
2832	213
2833	207
2834	201
2835	209
2836	207
2837	195
2838	208
2839	232
2840	201
2841	199
2842	199
2843	183
2844	205
2845	224
2846	190
2847	196
2848	215
2849	201
2850	201
2851	211
2852	201
2853	235
2854	216
2855	200
2856	178
2857	216
2858	209
2859	219
2860	198
2861	202
2862	212
2863	207
2864	233
2865	212
2866	221
2867	209
2868	207
2869	201
2870	236
2871	213
2872	222
2873	210
2874	193
2875	194
2876	196
2877	198
2878	231
2879	187
2880	215
2881	210
2882	195
2883	179
2884	210
2885	226
2886	209
2887	210
2888	184
2889	194
2890	200
2891	193
2892	216
2893	200
2894	208
2895	198
2896	187
2897	208
2898	220
2899	194
2900	214
2901	199
2902	193
2903	198
2904	201
2905	201
2906	228
2907	203
2908	216
2909	203
2910	184
2911	198
2912	195
2913	227
2914	225
2915	255
2916	274
2917	350
2918	431
2919	509
2920	640
2921	712
2922	807
2923	808
2924	715
2925	545
2926	496
2927	328
2928	274
2929	225
2930	204
2931	213
2932	211
2933	192
2934	178
2935	168
2936	207
2937	183
2938	171
2939	194
2940	200
2941	214
2942	195
2943	210
2944	176
2945	172
2946	188
2947	187
2948	201
2949	194
2950	192
2951	189
2952	188
2953	195
2954	164
2955	185
2956	212
2957	198
2958	187
2959	196
2960	199
2961	195
2962	200
2963	215
2964	209
2965	156
2966	174
2967	200
2968	203
2969	202
2970	181
2971	198
2972	182
2973	169
2974	186
2975	195
2976	166
2977	179
2978	200
2979	179
2980	175
2981	200
2982	176
2983	166
2984	192
2985	197
2986	199
2987	191
2988	179
2989	179
2990	198
2991	182
2992	178
2993	179
2994	205
2995	216
2996	201
2997	171
2998	203
2999	176
3000	197
3001	169
3002	179
3003	211
3004	183
3005	181
3006	193
3007	191
3008	156
3009	177
3010	180
3011	212
3012	196
3013	190
3014	185
3015	190
3016	185
3017	164
3018	184
3019	184
3020	191
3021	173
3022	167
3023	175
3024	180
3025	190
3026	189
3027	178
3028	189
3029	187
3030	180
3031	186
3032	188
3033	180
3034	194
3035	211
3036	175
3037	203
3038	193
3039	191
3040	187
3041	213
3042	195
3043	220
3044	189
3045	201
3046	231
3047	265
3048	294
3049	419
3050	541
3051	687
3052	845
3053	1021
3054	1102
3055	961
3056	815
3057	736
3058	512
3059	321
3060	255
3061	241
3062	183
3063	161
3064	166
3065	152
3066	153
3067	175
3068	168
3069	187
3070	174
3071	173
3072	192
3073	166
3074	169
3075	181
3076	158
3077	158
3078	157
3079	162
3080	198
3081	163
3082	169
3083	155
3084	200
3085	176
3086	157
3087	161
3088	161
3089	172
3090	193
3091	168
3092	169
3093	174
3094	175
3095	189
3096	147
3097	154
3098	163
3099	161
3100	152
3101	159
3102	172
3103	161
3104	153
3105	162
3106	170
3107	157
3108	180
3109	170
3110	174
3111	171
3112	163
3113	168
3114	165
3115	173
3116	171
3117	159
3118	175
3119	166
3120	171
3121	162
3122	159
3123	165
3124	184
3125	179
3126	170
3127	154
3128	183
3129	153
3130	143
3131	158
3132	157
3133	145
3134	165
3135	176
3136	174
3137	179
3138	156
3139	174
3140	178
3141	145
3142	150
3143	198
3144	155
3145	166
3146	153
3147	180
3148	166
3149	150
3150	177
3151	179
3152	153
3153	167
3154	147
3155	187
3156	175
3157	143
3158	156
3159	160
3160	168
3161	157
3162	175
3163	148
3164	142
3165	148
3166	162
3167	145
3168	183
3169	186
3170	162
3171	164
3172	158
3173	169
3174	156
3175	170
3176	180
3177	165
3178	162
3179	158
3180	147
3181	151
3182	160
3183	169
3184	178
3185	157
3186	169
3187	134
3188	164
3189	130
3190	172
3191	160
3192	172
3193	158
3194	178
3195	177
3196	140
3197	188
3198	157
3199	180
3200	158
3201	168
3202	166
3203	161
3204	165
3205	176
3206	171
3207	154
3208	148
3209	157
3210	174
3211	154
3212	145
3213	156
3214	157
3215	151
3216	164
3217	161
3218	155
3219	145
3220	141
3221	144
3222	169
3223	171
3224	150
3225	158
3226	159
3227	169
3228	167
3229	135
3230	171
3231	156
3232	150
3233	181
3234	131
3235	177
3236	142
3237	160
3238	173
3239	142
3240	147
3241	164
3242	152
3243	129
3244	167
3245	175
3246	140
3247	140
3248	152
3249	171
3250	174
3251	149
3252	163
3253	180
3254	157
3255	152
3256	153
3257	158
3258	146
3259	132
3260	137
3261	165
3262	159
3263	140
3264	159
3265	173
3266	151
3267	160
3268	147
3269	154
3270	173
3271	176
3272	166
3273	171
3274	157
3275	170
3276	160
3277	175
3278	163
3279	146
3280	172
3281	168
3282	175
3283	171
3284	175
3285	136
3286	137
3287	155
3288	177
3289	151
3290	169
3291	149
3292	144
3293	151
3294	153
3295	139
3296	152
3297	153
3298	165
3299	156
3300	140
3301	143
3302	162
3303	139
3304	153
3305	152
3306	151
3307	145
3308	160
3309	177
3310	142
3311	202
3312	175
3313	211
3314	258
3315	261
3316	284
3317	356
3318	296
3319	311
3320	302
3321	224
3322	230
3323	227
3324	179
3325	160
3326	141
3327	159
3328	147
3329	183
3330	184
3331	136
3332	162
3333	174
3334	181
3335	160
3336	212
3337	168
3338	189
3339	177
3340	179
3341	141
3342	174
3343	160
3344	131
3345	160
3346	143
3347	133
3348	129
3349	147
3350	132
3351	135
3352	137
3353	133
3354	154
3355	151
3356	146
3357	151
3358	139
3359	158
3360	136
3361	154
3362	149
3363	145
3364	138
3365	120
3366	147
3367	138
3368	132
3369	161
3370	139
3371	166
3372	143
3373	157
3374	160
3375	143
3376	135
3377	150
3378	146
3379	144
3380	175
3381	138
3382	159
3383	151
3384	155
3385	150
3386	157
3387	152
3388	123
3389	166
3390	126
3391	159
3392	130
3393	144
3394	157
3395	141
3396	124
3397	135
3398	137
3399	147
3400	136
3401	160
3402	133
3403	138
3404	151
3405	128
3406	137
3407	152
3408	129
3409	149
3410	152
3411	140
3412	145
3413	144
3414	123
3415	141
3416	147
3417	125
3418	149
3419	143
3420	167
3421	130
3422	163
3423	132
3424	157
3425	137
3426	119
3427	144
3428	140
3429	138
3430	143
3431	132
3432	154
3433	112
3434	137
3435	172
3436	138
3437	133
3438	136
3439	148
3440	133
3441	138
3442	154
3443	130
3444	148
3445	134
3446	145
3447	138
3448	122
3449	142
3450	142
3451	143
3452	134
3453	124
3454	142
3455	130
3456	139
3457	157
3458	142
3459	152
3460	147
3461	134
3462	147
3463	163
3464	142
3465	150
3466	131
3467	120
3468	137
3469	131
3470	154
3471	128
3472	128
3473	136
3474	128
3475	170
3476	138
3477	146
3478	125
3479	127
3480	135
3481	151
3482	132
3483	143
3484	147
3485	128
3486	148
3487	106
3488	139
3489	114
3490	114
3491	143
3492	139
3493	123
3494	161
3495	137
3496	147
3497	145
3498	136
3499	130
3500	159
3501	132
3502	136
3503	155
3504	160
3505	120
3506	133
3507	151
3508	115
3509	147
3510	128
3511	143
3512	127
3513	155
3514	154
3515	133
3516	132
3517	127
3518	144
3519	144
3520	146
3521	145
3522	167
3523	141
3524	164
3525	150
3526	145
3527	145
3528	134
3529	155
3530	135
3531	134
3532	157
3533	135
3534	132
3535	155
3536	122
3537	153
3538	144
3539	129
3540	142
3541	128
3542	150
3543	137
3544	137
3545	141
3546	132
3547	147
3548	142
3549	139
3550	135
3551	136
3552	148
3553	134
3554	140
3555	144
3556	121
3557	134
3558	147
3559	124
3560	151
3561	116
3562	124
3563	135
3564	132
3565	127
3566	120
3567	127
3568	139
3569	137
3570	155
3571	120
3572	136
3573	136
3574	121
3575	129
3576	111
3577	133
3578	108
3579	144
3580	156
3581	124
3582	141
3583	119
3584	121
3585	133
3586	124
3587	138
3588	136
3589	136
3590	139
3591	99
3592	120
3593	138
3594	124
3595	132
3596	133
3597	139
3598	123
3599	122
3600	115
3601	142
3602	136
3603	122
3604	135
3605	124
3606	126
3607	131
3608	140
3609	154
3610	115
3611	145
3612	133
3613	122
3614	131
3615	127
3616	142
3617	122
3618	140
3619	140
3620	136
3621	133
3622	125
3623	113
3624	126
3625	117
3626	126
3627	137
3628	117
3629	122
3630	123
3631	115
3632	141
3633	129
3634	126
3635	114
3636	112
3637	111
3638	108
3639	122
3640	132
3641	119
3642	146
3643	164
3644	153
3645	185
3646	197
3647	237
3648	254
3649	252
3650	264
3651	239
3652	212
3653	195
3654	161
3655	144
3656	154
3657	143
3658	115
3659	116
3660	128
3661	108
3662	130
3663	128
3664	130
3665	129
3666	136
3667	116
3668	107
3669	125
3670	129
3671	107
3672	131
3673	121
3674	124
3675	145
3676	117
3677	131
3678	113
3679	127
3680	115
3681	106
3682	150
3683	114
3684	113
3685	105
3686	127
3687	112
3688	119
3689	144
3690	129
3691	125
3692	116
3693	115
3694	129
3695	143
3696	130
3697	133
3698	117
3699	111
3700	109
3701	104
3702	127
3703	132
3704	145
3705	124
3706	131
3707	110
3708	119
3709	131
3710	118
3711	127
3712	144
3713	111
3714	113
3715	122
3716	128
3717	100
3718	125
3719	104
3720	128
3721	149
3722	130
3723	134
3724	126
3725	123
3726	105
3727	133
3728	134
3729	125
3730	142
3731	125
3732	99
3733	133
3734	113
3735	134
3736	119
3737	107
3738	129
3739	123
3740	114
3741	121
3742	107
3743	116
3744	103
3745	133
3746	109
3747	119
3748	123
3749	116
3750	122
3751	113
3752	119
3753	113
3754	121
3755	118
3756	106
3757	128
3758	115
3759	126
3760	111
3761	129
3762	132
3763	114
3764	99
3765	104
3766	118
3767	124
3768	111
3769	114
3770	124
3771	123
3772	105
3773	105
3774	120
3775	143
3776	118
3777	130
3778	118
3779	121
3780	137
3781	111
3782	131
3783	97
3784	120
3785	116
3786	124
3787	138
3788	147
3789	121
3790	155
3791	131
3792	116
3793	135
3794	124
3795	142
3796	115
3797	117
3798	110
3799	101
3800	102
3801	118
3802	131
3803	118
3804	97
3805	127
3806	124
3807	123
3808	99
3809	116
3810	119
3811	109
3812	126
3813	128
3814	104
3815	132
3816	124
3817	107
3818	107
3819	103
3820	121
3821	97
3822	119
3823	126
3824	123
3825	139
3826	118
3827	112
3828	119
3829	128
3830	114
3831	127
3832	113
3833	122
3834	132
3835	123
3836	101
3837	124
3838	94
3839	117
3840	108
3841	114
3842	117
3843	121
3844	117
3845	133
3846	124
3847	111
3848	130
3849	132
3850	142
3851	147
3852	133
3853	160
3854	191
3855	185
3856	177
3857	180
3858	158
3859	176
3860	144
3861	133
3862	141
3863	124
3864	100
3865	131
3866	128
3867	117
3868	99
3869	117
3870	116
3871	111
3872	149
3873	146
3874	129
3875	134
3876	119
3877	135
3878	119
3879	128
3880	130
3881	110
3882	110
3883	118
3884	105
3885	125
3886	103
3887	115
3888	110
3889	106
3890	98
3891	102
3892	103
3893	132
3894	108
3895	98
3896	112
3897	108
3898	129
3899	112
3900	99
3901	92
3902	114
3903	105
3904	103
3905	119
3906	112
3907	110
3908	89
3909	115
3910	116
3911	103
3912	114
3913	112
3914	116
3915	111
3916	114
3917	121
3918	112
3919	111
3920	121
3921	111
3922	123
3923	130
3924	95
3925	128
3926	120
3927	124
3928	100
3929	106
3930	109
3931	105
3932	104
3933	107
3934	123
3935	113
3936	101
3937	123
3938	119
3939	111
3940	118
3941	134
3942	136
3943	143
3944	133
3945	160
3946	141
3947	153
3948	112
3949	131
3950	109
3951	96
3952	116
3953	113
3954	110
3955	109
3956	105
3957	107
3958	117
3959	100
3960	105
3961	107
3962	96
3963	103
3964	98
3965	113
3966	104
3967	102
3968	122
3969	118
3970	115
3971	118
3972	135
3973	102
3974	121
3975	112
3976	104
3977	101
3978	92
3979	114
3980	110
3981	123
3982	106
3983	102
3984	132
3985	123
3986	126
3987	153
3988	158
3989	172
3990	157
3991	208
3992	182
3993	171
3994	143
3995	137
3996	130
3997	106
3998	104
3999	113
4000	108
4001	113
4002	88
4003	99
4004	95
4005	91
4006	130
4007	95
4008	105
4009	107
4010	107
4011	102
4012	87
4013	107
4014	113
4015	87
4016	108
4017	99
4018	94
4019	97
4020	107
4021	97
4022	95
4023	98
4024	81
4025	118
4026	115
4027	96
4028	108
4029	104
4030	103
4031	109
4032	100
4033	87
4034	109
4035	104
4036	98
4037	124
4038	97
4039	114
4040	101
4041	110
4042	111
4043	115
4044	105
4045	125
4046	125
4047	104
4048	130
4049	135
4050	121
4051	114
4052	97
4053	103
4054	108
4055	117
4056	107
4057	109
4058	103
4059	123
4060	94
4061	95
4062	97
4063	96
4064	100
4065	85
4066	85
4067	106
4068	114
4069	107
4070	104
4071	100
4072	83
4073	114
4074	105
4075	101
4076	97
4077	107
4078	101
4079	92
4080	96
4081	86
4082	102
4083	85
4084	113
4085	92
4086	114
4087	85
4088	111
4089	140
4090	87
4091	105
4092	87
4093	76
4094	100
4095	107
4096	103
4097	92
4098	96
4099	108
4100	98
4101	113
4102	91
4103	87
4104	101
4105	98
4106	98
4107	98
4108	94
4109	93
4110	82
4111	85
4112	122
4113	94
4114	83
4115	93
4116	97
4117	104
4118	102
4119	89
4120	116
4121	74
4122	113
4123	107
4124	109
4125	92
4126	112
4127	105
4128	116
4129	99
4130	105
4131	117
4132	91
4133	82
4134	99
4135	101
4136	108
4137	93
4138	90
4139	116
4140	80
4141	108
4142	101
4143	95
4144	109
4145	84
4146	107
4147	107
4148	86
4149	95
4150	113
4151	115
4152	114
4153	97
4154	87
4155	113
4156	84
4157	92
4158	95
4159	109
4160	91
4161	110
4162	109
4163	88
4164	85
4165	104
4166	81
4167	114
4168	123
4169	112
4170	107
4171	114
4172	119
4173	95
4174	102
4175	108
4176	93
4177	111
4178	111
4179	90
4180	105
4181	101
4182	100
4183	114
4184	92
4185	102
4186	101
4187	92
4188	100
4189	91
4190	108
4191	116
4192	113
4193	128
4194	113
4195	121
4196	114
4197	146
4198	123
4199	119
4200	115
4201	102
4202	102
4203	90
4204	100
4205	93
4206	90
4207	92
4208	120
4209	94
4210	78
4211	112
4212	100
4213	111
4214	115
4215	117
4216	104
4217	113
4218	112
4219	117
4220	110
4221	91
4222	114
4223	116
4224	118
4225	114
4226	93
4227	94
4228	99
4229	103
4230	94
4231	97
4232	111
4233	85
4234	93
4235	85
4236	92
4237	88
4238	100
4239	81
4240	99
4241	79
4242	102
4243	111
4244	87
4245	101
4246	97
4247	87
4248	72
4249	96
4250	77
4251	88
4252	90
4253	91
4254	109
4255	81
4256	94
4257	82
4258	104
4259	99
4260	97
4261	96
4262	89
4263	90
4264	93
4265	81
4266	92
4267	78
4268	94
4269	90
4270	93
4271	77
4272	89
4273	95
4274	104
4275	88
4276	99
4277	97
4278	75
4279	104
4280	101
4281	97
4282	98
4283	88
4284	98
4285	109
4286	104
4287	79
4288	115
4289	106
4290	98
4291	100
4292	90
4293	99
4294	78
4295	107
4296	94
4297	108
4298	109
4299	100
4300	98
4301	87
4302	87
4303	81
4304	86
4305	88
4306	88
4307	92
4308	93
4309	92
4310	102
4311	103
4312	105
4313	91
4314	118
4315	110
4316	115
4317	134
4318	126
4319	169
4320	153
4321	138
4322	144
4323	150
4324	148
4325	151
4326	124
4327	117
4328	109
4329	113
4330	102
4331	100
4332	90
4333	90
4334	101
4335	97
4336	98
4337	92
4338	83
4339	108
4340	106
4341	99
4342	88
4343	90
4344	80
4345	95
4346	89
4347	98
4348	93
4349	72
4350	88
4351	77
4352	101
4353	111
4354	106
4355	102
4356	86
4357	88
4358	88
4359	93
4360	87
4361	81
4362	97
4363	72
4364	90
4365	87
4366	93
4367	86
4368	88
4369	96
4370	100
4371	96
4372	92
4373	94
4374	70
4375	100
4376	89
4377	81
4378	88
4379	89
4380	93
4381	76
4382	62
4383	95
4384	103
4385	72
4386	96
4387	104
4388	96
4389	99
4390	102
4391	95
4392	105
4393	98
4394	96
4395	86
4396	84
4397	100
4398	82
4399	93
4400	96
4401	106
4402	82
4403	77
4404	89
4405	83
4406	91
4407	105
4408	76
4409	88
4410	93
4411	104
4412	73
4413	75
4414	104
4415	91
4416	78
4417	86
4418	94
4419	86
4420	84
4421	98
4422	87
4423	99
4424	90
4425	95
4426	90
4427	84
4428	63
4429	78
4430	74
4431	93
4432	106
4433	79
4434	87
4435	94
4436	96
4437	99
4438	88
4439	76
4440	91
4441	94
4442	79
4443	97
4444	90
4445	106
4446	88
4447	83
4448	87
4449	83
4450	74
4451	85
4452	87
4453	87
4454	95
4455	94
4456	72
4457	90
4458	92
4459	87
4460	89
4461	85
4462	82
4463	87
4464	110
4465	93
4466	85
4467	80
4468	100
4469	85
4470	91
4471	87
4472	86
4473	101
4474	85
4475	98
4476	91
4477	76
4478	97
4479	94
4480	82
4481	84
4482	93
4483	95
4484	89
4485	93
4486	94
4487	85
4488	86
4489	83
4490	106
4491	85
4492	90
4493	95
4494	96
4495	91
4496	89
4497	92
4498	96
4499	91
4500	106
4501	78
4502	80
4503	87
4504	77
4505	87
4506	75
4507	96
4508	80
4509	85
4510	101
4511	81
4512	90
4513	96
4514	86
4515	93
4516	78
4517	99
4518	88
4519	92
4520	73
4521	92
4522	79
4523	82
4524	90
4525	79
4526	77
4527	114
4528	93
4529	95
4530	95
4531	84
4532	94
4533	86
4534	76
4535	101
4536	86
4537	93
4538	108
4539	88
4540	89
4541	91
4542	120
4543	110
4544	98
4545	108
4546	94
4547	79
4548	85
4549	69
4550	99
4551	88
4552	72
4553	86
4554	89
4555	95
4556	92
4557	93
4558	103
4559	91
4560	86
4561	87
4562	93
4563	91
4564	77
4565	77
4566	81
4567	85
4568	114
4569	137
4570	129
4571	164
4572	208
4573	237
4574	332
4575	372
4576	444
4577	488
4578	473
4579	462
4580	406
4581	357
4582	270
4583	193
4584	157
4585	132
4586	91
4587	100
4588	67
4589	65
4590	92
4591	102
4592	77
4593	96
4594	99
4595	75
4596	84
4597	80
4598	74
4599	77
4600	84
4601	82
4602	82
4603	75
4604	107
4605	86
4606	74
4607	76
4608	67
4609	82
4610	62
4611	93
4612	93
4613	61
4614	83
4615	80
4616	89
4617	69
4618	79
4619	65
4620	73
4621	92
4622	82
4623	86
4624	70
4625	89
4626	85
4627	90
4628	94
4629	78
4630	76
4631	72
4632	77
4633	90
4634	92
4635	82
4636	72
4637	80
4638	79
4639	82
4640	78
4641	74
4642	98
4643	95
4644	85
4645	80
4646	90
4647	90
4648	69
4649	79
4650	82
4651	98
4652	78
4653	71
4654	80
4655	78
4656	80
4657	65
4658	99
4659	82
4660	77
4661	74
4662	87
4663	69
4664	81
4665	74
4666	85
4667	81
4668	103
4669	88
4670	108
4671	81
4672	79
4673	76
4674	86
4675	73
4676	89
4677	90
4678	71
4679	72
4680	87
4681	62
4682	74
4683	76
4684	81
4685	82
4686	100
4687	82
4688	92
4689	91
4690	102
4691	105
4692	121
4693	151
4694	113
4695	109
4696	115
4697	110
4698	109
4699	98
4700	96
4701	80
4702	87
4703	85
4704	93
4705	79
4706	82
4707	75
4708	80
4709	81
4710	79
4711	78
4712	68
4713	92
4714	92
4715	74
4716	65
4717	82
4718	80
4719	64
4720	93
4721	74
4722	77
4723	82
4724	62
4725	87
4726	83
4727	84
4728	83
4729	72
4730	96
4731	73
4732	63
4733	78
4734	81
4735	79
4736	56
4737	70
4738	82
4739	82
4740	60
4741	81
4742	87
4743	67
4744	72
4745	80
4746	65
4747	85
4748	88
4749	81
4750	79
4751	80
4752	62
4753	66
4754	67
4755	77
4756	87
4757	80
4758	83
4759	97
4760	73
4761	90
4762	93
4763	87
4764	91
4765	80
4766	76
4767	79
4768	108
4769	85
4770	107
4771	104
4772	100
4773	91
4774	87
4775	94
4776	97
4777	63
4778	75
4779	82
4780	83
4781	89
4782	75
4783	76
4784	91
4785	87
4786	84
4787	74
4788	98
4789	68
4790	78
4791	75
4792	82
4793	76
4794	86
4795	72
4796	73
4797	73
4798	78
4799	74
4800	81
4801	76
4802	66
4803	78
4804	87
4805	87
4806	70
4807	74
4808	93
4809	69
4810	71
4811	81
4812	70
4813	79
4814	71
4815	82
4816	95
4817	88
4818	92
4819	76
4820	86
4821	83
4822	68
4823	77
4824	77
4825	71
4826	70
4827	66
4828	91
4829	69
4830	65
4831	61
4832	73
4833	82
4834	64
4835	89
4836	71
4837	75
4838	60
4839	65
4840	73
4841	80
4842	94
4843	103
4844	93
4845	128
4846	155
4847	134
4848	156
4849	149
4850	137
4851	147
4852	121
4853	110
4854	108
4855	80
4856	86
4857	92
4858	86
4859	72
4860	93
4861	102
4862	106
4863	106
4864	149
4865	161
4866	220
4867	232
4868	302
4869	311
4870	327
4871	290
4872	265
4873	231
4874	166
4875	141
4876	128
4877	93
4878	103
4879	84
4880	76
4881	59
4882	75
4883	61
4884	83
4885	89
4886	79
4887	74
4888	59
4889	71
4890	78
4891	69
4892	89
4893	64
4894	66
4895	63
4896	71
4897	68
4898	60
4899	75
4900	81
4901	74
4902	70
4903	78
4904	68
4905	70
4906	72
4907	82
4908	70
4909	59
4910	77
4911	69
4912	68
4913	82
4914	77
4915	64
4916	70
4917	67
4918	61
4919	66
4920	71
4921	79
4922	76
4923	77
4924	77
4925	66
4926	80
4927	83
4928	85
4929	82
4930	62
4931	78
4932	56
4933	74
4934	66
4935	76
4936	79
4937	92
4938	74
4939	80
4940	77
4941	67
4942	72
4943	69
4944	50
4945	78
4946	53
4947	76
4948	65
4949	60
4950	79
4951	74
4952	66
4953	70
4954	85
4955	69
4956	54
4957	66
4958	78
4959	74
4960	71
4961	56
4962	71
4963	62
4964	86
4965	68
4966	78
4967	73
4968	73
4969	71
4970	70
4971	71
4972	74
4973	70
4974	66
4975	67
4976	63
4977	62
4978	66
4979	73
4980	69
4981	72
4982	78
4983	58
4984	64
4985	56
4986	68
4987	71
4988	72
4989	69
4990	57
4991	91
4992	75
4993	67
4994	73
4995	84
4996	81
4997	68
4998	66
4999	81
5000	69
5001	82
5002	65
5003	73
5004	78
5005	57
5006	62
5007	67
5008	59
5009	57
5010	60
5011	72
5012	64
5013	69
5014	65
5015	64
5016	79
5017	84
5018	86
5019	71
5020	85
5021	63
5022	57
5023	65
5024	75
5025	91
5026	77
5027	71
5028	91
5029	74
5030	75
5031	94
5032	91
5033	87
5034	66
5035	77
5036	74
5037	70
5038	70
5039	64
5040	71
5041	72
5042	71
5043	58
5044	62
5045	71
5046	61
5047	79
5048	81
5049	75
5050	70
5051	77
5052	57
5053	80
5054	59
5055	63
5056	58
5057	75
5058	68
5059	60
5060	65
5061	64
5062	65
5063	69
5064	69
5065	60
5066	77
5067	71
5068	64
5069	63
5070	90
5071	57
5072	77
5073	83
5074	62
5075	79
5076	65
5077	77
5078	77
5079	71
5080	69
5081	74
5082	77
5083	73
5084	66
5085	60
5086	68
5087	69
5088	60
5089	74
5090	69
5091	73
5092	67
5093	71
5094	91
5095	71
5096	69
5097	78
5098	73
5099	80
5100	81
5101	72
5102	58
5103	70
5104	64
5105	69
5106	78
5107	76
5108	62
5109	61
5110	70
5111	63
5112	67
5113	60
5114	61
5115	82
5116	67
5117	65
5118	75
5119	75
5120	51
5121	64
5122	56
5123	72
5124	73
5125	70
5126	64
5127	67
5128	58
5129	62
5130	77
5131	72
5132	71
5133	61
5134	61
5135	73
5136	64
5137	74
5138	73
5139	76
5140	73
5141	74
5142	74
5143	61
5144	78
5145	73
5146	73
5147	58
5148	69
5149	72
5150	73
5151	59
5152	71
5153	79
5154	61
5155	74
5156	85
5157	73
5158	64
5159	77
5160	62
5161	73
5162	62
5163	72
5164	71
5165	60
5166	70
5167	65
5168	71
5169	71
5170	74
5171	79
5172	69
5173	70
5174	85
5175	74
5176	73
5177	62
5178	86
5179	68
5180	63
5181	66
5182	90
5183	69
5184	66
5185	71
5186	71
5187	67
5188	70
5189	69
5190	64
5191	56
5192	71
5193	85
5194	70
5195	79
5196	65
5197	67
5198	76
5199	73
5200	52
5201	82
5202	59
5203	76
5204	66
5205	61
5206	74
5207	83
5208	56
5209	64
5210	60
5211	61
5212	83
5213	73
5214	70
5215	73
5216	61
5217	57
5218	63
5219	74
5220	73
5221	69
5222	87
5223	63
5224	73
5225	58
5226	65
5227	58
5228	80
5229	65
5230	65
5231	73
5232	80
5233	57
5234	75
5235	91
5236	76
5237	65
5238	80
5239	68
5240	68
5241	72
5242	81
5243	67
5244	65
5245	80
5246	65
5247	68
5248	69
5249	68
5250	64
5251	56
5252	52
5253	58
5254	62
5255	87
5256	71
5257	60
5258	79
5259	64
5260	77
5261	70
5262	73
5263	74
5264	69
5265	69
5266	61
5267	74
5268	77
5269	76
5270	64
5271	72
5272	80
5273	49
5274	63
5275	68
5276	60
5277	77
5278	59
5279	70
5280	82
5281	70
5282	63
5283	66
5284	76
5285	82
5286	94
5287	76
5288	73
5289	77
5290	68
5291	76
5292	79
5293	65
5294	75
5295	83
5296	66
5297	51
5298	58
5299	56
5300	54
5301	67
5302	69
5303	75
5304	60
5305	68
5306	64
5307	61
5308	67
5309	74
5310	53
5311	70
5312	71
5313	63
5314	64
5315	63
5316	67
5317	75
5318	66
5319	66
5320	68
5321	60
5322	73
5323	68
5324	62
5325	66
5326	63
5327	86
5328	70
5329	72
5330	61
5331	63
5332	70
5333	59
5334	66
5335	80
5336	68
5337	69
5338	63
5339	64
5340	68
5341	75
5342	68
5343	80
5344	62
5345	67
5346	65
5347	75
5348	67
5349	73
5350	82
5351	62
5352	69
5353	70
5354	68
5355	71
5356	65
5357	59
5358	59
5359	79
5360	74
5361	83
5362	71
5363	83
5364	75
5365	68
5366	67
5367	81
5368	62
5369	63
5370	62
5371	63
5372	62
5373	71
5374	81
5375	61
5376	63
5377	68
5378	73
5379	72
5380	66
5381	73
5382	70
5383	58
5384	86
5385	69
5386	80
5387	76
5388	60
5389	59
5390	65
5391	85
5392	76
5393	63
5394	63
5395	67
5396	63
5397	64
5398	58
5399	81
5400	82
5401	57
5402	59
5403	72
5404	81
5405	65
5406	65
5407	66
5408	63
5409	74
5410	60
5411	71
5412	59
5413	78
5414	64
5415	67
5416	70
5417	54
5418	61
5419	66
5420	84
5421	76
5422	65
5423	74
5424	67
5425	73
5426	84
5427	71
5428	72
5429	73
5430	67
5431	81
5432	68
5433	86
5434	75
5435	74
5436	54
5437	73
5438	74
5439	50
5440	64
5441	62
5442	69
5443	67
5444	63
5445	80
5446	60
5447	70
5448	57
5449	72
5450	73
5451	85
5452	82
5453	59
5454	57
5455	58
5456	67
5457	66
5458	62
5459	72
5460	69
5461	61
5462	63
5463	66
5464	68
5465	63
5466	86
5467	74
5468	79
5469	46
5470	66
5471	79
5472	77
5473	82
5474	75
5475	71
5476	60
5477	60
5478	62
5479	68
5480	59
5481	71
5482	69
5483	62
5484	59
5485	80
5486	62
5487	71
5488	76
5489	66
5490	64
5491	63
5492	61
5493	68
5494	79
5495	79
5496	73
5497	63
5498	81
5499	52
5500	67
5501	68
5502	75
5503	63
5504	59
5505	82
5506	63
5507	65
5508	60
5509	57
5510	79
5511	74
5512	68
5513	53
5514	59
5515	67
5516	62
5517	61
5518	59
5519	68
5520	80
5521	71
5522	57
5523	81
5524	88
5525	64
5526	73
5527	50
5528	56
5529	68
5530	60
5531	80
5532	57
5533	78
5534	70
5535	68
5536	67
5537	50
5538	64
5539	71
5540	66
5541	51
5542	68
5543	59
5544	80
5545	71
5546	77
5547	71
5548	59
5549	62
5550	64
5551	57
5552	67
5553	62
5554	70
5555	72
5556	64
5557	64
5558	79
5559	56
5560	86
5561	66
5562	71
5563	68
5564	76
5565	79
5566	54
5567	65
5568	67
5569	60
5570	69
5571	77
5572	51
5573	94
5574	60
5575	74
5576	62
5577	75
5578	73
5579	63
5580	65
5581	66
5582	74
5583	58
5584	76
5585	85
5586	70
5587	65
5588	77
5589	83
5590	69
5591	60
5592	58
5593	62
5594	61
5595	60
5596	71
5597	78
5598	74
5599	64
5600	58
5601	62
5602	55
5603	71
5604	46
5605	71
5606	66
5607	66
5608	61
5609	65
5610	64
5611	62
5612	56
5613	78
5614	78
5615	69
5616	55
5617	72
5618	74
5619	79
5620	69
5621	79
5622	77
5623	82
5624	84
5625	81
5626	99
5627	130
5628	136
5629	170
5630	190
5631	240
5632	224
5633	243
5634	248
5635	266
5636	227
5637	179
5638	156
5639	129
5640	120
5641	98
5642	95
5643	77
5644	82
5645	75
5646	64
5647	60
5648	60
5649	58
5650	81
5651	57
5652	61
5653	72
5654	83
5655	62
5656	54
5657	64
5658	69
5659	77
5660	52
5661	64
5662	72
5663	62
5664	71
5665	76
5666	77
5667	56
5668	76
5669	53
5670	66
5671	65
5672	61
5673	69
5674	59
5675	67
5676	76
5677	60
5678	74
5679	60
5680	55
5681	61
5682	72
5683	58
5684	63
5685	66
5686	69
5687	61
5688	63
5689	64
5690	66
5691	61
5692	61
5693	64
5694	76
5695	74
5696	62
5697	72
5698	71
5699	76
5700	68
5701	65
5702	75
5703	72
5704	62
5705	83
5706	66
5707	59
5708	66
5709	71
5710	58
5711	78
5712	62
5713	75
5714	58
5715	66
5716	77
5717	70
5718	68
5719	66
5720	65
5721	64
5722	66
5723	63
5724	64
5725	58
5726	64
5727	81
5728	77
5729	68
5730	51
5731	63
5732	70
5733	62
5734	66
5735	56
5736	63
5737	68
5738	68
5739	69
5740	62
5741	78
5742	62
5743	72
5744	75
5745	55
5746	51
5747	72
5748	60
5749	80
5750	61
5751	57
5752	58
5753	75
5754	65
5755	62
5756	78
5757	94
5758	70
5759	66
5760	55
5761	59
5762	70
5763	61
5764	74
5765	62
5766	78
5767	68
5768	49
5769	63
5770	96
5771	73
5772	54
5773	65
5774	69
5775	67
5776	68
5777	80
5778	58
5779	65
5780	73
5781	70
5782	60
5783	72
5784	81
5785	56
5786	64
5787	54
5788	60
5789	65
5790	74
5791	76
5792	73
5793	74
5794	73
5795	70
5796	79
5797	76
5798	77
5799	73
5800	69
5801	45
5802	69
5803	69
5804	86
5805	83
5806	91
5807	100
5808	90
5809	88
5810	102
5811	89
5812	71
5813	80
5814	79
5815	87
5816	55
5817	65
5818	59
5819	56
5820	68
5821	74
5822	84
5823	56
5824	47
5825	73
5826	61
5827	67
5828	85
5829	68
5830	62
5831	63
5832	55
5833	60
5834	59
5835	69
5836	58
5837	83
5838	64
5839	67
5840	64
5841	53
5842	64
5843	66
5844	70
5845	69
5846	75
5847	74
5848	70
5849	57
5850	72
5851	50
5852	65
5853	60
5854	54
5855	78
5856	71
5857	65
5858	76
5859	59
5860	59
5861	77
5862	69
5863	63
5864	51
5865	67
5866	75
5867	71
5868	72
5869	82
5870	57
5871	67
5872	61
5873	83
5874	66
5875	77
5876	60
5877	75
5878	84
5879	66
5880	67
5881	62
5882	65
5883	55
5884	57
5885	72
5886	75
5887	76
5888	79
5889	66
5890	63
5891	77
5892	54
5893	63
5894	55
5895	66
5896	63
5897	71
5898	68
5899	61
5900	71
5901	52
5902	70
5903	70
5904	74
5905	66
5906	65
5907	64
5908	77
5909	69
5910	62
5911	66
5912	73
5913	61
5914	62
5915	83
5916	73
5917	70
5918	88
5919	72
5920	67
5921	71
5922	70
5923	64
5924	72
5925	71
5926	62
5927	62
5928	71
5929	69
5930	67
5931	83
5932	94
5933	69
5934	64
5935	64
5936	52
5937	57
5938	62
5939	53
5940	67
5941	81
5942	68
5943	72
5944	70
5945	68
5946	75
5947	78
5948	84
5949	67
5950	62
5951	60
5952	64
5953	55
5954	67
5955	66
5956	74
5957	71
5958	54
5959	75
5960	79
5961	72
5962	67
5963	53
5964	62
5965	76
5966	63
5967	76
5968	64
5969	67
5970	60
5971	56
5972	76
5973	76
5974	70
5975	78
5976	63
5977	72
5978	70
5979	76
5980	62
5981	72
5982	44
5983	67
5984	68
5985	64
5986	69
5987	66
5988	69
5989	69
5990	71
5991	69
5992	86
5993	76
5994	70
5995	69
5996	72
5997	65
5998	64
5999	78
6000	70
6001	58
6002	71
6003	60
6004	60
6005	61
6006	70
6007	74
6008	64
6009	81
6010	70
6011	66
6012	67
6013	70
6014	59
6015	56
6016	66
6017	74
6018	64
6019	73
6020	69
6021	79
6022	62
6023	64
6024	71
6025	84
6026	73
6027	66
6028	80
6029	73
6030	71
6031	56
6032	68
6033	72
6034	58
6035	73
6036	67
6037	60
6038	68
6039	63
6040	79
6041	68
6042	59
6043	64
6044	72
6045	70
6046	67
6047	60
6048	56
6049	71
6050	62
6051	75
6052	77
6053	55
6054	54
6055	62
6056	81
6057	62
6058	68
6059	66
6060	72
6061	68
6062	66
6063	52
6064	63
6065	70
6066	76
6067	74
6068	76
6069	67
6070	76
6071	60
6072	66
6073	78
6074	62
6075	82
6076	67
6077	82
6078	71
6079	82
6080	70
6081	78
6082	52
6083	65
6084	51
6085	68
6086	67
6087	63
6088	69
6089	64
6090	66
6091	79
6092	77
6093	64
6094	84
6095	67
6096	62
6097	65
6098	71
6099	65
6100	54
6101	76
6102	47
6103	82
6104	56
6105	65
6106	82
6107	78
6108	62
6109	61
6110	65
6111	74
6112	75
6113	86
6114	68
6115	65
6116	59
6117	72
6118	70
6119	50
6120	70
6121	60
6122	65
6123	67
6124	64
6125	67
6126	75
6127	71
6128	70
6129	50
6130	75
6131	77
6132	71
6133	75
6134	65
6135	66
6136	82
6137	67
6138	79
6139	60
6140	70
6141	71
6142	74
6143	67
6144	77
6145	69
6146	81
6147	73
6148	70
6149	62
6150	56
6151	61
6152	82
6153	70
6154	58
6155	73
6156	87
6157	62
6158	61
6159	75
6160	76
6161	60
6162	78
6163	76
6164	79
6165	59
6166	72
6167	67
6168	65
6169	72
6170	76
6171	68
6172	64
6173	67
6174	78
6175	74
6176	71
6177	78
6178	68
6179	87
6180	48
6181	75
6182	71
6183	69
6184	57
6185	62
6186	71
6187	54
6188	65
6189	76
6190	74
6191	77
6192	72
6193	73
6194	58
6195	66
6196	73
6197	58
6198	63
6199	56
6200	80
6201	72
6202	69
6203	86
6204	73
6205	68
6206	70
6207	73
6208	71
6209	74
6210	66
6211	71
6212	76
6213	67
6214	63
6215	66
6216	65
6217	60
6218	90
6219	80
6220	85
6221	70
6222	88
6223	105
6224	111
6225	120
6226	112
6227	150
6228	129
6229	133
6230	130
6231	106
6232	101
6233	91
6234	97
6235	76
6236	68
6237	74
6238	67
6239	60
6240	70
6241	55
6242	52
6243	56
6244	61
6245	76
6246	75
6247	62
6248	66
6249	69
6250	57
6251	65
6252	55
6253	66
6254	61
6255	59
6256	58
6257	56
6258	63
6259	72
6260	53
6261	51
6262	64
6263	73
6264	48
6265	50
6266	55
6267	52
6268	53
6269	54
6270	65
6271	67
6272	53
6273	53
6274	62
6275	68
6276	45
6277	55
6278	61
6279	70
6280	67
6281	57
6282	58
6283	64
6284	51
6285	63
6286	50
6287	49
6288	65
6289	50
6290	50
6291	47
6292	41
6293	43
6294	53
6295	57
6296	58
6297	52
6298	43
6299	57
6300	44
6301	46
6302	44
6303	65
6304	48
6305	61
6306	55
6307	54
6308	53
6309	54
6310	40
6311	45
6312	52
6313	53
6314	40
6315	55
6316	53
6317	50
6318	60
6319	54
6320	49
6321	49
6322	50
6323	59
6324	51
6325	54
6326	37
6327	39
6328	56
6329	51
6330	51
6331	46
6332	46
6333	47
6334	51
6335	45
6336	55
6337	57
6338	45
6339	41
6340	46
6341	55
6342	55
6343	52
6344	67
6345	50
6346	53
6347	49
6348	57
6349	40
6350	61
6351	52
6352	51
6353	54
6354	44
6355	53
6356	43
6357	54
6358	56
6359	50
6360	48
6361	51
6362	72
6363	50
6364	54
6365	52
6366	55
6367	44
6368	55
6369	37
6370	46
6371	49
6372	40
6373	44
6374	59
6375	51
6376	51
6377	39
6378	47
6379	53
6380	48
6381	34
6382	44
6383	45
6384	42
6385	52
6386	50
6387	52
6388	53
6389	41
6390	46
6391	51
6392	44
6393	42
6394	52
6395	36
6396	47
6397	56
6398	49
6399	57
6400	52
6401	57
6402	52
6403	51
6404	43
6405	46
6406	55
6407	47
6408	54
6409	38
6410	59
6411	44
6412	48
6413	51
6414	47
6415	61
6416	57
6417	45
6418	49
6419	44
6420	44
6421	55
6422	48
6423	48
6424	42
6425	44
6426	46
6427	36
6428	36
6429	46
6430	64
6431	55
6432	50
6433	46
6434	57
6435	56
6436	64
6437	53
6438	51
6439	55
6440	51
6441	49
6442	60
6443	50
6444	74
6445	64
6446	50
6447	54
6448	64
6449	67
6450	46
6451	46
6452	47
6453	47
6454	54
6455	49
6456	54
6457	50
6458	35
6459	38
6460	46
6461	57
6462	47
6463	46
6464	59
6465	47
6466	40
6467	49
6468	47
6469	53
6470	49
6471	34
6472	43
6473	40
6474	57
6475	42
6476	49
6477	53
6478	43
6479	51
6480	42
6481	41
6482	42
6483	46
6484	44
6485	49
6486	51
6487	50
6488	51
6489	46
6490	47
6491	45
6492	48
6493	46
6494	43
6495	37
6496	31
6497	32
6498	46
6499	60
6500	50
6501	45
6502	39
6503	32
6504	37
6505	55
6506	43
6507	43
6508	45
6509	34
6510	42
6511	48
6512	44
6513	47
6514	39
6515	46
6516	39
6517	52
6518	42
6519	34
6520	60
6521	48
6522	52
6523	36
6524	46
6525	49
6526	49
6527	42
6528	37
6529	44
6530	46
6531	44
6532	47
6533	52
6534	50
6535	45
6536	51
6537	43
6538	57
6539	42
6540	39
6541	48
6542	48
6543	33
6544	34
6545	41
6546	46
6547	45
6548	49
6549	44
6550	41
6551	43
6552	50
6553	47
6554	50
6555	56
6556	41
6557	36
6558	47
6559	41
6560	58
6561	39
6562	37
6563	45
6564	44
6565	47
6566	40
6567	33
6568	43
6569	33
6570	44
6571	30
6572	37
6573	56
6574	43
6575	34
6576	28
6577	34
6578	38
6579	47
6580	43
6581	42
6582	42
6583	35
6584	38
6585	31
6586	42
6587	50
6588	38
6589	33
6590	37
6591	40
6592	49
6593	43
6594	42
6595	47
6596	37
6597	40
6598	32
6599	41
6600	39
6601	53
6602	39
6603	39
6604	50
6605	45
6606	38
6607	33
6608	44
6609	29
6610	39
6611	41
6612	44
6613	34
6614	35
6615	40
6616	36
6617	47
6618	43
6619	42
6620	30
6621	53
6622	40
6623	38
6624	44
6625	36
6626	44
6627	37
6628	40
6629	42
6630	46
6631	39
6632	40
6633	43
6634	39
6635	44
6636	45
6637	39
6638	40
6639	25
6640	39
6641	42
6642	34
6643	30
6644	50
6645	33
6646	30
6647	51
6648	36
6649	37
6650	35
6651	55
6652	36
6653	38
6654	37
6655	38
6656	41
6657	33
6658	37
6659	38
6660	36
6661	35
6662	38
6663	27
6664	47
6665	45
6666	41
6667	36
6668	40
6669	38
6670	36
6671	46
6672	34
6673	41
6674	38
6675	38
6676	42
6677	36
6678	38
6679	32
6680	42
6681	46
6682	42
6683	43
6684	33
6685	46
6686	42
6687	50
6688	35
6689	34
6690	40
6691	30
6692	40
6693	27
6694	37
6695	35
6696	42
6697	38
6698	38
6699	47
6700	33
6701	46
6702	37
6703	34
6704	34
6705	42
6706	46
6707	36
6708	35
6709	35
6710	23
6711	31
6712	39
6713	29
6714	44
6715	47
6716	38
6717	40
6718	35
6719	36
6720	29
6721	35
6722	34
6723	35
6724	33
6725	37
6726	38
6727	35
6728	41
6729	35
6730	40
6731	38
6732	30
6733	34
6734	26
6735	37
6736	28
6737	27
6738	27
6739	44
6740	49
6741	36
6742	41
6743	24
6744	29
6745	34
6746	36
6747	39
6748	25
6749	37
6750	38
6751	36
6752	24
6753	42
6754	31
6755	38
6756	37
6757	42
6758	40
6759	28
6760	34
6761	32
6762	30
6763	42
6764	38
6765	26
6766	27
6767	42
6768	27
6769	16
6770	33
6771	34
6772	34
6773	32
6774	28
6775	32
6776	36
6777	36
6778	35
6779	44
6780	38
6781	31
6782	26
6783	29
6784	37
6785	29
6786	24
6787	25
6788	32
6789	36
6790	27
6791	40
6792	32
6793	45
6794	31
6795	26
6796	30
6797	30
6798	39
6799	33
6800	38
6801	36
6802	37
6803	31
6804	31
6805	35
6806	38
6807	31
6808	36
6809	35
6810	42
6811	39
6812	35
6813	29
6814	30
6815	33
6816	33
6817	27
6818	34
6819	39
6820	35
6821	34
6822	34
6823	31
6824	37
6825	34
6826	35
6827	44
6828	26
6829	32
6830	30
6831	32
6832	30
6833	23
6834	25
6835	29
6836	32
6837	31
6838	31
6839	35
6840	35
6841	37
6842	37
6843	31
6844	31
6845	26
6846	38
6847	36
6848	23
6849	29
6850	26
6851	15
6852	24
6853	35
6854	25
6855	42
6856	28
6857	35
6858	34
6859	36
6860	33
6861	27
6862	29
6863	32
6864	25
6865	30
6866	25
6867	35
6868	40
6869	25
6870	33
6871	31
6872	30
6873	30
6874	29
6875	36
6876	32
6877	30
6878	33
6879	26
6880	28
6881	27
6882	36
6883	30
6884	34
6885	36
6886	34
6887	25
6888	22
6889	39
6890	27
6891	26
6892	27
6893	25
6894	25
6895	28
6896	34
6897	30
6898	22
6899	33
6900	29
6901	32
6902	19
6903	27
6904	31
6905	26
6906	19
6907	22
6908	24
6909	36
6910	27
6911	25
6912	25
6913	33
6914	30
6915	30
6916	30
6917	30
6918	24
6919	29
6920	28
6921	34
6922	46
6923	39
6924	43
6925	40
6926	46
6927	59
6928	44
6929	68
6930	75
6931	59
6932	81
6933	72
6934	77
6935	64
6936	66
6937	59
6938	45
6939	44
6940	27
6941	29
6942	34
6943	30
6944	31
6945	33
6946	29
6947	27
6948	29
6949	33
6950	29
6951	32
6952	28
6953	45
6954	29
6955	35
6956	37
6957	33
6958	29
6959	20
6960	33
6961	36
6962	33
6963	25
6964	33
6965	26
6966	36
6967	35
6968	33
6969	45
6970	30
6971	47
6972	44
6973	40
6974	43
6975	33
6976	29
6977	27
6978	28
6979	38
6980	26
6981	30
6982	31
6983	31
6984	26
6985	33
6986	32
6987	23
6988	27
6989	27
6990	27
6991	26
6992	27
6993	28
6994	31
6995	26
6996	36
6997	25
6998	30
6999	35
7000	21
7001	36
7002	24
7003	35
7004	35
7005	35
7006	28
7007	32
7008	22
7009	43
7010	21
7011	28
7012	22
7013	26
7014	31
7015	28
7016	25
7017	24
7018	24
7019	27
7020	36
7021	34
7022	22
7023	32
7024	21
7025	27
7026	20
7027	24
7028	27
7029	26
7030	25
7031	36
7032	30
7033	39
7034	19
7035	35
7036	33
7037	19
7038	19
7039	19
7040	29
7041	28
7042	37
7043	31
7044	35
7045	25
7046	39
7047	23
7048	34
7049	32
7050	45
7051	43
7052	39
7053	45
7054	43
7055	39
7056	32
7057	34
7058	22
7059	37
7060	44
7061	25
7062	27
7063	29
7064	37
7065	20
7066	30
7067	26
7068	27
7069	27
7070	27
7071	17
7072	30
7073	41
7074	31
7075	30
7076	28
7077	30
7078	34
7079	40
7080	34
7081	48
7082	41
7083	56
7084	59
7085	70
7086	52
7087	45
7088	53
7089	46
7090	28
7091	36
7092	48
7093	29
7094	31
7095	28
7096	19
7097	19
7098	35
7099	30
7100	25
7101	19
7102	24
7103	24
7104	18
7105	36
7106	34
7107	26
7108	26
7109	22
7110	20
7111	30
7112	22
7113	26
7114	27
7115	22
7116	27
7117	24
7118	33
7119	29
7120	32
7121	23
7122	34
7123	28
7124	27
7125	30
7126	17
7127	23
7128	29
7129	27
7130	27
7131	37
7132	27
7133	21
7134	27
7135	18
7136	31
7137	29
7138	33
7139	32
7140	28
7141	36
7142	30
7143	26
7144	22
7145	20
7146	30
7147	29
7148	27
7149	18
7150	28
7151	31
7152	33
7153	21
7154	22
7155	17
7156	26
7157	29
7158	26
7159	27
7160	23
7161	27
7162	24
7163	31
7164	28
7165	39
7166	23
7167	29
7168	38
7169	17
7170	28
7171	19
7172	26
7173	26
7174	24
7175	22
7176	28
7177	33
7178	22
7179	36
7180	25
7181	41
7182	31
7183	32
7184	21
7185	24
7186	27
7187	22
7188	20
7189	30
7190	26
7191	28
7192	24
7193	31
7194	24
7195	20
7196	24
7197	22
7198	27
7199	24
7200	18
7201	24
7202	25
7203	27
7204	20
7205	25
7206	27
7207	25
7208	25
7209	26
7210	17
7211	20
7212	23
7213	32
7214	24
7215	20
7216	29
7217	25
7218	26
7219	26
7220	25
7221	28
7222	34
7223	28
7224	19
7225	35
7226	37
7227	23
7228	32
7229	29
7230	27
7231	26
7232	14
7233	18
7234	25
7235	27
7236	33
7237	21
7238	27
7239	28
7240	17
7241	28
7242	23
7243	28
7244	18
7245	34
7246	24
7247	18
7248	27
7249	26
7250	23
7251	31
7252	27
7253	27
7254	23
7255	25
7256	21
7257	26
7258	23
7259	29
7260	26
7261	24
7262	27
7263	33
7264	26
7265	21
7266	25
7267	23
7268	30
7269	22
7270	23
7271	19
7272	26
7273	18
7274	22
7275	23
7276	20
7277	30
7278	29
7279	21
7280	32
7281	20
7282	22
7283	26
7284	28
7285	22
7286	19
7287	17
7288	18
7289	24
7290	33
7291	24
7292	27
7293	27
7294	25
7295	17
7296	15
7297	21
7298	29
7299	24
7300	27
7301	28
7302	19
7303	41
7304	20
7305	23
7306	26
7307	25
7308	30
7309	41
7310	42
7311	21
7312	30
7313	35
7314	27
7315	27
7316	25
7317	31
7318	34
7319	30
7320	36
7321	28
7322	29
7323	43
7324	28
7325	25
7326	41
7327	30
7328	31
7329	31
7330	33
7331	36
7332	36
7333	60
7334	70
7335	50
7336	68
7337	85
7338	104
7339	130
7340	141
7341	191
7342	260
7343	334
7344	415
7345	571
7346	743
7347	857
7348	1116
7349	1327
7350	1524
7351	1608
7352	1639
7353	1718
7354	1509
7355	1308
7356	1114
7357	908
7358	617
7359	421
7360	302
7361	184
7362	106
7363	72
7364	44
7365	23
7366	14
7367	20
7368	18
7369	12
7370	16
7371	10
7372	10
7373	19
7374	16
7375	12
7376	15
7377	23
7378	12
7379	16
7380	16
7381	17
7382	21
7383	13
7384	11
7385	14
7386	22
7387	6
7388	19
7389	14
7390	9
7391	14
7392	19
7393	22
7394	11
7395	17
7396	18
7397	35
7398	13
7399	17
7400	11
7401	18
7402	18
7403	15
7404	14
7405	13
7406	16
7407	16
7408	15
7409	15
7410	22
7411	19
7412	18
7413	27
7414	16
7415	15
7416	16
7417	17
7418	12
7419	15
7420	20
7421	13
7422	21
7423	5
7424	17
7425	15
7426	23
7427	15
7428	14
7429	19
7430	21
7431	18
7432	14
7433	10
7434	26
7435	10
7436	9
7437	16
7438	14
7439	17
7440	23
7441	16
7442	13
7443	11
7444	16
7445	15
7446	15
7447	12
7448	17
7449	20
7450	10
7451	16
7452	15
7453	14
7454	18
7455	19
7456	21
7457	14
7458	16
7459	12
7460	17
7461	17
7462	17
7463	23
7464	23
7465	15
7466	13
7467	18
7468	13
7469	21
7470	14
7471	15
7472	15
7473	15
7474	11
7475	17
7476	14
7477	12
7478	19
7479	12
7480	20
7481	17
7482	19
7483	17
7484	16
7485	11
7486	15
7487	8
7488	19
7489	13
7490	20
7491	24
7492	19
7493	21
7494	24
7495	15
7496	15
7497	18
7498	18
7499	16
7500	14
7501	12
7502	15
7503	16
7504	14
7505	10
7506	15
7507	20
7508	17
7509	17
7510	19
7511	17
7512	21
7513	15
7514	15
7515	22
7516	20
7517	23
7518	16
7519	13
7520	19
7521	24
7522	15
7523	23
7524	25
7525	24
7526	12
7527	32
7528	23
7529	28
7530	23
7531	31
7532	21
7533	18
7534	17
7535	20
7536	14
7537	23
7538	10
7539	11
7540	21
7541	19
7542	20
7543	13
7544	16
7545	19
7546	11
7547	21
7548	14
7549	17
7550	24
7551	24
7552	14
7553	19
7554	13
7555	19
7556	17
7557	22
7558	25
7559	14
7560	19
7561	16
7562	19
7563	20
7564	15
7565	9
7566	20
7567	15
7568	17
7569	26
7570	20
7571	15
7572	14
7573	15
7574	13
7575	13
7576	20
7577	17
7578	18
7579	6
7580	18
7581	15
7582	28
7583	14
7584	18
7585	12
7586	20
7587	15
7588	25
7589	25
7590	23
7591	31
7592	41
7593	25
7594	33
7595	37
7596	33
7597	39
7598	29
7599	27
7600	33
7601	32
7602	31
7603	11
7604	19
7605	14
7606	18
7607	17
7608	9
7609	18
7610	16
7611	21
7612	22
7613	20
7614	20
7615	34
7616	15
7617	23
7618	16
7619	20
7620	14
7621	21
7622	21
7623	24
7624	14
7625	18
7626	7
7627	17
7628	18
7629	17
7630	16
7631	7
7632	19
7633	17
7634	13
7635	9
7636	14
7637	11
7638	21
7639	8
7640	19
7641	10
7642	16
7643	15
7644	13
7645	10
7646	10
7647	10
7648	11
7649	22
7650	19
7651	18
7652	17
7653	17
7654	13
7655	16
7656	18
7657	12
7658	21
7659	15
7660	20
7661	12
7662	15
7663	14
7664	12
7665	8
7666	13
7667	13
7668	14
7669	13
7670	16
7671	17
7672	19
7673	14
7674	13
7675	15
7676	7
7677	12
7678	16
7679	11
7680	16
7681	17
7682	20
7683	14
7684	16
7685	12
7686	7
7687	20
7688	16
7689	12
7690	16
7691	16
7692	15
7693	10
7694	20
7695	14
7696	18
7697	14
7698	19
7699	18
7700	16
7701	13
7702	11
7703	13
7704	17
7705	19
7706	14
7707	14
7708	21
7709	15
7710	16
7711	14
7712	20
7713	12
7714	15
7715	17
7716	13
7717	13
7718	14
7719	11
7720	12
7721	20
7722	12
7723	9
7724	23
7725	12
7726	10
7727	18
7728	12
7729	12
7730	14
7731	14
7732	18
7733	14
7734	14
7735	13
7736	13
7737	20
7738	9
7739	16
7740	15
7741	17
7742	17
7743	16
7744	20
7745	25
7746	21
7747	15
7748	22
7749	21
7750	11
7751	27
7752	11
7753	17
7754	19
7755	19
7756	9
7757	12
7758	16
7759	15
7760	11
7761	18
7762	15
7763	18
7764	18
7765	17
7766	16
7767	18
7768	19
7769	19
7770	19
7771	10
7772	16
7773	21
7774	7
7775	13
7776	18
7777	18
7778	14
7779	10
7780	15
7781	9
7782	15
7783	11
7784	12
7785	12
7786	10
7787	13
7788	21
7789	11
7790	14
7791	17
7792	17
7793	16
7794	9
7795	12
7796	14
7797	17
7798	16
7799	14
7800	14
7801	17
7802	15
7803	10
7804	6
7805	16
7806	12
7807	18
7808	19
7809	16
7810	17
7811	10
7812	15
7813	18
7814	16
7815	11
7816	12
7817	14
7818	18
7819	20
7820	14
7821	10
7822	17
7823	7
7824	15
7825	14
7826	9
7827	13
7828	17
7829	7
7830	13
7831	9
7832	12
7833	24
7834	18
7835	14
7836	11
7837	19
7838	12
7839	14
7840	8
7841	15
7842	16
7843	16
7844	17
7845	15
7846	15
7847	14
7848	15
7849	13
7850	13
7851	11
7852	16
7853	12
7854	14
7855	11
7856	10
7857	12
7858	18
7859	12
7860	12
7861	16
7862	13
7863	20
7864	12
7865	15
7866	13
7867	18
7868	11
7869	13
7870	7
7871	11
7872	12
7873	11
7874	10
7875	19
7876	19
7877	10
7878	10
7879	10
7880	16
7881	11
7882	6
7883	13
7884	10
7885	12
7886	8
7887	15
7888	17
7889	12
7890	11
7891	15
7892	12
7893	11
7894	17
7895	4
7896	14
7897	14
7898	9
7899	15
7900	13
7901	10
7902	13
7903	17
7904	11
7905	13
7906	12
7907	13
7908	13
7909	11
7910	9
7911	13
7912	19
7913	13
7914	18
7915	11
7916	9
7917	11
7918	15
7919	11
7920	10
7921	14
7922	16
7923	10
7924	13
7925	11
7926	16
7927	13
7928	16
7929	7
7930	13
7931	9
7932	8
7933	17
7934	16
7935	10
7936	15
7937	14
7938	14
7939	9
7940	13
7941	14
7942	9
7943	3
7944	21
7945	15
7946	9
7947	17
7948	15
7949	9
7950	16
7951	14
7952	19
7953	10
7954	21
7955	16
7956	20
7957	14
7958	16
7959	17
7960	21
7961	14
7962	11
7963	19
7964	16
7965	15
7966	13
7967	20
7968	14
7969	21
7970	20
7971	31
7972	17
7973	14
7974	21
7975	17
7976	12
7977	11
7978	14
7979	14
7980	9
7981	14
7982	10
7983	19
7984	27
7985	22
7986	22
7987	34
7988	25
7989	28
7990	37
7991	35
7992	37
7993	50
7994	52
7995	51
7996	32
7997	35
7998	32
7999	26
8000	20
8001	17
8002	22
8003	9
8004	10
8005	14
8006	24
8007	26
8008	28
8009	23
8010	37
8011	48
8012	48
8013	63
8014	52
8015	48
8016	72
8017	56
8018	50
8019	59
8020	35
8021	48
8022	27
8023	25
8024	22
8025	26
8026	22
8027	15
8028	19
8029	18
8030	12
8031	25
8032	8
8033	13
8034	14
8035	16
8036	12
8037	24
8038	17
8039	21
8040	13
8041	17
8042	13
8043	18
8044	10
8045	12
8046	13
8047	17
8048	20
8049	19
8050	15
8051	23
8052	17
8053	14
8054	13
8055	13
8056	11
8057	13
8058	10
8059	13
8060	12
8061	14
8062	22
8063	7
8064	9
8065	18
8066	15
8067	10
8068	16
8069	13
8070	14
8071	10
8072	8
8073	13
8074	14
8075	14
8076	13
8077	15
8078	12
8079	14
8080	13
8081	21
8082	11
8083	15
8084	14
8085	14
8086	22
8087	12
8088	12
8089	13
8090	15
8091	12
8092	9
8093	12
8094	12
8095	10
8096	9
8097	13
8098	12
8099	12
8100	16
8101	14
8102	14
8103	17
8104	15
8105	15
8106	16
8107	15
8108	9
8109	13
8110	13
8111	14
8112	14
8113	14
8114	9
8115	14
8116	16
8117	12
8118	14
8119	12
8120	8
8121	9
8122	14
8123	17
8124	14
8125	10
8126	13
8127	13
8128	10
8129	16
8130	15
8131	7
8132	12
8133	14
8134	14
8135	11
8136	12
8137	22
8138	12
8139	16
8140	14
8141	19
8142	12
8143	13
8144	10
8145	12
8146	17
8147	19
8148	20
8149	23
8150	19
8151	18
8152	23
8153	21
8154	21
8155	33
8156	27
8157	25
8158	24
8159	25
8160	29
8161	23
8162	22
8163	13
8164	10
8165	8
8166	4
8167	0
8168	0
8169	0
8170	0
8171	0
8172	0
8173	0
8174	0
8175	0
8176	0
8177	0
8178	0
8179	0
8180	0
8181	0
8182	0
8183	0
8184	0
8185	0
8186	0
8187	0
8188	0
8189	0
8190	0
8191	0
