0	0
1	0
2	0
3	0
4	0
5	0
6	0
7	0
8	0
9	0
10	0
11	0
12	0
13	0
14	0
15	0
16	0
17	0
18	0
19	0
20	0
21	0
22	0
23	0
24	0
25	0
26	0
27	0
28	0
29	0
30	0
31	0
32	0
33	0
34	0
35	0
36	0
37	0
38	0
39	0
40	0
41	0
42	0
43	0
44	0
45	0
46	0
47	0
48	0
49	0
50	2
51	7
52	13
53	39
54	97
55	132
56	182
57	168
58	186
59	179
60	186
61	181
62	183
63	189
64	201
65	199
66	204
67	212
68	232
69	219
70	239
71	203
72	258
73	267
74	253
75	210
76	284
77	240
78	265
79	290
80	266
81	289
82	292
83	286
84	297
85	309
86	319
87	305
88	345
89	328
90	338
91	355
92	322
93	390
94	356
95	383
96	394
97	380
98	381
99	409
100	377
101	425
102	418
103	427
104	426
105	417
106	449
107	427
108	475
109	453
110	462
111	480
112	491
113	523
114	501
115	506
116	514
117	495
118	530
119	507
120	533
121	495
122	491
123	540
124	566
125	518
126	545
127	541
128	589
129	540
130	550
131	552
132	597
133	559
134	559
135	633
136	531
137	550
138	564
139	537
140	549
141	600
142	572
143	603
144	569
145	583
146	530
147	597
148	583
149	556
150	573
151	527
152	600
153	555
154	561
155	596
156	575
157	586
158	547
159	578
160	522
161	532
162	526
163	585
164	535
165	555
166	567
167	540
168	543
169	605
170	571
171	570
172	567
173	536
174	565
175	542
176	551
177	587
178	576
179	552
180	608
181	591
182	535
183	578
184	590
185	517
186	564
187	539
188	523
189	553
190	557
191	529
192	554
193	535
194	587
195	537
196	524
197	534
198	515
199	559
200	498
201	529
202	555
203	484
204	489
205	550
206	512
207	573
208	503
209	532
210	519
211	519
212	484
213	518
214	483
215	449
216	521
217	528
218	488
219	512
220	492
221	529
222	488
223	500
224	477
225	500
226	500
227	486
228	486
229	468
230	474
231	458
232	488
233	455
234	491
235	480
236	483
237	472
238	469
239	479
240	481
241	431
242	495
243	460
244	447
245	470
246	442
247	441
248	425
249	429
250	447
251	456
252	427
253	478
254	474
255	445
256	431
257	456
258	440
259	411
260	426
261	454
262	408
263	432
264	442
265	412
266	424
267	388
268	432
269	403
270	427
271	398
272	419
273	389
274	422
275	408
276	418
277	395
278	420
279	441
280	400
281	428
282	422
283	408
284	416
285	400
286	393
287	403
288	411
289	420
290	407
291	383
292	334
293	351
294	408
295	395
296	390
297	382
298	353
299	403
300	390
301	371
302	373
303	372
304	381
305	363
306	338
307	345
308	379
309	358
310	363
311	366
312	355
313	387
314	369
315	363
316	363
317	395
318	380
319	363
320	316
321	350
322	353
323	368
324	362
325	389
326	327
327	388
328	358
329	342
330	377
331	386
332	359
333	349
334	338
335	357
336	344
337	342
338	346
339	385
340	386
341	347
342	354
343	338
344	364
345	353
346	344
347	322
348	311
349	360
350	314
351	312
352	357
353	345
354	383
355	345
356	318
357	355
358	332
359	341
360	367
361	352
362	336
363	321
364	342
365	348
366	349
367	350
368	336
369	346
370	361
371	339
372	324
373	327
374	352
375	317
376	325
377	310
378	320
379	306
380	318
381	363
382	371
383	335
384	306
385	361
386	342
387	364
388	339
389	339
390	347
391	359
392	355
393	313
394	320
395	324
396	322
397	313
398	359
399	326
400	338
401	337
402	331
403	312
404	351
405	390
406	317
407	341
408	322
409	328
410	353
411	321
412	326
413	353
414	349
415	353
416	346
417	322
418	332
419	343
420	334
421	285
422	318
423	336
424	329
425	317
426	336
427	342
428	353
429	327
430	343
431	325
432	309
433	341
434	325
435	324
436	306
437	309
438	338
439	328
440	318
441	330
442	320
443	286
444	286
445	303
446	330
447	308
448	359
449	342
450	308
451	330
452	346
453	324
454	308
455	320
456	320
457	321
458	316
459	322
460	305
461	286
462	306
463	306
464	310
465	319
466	279
467	288
468	294
469	309
470	304
471	299
472	273
473	307
474	284
475	298
476	292
477	306
478	336
479	304
480	305
481	300
482	274
483	283
484	287
485	312
486	312
487	276
488	303
489	294
490	265
491	297
492	305
493	306
494	309
495	300
496	295
497	316
498	293
499	297
500	284
501	290
502	315
503	292
504	298
505	277
506	287
507	308
508	295
509	279
510	291
511	284
512	291
513	278
514	290
515	284
516	229
517	274
518	264
519	279
520	250
521	286
522	277
523	300
524	286
525	302
526	311
527	299
528	283
529	320
530	269
531	273
532	272
533	265
534	274
535	255
536	276
537	267
538	264
539	277
540	249
541	236
542	246
543	303
544	285
545	293
546	291
547	264
548	300
549	274
550	257
551	279
552	240
553	269
554	260
555	252
556	250
557	264
558	259
559	289
560	263
561	266
562	267
563	289
564	266
565	267
566	247
567	257
568	253
569	266
570	261
571	274
572	263
573	255
574	285
575	255
576	262
577	260
578	268
579	225
580	256
581	285
582	269
583	252
584	270
585	264
586	265
587	233
588	274
589	257
590	260
591	231
592	252
593	262
594	228
595	285
596	194
597	245
598	263
599	231
600	234
601	246
602	233
603	244
604	256
605	232
606	258
607	276
608	231
609	267
610	266
611	226
612	260
613	262
614	224
615	247
616	260
617	267
618	244
619	229
620	237
621	270
622	225
623	243
624	237
625	278
626	227
627	258
628	239
629	243
630	221
631	249
632	261
633	266
634	262
635	256
636	239
637	228
638	271
639	225
640	255
641	255
642	259
643	237
644	256
645	264
646	254
647	258
648	241
649	219
650	223
651	208
652	228
653	240
654	235
655	227
656	235
657	248
658	222
659	220
660	210
661	232
662	247
663	202
664	233
665	237
666	221
667	234
668	231
669	227
670	211
671	229
672	227
673	223
674	235
675	209
676	225
677	206
678	222
679	228
680	248
681	219
682	190
683	219
684	209
685	218
686	209
687	197
688	224
689	195
690	220
691	204
692	207
693	219
694	207
695	217
696	218
697	192
698	197
699	210
700	215
701	210
702	205
703	216
704	217
705	215
706	209
707	213
708	240
709	219
710	186
711	219
712	214
713	221
714	230
715	203
716	198
717	193
718	179
719	201
720	182
721	215
722	212
723	223
724	200
725	205
726	177
727	197
728	211
729	201
730	199
731	193
732	223
733	180
734	193
735	159
736	198
737	194
738	204
739	197
740	205
741	202
742	220
743	196
744	192
745	172
746	193
747	210
748	171
749	205
750	187
751	169
752	205
753	198
754	199
755	187
756	195
757	199
758	215
759	205
760	183
761	196
762	224
763	202
764	197
765	178
766	200
767	203
768	196
769	187
770	183
771	189
772	188
773	205
774	184
775	182
776	194
777	180
778	194
779	196
780	195
781	183
782	195
783	205
784	181
785	200
786	174
787	166
788	186
789	181
790	174
791	209
792	186
793	178
794	186
795	203
796	217
797	190
798	172
799	192
800	181
801	172
802	154
803	144
804	172
805	183
806	205
807	167
808	184
809	194
810	151
811	184
812	170
813	177
814	202
815	173
816	153
817	163
818	175
819	184
820	169
821	183
822	164
823	173
824	180
825	172
826	202
827	181
828	196
829	167
830	184
831	175
832	176
833	181
834	195
835	152
836	173
837	139
838	175
839	175
840	169
841	163
842	159
843	166
844	149
845	159
846	174
847	157
848	154
849	176
850	180
851	187
852	177
853	161
854	170
855	184
856	164
857	163
858	186
859	188
860	170
861	171
862	192
863	177
864	172
865	191
866	164
867	194
868	178
869	164
870	152
871	137
872	160
873	162
874	156
875	156
876	143
877	171
878	155
879	150
880	160
881	165
882	193
883	175
884	168
885	147
886	161
887	166
888	184
889	158
890	144
891	159
892	150
893	164
894	145
895	175
896	162
897	139
898	159
899	148
900	156
901	162
902	152
903	171
904	170
905	167
906	152
907	163
908	142
909	145
910	138
911	145
912	163
913	181
914	156
915	180
916	158
917	157
918	146
919	152
920	136
921	165
922	163
923	150
924	141
925	163
926	159
927	140
928	160
929	167
930	156
931	151
932	149
933	143
934	135
935	157
936	156
937	179
938	159
939	144
940	149
941	162
942	139
943	150
944	144
945	159
946	153
947	162
948	119
949	146
950	151
951	139
952	132
953	139
954	149
955	149
956	127
957	134
958	161
959	134
960	145
961	141
962	160
963	138
964	148
965	147
966	165
967	122
968	141
969	135
970	146
971	130
972	138
973	139
974	123
975	150
976	142
977	167
978	116
979	121
980	162
981	141
982	137
983	148
984	155
985	141
986	153
987	143
988	142
989	142
990	133
991	149
992	152
993	135
994	141
995	134
996	151
997	116
998	131
999	135
1000	124
1001	151
1002	138
1003	145
1004	131
1005	130
1006	138
1007	144
1008	139
1009	137
1010	133
1011	134
1012	134
1013	140
1014	154
1015	131
1016	136
1017	146
1018	132
1019	141
1020	147
1021	105
1022	121
1023	170
1024	133
1025	116
1026	154
1027	151
1028	145
1029	137
1030	123
1031	142
1032	130
1033	146
1034	123
1035	169
1036	139
1037	140
1038	132
1039	134
1040	144
1041	159
1042	113
1043	143
1044	144
1045	133
1046	154
1047	149
1048	118
1049	137
1050	131
1051	148
1052	135
1053	151
1054	141
1055	135
1056	150
1057	138
1058	152
1059	140
1060	132
1061	144
1062	122
1063	123
1064	112
1065	124
1066	131
1067	126
1068	133
1069	132
1070	142
1071	115
1072	113
1073	143
1074	144
1075	137
1076	136
1077	128
1078	131
1079	133
1080	134
1081	125
1082	145
1083	128
1084	140
1085	141
1086	136
1087	128
1088	136
1089	126
1090	129
1091	111
1092	117
1093	149
1094	148
1095	134
1096	138
1097	115
1098	112
1099	132
1100	138
1101	118
1102	112
1103	110
1104	125
1105	130
1106	112
1107	130
1108	121
1109	119
1110	148
1111	134
1112	116
1113	99
1114	89
1115	102
1116	115
1117	139
1118	127
1119	121
1120	137
1121	128
1122	110
1123	141
1124	117
1125	129
1126	111
1127	102
1128	119
1129	108
1130	120
1131	111
1132	118
1133	134
1134	107
1135	110
1136	99
1137	112
1138	127
1139	115
1140	143
1141	110
1142	123
1143	111
1144	125
1145	117
1146	104
1147	112
1148	113
1149	97
1150	101
1151	123
1152	113
1153	103
1154	108
1155	116
1156	101
1157	113
1158	127
1159	115
1160	106
1161	106
1162	89
1163	105
1164	131
1165	102
1166	129
1167	108
1168	97
1169	115
1170	92
1171	95
1172	102
1173	97
1174	125
1175	104
1176	91
1177	100
1178	109
1179	112
1180	96
1181	100
1182	105
1183	124
1184	99
1185	109
1186	105
1187	105
1188	115
1189	116
1190	99
1191	105
1192	113
1193	94
1194	93
1195	95
1196	122
1197	94
1198	90
1199	97
1200	105
1201	91
1202	102
1203	95
1204	115
1205	70
1206	121
1207	91
1208	114
1209	88
1210	101
1211	95
1212	108
1213	106
1214	106
1215	104
1216	104
1217	109
1218	107
1219	93
1220	94
1221	105
1222	117
1223	79
1224	112
1225	101
1226	88
1227	95
1228	97
1229	108
1230	82
1231	113
1232	93
1233	86
1234	96
1235	105
1236	116
1237	104
1238	94
1239	96
1240	116
1241	92
1242	112
1243	91
1244	104
1245	110
1246	100
1247	91
1248	102
1249	101
1250	97
1251	114
1252	93
1253	97
1254	105
1255	100
1256	134
1257	100
1258	122
1259	119
1260	112
1261	104
1262	118
1263	101
1264	96
1265	109
1266	78
1267	99
1268	91
1269	101
1270	87
1271	75
1272	98
1273	88
1274	86
1275	86
1276	90
1277	84
1278	86
1279	72
1280	72
1281	74
1282	101
1283	95
1284	85
1285	86
1286	90
1287	83
1288	113
1289	115
1290	88
1291	101
1292	98
1293	80
1294	78
1295	86
1296	76
1297	82
1298	81
1299	97
1300	88
1301	96
1302	93
1303	86
1304	84
1305	79
1306	84
1307	94
1308	97
1309	99
1310	88
1311	84
1312	97
1313	79
1314	83
1315	86
1316	64
1317	85
1318	97
1319	81
1320	88
1321	95
1322	74
1323	99
1324	95
1325	93
1326	74
1327	76
1328	80
1329	76
1330	85
1331	74
1332	74
1333	110
1334	85
1335	77
1336	79
1337	76
1338	94
1339	88
1340	102
1341	96
1342	86
1343	79
1344	75
1345	78
1346	98
1347	91
1348	96
1349	74
1350	95
1351	87
1352	90
1353	82
1354	73
1355	95
1356	77
1357	78
1358	78
1359	74
1360	76
1361	83
1362	81
1363	89
1364	74
1365	63
1366	78
1367	87
1368	89
1369	84
1370	73
1371	89
1372	93
1373	91
1374	85
1375	94
1376	80
1377	75
1378	95
1379	88
1380	88
1381	92
1382	85
1383	81
1384	87
1385	66
1386	83
1387	86
1388	80
1389	81
1390	101
1391	75
1392	91
1393	75
1394	86
1395	68
1396	75
1397	83
1398	76
1399	82
1400	89
1401	79
1402	74
1403	93
1404	90
1405	94
1406	74
1407	66
1408	92
1409	81
1410	86
1411	75
1412	94
1413	82
1414	75
1415	83
1416	81
1417	100
1418	71
1419	86
1420	82
1421	77
1422	103
1423	70
1424	75
1425	80
1426	51
1427	80
1428	81
1429	104
1430	100
1431	90
1432	72
1433	76
1434	75
1435	73
1436	82
1437	65
1438	79
1439	70
1440	77
1441	77
1442	57
1443	79
1444	78
1445	68
1446	91
1447	70
1448	81
1449	84
1450	79
1451	63
1452	88
1453	80
1454	79
1455	82
1456	87
1457	77
1458	77
1459	70
1460	77
1461	63
1462	69
1463	73
1464	75
1465	86
1466	78
1467	66
1468	70
1469	78
1470	81
1471	83
1472	79
1473	104
1474	77
1475	82
1476	81
1477	65
1478	91
1479	55
1480	72
1481	81
1482	69
1483	67
1484	70
1485	68
1486	82
1487	74
1488	91
1489	55
1490	73
1491	76
1492	80
1493	70
1494	78
1495	68
1496	74
1497	75
1498	65
1499	61
1500	70
1501	57
1502	59
1503	72
1504	59
1505	68
1506	90
1507	71
1508	67
1509	71
1510	69
1511	68
1512	66
1513	70
1514	80
1515	58
1516	68
1517	80
1518	61
1519	72
1520	57
1521	65
1522	74
1523	53
1524	68
1525	70
1526	68
1527	66
1528	48
1529	64
1530	82
1531	52
1532	70
1533	65
1534	57
1535	75
1536	59
1537	64
1538	76
1539	62
1540	79
1541	68
1542	75
1543	65
1544	73
1545	57
1546	58
1547	53
1548	63
1549	55
1550	54
1551	74
1552	46
1553	54
1554	56
1555	53
1556	71
1557	75
1558	70
1559	52
1560	65
1561	57
1562	67
1563	59
1564	54
1565	63
1566	53
1567	58
1568	72
1569	59
1570	70
1571	60
1572	71
1573	70
1574	55
1575	56
1576	64
1577	68
1578	61
1579	60
1580	71
1581	61
1582	50
1583	61
1584	63
1585	78
1586	51
1587	69
1588	58
1589	62
1590	70
1591	66
1592	58
1593	75
1594	53
1595	75
1596	58
1597	66
1598	60
1599	63
1600	55
1601	77
1602	72
1603	55
1604	49
1605	62
1606	59
1607	47
1608	55
1609	58
1610	73
1611	63
1612	71
1613	53
1614	61
1615	66
1616	69
1617	80
1618	59
1619	45
1620	52
1621	61
1622	60
1623	52
1624	55
1625	67
1626	61
1627	44
1628	56
1629	50
1630	65
1631	59
1632	70
1633	51
1634	64
1635	57
1636	61
1637	64
1638	58
1639	69
1640	52
1641	51
1642	62
1643	66
1644	46
1645	66
1646	56
1647	39
1648	62
1649	48
1650	64
1651	54
1652	53
1653	46
1654	55
1655	68
1656	52
1657	57
1658	54
1659	66
1660	56
1661	60
1662	52
1663	38
1664	45
1665	54
1666	67
1667	49
1668	59
1669	37
1670	40
1671	56
1672	56
1673	54
1674	61
1675	51
1676	53
1677	52
1678	71
1679	67
1680	43
1681	59
1682	49
1683	70
1684	59
1685	53
1686	54
1687	57
1688	57
1689	54
1690	54
1691	49
1692	46
1693	50
1694	51
1695	45
1696	49
1697	61
1698	62
1699	68
1700	46
1701	75
1702	48
1703	57
1704	77
1705	50
1706	48
1707	65
1708	53
1709	54
1710	42
1711	53
1712	62
1713	61
1714	57
1715	51
1716	55
1717	55
1718	59
1719	47
1720	55
1721	47
1722	55
1723	53
1724	49
1725	57
1726	50
1727	66
1728	61
1729	38
1730	53
1731	62
1732	51
1733	47
1734	59
1735	53
1736	52
1737	53
1738	38
1739	51
1740	43
1741	43
1742	47
1743	50
1744	59
1745	47
1746	62
1747	43
1748	51
1749	50
1750	46
1751	51
1752	50
1753	47
1754	49
1755	43
1756	56
1757	45
1758	37
1759	43
1760	59
1761	61
1762	41
1763	44
1764	45
1765	34
1766	41
1767	35
1768	58
1769	39
1770	43
1771	45
1772	57
1773	39
1774	41
1775	50
1776	62
1777	42
1778	50
1779	63
1780	38
1781	40
1782	38
1783	53
1784	45
1785	48
1786	56
1787	63
1788	46
1789	61
1790	45
1791	35
1792	52
1793	52
1794	52
1795	54
1796	53
1797	33
1798	51
1799	57
1800	63
1801	37
1802	49
1803	50
1804	37
1805	48
1806	48
1807	46
1808	45
1809	49
1810	39
1811	37
1812	50
1813	39
1814	35
1815	54
1816	47
1817	39
1818	47
1819	47
1820	42
1821	51
1822	42
1823	51
1824	41
1825	37
1826	56
1827	40
1828	43
1829	42
1830	44
1831	50
1832	43
1833	43
1834	35
1835	40
1836	33
1837	30
1838	46
1839	46
1840	45
1841	52
1842	34
1843	43
1844	51
1845	33
1846	40
1847	45
1848	42
1849	50
1850	41
1851	38
1852	46
1853	43
1854	49
1855	48
1856	39
1857	30
1858	38
1859	44
1860	42
1861	34
1862	43
1863	44
1864	45
1865	36
1866	45
1867	46
1868	45
1869	42
1870	42
1871	39
1872	46
1873	40
1874	40
1875	42
1876	49
1877	44
1878	45
1879	34
1880	45
1881	55
1882	44
1883	49
1884	44
1885	37
1886	33
1887	53
1888	42
1889	41
1890	46
1891	42
1892	51
1893	38
1894	58
1895	50
1896	46
1897	37
1898	31
1899	53
1900	47
1901	37
1902	38
1903	32
1904	44
1905	46
1906	42
1907	33
1908	33
1909	37
1910	46
1911	47
1912	44
1913	41
1914	34
1915	42
1916	39
1917	39
1918	48
1919	41
1920	41
1921	44
1922	40
1923	56
1924	33
1925	40
1926	31
1927	43
1928	52
1929	34
1930	37
1931	52
1932	31
1933	41
1934	46
1935	46
1936	57
1937	33
1938	46
1939	49
1940	36
1941	55
1942	52
1943	35
1944	39
1945	32
1946	46
1947	34
1948	52
1949	45
1950	46
1951	43
1952	42
1953	34
1954	46
1955	47
1956	44
1957	55
1958	40
1959	30
1960	39
1961	38
1962	40
1963	37
1964	39
1965	41
1966	43
1967	41
1968	42
1969	44
1970	36
1971	36
1972	31
1973	45
1974	37
1975	40
1976	42
1977	41
1978	46
1979	44
1980	50
1981	27
1982	49
1983	26
1984	48
1985	41
1986	43
1987	43
1988	32
1989	34
1990	44
1991	35
1992	42
1993	42
1994	33
1995	29
1996	44
1997	42
1998	35
1999	50
2000	39
2001	38
2002	40
2003	44
2004	43
2005	44
2006	41
2007	38
2008	35
2009	37
2010	28
2011	33
2012	36
2013	29
2014	51
2015	36
2016	38
2017	30
2018	51
2019	43
2020	40
2021	48
2022	44
2023	44
2024	37
2025	38
2026	38
2027	40
2028	41
2029	48
2030	38
2031	41
2032	43
2033	35
2034	44
2035	30
2036	42
2037	44
2038	42
2039	35
2040	34
2041	45
2042	29
2043	34
2044	41
2045	34
2046	27
2047	43
2048	42
2049	54
2050	48
2051	48
2052	37
2053	33
2054	37
2055	32
2056	51
2057	37
2058	39
2059	30
2060	28
2061	44
2062	41
2063	29
2064	39
2065	34
2066	49
2067	42
2068	37
2069	39
2070	41
2071	33
2072	31
2073	37
2074	34
2075	37
2076	37
2077	34
2078	37
2079	46
2080	31
2081	35
2082	43
2083	41
2084	36
2085	29
2086	46
2087	39
2088	33
2089	27
2090	38
2091	41
2092	35
2093	35
2094	39
2095	38
2096	37
2097	31
2098	37
2099	32
2100	40
2101	49
2102	40
2103	36
2104	40
2105	33
2106	29
2107	41
2108	42
2109	34
2110	29
2111	27
2112	38
2113	36
2114	43
2115	21
2116	43
2117	31
2118	27
2119	26
2120	37
2121	22
2122	37
2123	44
2124	35
2125	41
2126	29
2127	39
2128	34
2129	37
2130	39
2131	42
2132	41
2133	31
2134	36
2135	49
2136	36
2137	32
2138	46
2139	41
2140	42
2141	42
2142	41
2143	26
2144	35
2145	38
2146	29
2147	35
2148	23
2149	27
2150	37
2151	36
2152	34
2153	37
2154	38
2155	29
2156	41
2157	40
2158	38
2159	37
2160	33
2161	34
2162	34
2163	33
2164	30
2165	33
2166	40
2167	30
2168	34
2169	46
2170	43
2171	36
2172	38
2173	26
2174	34
2175	33
2176	26
2177	30
2178	22
2179	38
2180	39
2181	27
2182	23
2183	29
2184	23
2185	31
2186	31
2187	28
2188	25
2189	35
2190	34
2191	30
2192	28
2193	33
2194	21
2195	35
2196	31
2197	27
2198	21
2199	32
2200	31
2201	34
2202	36
2203	35
2204	43
2205	36
2206	26
2207	28
2208	29
2209	38
2210	32
2211	27
2212	22
2213	30
2214	36
2215	35
2216	30
2217	45
2218	31
2219	30
2220	16
2221	34
2222	29
2223	35
2224	18
2225	27
2226	33
2227	26
2228	28
2229	26
2230	35
2231	28
2232	33
2233	23
2234	28
2235	24
2236	41
2237	35
2238	34
2239	24
2240	35
2241	26
2242	30
2243	30
2244	36
2245	23
2246	32
2247	25
2248	23
2249	41
2250	24
2251	22
2252	30
2253	23
2254	33
2255	26
2256	30
2257	22
2258	26
2259	21
2260	32
2261	22
2262	24
2263	31
2264	29
2265	29
2266	23
2267	23
2268	20
2269	30
2270	32
2271	21
2272	28
2273	27
2274	25
2275	24
2276	32
2277	35
2278	25
2279	27
2280	17
2281	22
2282	21
2283	33
2284	28
2285	22
2286	25
2287	27
2288	38
2289	26
2290	28
2291	32
2292	27
2293	17
2294	21
2295	21
2296	34
2297	20
2298	22
2299	24
2300	16
2301	26
2302	27
2303	27
2304	26
2305	24
2306	26
2307	26
2308	32
2309	30
2310	20
2311	25
2312	28
2313	36
2314	27
2315	30
2316	24
2317	23
2318	29
2319	21
2320	33
2321	24
2322	22
2323	25
2324	33
2325	16
2326	28
2327	22
2328	19
2329	19
2330	28
2331	23
2332	23
2333	22
2334	34
2335	30
2336	19
2337	31
2338	21
2339	17
2340	18
2341	36
2342	20
2343	20
2344	25
2345	11
2346	29
2347	25
2348	21
2349	22
2350	22
2351	28
2352	18
2353	26
2354	33
2355	28
2356	20
2357	23
2358	27
2359	30
2360	21
2361	26
2362	19
2363	36
2364	29
2365	19
2366	32
2367	28
2368	18
2369	23
2370	27
2371	20
2372	23
2373	23
2374	36
2375	20
2376	26
2377	30
2378	34
2379	24
2380	23
2381	25
2382	22
2383	30
2384	25
2385	20
2386	30
2387	26
2388	30
2389	33
2390	24
2391	27
2392	30
2393	23
2394	31
2395	30
2396	25
2397	17
2398	23
2399	29
2400	29
2401	29
2402	22
2403	28
2404	21
2405	28
2406	26
2407	24
2408	25
2409	33
2410	28
2411	28
2412	27
2413	21
2414	38
2415	21
2416	26
2417	36
2418	30
2419	27
2420	37
2421	19
2422	24
2423	24
2424	25
2425	34
2426	33
2427	32
2428	47
2429	27
2430	32
2431	34
2432	28
2433	32
2434	29
2435	49
2436	33
2437	43
2438	26
2439	32
2440	31
2441	27
2442	34
2443	43
2444	35
2445	37
2446	31
2447	25
2448	37
2449	21
2450	27
2451	39
2452	34
2453	28
2454	26
2455	42
2456	38
2457	24
2458	35
2459	35
2460	39
2461	30
2462	39
2463	29
2464	37
2465	31
2466	48
2467	34
2468	37
2469	37
2470	36
2471	33
2472	51
2473	37
2474	34
2475	25
2476	33
2477	36
2478	35
2479	40
2480	37
2481	39
2482	30
2483	33
2484	27
2485	43
2486	35
2487	34
2488	37
2489	45
2490	38
2491	39
2492	38
2493	33
2494	38
2495	45
2496	29
2497	34
2498	36
2499	40
2500	52
2501	31
2502	33
2503	45
2504	24
2505	34
2506	35
2507	36
2508	38
2509	27
2510	45
2511	28
2512	43
2513	44
2514	42
2515	35
2516	37
2517	34
2518	39
2519	37
2520	33
2521	33
2522	38
2523	39
2524	34
2525	34
2526	41
2527	45
2528	31
2529	42
2530	35
2531	35
2532	41
2533	44
2534	43
2535	26
2536	28
2537	29
2538	43
2539	31
2540	30
2541	41
2542	29
2543	33
2544	28
2545	34
2546	34
2547	30
2548	34
2549	29
2550	33
2551	23
2552	38
2553	32
2554	33
2555	23
2556	24
2557	25
2558	31
2559	30
2560	26
2561	34
2562	35
2563	26
2564	19
2565	29
2566	32
2567	30
2568	27
2569	31
2570	21
2571	24
2572	30
2573	29
2574	20
2575	24
2576	24
2577	30
2578	20
2579	31
2580	29
2581	28
2582	22
2583	22
2584	25
2585	24
2586	32
2587	29
2588	25
2589	25
2590	28
2591	28
2592	22
2593	18
2594	25
2595	17
2596	18
2597	30
2598	19
2599	23
2600	13
2601	20
2602	23
2603	30
2604	16
2605	17
2606	20
2607	22
2608	22
2609	17
2610	20
2611	21
2612	23
2613	24
2614	22
2615	20
2616	19
2617	13
2618	27
2619	14
2620	20
2621	21
2622	17
2623	25
2624	23
2625	23
2626	15
2627	22
2628	19
2629	35
2630	17
2631	17
2632	26
2633	17
2634	19
2635	26
2636	23
2637	31
2638	13
2639	19
2640	23
2641	18
2642	21
2643	30
2644	22
2645	17
2646	23
2647	27
2648	15
2649	18
2650	21
2651	19
2652	16
2653	19
2654	17
2655	22
2656	23
2657	20
2658	20
2659	21
2660	20
2661	31
2662	31
2663	15
2664	23
2665	19
2666	14
2667	15
2668	18
2669	20
2670	22
2671	19
2672	21
2673	20
2674	23
2675	19
2676	18
2677	25
2678	21
2679	14
2680	16
2681	25
2682	24
2683	17
2684	23
2685	20
2686	12
2687	15
2688	22
2689	16
2690	14
2691	20
2692	17
2693	23
2694	23
2695	16
2696	22
2697	15
2698	23
2699	17
2700	19
2701	21
2702	17
2703	20
2704	14
2705	20
2706	21
2707	15
2708	20
2709	22
2710	21
2711	17
2712	18
2713	24
2714	17
2715	16
2716	19
2717	21
2718	23
2719	18
2720	24
2721	20
2722	25
2723	39
2724	20
2725	27
2726	27
2727	30
2728	16
2729	29
2730	29
2731	20
2732	23
2733	16
2734	25
2735	23
2736	28
2737	33
2738	19
2739	26
2740	14
2741	27
2742	15
2743	19
2744	17
2745	20
2746	26
2747	21
2748	31
2749	30
2750	22
2751	25
2752	19
2753	26
2754	25
2755	24
2756	23
2757	18
2758	14
2759	20
2760	17
2761	15
2762	16
2763	22
2764	18
2765	16
2766	18
2767	23
2768	10
2769	19
2770	18
2771	24
2772	19
2773	13
2774	18
2775	27
2776	15
2777	17
2778	15
2779	19
2780	13
2781	21
2782	12
2783	22
2784	17
2785	18
2786	14
2787	20
2788	19
2789	16
2790	10
2791	19
2792	22
2793	15
2794	14
2795	22
2796	12
2797	12
2798	15
2799	18
2800	7
2801	18
2802	14
2803	10
2804	15
2805	14
2806	16
2807	13
2808	7
2809	10
2810	16
2811	22
2812	13
2813	14
2814	16
2815	13
2816	12
2817	18
2818	12
2819	15
2820	14
2821	14
2822	14
2823	12
2824	9
2825	13
2826	9
2827	20
2828	17
2829	15
2830	10
2831	17
2832	10
2833	16
2834	17
2835	11
2836	16
2837	16
2838	6
2839	12
2840	14
2841	12
2842	12
2843	12
2844	24
2845	11
2846	17
2847	8
2848	15
2849	14
2850	10
2851	20
2852	15
2853	8
2854	18
2855	16
2856	12
2857	23
2858	18
2859	29
2860	10
2861	19
2862	14
2863	7
2864	11
2865	21
2866	9
2867	17
2868	14
2869	15
2870	13
2871	13
2872	17
2873	18
2874	19
2875	14
2876	14
2877	21
2878	17
2879	22
2880	14
2881	11
2882	12
2883	12
2884	16
2885	19
2886	18
2887	15
2888	13
2889	21
2890	16
2891	19
2892	14
2893	13
2894	11
2895	12
2896	13
2897	6
2898	14
2899	13
2900	11
2901	14
2902	20
2903	17
2904	15
2905	13
2906	15
2907	20
2908	17
2909	20
2910	16
2911	17
2912	22
2913	22
2914	17
2915	16
2916	20
2917	10
2918	16
2919	17
2920	20
2921	17
2922	17
2923	11
2924	13
2925	17
2926	20
2927	16
2928	14
2929	17
2930	13
2931	17
2932	14
2933	13
2934	10
2935	17
2936	19
2937	5
2938	13
2939	12
2940	13
2941	15
2942	12
2943	15
2944	18
2945	17
2946	21
2947	16
2948	16
2949	23
2950	15
2951	15
2952	18
2953	12
2954	16
2955	12
2956	16
2957	13
2958	17
2959	12
2960	12
2961	14
2962	21
2963	14
2964	13
2965	21
2966	15
2967	16
2968	17
2969	9
2970	18
2971	21
2972	18
2973	15
2974	18
2975	10
2976	24
2977	10
2978	16
2979	17
2980	11
2981	22
2982	18
2983	23
2984	22
2985	9
2986	15
2987	12
2988	15
2989	17
2990	14
2991	12
2992	13
2993	13
2994	21
2995	11
2996	21
2997	22
2998	17
2999	16
3000	11
3001	18
3002	15
3003	12
3004	10
3005	15
3006	16
3007	15
3008	13
3009	11
3010	11
3011	18
3012	14
3013	9
3014	13
3015	15
3016	7
3017	15
3018	16
3019	24
3020	5
3021	17
3022	20
3023	12
3024	7
3025	15
3026	15
3027	14
3028	16
3029	17
3030	14
3031	17
3032	14
3033	13
3034	10
3035	11
3036	20
3037	9
3038	11
3039	12
3040	15
3041	17
3042	10
3043	11
3044	22
3045	17
3046	16
3047	16
3048	10
3049	14
3050	12
3051	13
3052	14
3053	9
3054	13
3055	17
3056	16
3057	13
3058	9
3059	14
3060	16
3061	14
3062	12
3063	14
3064	22
3065	17
3066	15
3067	17
3068	12
3069	17
3070	19
3071	19
3072	10
3073	11
3074	13
3075	17
3076	12
3077	17
3078	16
3079	17
3080	15
3081	17
3082	15
3083	8
3084	7
3085	13
3086	9
3087	16
3088	10
3089	9
3090	9
3091	16
3092	10
3093	14
3094	14
3095	15
3096	11
3097	13
3098	15
3099	14
3100	21
3101	15
3102	12
3103	16
3104	7
3105	17
3106	13
3107	15
3108	12
3109	15
3110	17
3111	10
3112	10
3113	14
3114	13
3115	13
3116	18
3117	14
3118	16
3119	13
3120	14
3121	13
3122	8
3123	15
3124	12
3125	20
3126	16
3127	17
3128	10
3129	10
3130	10
3131	14
3132	9
3133	7
3134	9
3135	13
3136	11
3137	14
3138	25
3139	49
3140	73
3141	60
3142	93
3143	107
3144	63
3145	45
3146	38
3147	26
3148	20
3149	20
3150	11
3151	27
3152	24
3153	15
3154	14
3155	11
3156	17
3157	24
3158	17
3159	5
3160	17
3161	12
3162	13
3163	19
3164	14
3165	12
3166	9
3167	5
3168	11
3169	11
3170	16
3171	12
3172	10
3173	15
3174	15
3175	12
3176	11
3177	10
3178	8
3179	17
3180	13
3181	13
3182	15
3183	11
3184	8
3185	14
3186	6
3187	18
3188	17
3189	17
3190	9
3191	12
3192	16
3193	15
3194	13
3195	15
3196	13
3197	8
3198	9
3199	13
3200	15
3201	7
3202	13
3203	14
3204	12
3205	15
3206	7
3207	13
3208	11
3209	9
3210	20
3211	7
3212	11
3213	12
3214	18
3215	16
3216	11
3217	12
3218	16
3219	8
3220	8
3221	6
3222	8
3223	14
3224	11
3225	12
3226	15
3227	16
3228	6
3229	14
3230	9
3231	8
3232	13
3233	8
3234	12
3235	16
3236	20
3237	16
3238	12
3239	12
3240	16
3241	11
3242	5
3243	12
3244	7
3245	14
3246	16
3247	9
3248	10
3249	12
3250	19
3251	14
3252	11
3253	8
3254	11
3255	10
3256	10
3257	10
3258	10
3259	11
3260	10
3261	11
3262	7
3263	17
3264	8
3265	8
3266	7
3267	11
3268	6
3269	15
3270	4
3271	10
3272	13
3273	11
3274	7
3275	10
3276	12
3277	3
3278	10
3279	5
3280	5
3281	14
3282	12
3283	8
3284	9
3285	8
3286	10
3287	14
3288	11
3289	16
3290	9
3291	14
3292	12
3293	9
3294	13
3295	9
3296	12
3297	11
3298	10
3299	10
3300	9
3301	15
3302	10
3303	8
3304	14
3305	13
3306	11
3307	9
3308	13
3309	14
3310	11
3311	18
3312	10
3313	13
3314	17
3315	14
3316	11
3317	11
3318	6
3319	8
3320	14
3321	12
3322	7
3323	12
3324	15
3325	11
3326	10
3327	11
3328	8
3329	9
3330	14
3331	13
3332	14
3333	11
3334	5
3335	15
3336	9
3337	8
3338	15
3339	12
3340	8
3341	17
3342	5
3343	12
3344	6
3345	18
3346	10
3347	21
3348	10
3349	16
3350	14
3351	8
3352	10
3353	15
3354	12
3355	10
3356	17
3357	20
3358	7
3359	11
3360	11
3361	11
3362	18
3363	12
3364	15
3365	15
3366	10
3367	11
3368	7
3369	7
3370	9
3371	13
3372	9
3373	7
3374	14
3375	13
3376	16
3377	14
3378	14
3379	10
3380	11
3381	16
3382	16
3383	11
3384	6
3385	18
3386	14
3387	7
3388	12
3389	12
3390	15
3391	11
3392	18
3393	14
3394	9
3395	13
3396	15
3397	8
3398	8
3399	14
3400	18
3401	12
3402	16
3403	12
3404	14
3405	11
3406	15
3407	13
3408	9
3409	15
3410	9
3411	9
3412	14
3413	16
3414	14
3415	12
3416	10
3417	11
3418	11
3419	15
3420	13
3421	8
3422	15
3423	11
3424	16
3425	12
3426	9
3427	18
3428	11
3429	11
3430	14
3431	11
3432	12
3433	13
3434	14
3435	16
3436	12
3437	12
3438	12
3439	14
3440	15
3441	15
3442	12
3443	9
3444	12
3445	16
3446	11
3447	20
3448	16
3449	14
3450	8
3451	7
3452	16
3453	17
3454	14
3455	14
3456	11
3457	10
3458	12
3459	14
3460	13
3461	10
3462	16
3463	13
3464	14
3465	11
3466	15
3467	14
3468	19
3469	19
3470	9
3471	14
3472	21
3473	5
3474	15
3475	8
3476	12
3477	15
3478	10
3479	16
3480	12
3481	14
3482	8
3483	11
3484	13
3485	25
3486	11
3487	16
3488	24
3489	10
3490	19
3491	21
3492	10
3493	13
3494	17
3495	13
3496	9
3497	11
3498	19
3499	8
3500	11
3501	15
3502	15
3503	12
3504	11
3505	8
3506	14
3507	10
3508	14
3509	15
3510	15
3511	16
3512	15
3513	13
3514	20
3515	12
3516	17
3517	26
3518	15
3519	16
3520	12
3521	21
3522	12
3523	16
3524	17
3525	12
3526	13
3527	10
3528	13
3529	19
3530	12
3531	10
3532	12
3533	18
3534	12
3535	8
3536	11
3537	17
3538	17
3539	14
3540	13
3541	12
3542	17
3543	12
3544	10
3545	10
3546	15
3547	11
3548	11
3549	18
3550	11
3551	9
3552	10
3553	16
3554	10
3555	6
3556	11
3557	21
3558	11
3559	13
3560	14
3561	13
3562	25
3563	14
3564	13
3565	8
3566	20
3567	16
3568	12
3569	16
3570	17
3571	11
3572	13
3573	17
3574	15
3575	13
3576	16
3577	11
3578	25
3579	23
3580	16
3581	5
3582	13
3583	15
3584	9
3585	11
3586	11
3587	11
3588	14
3589	16
3590	21
3591	15
3592	8
3593	10
3594	18
3595	26
3596	20
3597	13
3598	13
3599	11
3600	10
3601	15
3602	9
3603	21
3604	17
3605	15
3606	19
3607	16
3608	8
3609	4
3610	15
3611	17
3612	22
3613	20
3614	17
3615	16
3616	8
3617	16
3618	13
3619	13
3620	16
3621	16
3622	8
3623	13
3624	7
3625	12
3626	15
3627	16
3628	20
3629	12
3630	5
3631	10
3632	19
3633	16
3634	10
3635	19
3636	12
3637	8
3638	6
3639	19
3640	6
3641	9
3642	6
3643	14
3644	5
3645	9
3646	10
3647	11
3648	10
3649	7
3650	13
3651	16
3652	7
3653	9
3654	15
3655	14
3656	17
3657	14
3658	14
3659	9
3660	11
3661	9
3662	10
3663	10
3664	12
3665	18
3666	9
3667	16
3668	10
3669	14
3670	19
3671	10
3672	13
3673	6
3674	15
3675	11
3676	13
3677	10
3678	9
3679	8
3680	13
3681	10
3682	7
3683	6
3684	12
3685	10
3686	26
3687	13
3688	9
3689	10
3690	20
3691	10
3692	13
3693	12
3694	18
3695	11
3696	15
3697	13
3698	14
3699	15
3700	12
3701	16
3702	16
3703	10
3704	7
3705	9
3706	7
3707	7
3708	5
3709	10
3710	11
3711	10
3712	9
3713	11
3714	7
3715	12
3716	17
3717	13
3718	15
3719	10
3720	10
3721	13
3722	9
3723	18
3724	10
3725	12
3726	12
3727	9
3728	11
3729	13
3730	11
3731	10
3732	6
3733	11
3734	11
3735	16
3736	20
3737	8
3738	11
3739	10
3740	12
3741	7
3742	8
3743	13
3744	15
3745	6
3746	10
3747	7
3748	7
3749	6
3750	12
3751	11
3752	9
3753	11
3754	13
3755	14
3756	7
3757	14
3758	14
3759	11
3760	13
3761	10
3762	8
3763	19
3764	8
3765	9
3766	12
3767	5
3768	15
3769	19
3770	12
3771	10
3772	12
3773	12
3774	14
3775	6
3776	15
3777	10
3778	13
3779	8
3780	8
3781	16
3782	9
3783	17
3784	7
3785	6
3786	9
3787	13
3788	8
3789	15
3790	7
3791	11
3792	6
3793	7
3794	10
3795	16
3796	9
3797	6
3798	10
3799	15
3800	10
3801	7
3802	12
3803	9
3804	6
3805	10
3806	6
3807	9
3808	9
3809	8
3810	9
3811	4
3812	13
3813	8
3814	9
3815	13
3816	8
3817	11
3818	11
3819	6
3820	8
3821	6
3822	6
3823	15
3824	8
3825	9
3826	9
3827	8
3828	5
3829	7
3830	14
3831	7
3832	12
3833	11
3834	11
3835	4
3836	8
3837	11
3838	7
3839	13
3840	9
3841	7
3842	4
3843	7
3844	9
3845	7
3846	13
3847	7
3848	4
3849	7
3850	7
3851	7
3852	9
3853	3
3854	6
3855	6
3856	6
3857	3
3858	5
3859	7
3860	10
3861	9
3862	10
3863	8
3864	8
3865	7
3866	6
3867	5
3868	6
3869	9
3870	15
3871	3
3872	6
3873	9
3874	7
3875	9
3876	9
3877	4
3878	9
3879	7
3880	17
3881	4
3882	5
3883	11
3884	12
3885	6
3886	7
3887	10
3888	11
3889	9
3890	8
3891	6
3892	9
3893	5
3894	4
3895	11
3896	7
3897	4
3898	9
3899	7
3900	3
3901	10
3902	6
3903	12
3904	4
3905	9
3906	6
3907	8
3908	11
3909	8
3910	5
3911	6
3912	12
3913	4
3914	11
3915	3
3916	11
3917	9
3918	8
3919	7
3920	11
3921	13
3922	6
3923	6
3924	6
3925	7
3926	11
3927	9
3928	5
3929	11
3930	4
3931	8
3932	6
3933	10
3934	11
3935	11
3936	4
3937	4
3938	7
3939	4
3940	10
3941	6
3942	8
3943	5
3944	8
3945	9
3946	8
3947	8
3948	8
3949	7
3950	7
3951	8
3952	4
3953	9
3954	13
3955	5
3956	7
3957	11
3958	10
3959	8
3960	10
3961	6
3962	4
3963	8
3964	5
3965	10
3966	8
3967	4
3968	5
3969	2
3970	6
3971	12
3972	7
3973	6
3974	6
3975	8
3976	9
3977	2
3978	8
3979	7
3980	5
3981	8
3982	12
3983	10
3984	7
3985	7
3986	11
3987	6
3988	3
3989	7
3990	4
3991	4
3992	6
3993	11
3994	11
3995	4
3996	7
3997	10
3998	6
3999	4
4000	10
4001	3
4002	7
4003	6
4004	5
4005	10
4006	6
4007	9
4008	12
4009	8
4010	8
4011	4
4012	10
4013	6
4014	5
4015	3
4016	7
4017	15
4018	5
4019	4
4020	5
4021	7
4022	6
4023	10
4024	6
4025	7
4026	6
4027	7
4028	7
4029	8
4030	7
4031	9
4032	6
4033	6
4034	8
4035	6
4036	10
4037	9
4038	2
4039	9
4040	6
4041	11
4042	9
4043	7
4044	5
4045	8
4046	5
4047	8
4048	12
4049	8
4050	5
4051	6
4052	8
4053	18
4054	12
4055	7
4056	6
4057	9
4058	6
4059	9
4060	11
4061	10
4062	5
4063	11
4064	5
4065	12
4066	6
4067	4
4068	4
4069	6
4070	7
4071	7
4072	7
4073	5
4074	7
4075	4
4076	11
4077	10
4078	6
4079	9
4080	6
4081	6
4082	9
4083	6
4084	1
4085	9
4086	5
4087	10
4088	5
4089	7
4090	10
4091	6
4092	11
4093	10
4094	6
4095	4
4096	5
4097	10
4098	5
4099	8
4100	5
4101	8
4102	11
4103	6
4104	9
4105	9
4106	13
4107	5
4108	8
4109	8
4110	5
4111	7
4112	6
4113	10
4114	6
4115	7
4116	3
4117	11
4118	5
4119	5
4120	8
4121	3
4122	8
4123	10
4124	9
4125	7
4126	3
4127	9
4128	9
4129	9
4130	7
4131	13
4132	7
4133	7
4134	10
4135	5
4136	7
4137	12
4138	1
4139	7
4140	6
4141	7
4142	10
4143	12
4144	6
4145	5
4146	3
4147	5
4148	6
4149	3
4150	8
4151	7
4152	8
4153	2
4154	7
4155	6
4156	9
4157	5
4158	10
4159	6
4160	6
4161	5
4162	4
4163	13
4164	4
4165	10
4166	10
4167	13
4168	4
4169	8
4170	9
4171	6
4172	6
4173	8
4174	6
4175	6
4176	3
4177	6
4178	5
4179	14
4180	5
4181	11
4182	4
4183	8
4184	6
4185	7
4186	6
4187	8
4188	3
4189	4
4190	6
4191	5
4192	8
4193	13
4194	11
4195	5
4196	11
4197	9
4198	9
4199	4
4200	7
4201	13
4202	8
4203	4
4204	10
4205	5
4206	8
4207	8
4208	8
4209	3
4210	6
4211	12
4212	9
4213	10
4214	5
4215	10
4216	8
4217	6
4218	5
4219	7
4220	7
4221	9
4222	17
4223	14
4224	7
4225	8
4226	8
4227	6
4228	10
4229	4
4230	6
4231	4
4232	10
4233	6
4234	8
4235	5
4236	11
4237	8
4238	6
4239	5
4240	14
4241	8
4242	7
4243	9
4244	9
4245	7
4246	10
4247	12
4248	10
4249	6
4250	5
4251	8
4252	12
4253	7
4254	6
4255	7
4256	7
4257	8
4258	8
4259	5
4260	11
4261	6
4262	7
4263	9
4264	6
4265	8
4266	15
4267	4
4268	6
4269	5
4270	9
4271	6
4272	6
4273	11
4274	16
4275	11
4276	3
4277	6
4278	3
4279	6
4280	5
4281	11
4282	7
4283	7
4284	10
4285	9
4286	7
4287	5
4288	2
4289	8
4290	5
4291	12
4292	5
4293	4
4294	5
4295	9
4296	10
4297	8
4298	9
4299	11
4300	5
4301	10
4302	9
4303	6
4304	8
4305	7
4306	8
4307	8
4308	7
4309	11
4310	3
4311	6
4312	10
4313	8
4314	7
4315	3
4316	9
4317	7
4318	4
4319	7
4320	2
4321	9
4322	7
4323	8
4324	9
4325	9
4326	6
4327	9
4328	7
4329	6
4330	9
4331	11
4332	11
4333	7
4334	10
4335	7
4336	8
4337	5
4338	14
4339	8
4340	12
4341	10
4342	7
4343	4
4344	6
4345	9
4346	7
4347	9
4348	9
4349	10
4350	9
4351	10
4352	10
4353	9
4354	8
4355	10
4356	5
4357	7
4358	10
4359	8
4360	7
4361	10
4362	13
4363	8
4364	3
4365	7
4366	7
4367	16
4368	6
4369	8
4370	7
4371	10
4372	6
4373	13
4374	7
4375	10
4376	6
4377	8
4378	7
4379	4
4380	6
4381	6
4382	11
4383	7
4384	12
4385	16
4386	7
4387	5
4388	11
4389	8
4390	5
4391	6
4392	7
4393	7
4394	10
4395	9
4396	8
4397	5
4398	11
4399	11
4400	11
4401	8
4402	10
4403	6
4404	6
4405	8
4406	13
4407	5
4408	8
4409	7
4410	6
4411	8
4412	8
4413	6
4414	8
4415	5
4416	8
4417	10
4418	6
4419	5
4420	8
4421	4
4422	8
4423	9
4424	4
4425	3
4426	11
4427	5
4428	7
4429	6
4430	5
4431	5
4432	9
4433	6
4434	9
4435	8
4436	3
4437	8
4438	8
4439	2
4440	5
4441	7
4442	9
4443	8
4444	6
4445	6
4446	5
4447	6
4448	10
4449	5
4450	8
4451	9
4452	6
4453	4
4454	6
4455	4
4456	4
4457	7
4458	8
4459	4
4460	12
4461	5
4462	5
4463	1
4464	5
4465	6
4466	1
4467	7
4468	11
4469	6
4470	7
4471	8
4472	6
4473	5
4474	5
4475	8
4476	9
4477	5
4478	7
4479	5
4480	9
4481	4
4482	9
4483	9
4484	8
4485	6
4486	8
4487	7
4488	3
4489	8
4490	5
4491	5
4492	10
4493	13
4494	6
4495	4
4496	5
4497	8
4498	7
4499	10
4500	5
4501	4
4502	9
4503	3
4504	2
4505	6
4506	12
4507	5
4508	12
4509	6
4510	8
4511	4
4512	6
4513	4
4514	8
4515	6
4516	4
4517	6
4518	7
4519	3
4520	6
4521	6
4522	3
4523	8
4524	4
4525	5
4526	7
4527	6
4528	8
4529	6
4530	8
4531	10
4532	10
4533	8
4534	5
4535	4
4536	3
4537	5
4538	5
4539	6
4540	8
4541	10
4542	5
4543	3
4544	8
4545	3
4546	3
4547	3
4548	5
4549	5
4550	5
4551	10
4552	7
4553	7
4554	2
4555	6
4556	2
4557	6
4558	5
4559	2
4560	3
4561	7
4562	6
4563	3
4564	6
4565	3
4566	6
4567	1
4568	5
4569	2
4570	7
4571	5
4572	6
4573	7
4574	5
4575	4
4576	5
4577	8
4578	7
4579	4
4580	4
4581	10
4582	5
4583	4
4584	4
4585	5
4586	8
4587	6
4588	2
4589	4
4590	5
4591	6
4592	5
4593	6
4594	7
4595	2
4596	1
4597	9
4598	5
4599	6
4600	6
4601	2
4602	8
4603	5
4604	3
4605	8
4606	4
4607	4
4608	10
4609	6
4610	5
4611	5
4612	8
4613	5
4614	6
4615	5
4616	6
4617	2
4618	7
4619	4
4620	4
4621	5
4622	5
4623	8
4624	8
4625	2
4626	4
4627	6
4628	6
4629	6
4630	6
4631	4
4632	3
4633	10
4634	5
4635	5
4636	7
4637	2
4638	5
4639	5
4640	4
4641	7
4642	3
4643	6
4644	9
4645	1
4646	8
4647	5
4648	6
4649	8
4650	3
4651	9
4652	6
4653	2
4654	7
4655	1
4656	6
4657	7
4658	5
4659	7
4660	4
4661	9
4662	6
4663	3
4664	10
4665	4
4666	4
4667	4
4668	4
4669	6
4670	4
4671	4
4672	8
4673	5
4674	6
4675	7
4676	2
4677	7
4678	2
4679	5
4680	5
4681	2
4682	2
4683	4
4684	7
4685	2
4686	4
4687	2
4688	5
4689	2
4690	3
4691	3
4692	3
4693	4
4694	5
4695	5
4696	9
4697	2
4698	6
4699	2
4700	1
4701	5
4702	6
4703	3
4704	4
4705	3
4706	5
4707	3
4708	3
4709	10
4710	3
4711	2
4712	8
4713	6
4714	7
4715	3
4716	5
4717	9
4718	4
4719	4
4720	3
4721	8
4722	6
4723	8
4724	7
4725	3
4726	6
4727	5
4728	5
4729	3
4730	1
4731	2
4732	9
4733	8
4734	2
4735	9
4736	6
4737	4
4738	4
4739	6
4740	7
4741	5
4742	9
4743	5
4744	6
4745	3
4746	6
4747	8
4748	2
4749	3
4750	7
4751	2
4752	7
4753	3
4754	6
4755	5
4756	4
4757	3
4758	5
4759	3
4760	9
4761	4
4762	5
4763	8
4764	4
4765	4
4766	4
4767	4
4768	1
4769	3
4770	6
4771	2
4772	3
4773	10
4774	8
4775	8
4776	6
4777	6
4778	10
4779	5
4780	4
4781	4
4782	5
4783	6
4784	2
4785	8
4786	2
4787	7
4788	3
4789	3
4790	2
4791	6
4792	2
4793	7
4794	5
4795	3
4796	6
4797	2
4798	4
4799	7
4800	3
4801	7
4802	6
4803	4
4804	4
4805	6
4806	3
4807	3
4808	3
4809	4
4810	5
4811	3
4812	8
4813	3
4814	8
4815	5
4816	3
4817	0
4818	6
4819	4
4820	8
4821	5
4822	5
4823	3
4824	5
4825	1
4826	6
4827	5
4828	2
4829	1
4830	10
4831	7
4832	3
4833	2
4834	6
4835	6
4836	5
4837	5
4838	3
4839	8
4840	5
4841	6
4842	6
4843	4
4844	8
4845	5
4846	7
4847	3
4848	7
4849	6
4850	6
4851	5
4852	6
4853	4
4854	4
4855	5
4856	4
4857	4
4858	4
4859	9
4860	2
4861	2
4862	3
4863	7
4864	3
4865	4
4866	6
4867	8
4868	8
4869	2
4870	3
4871	2
4872	2
4873	7
4874	7
4875	3
4876	3
4877	2
4878	7
4879	6
4880	3
4881	3
4882	4
4883	8
4884	7
4885	11
4886	2
4887	0
4888	7
4889	4
4890	5
4891	4
4892	4
4893	5
4894	5
4895	5
4896	4
4897	7
4898	7
4899	8
4900	7
4901	4
4902	2
4903	5
4904	6
4905	4
4906	4
4907	4
4908	8
4909	6
4910	4
4911	8
4912	2
4913	2
4914	8
4915	1
4916	6
4917	8
4918	3
4919	3
4920	4
4921	5
4922	10
4923	3
4924	5
4925	3
4926	4
4927	6
4928	4
4929	3
4930	9
4931	7
4932	9
4933	8
4934	8
4935	2
4936	0
4937	2
4938	3
4939	2
4940	5
4941	6
4942	7
4943	2
4944	5
4945	7
4946	7
4947	3
4948	7
4949	6
4950	9
4951	4
4952	2
4953	8
4954	4
4955	3
4956	1
4957	3
4958	1
4959	5
4960	3
4961	4
4962	7
4963	4
4964	2
4965	5
4966	3
4967	6
4968	6
4969	4
4970	1
4971	2
4972	7
4973	4
4974	2
4975	7
4976	7
4977	5
4978	11
4979	4
4980	2
4981	10
4982	7
4983	7
4984	7
4985	5
4986	7
4987	2
4988	6
4989	1
4990	7
4991	6
4992	2
4993	5
4994	4
4995	4
4996	2
4997	3
4998	4
4999	2
5000	8
5001	9
5002	4
5003	1
5004	3
5005	2
5006	2
5007	4
5008	3
5009	5
5010	3
5011	3
5012	7
5013	5
5014	5
5015	5
5016	0
5017	7
5018	2
5019	2
5020	5
5021	6
5022	2
5023	5
5024	7
5025	4
5026	5
5027	2
5028	5
5029	7
5030	3
5031	5
5032	5
5033	4
5034	2
5035	2
5036	7
5037	8
5038	5
5039	3
5040	8
5041	5
5042	3
5043	5
5044	3
5045	2
5046	4
5047	3
5048	3
5049	2
5050	8
5051	4
5052	1
5053	2
5054	2
5055	7
5056	6
5057	2
5058	4
5059	2
5060	7
5061	8
5062	4
5063	4
5064	3
5065	5
5066	11
5067	8
5068	6
5069	5
5070	10
5071	3
5072	8
5073	1
5074	4
5075	6
5076	3
5077	3
5078	3
5079	9
5080	8
5081	4
5082	3
5083	6
5084	4
5085	9
5086	3
5087	3
5088	6
5089	7
5090	6
5091	7
5092	2
5093	5
5094	2
5095	4
5096	5
5097	5
5098	5
5099	1
5100	5
5101	4
5102	2
5103	0
5104	4
5105	4
5106	7
5107	5
5108	3
5109	0
5110	2
5111	5
5112	3
5113	6
5114	4
5115	2
5116	2
5117	7
5118	4
5119	5
5120	3
5121	3
5122	7
5123	3
5124	3
5125	6
5126	9
5127	5
5128	0
5129	3
5130	5
5131	4
5132	6
5133	5
5134	3
5135	4
5136	6
5137	8
5138	5
5139	2
5140	9
5141	6
5142	6
5143	4
5144	4
5145	4
5146	3
5147	4
5148	3
5149	7
5150	1
5151	6
5152	5
5153	1
5154	6
5155	4
5156	3
5157	3
5158	4
5159	5
5160	6
5161	8
5162	3
5163	2
5164	5
5165	2
5166	6
5167	2
5168	4
5169	3
5170	4
5171	3
5172	6
5173	4
5174	2
5175	4
5176	4
5177	5
5178	3
5179	3
5180	5
5181	1
5182	7
5183	2
5184	3
5185	4
5186	4
5187	5
5188	4
5189	2
5190	5
5191	4
5192	8
5193	3
5194	1
5195	4
5196	5
5197	4
5198	4
5199	7
5200	4
5201	5
5202	9
5203	8
5204	1
5205	2
5206	7
5207	5
5208	4
5209	3
5210	3
5211	6
5212	2
5213	3
5214	3
5215	6
5216	3
5217	4
5218	5
5219	5
5220	5
5221	4
5222	6
5223	3
5224	5
5225	3
5226	2
5227	5
5228	5
5229	3
5230	3
5231	5
5232	7
5233	5
5234	2
5235	6
5236	3
5237	3
5238	5
5239	3
5240	5
5241	12
5242	7
5243	5
5244	8
5245	5
5246	11
5247	6
5248	5
5249	8
5250	5
5251	6
5252	5
5253	8
5254	2
5255	3
5256	4
5257	5
5258	8
5259	7
5260	6
5261	4
5262	7
5263	6
5264	3
5265	3
5266	5
5267	4
5268	7
5269	11
5270	4
5271	8
5272	6
5273	4
5274	5
5275	5
5276	6
5277	3
5278	6
5279	7
5280	8
5281	8
5282	5
5283	3
5284	6
5285	6
5286	4
5287	2
5288	6
5289	3
5290	5
5291	8
5292	1
5293	7
5294	2
5295	4
5296	2
5297	3
5298	5
5299	0
5300	8
5301	3
5302	8
5303	5
5304	2
5305	12
5306	6
5307	8
5308	8
5309	6
5310	6
5311	4
5312	4
5313	4
5314	5
5315	6
5316	7
5317	1
5318	10
5319	2
5320	4
5321	1
5322	8
5323	9
5324	6
5325	3
5326	4
5327	6
5328	5
5329	2
5330	5
5331	5
5332	5
5333	4
5334	7
5335	4
5336	6
5337	2
5338	6
5339	5
5340	5
5341	4
5342	1
5343	5
5344	5
5345	7
5346	5
5347	10
5348	8
5349	6
5350	6
5351	3
5352	6
5353	5
5354	2
5355	7
5356	3
5357	4
5358	5
5359	4
5360	8
5361	4
5362	9
5363	1
5364	3
5365	8
5366	4
5367	9
5368	3
5369	4
5370	5
5371	4
5372	11
5373	2
5374	7
5375	6
5376	6
5377	7
5378	6
5379	6
5380	7
5381	2
5382	4
5383	3
5384	4
5385	5
5386	5
5387	10
5388	4
5389	3
5390	3
5391	3
5392	6
5393	7
5394	5
5395	5
5396	2
5397	9
5398	8
5399	4
5400	10
5401	3
5402	9
5403	5
5404	8
5405	1
5406	7
5407	4
5408	5
5409	7
5410	5
5411	4
5412	4
5413	4
5414	2
5415	4
5416	6
5417	7
5418	5
5419	1
5420	4
5421	5
5422	6
5423	4
5424	6
5425	4
5426	4
5427	6
5428	4
5429	5
5430	1
5431	10
5432	4
5433	7
5434	4
5435	1
5436	7
5437	6
5438	4
5439	4
5440	7
5441	4
5442	3
5443	1
5444	7
5445	7
5446	4
5447	1
5448	5
5449	4
5450	3
5451	6
5452	4
5453	5
5454	4
5455	2
5456	0
5457	3
5458	6
5459	5
5460	7
5461	5
5462	5
5463	5
5464	8
5465	4
5466	8
5467	3
5468	5
5469	6
5470	5
5471	2
5472	5
5473	5
5474	7
5475	2
5476	8
5477	2
5478	10
5479	10
5480	5
5481	4
5482	10
5483	5
5484	3
5485	4
5486	7
5487	5
5488	6
5489	4
5490	5
5491	5
5492	5
5493	9
5494	7
5495	3
5496	5
5497	4
5498	8
5499	4
5500	2
5501	6
5502	5
5503	4
5504	3
5505	5
5506	8
5507	3
5508	4
5509	5
5510	1
5511	8
5512	1
5513	7
5514	7
5515	4
5516	7
5517	9
5518	2
5519	4
5520	3
5521	1
5522	3
5523	3
5524	4
5525	6
5526	6
5527	1
5528	3
5529	2
5530	4
5531	2
5532	5
5533	2
5534	6
5535	3
5536	7
5537	4
5538	5
5539	3
5540	5
5541	2
5542	6
5543	1
5544	5
5545	8
5546	4
5547	7
5548	3
5549	3
5550	8
5551	4
5552	7
5553	3
5554	5
5555	4
5556	8
5557	5
5558	4
5559	4
5560	5
5561	3
5562	5
5563	2
5564	7
5565	5
5566	6
5567	3
5568	6
5569	4
5570	1
5571	6
5572	3
5573	5
5574	7
5575	9
5576	8
5577	5
5578	3
5579	11
5580	1
5581	5
5582	7
5583	8
5584	4
5585	7
5586	5
5587	6
5588	3
5589	6
5590	4
5591	5
5592	7
5593	0
5594	4
5595	5
5596	7
5597	3
5598	6
5599	2
5600	5
5601	4
5602	4
5603	2
5604	3
5605	2
5606	5
5607	10
5608	4
5609	2
5610	7
5611	5
5612	6
5613	2
5614	6
5615	6
5616	2
5617	3
5618	4
5619	2
5620	3
5621	4
5622	4
5623	5
5624	5
5625	4
5626	5
5627	4
5628	4
5629	3
5630	7
5631	8
5632	6
5633	4
5634	6
5635	3
5636	4
5637	3
5638	6
5639	7
5640	8
5641	7
5642	6
5643	5
5644	8
5645	3
5646	3
5647	3
5648	5
5649	7
5650	4
5651	7
5652	4
5653	2
5654	4
5655	3
5656	8
5657	5
5658	2
5659	4
5660	4
5661	3
5662	2
5663	2
5664	0
5665	6
5666	3
5667	3
5668	0
5669	4
5670	9
5671	1
5672	4
5673	4
5674	6
5675	3
5676	3
5677	5
5678	5
5679	8
5680	4
5681	5
5682	5
5683	4
5684	3
5685	5
5686	7
5687	4
5688	5
5689	4
5690	3
5691	6
5692	4
5693	4
5694	5
5695	7
5696	0
5697	9
5698	4
5699	2
5700	3
5701	6
5702	8
5703	4
5704	7
5705	3
5706	4
5707	4
5708	3
5709	3
5710	5
5711	3
5712	4
5713	2
5714	7
5715	9
5716	5
5717	4
5718	5
5719	3
5720	1
5721	5
5722	6
5723	6
5724	5
5725	6
5726	5
5727	5
5728	5
5729	3
5730	4
5731	3
5732	4
5733	5
5734	5
5735	6
5736	3
5737	5
5738	9
5739	4
5740	4
5741	2
5742	1
5743	4
5744	1
5745	4
5746	2
5747	7
5748	2
5749	3
5750	7
5751	6
5752	3
5753	1
5754	7
5755	2
5756	6
5757	5
5758	4
5759	4
5760	5
5761	4
5762	10
5763	2
5764	2
5765	5
5766	3
5767	4
5768	8
5769	2
5770	6
5771	7
5772	3
5773	3
5774	2
5775	2
5776	5
5777	6
5778	6
5779	2
5780	3
5781	4
5782	7
5783	5
5784	5
5785	0
5786	3
5787	6
5788	1
5789	7
5790	4
5791	5
5792	4
5793	5
5794	3
5795	3
5796	4
5797	6
5798	7
5799	1
5800	2
5801	7
5802	3
5803	3
5804	7
5805	5
5806	3
5807	1
5808	1
5809	4
5810	4
5811	2
5812	2
5813	4
5814	4
5815	4
5816	5
5817	1
5818	3
5819	2
5820	1
5821	4
5822	5
5823	5
5824	3
5825	4
5826	5
5827	4
5828	5
5829	7
5830	3
5831	2
5832	3
5833	4
5834	2
5835	2
5836	2
5837	2
5838	5
5839	3
5840	2
5841	2
5842	2
5843	3
5844	3
5845	2
5846	5
5847	2
5848	2
5849	3
5850	9
5851	1
5852	3
5853	1
5854	2
5855	1
5856	5
5857	1
5858	0
5859	4
5860	3
5861	5
5862	3
5863	2
5864	5
5865	4
5866	5
5867	2
5868	4
5869	3
5870	3
5871	3
5872	2
5873	1
5874	2
5875	4
5876	4
5877	4
5878	3
5879	5
5880	4
5881	5
5882	4
5883	3
5884	1
5885	2
5886	7
5887	3
5888	1
5889	3
5890	4
5891	7
5892	2
5893	5
5894	0
5895	3
5896	2
5897	1
5898	3
5899	2
5900	0
5901	1
5902	3
5903	7
5904	3
5905	4
5906	5
5907	2
5908	4
5909	2
5910	4
5911	3
5912	4
5913	1
5914	2
5915	0
5916	2
5917	4
5918	1
5919	3
5920	5
5921	2
5922	4
5923	2
5924	2
5925	4
5926	2
5927	3
5928	2
5929	7
5930	1
5931	5
5932	1
5933	4
5934	3
5935	8
5936	5
5937	5
5938	1
5939	2
5940	4
5941	2
5942	3
5943	6
5944	6
5945	5
5946	4
5947	3
5948	3
5949	5
5950	1
5951	4
5952	3
5953	3
5954	5
5955	3
5956	1
5957	4
5958	3
5959	4
5960	0
5961	2
5962	4
5963	2
5964	4
5965	2
5966	5
5967	2
5968	2
5969	3
5970	4
5971	2
5972	6
5973	1
5974	5
5975	3
5976	3
5977	5
5978	1
5979	3
5980	2
5981	2
5982	1
5983	4
5984	3
5985	4
5986	1
5987	2
5988	1
5989	2
5990	4
5991	3
5992	6
5993	3
5994	0
5995	2
5996	4
5997	2
5998	4
5999	1
6000	2
6001	5
6002	1
6003	4
6004	5
6005	4
6006	4
6007	6
6008	8
6009	1
6010	1
6011	1
6012	2
6013	1
6014	5
6015	3
6016	2
6017	2
6018	1
6019	4
6020	0
6021	5
6022	5
6023	1
6024	3
6025	1
6026	2
6027	3
6028	5
6029	5
6030	2
6031	3
6032	3
6033	2
6034	2
6035	4
6036	6
6037	0
6038	4
6039	3
6040	2
6041	6
6042	3
6043	4
6044	5
6045	2
6046	1
6047	4
6048	4
6049	8
6050	5
6051	5
6052	0
6053	2
6054	2
6055	7
6056	1
6057	3
6058	3
6059	4
6060	2
6061	3
6062	6
6063	7
6064	2
6065	3
6066	5
6067	2
6068	2
6069	3
6070	3
6071	7
6072	8
6073	2
6074	1
6075	3
6076	1
6077	3
6078	5
6079	0
6080	3
6081	1
6082	3
6083	4
6084	2
6085	2
6086	3
6087	1
6088	3
6089	4
6090	3
6091	3
6092	2
6093	2
6094	2
6095	1
6096	1
6097	4
6098	4
6099	5
6100	0
6101	3
6102	3
6103	2
6104	4
6105	1
6106	3
6107	3
6108	3
6109	2
6110	2
6111	1
6112	3
6113	1
6114	5
6115	3
6116	4
6117	3
6118	1
6119	2
6120	1
6121	2
6122	2
6123	3
6124	1
6125	4
6126	3
6127	4
6128	1
6129	1
6130	1
6131	3
6132	3
6133	1
6134	2
6135	2
6136	4
6137	4
6138	1
6139	4
6140	7
6141	1
6142	2
6143	2
6144	3
6145	3
6146	5
6147	3
6148	0
6149	2
6150	1
6151	4
6152	1
6153	3
6154	0
6155	0
6156	2
6157	1
6158	1
6159	4
6160	4
6161	4
6162	2
6163	5
6164	2
6165	1
6166	3
6167	2
6168	2
6169	2
6170	6
6171	0
6172	3
6173	2
6174	1
6175	2
6176	2
6177	1
6178	6
6179	0
6180	2
6181	5
6182	4
6183	2
6184	2
6185	1
6186	2
6187	3
6188	2
6189	3
6190	1
6191	2
6192	1
6193	2
6194	2
6195	4
6196	2
6197	2
6198	3
6199	1
6200	7
6201	4
6202	5
6203	0
6204	1
6205	4
6206	3
6207	3
6208	4
6209	3
6210	5
6211	4
6212	2
6213	2
6214	4
6215	2
6216	4
6217	4
6218	3
6219	3
6220	3
6221	2
6222	7
6223	1
6224	7
6225	4
6226	7
6227	2
6228	7
6229	1
6230	7
6231	0
6232	1
6233	3
6234	2
6235	3
6236	7
6237	0
6238	1
6239	4
6240	3
6241	2
6242	3
6243	3
6244	1
6245	3
6246	3
6247	3
6248	0
6249	3
6250	4
6251	3
6252	0
6253	4
6254	4
6255	0
6256	5
6257	3
6258	11
6259	4
6260	3
6261	5
6262	3
6263	3
6264	3
6265	3
6266	4
6267	3
6268	1
6269	4
6270	1
6271	1
6272	1
6273	3
6274	6
6275	4
6276	2
6277	5
6278	2
6279	1
6280	3
6281	3
6282	3
6283	1
6284	5
6285	7
6286	3
6287	2
6288	1
6289	8
6290	3
6291	2
6292	3
6293	2
6294	1
6295	4
6296	1
6297	5
6298	3
6299	1
6300	4
6301	3
6302	5
6303	3
6304	3
6305	0
6306	8
6307	5
6308	2
6309	0
6310	6
6311	3
6312	4
6313	3
6314	2
6315	2
6316	1
6317	2
6318	1
6319	3
6320	2
6321	3
6322	2
6323	2
6324	3
6325	5
6326	4
6327	3
6328	3
6329	1
6330	1
6331	5
6332	4
6333	3
6334	2
6335	1
6336	2
6337	1
6338	8
6339	2
6340	5
6341	1
6342	3
6343	4
6344	4
6345	4
6346	1
6347	4
6348	4
6349	2
6350	1
6351	2
6352	5
6353	2
6354	4
6355	2
6356	2
6357	3
6358	1
6359	6
6360	5
6361	4
6362	3
6363	4
6364	3
6365	2
6366	2
6367	4
6368	4
6369	3
6370	5
6371	0
6372	2
6373	1
6374	4
6375	4
6376	3
6377	2
6378	4
6379	2
6380	2
6381	4
6382	4
6383	1
6384	7
6385	3
6386	2
6387	5
6388	4
6389	3
6390	1
6391	5
6392	6
6393	6
6394	2
6395	4
6396	3
6397	2
6398	5
6399	5
6400	1
6401	1
6402	3
6403	6
6404	4
6405	4
6406	4
6407	5
6408	3
6409	3
6410	1
6411	7
6412	3
6413	4
6414	2
6415	3
6416	1
6417	5
6418	3
6419	1
6420	4
6421	5
6422	4
6423	3
6424	3
6425	4
6426	1
6427	3
6428	1
6429	2
6430	7
6431	4
6432	2
6433	1
6434	1
6435	4
6436	4
6437	1
6438	4
6439	3
6440	4
6441	1
6442	3
6443	3
6444	2
6445	3
6446	4
6447	1
6448	5
6449	10
6450	8
6451	5
6452	4
6453	1
6454	1
6455	5
6456	4
6457	1
6458	1
6459	0
6460	1
6461	3
6462	4
6463	3
6464	3
6465	1
6466	1
6467	4
6468	5
6469	2
6470	2
6471	2
6472	3
6473	6
6474	4
6475	4
6476	2
6477	5
6478	1
6479	4
6480	4
6481	2
6482	4
6483	4
6484	4
6485	3
6486	3
6487	3
6488	2
6489	2
6490	1
6491	3
6492	2
6493	3
6494	4
6495	5
6496	2
6497	1
6498	4
6499	2
6500	4
6501	2
6502	1
6503	5
6504	3
6505	2
6506	4
6507	2
6508	0
6509	4
6510	9
6511	3
6512	2
6513	8
6514	0
6515	7
6516	5
6517	8
6518	5
6519	4
6520	2
6521	2
6522	5
6523	3
6524	2
6525	5
6526	3
6527	4
6528	3
6529	4
6530	6
6531	3
6532	4
6533	0
6534	4
6535	4
6536	7
6537	5
6538	2
6539	1
6540	5
6541	3
6542	1
6543	5
6544	7
6545	4
6546	2
6547	5
6548	3
6549	4
6550	3
6551	2
6552	5
6553	7
6554	2
6555	1
6556	1
6557	5
6558	3
6559	8
6560	0
6561	2
6562	5
6563	2
6564	3
6565	5
6566	4
6567	2
6568	6
6569	5
6570	4
6571	3
6572	2
6573	1
6574	4
6575	2
6576	1
6577	4
6578	5
6579	8
6580	6
6581	1
6582	6
6583	6
6584	2
6585	2
6586	2
6587	2
6588	3
6589	1
6590	2
6591	3
6592	7
6593	6
6594	3
6595	3
6596	3
6597	6
6598	2
6599	1
6600	3
6601	6
6602	5
6603	6
6604	4
6605	6
6606	2
6607	0
6608	0
6609	2
6610	2
6611	8
6612	2
6613	1
6614	9
6615	7
6616	3
6617	1
6618	5
6619	4
6620	3
6621	3
6622	6
6623	6
6624	6
6625	4
6626	2
6627	2
6628	4
6629	2
6630	5
6631	2
6632	4
6633	4
6634	2
6635	5
6636	1
6637	2
6638	4
6639	5
6640	3
6641	4
6642	5
6643	3
6644	7
6645	0
6646	1
6647	2
6648	1
6649	2
6650	4
6651	3
6652	3
6653	5
6654	4
6655	3
6656	0
6657	4
6658	4
6659	6
6660	1
6661	2
6662	3
6663	6
6664	3
6665	3
6666	1
6667	3
6668	2
6669	3
6670	7
6671	7
6672	2
6673	2
6674	5
6675	4
6676	4
6677	6
6678	10
6679	6
6680	3
6681	5
6682	4
6683	5
6684	3
6685	3
6686	1
6687	8
6688	3
6689	7
6690	4
6691	2
6692	1
6693	0
6694	5
6695	3
6696	5
6697	9
6698	2
6699	3
6700	6
6701	2
6702	2
6703	5
6704	1
6705	4
6706	3
6707	4
6708	5
6709	2
6710	5
6711	5
6712	4
6713	7
6714	1
6715	5
6716	5
6717	2
6718	7
6719	3
6720	7
6721	1
6722	1
6723	3
6724	4
6725	4
6726	3
6727	4
6728	3
6729	3
6730	3
6731	3
6732	4
6733	8
6734	4
6735	2
6736	3
6737	4
6738	1
6739	4
6740	4
6741	3
6742	6
6743	4
6744	2
6745	5
6746	6
6747	5
6748	2
6749	3
6750	1
6751	5
6752	5
6753	8
6754	9
6755	4
6756	4
6757	3
6758	3
6759	4
6760	5
6761	2
6762	1
6763	14
6764	2
6765	5
6766	4
6767	3
6768	7
6769	8
6770	5
6771	6
6772	0
6773	3
6774	3
6775	2
6776	3
6777	2
6778	4
6779	7
6780	3
6781	1
6782	1
6783	7
6784	3
6785	5
6786	8
6787	2
6788	4
6789	2
6790	3
6791	5
6792	3
6793	7
6794	2
6795	5
6796	4
6797	2
6798	5
6799	8
6800	3
6801	3
6802	4
6803	2
6804	5
6805	1
6806	1
6807	4
6808	3
6809	3
6810	4
6811	5
6812	1
6813	6
6814	3
6815	5
6816	1
6817	2
6818	3
6819	0
6820	2
6821	5
6822	3
6823	2
6824	3
6825	6
6826	1
6827	5
6828	3
6829	4
6830	4
6831	5
6832	5
6833	1
6834	6
6835	2
6836	5
6837	1
6838	3
6839	7
6840	4
6841	4
6842	4
6843	3
6844	3
6845	7
6846	6
6847	6
6848	4
6849	3
6850	4
6851	7
6852	1
6853	5
6854	2
6855	3
6856	6
6857	2
6858	6
6859	3
6860	5
6861	1
6862	1
6863	0
6864	3
6865	4
6866	2
6867	4
6868	3
6869	5
6870	2
6871	3
6872	3
6873	7
6874	6
6875	3
6876	3
6877	3
6878	3
6879	4
6880	1
6881	6
6882	7
6883	4
6884	4
6885	3
6886	4
6887	1
6888	0
6889	3
6890	5
6891	4
6892	3
6893	2
6894	1
6895	2
6896	3
6897	4
6898	2
6899	0
6900	1
6901	3
6902	8
6903	3
6904	5
6905	2
6906	4
6907	1
6908	1
6909	4
6910	2
6911	5
6912	1
6913	3
6914	3
6915	1
6916	3
6917	4
6918	5
6919	1
6920	5
6921	3
6922	2
6923	2
6924	5
6925	4
6926	7
6927	6
6928	6
6929	4
6930	4
6931	7
6932	1
6933	2
6934	7
6935	7
6936	7
6937	4
6938	6
6939	5
6940	5
6941	0
6942	1
6943	8
6944	5
6945	2
6946	4
6947	0
6948	2
6949	4
6950	5
6951	4
6952	4
6953	4
6954	4
6955	4
6956	4
6957	4
6958	7
6959	1
6960	3
6961	2
6962	4
6963	1
6964	4
6965	3
6966	4
6967	3
6968	3
6969	4
6970	5
6971	3
6972	5
6973	2
6974	4
6975	5
6976	5
6977	2
6978	2
6979	3
6980	4
6981	4
6982	6
6983	4
6984	0
6985	5
6986	5
6987	7
6988	2
6989	2
6990	7
6991	4
6992	2
6993	2
6994	2
6995	1
6996	7
6997	5
6998	0
6999	4
7000	2
7001	4
7002	4
7003	9
7004	2
7005	3
7006	3
7007	3
7008	4
7009	0
7010	3
7011	3
7012	2
7013	3
7014	4
7015	6
7016	3
7017	6
7018	2
7019	1
7020	2
7021	3
7022	3
7023	7
7024	1
7025	1
7026	4
7027	1
7028	1
7029	2
7030	4
7031	2
7032	2
7033	5
7034	2
7035	5
7036	2
7037	3
7038	1
7039	1
7040	3
7041	3
7042	2
7043	4
7044	4
7045	2
7046	1
7047	4
7048	1
7049	6
7050	5
7051	3
7052	3
7053	2
7054	3
7055	4
7056	3
7057	5
7058	5
7059	6
7060	5
7061	6
7062	4
7063	7
7064	6
7065	0
7066	3
7067	4
7068	2
7069	7
7070	2
7071	5
7072	7
7073	5
7074	4
7075	2
7076	4
7077	5
7078	3
7079	1
7080	3
7081	1
7082	3
7083	5
7084	6
7085	6
7086	5
7087	3
7088	4
7089	3
7090	6
7091	2
7092	1
7093	0
7094	5
7095	2
7096	9
7097	4
7098	2
7099	1
7100	5
7101	5
7102	8
7103	4
7104	8
7105	1
7106	3
7107	2
7108	5
7109	2
7110	5
7111	9
7112	2
7113	3
7114	2
7115	1
7116	0
7117	7
7118	3
7119	4
7120	4
7121	4
7122	3
7123	4
7124	2
7125	4
7126	3
7127	3
7128	1
7129	5
7130	2
7131	4
7132	4
7133	2
7134	4
7135	6
7136	5
7137	7
7138	4
7139	2
7140	2
7141	4
7142	4
7143	2
7144	4
7145	9
7146	6
7147	1
7148	0
7149	3
7150	3
7151	5
7152	3
7153	6
7154	1
7155	2
7156	2
7157	2
7158	4
7159	3
7160	2
7161	4
7162	6
7163	4
7164	2
7165	4
7166	1
7167	3
7168	2
7169	3
7170	4
7171	4
7172	1
7173	2
7174	0
7175	2
7176	1
7177	3
7178	4
7179	1
7180	3
7181	5
7182	2
7183	3
7184	6
7185	0
7186	2
7187	2
7188	4
7189	2
7190	3
7191	5
7192	2
7193	4
7194	5
7195	3
7196	6
7197	3
7198	3
7199	2
7200	5
7201	4
7202	5
7203	3
7204	4
7205	1
7206	0
7207	3
7208	5
7209	3
7210	6
7211	2
7212	4
7213	3
7214	3
7215	4
7216	8
7217	3
7218	2
7219	5
7220	6
7221	0
7222	3
7223	3
7224	3
7225	5
7226	4
7227	1
7228	1
7229	3
7230	7
7231	3
7232	3
7233	2
7234	2
7235	3
7236	2
7237	0
7238	3
7239	6
7240	8
7241	2
7242	3
7243	2
7244	4
7245	4
7246	1
7247	5
7248	2
7249	3
7250	2
7251	8
7252	3
7253	7
7254	2
7255	5
7256	4
7257	2
7258	6
7259	3
7260	2
7261	3
7262	6
7263	4
7264	4
7265	3
7266	0
7267	6
7268	6
7269	5
7270	5
7271	5
7272	4
7273	6
7274	1
7275	4
7276	3
7277	6
7278	7
7279	5
7280	3
7281	4
7282	4
7283	5
7284	1
7285	4
7286	1
7287	6
7288	3
7289	7
7290	3
7291	0
7292	2
7293	3
7294	4
7295	4
7296	5
7297	2
7298	1
7299	2
7300	4
7301	0
7302	2
7303	2
7304	4
7305	3
7306	2
7307	9
7308	1
7309	2
7310	5
7311	6
7312	6
7313	5
7314	4
7315	3
7316	4
7317	2
7318	3
7319	3
7320	6
7321	2
7322	4
7323	4
7324	3
7325	6
7326	4
7327	4
7328	1
7329	3
7330	4
7331	4
7332	3
7333	3
7334	5
7335	1
7336	2
7337	3
7338	3
7339	2
7340	3
7341	6
7342	3
7343	2
7344	7
7345	3
7346	1
7347	3
7348	2
7349	3
7350	5
7351	5
7352	1
7353	4
7354	2
7355	4
7356	7
7357	3
7358	5
7359	7
7360	6
7361	2
7362	2
7363	6
7364	3
7365	4
7366	1
7367	5
7368	4
7369	2
7370	4
7371	5
7372	1
7373	2
7374	4
7375	6
7376	3
7377	1
7378	1
7379	2
7380	3
7381	4
7382	5
7383	3
7384	2
7385	4
7386	2
7387	5
7388	1
7389	2
7390	7
7391	5
7392	7
7393	3
7394	1
7395	3
7396	1
7397	8
7398	4
7399	1
7400	3
7401	2
7402	3
7403	1
7404	0
7405	3
7406	0
7407	1
7408	5
7409	3
7410	3
7411	3
7412	4
7413	7
7414	2
7415	0
7416	3
7417	0
7418	5
7419	3
7420	2
7421	3
7422	5
7423	6
7424	5
7425	5
7426	4
7427	3
7428	4
7429	3
7430	3
7431	3
7432	5
7433	3
7434	2
7435	1
7436	3
7437	5
7438	0
7439	2
7440	2
7441	3
7442	3
7443	2
7444	6
7445	2
7446	4
7447	3
7448	3
7449	0
7450	7
7451	4
7452	5
7453	1
7454	6
7455	6
7456	2
7457	4
7458	5
7459	4
7460	2
7461	4
7462	5
7463	2
7464	4
7465	3
7466	1
7467	1
7468	2
7469	5
7470	5
7471	5
7472	3
7473	5
7474	7
7475	5
7476	5
7477	0
7478	3
7479	0
7480	1
7481	5
7482	6
7483	5
7484	0
7485	1
7486	3
7487	5
7488	7
7489	3
7490	1
7491	3
7492	1
7493	3
7494	1
7495	4
7496	3
7497	2
7498	8
7499	2
7500	3
7501	3
7502	6
7503	2
7504	4
7505	3
7506	10
7507	6
7508	4
7509	3
7510	4
7511	8
7512	9
7513	2
7514	5
7515	1
7516	2
7517	4
7518	8
7519	5
7520	3
7521	1
7522	5
7523	2
7524	2
7525	6
7526	5
7527	1
7528	1
7529	5
7530	3
7531	5
7532	8
7533	6
7534	2
7535	7
7536	4
7537	5
7538	6
7539	5
7540	5
7541	4
7542	5
7543	3
7544	5
7545	6
7546	3
7547	3
7548	1
7549	2
7550	4
7551	2
7552	3
7553	2
7554	6
7555	0
7556	2
7557	5
7558	3
7559	4
7560	6
7561	4
7562	8
7563	4
7564	6
7565	4
7566	1
7567	6
7568	7
7569	9
7570	4
7571	11
7572	8
7573	4
7574	5
7575	4
7576	4
7577	9
7578	9
7579	7
7580	4
7581	2
7582	10
7583	10
7584	5
7585	4
7586	5
7587	6
7588	9
7589	7
7590	9
7591	5
7592	4
7593	7
7594	5
7595	10
7596	6
7597	5
7598	4
7599	12
7600	4
7601	8
7602	11
7603	9
7604	9
7605	10
7606	9
7607	12
7608	5
7609	12
7610	9
7611	10
7612	8
7613	8
7614	5
7615	10
7616	6
7617	8
7618	8
7619	8
7620	5
7621	8
7622	6
7623	8
7624	13
7625	7
7626	10
7627	11
7628	11
7629	10
7630	9
7631	7
7632	7
7633	8
7634	5
7635	9
7636	6
7637	6
7638	12
7639	5
7640	8
7641	8
7642	15
7643	9
7644	9
7645	7
7646	13
7647	12
7648	5
7649	7
7650	9
7651	4
7652	13
7653	12
7654	7
7655	7
7656	13
7657	12
7658	7
7659	13
7660	11
7661	10
7662	13
7663	11
7664	9
7665	12
7666	10
7667	7
7668	12
7669	10
7670	12
7671	12
7672	5
7673	10
7674	14
7675	8
7676	6
7677	12
7678	8
7679	8
7680	17
7681	9
7682	11
7683	10
7684	10
7685	9
7686	7
7687	6
7688	18
7689	7
7690	11
7691	12
7692	12
7693	7
7694	17
7695	10
7696	13
7697	14
7698	9
7699	13
7700	14
7701	8
7702	10
7703	13
7704	11
7705	14
7706	14
7707	15
7708	16
7709	11
7710	17
7711	12
7712	10
7713	26
7714	14
7715	11
7716	15
7717	11
7718	11
7719	17
7720	6
7721	12
7722	16
7723	10
7724	17
7725	10
7726	9
7727	16
7728	13
7729	6
7730	13
7731	14
7732	12
7733	23
7734	13
7735	12
7736	18
7737	8
7738	7
7739	7
7740	21
7741	9
7742	16
7743	17
7744	9
7745	15
7746	19
7747	13
7748	16
7749	8
7750	3
7751	14
7752	20
7753	13
7754	13
7755	10
7756	18
7757	15
7758	10
7759	15
7760	12
7761	16
7762	16
7763	7
7764	16
7765	13
7766	24
7767	17
7768	10
7769	12
7770	17
7771	18
7772	12
7773	14
7774	16
7775	9
7776	16
7777	16
7778	15
7779	13
7780	14
7781	15
7782	8
7783	19
7784	21
7785	10
7786	14
7787	16
7788	9
7789	6
7790	13
7791	15
7792	16
7793	14
7794	13
7795	15
7796	9
7797	12
7798	15
7799	12
7800	8
7801	10
7802	13
7803	9
7804	9
7805	13
7806	14
7807	6
7808	12
7809	17
7810	12
7811	8
7812	13
7813	14
7814	8
7815	20
7816	11
7817	9
7818	5
7819	10
7820	8
7821	13
7822	9
7823	8
7824	7
7825	10
7826	10
7827	10
7828	11
7829	14
7830	15
7831	11
7832	13
7833	12
7834	7
7835	11
7836	11
7837	7
7838	4
7839	7
7840	13
7841	8
7842	6
7843	9
7844	12
7845	6
7846	11
7847	17
7848	8
7849	4
7850	10
7851	13
7852	10
7853	10
7854	6
7855	9
7856	11
7857	9
7858	9
7859	7
7860	4
7861	6
7862	9
7863	9
7864	5
7865	4
7866	6
7867	4
7868	5
7869	7
7870	8
7871	10
7872	4
7873	7
7874	4
7875	8
7876	5
7877	4
7878	2
7879	1
7880	0
7881	0
7882	0
7883	0
7884	0
7885	0
7886	0
7887	0
7888	0
7889	0
7890	0
7891	0
7892	0
7893	0
7894	0
7895	0
7896	0
7897	0
7898	0
7899	0
7900	0
7901	0
7902	0
7903	0
7904	0
7905	0
7906	0
7907	0
7908	0
7909	0
7910	0
7911	0
7912	0
7913	0
7914	0
7915	0
7916	0
7917	0
7918	0
7919	0
7920	0
7921	0
7922	0
7923	0
7924	0
7925	0
7926	0
7927	0
7928	0
7929	0
7930	0
7931	0
7932	0
7933	0
7934	0
7935	0
7936	0
7937	0
7938	0
7939	0
7940	0
7941	0
7942	0
7943	0
7944	0
7945	0
7946	0
7947	0
7948	0
7949	0
7950	0
7951	0
7952	0
7953	0
7954	0
7955	0
7956	0
7957	0
7958	0
7959	0
7960	0
7961	0
7962	0
7963	0
7964	0
7965	0
7966	0
7967	0
7968	0
7969	0
7970	0
7971	0
7972	0
7973	0
7974	0
7975	0
7976	0
7977	0
7978	0
7979	0
7980	0
7981	0
7982	0
7983	0
7984	0
7985	0
7986	0
7987	0
7988	0
7989	0
7990	0
7991	0
7992	0
7993	0
7994	0
7995	0
7996	0
7997	0
7998	0
7999	0
8000	0
8001	0
8002	0
8003	0
8004	0
8005	0
8006	0
8007	0
8008	0
8009	0
8010	0
8011	0
8012	0
8013	0
8014	0
8015	0
8016	0
8017	0
8018	0
8019	0
8020	0
8021	0
8022	0
8023	0
8024	0
8025	0
8026	0
8027	0
8028	0
8029	0
8030	0
8031	0
8032	0
8033	0
8034	0
8035	0
8036	0
8037	0
8038	0
8039	0
8040	0
8041	0
8042	0
8043	0
8044	0
8045	0
8046	0
8047	0
8048	0
8049	0
8050	0
8051	0
8052	0
8053	0
8054	0
8055	0
8056	0
8057	0
8058	0
8059	0
8060	0
8061	0
8062	0
8063	0
8064	0
8065	0
8066	0
8067	0
8068	0
8069	0
8070	0
8071	0
8072	0
8073	0
8074	0
8075	0
8076	0
8077	0
8078	0
8079	0
8080	0
8081	0
8082	0
8083	0
8084	0
8085	0
8086	0
8087	0
8088	0
8089	0
8090	0
8091	0
8092	0
8093	0
8094	0
8095	0
8096	0
8097	0
8098	0
8099	0
8100	0
8101	0
8102	0
8103	0
8104	0
8105	0
8106	0
8107	0
8108	0
8109	0
8110	0
8111	0
8112	0
8113	0
8114	0
8115	0
8116	0
8117	0
8118	0
8119	0
8120	0
8121	0
8122	0
8123	0
8124	0
8125	0
8126	0
8127	0
8128	0
8129	0
8130	0
8131	0
8132	0
8133	0
8134	0
8135	0
8136	0
8137	0
8138	0
8139	0
8140	0
8141	0
8142	0
8143	0
8144	0
8145	0
8146	0
8147	0
8148	0
8149	0
8150	0
8151	0
8152	0
8153	0
8154	0
8155	0
8156	0
8157	0
8158	0
8159	0
8160	0
8161	0
8162	0
8163	0
8164	0
8165	0
8166	0
8167	0
8168	0
8169	0
8170	0
8171	0
8172	0
8173	0
8174	0
8175	0
8176	0
8177	0
8178	0
8179	0
8180	0
8181	0
8182	0
8183	0
8184	0
8185	0
8186	0
8187	0
8188	0
8189	0
8190	0
8191	0
