0	0
1	0
2	0
3	0
4	0
5	0
6	0
7	0
8	0
9	0
10	0
11	0
12	0
13	0
14	0
15	0
16	0
17	0
18	0
19	0
20	0
21	0
22	0
23	0
24	0
25	0
26	0
27	0
28	0
29	0
30	0
31	0
32	0
33	0
34	0
35	0
36	0
37	0
38	0
39	0
40	0
41	0
42	0
43	0
44	0
45	0
46	0
47	0
48	0
49	0
50	0
51	0
52	0
53	4
54	14
55	75
56	113
57	112
58	123
59	98
60	108
61	109
62	115
63	88
64	104
65	104
66	103
67	112
68	87
69	96
70	92
71	86
72	87
73	87
74	81
75	88
76	95
77	88
78	82
79	78
80	99
81	99
82	97
83	86
84	74
85	82
86	99
87	89
88	92
89	88
90	73
91	97
92	90
93	81
94	71
95	76
96	75
97	65
98	93
99	80
100	82
101	97
102	96
103	92
104	87
105	81
106	81
107	79
108	66
109	74
110	67
111	89
112	63
113	82
114	72
115	82
116	83
117	84
118	72
119	68
120	70
121	70
122	93
123	74
124	76
125	72
126	53
127	67
128	80
129	75
130	64
131	58
132	79
133	54
134	76
135	61
136	64
137	71
138	82
139	67
140	57
141	72
142	61
143	77
144	72
145	56
146	66
147	67
148	67
149	65
150	77
151	76
152	62
153	55
154	65
155	63
156	60
157	64
158	64
159	54
160	41
161	56
162	58
163	50
164	63
165	57
166	63
167	55
168	62
169	60
170	61
171	45
172	66
173	57
174	55
175	57
176	50
177	72
178	69
179	50
180	44
181	58
182	76
183	57
184	59
185	56
186	52
187	49
188	47
189	55
190	55
191	44
192	58
193	42
194	62
195	59
196	49
197	53
198	44
199	58
200	67
201	60
202	40
203	58
204	49
205	59
206	52
207	43
208	50
209	54
210	46
211	61
212	55
213	51
214	51
215	50
216	53
217	46
218	43
219	50
220	44
221	45
222	40
223	53
224	48
225	49
226	59
227	44
228	52
229	56
230	53
231	60
232	63
233	62
234	54
235	35
236	37
237	39
238	47
239	47
240	42
241	39
242	53
243	38
244	25
245	56
246	44
247	31
248	43
249	36
250	34
251	32
252	43
253	51
254	35
255	55
256	33
257	48
258	28
259	38
260	41
261	44
262	40
263	44
264	33
265	47
266	32
267	40
268	43
269	39
270	31
271	36
272	29
273	34
274	34
275	24
276	38
277	38
278	43
279	44
280	40
281	46
282	40
283	37
284	49
285	33
286	33
287	27
288	43
289	31
290	43
291	32
292	37
293	28
294	37
295	41
296	33
297	45
298	30
299	38
300	46
301	39
302	39
303	43
304	44
305	41
306	30
307	37
308	24
309	36
310	34
311	33
312	42
313	47
314	39
315	33
316	44
317	40
318	29
319	45
320	50
321	31
322	24
323	50
324	39
325	47
326	46
327	27
328	32
329	37
330	35
331	33
332	36
333	32
334	25
335	33
336	36
337	30
338	41
339	47
340	36
341	34
342	35
343	47
344	37
345	42
346	42
347	43
348	33
349	35
350	36
351	35
352	41
353	34
354	45
355	46
356	45
357	43
358	46
359	25
360	41
361	29
362	31
363	47
364	33
365	40
366	35
367	32
368	44
369	21
370	32
371	36
372	46
373	39
374	33
375	42
376	44
377	27
378	40
379	29
380	32
381	25
382	28
383	32
384	31
385	41
386	49
387	45
388	35
389	33
390	47
391	37
392	54
393	38
394	39
395	35
396	32
397	28
398	29
399	41
400	35
401	38
402	28
403	38
404	37
405	45
406	35
407	43
408	51
409	50
410	41
411	37
412	41
413	45
414	28
415	42
416	33
417	36
418	35
419	42
420	33
421	32
422	31
423	27
424	39
425	31
426	30
427	44
428	36
429	29
430	36
431	25
432	41
433	30
434	30
435	34
436	36
437	28
438	38
439	40
440	33
441	24
442	41
443	36
444	27
445	38
446	39
447	34
448	40
449	28
450	37
451	39
452	32
453	31
454	35
455	43
456	40
457	38
458	33
459	35
460	22
461	27
462	41
463	35
464	51
465	43
466	31
467	37
468	37
469	40
470	42
471	40
472	40
473	33
474	42
475	50
476	39
477	36
478	39
479	36
480	38
481	22
482	26
483	42
484	52
485	40
486	38
487	37
488	38
489	32
490	38
491	34
492	31
493	40
494	37
495	38
496	33
497	34
498	36
499	42
500	39
501	23
502	40
503	27
504	32
505	41
506	46
507	40
508	35
509	42
510	41
511	29
512	31
513	33
514	47
515	37
516	43
517	35
518	35
519	27
520	41
521	23
522	32
523	38
524	37
525	33
526	33
527	33
528	30
529	38
530	28
531	35
532	47
533	45
534	35
535	29
536	27
537	44
538	36
539	35
540	40
541	39
542	35
543	30
544	38
545	34
546	29
547	39
548	38
549	29
550	31
551	34
552	37
553	37
554	30
555	33
556	36
557	21
558	30
559	48
560	33
561	29
562	36
563	29
564	31
565	29
566	40
567	35
568	40
569	38
570	39
571	46
572	41
573	36
574	24
575	36
576	27
577	37
578	35
579	39
580	35
581	50
582	36
583	36
584	30
585	39
586	32
587	38
588	35
589	28
590	34
591	30
592	32
593	30
594	45
595	28
596	29
597	30
598	29
599	25
600	35
601	38
602	36
603	35
604	36
605	24
606	41
607	27
608	23
609	31
610	36
611	35
612	37
613	45
614	35
615	30
616	39
617	42
618	37
619	34
620	31
621	31
622	39
623	31
624	28
625	30
626	31
627	26
628	28
629	32
630	30
631	42
632	44
633	42
634	47
635	35
636	25
637	35
638	51
639	36
640	31
641	41
642	24
643	31
644	27
645	36
646	33
647	45
648	38
649	32
650	37
651	26
652	36
653	30
654	33
655	28
656	26
657	34
658	26
659	24
660	29
661	30
662	24
663	45
664	29
665	39
666	35
667	26
668	27
669	46
670	30
671	34
672	30
673	35
674	31
675	33
676	16
677	36
678	28
679	26
680	16
681	32
682	39
683	27
684	33
685	34
686	36
687	30
688	20
689	20
690	36
691	32
692	32
693	26
694	25
695	29
696	26
697	31
698	31
699	29
700	38
701	31
702	31
703	30
704	27
705	22
706	34
707	32
708	31
709	33
710	25
711	24
712	33
713	35
714	31
715	39
716	31
717	28
718	29
719	23
720	39
721	24
722	28
723	27
724	36
725	26
726	26
727	28
728	28
729	26
730	34
731	35
732	36
733	34
734	40
735	26
736	29
737	17
738	31
739	41
740	30
741	26
742	28
743	42
744	27
745	26
746	24
747	37
748	33
749	25
750	35
751	28
752	28
753	25
754	35
755	35
756	32
757	27
758	25
759	33
760	28
761	33
762	29
763	35
764	26
765	26
766	34
767	27
768	24
769	38
770	33
771	28
772	41
773	27
774	28
775	30
776	25
777	23
778	27
779	38
780	33
781	21
782	29
783	27
784	25
785	36
786	26
787	25
788	29
789	27
790	36
791	33
792	20
793	31
794	23
795	19
796	28
797	24
798	23
799	28
800	24
801	22
802	24
803	38
804	34
805	22
806	26
807	23
808	19
809	22
810	23
811	29
812	28
813	29
814	28
815	26
816	32
817	27
818	25
819	26
820	32
821	16
822	36
823	28
824	24
825	21
826	18
827	37
828	18
829	21
830	27
831	17
832	20
833	19
834	29
835	19
836	38
837	29
838	20
839	23
840	29
841	17
842	24
843	21
844	30
845	33
846	34
847	23
848	25
849	28
850	18
851	18
852	17
853	18
854	27
855	19
856	29
857	18
858	20
859	28
860	25
861	26
862	29
863	30
864	24
865	26
866	16
867	22
868	32
869	27
870	28
871	18
872	21
873	31
874	35
875	19
876	22
877	20
878	26
879	19
880	31
881	22
882	30
883	27
884	24
885	18
886	27
887	23
888	23
889	26
890	19
891	24
892	15
893	32
894	24
895	21
896	25
897	23
898	24
899	26
900	29
901	25
902	19
903	24
904	16
905	22
906	23
907	21
908	30
909	22
910	24
911	31
912	23
913	31
914	22
915	26
916	27
917	32
918	24
919	29
920	25
921	28
922	23
923	23
924	23
925	27
926	22
927	26
928	28
929	28
930	24
931	25
932	27
933	24
934	21
935	21
936	18
937	15
938	17
939	20
940	21
941	25
942	19
943	20
944	17
945	17
946	16
947	26
948	22
949	23
950	18
951	20
952	20
953	25
954	24
955	20
956	15
957	17
958	22
959	12
960	28
961	23
962	21
963	24
964	24
965	20
966	20
967	17
968	27
969	20
970	22
971	21
972	18
973	21
974	25
975	15
976	24
977	17
978	25
979	18
980	17
981	19
982	13
983	23
984	21
985	12
986	34
987	21
988	23
989	13
990	15
991	19
992	29
993	24
994	19
995	18
996	23
997	23
998	21
999	14
1000	20
1001	21
1002	24
1003	13
1004	23
1005	25
1006	19
1007	15
1008	22
1009	20
1010	16
1011	16
1012	17
1013	20
1014	17
1015	16
1016	20
1017	21
1018	19
1019	22
1020	20
1021	16
1022	14
1023	15
1024	22
1025	24
1026	20
1027	15
1028	16
1029	14
1030	21
1031	16
1032	17
1033	27
1034	23
1035	27
1036	37
1037	17
1038	26
1039	23
1040	19
1041	8
1042	15
1043	23
1044	20
1045	20
1046	25
1047	21
1048	20
1049	11
1050	14
1051	22
1052	15
1053	19
1054	17
1055	26
1056	19
1057	21
1058	19
1059	20
1060	23
1061	16
1062	20
1063	15
1064	15
1065	15
1066	21
1067	13
1068	15
1069	22
1070	18
1071	18
1072	14
1073	21
1074	19
1075	15
1076	19
1077	19
1078	20
1079	16
1080	16
1081	11
1082	15
1083	14
1084	15
1085	22
1086	17
1087	15
1088	16
1089	21
1090	14
1091	14
1092	17
1093	14
1094	21
1095	19
1096	14
1097	21
1098	9
1099	14
1100	21
1101	15
1102	15
1103	12
1104	14
1105	19
1106	15
1107	12
1108	14
1109	18
1110	18
1111	15
1112	14
1113	10
1114	13
1115	13
1116	19
1117	21
1118	5
1119	19
1120	14
1121	16
1122	19
1123	11
1124	15
1125	15
1126	11
1127	14
1128	21
1129	13
1130	14
1131	11
1132	24
1133	14
1134	16
1135	18
1136	17
1137	17
1138	10
1139	12
1140	14
1141	14
1142	16
1143	15
1144	19
1145	15
1146	15
1147	18
1148	8
1149	18
1150	13
1151	14
1152	16
1153	14
1154	11
1155	14
1156	14
1157	12
1158	12
1159	7
1160	17
1161	14
1162	16
1163	15
1164	14
1165	17
1166	9
1167	11
1168	13
1169	16
1170	9
1171	24
1172	18
1173	9
1174	8
1175	17
1176	12
1177	10
1178	18
1179	16
1180	16
1181	26
1182	17
1183	32
1184	34
1185	28
1186	20
1187	25
1188	8
1189	11
1190	11
1191	13
1192	18
1193	13
1194	16
1195	20
1196	16
1197	15
1198	14
1199	19
1200	22
1201	20
1202	18
1203	13
1204	13
1205	19
1206	13
1207	18
1208	12
1209	12
1210	18
1211	21
1212	8
1213	10
1214	12
1215	7
1216	14
1217	16
1218	11
1219	12
1220	14
1221	15
1222	11
1223	17
1224	7
1225	19
1226	17
1227	14
1228	14
1229	13
1230	11
1231	20
1232	15
1233	13
1234	11
1235	14
1236	15
1237	10
1238	12
1239	12
1240	15
1241	13
1242	14
1243	12
1244	10
1245	16
1246	7
1247	11
1248	15
1249	12
1250	13
1251	12
1252	15
1253	9
1254	14
1255	8
1256	10
1257	8
1258	10
1259	12
1260	15
1261	11
1262	13
1263	11
1264	15
1265	8
1266	12
1267	9
1268	17
1269	10
1270	13
1271	9
1272	11
1273	16
1274	14
1275	13
1276	12
1277	14
1278	9
1279	11
1280	17
1281	13
1282	20
1283	9
1284	13
1285	9
1286	17
1287	13
1288	10
1289	7
1290	15
1291	15
1292	9
1293	19
1294	14
1295	18
1296	8
1297	10
1298	11
1299	16
1300	18
1301	11
1302	12
1303	14
1304	8
1305	7
1306	17
1307	13
1308	9
1309	10
1310	10
1311	10
1312	12
1313	14
1314	9
1315	11
1316	10
1317	16
1318	13
1319	9
1320	9
1321	17
1322	11
1323	10
1324	10
1325	6
1326	12
1327	15
1328	4
1329	13
1330	8
1331	16
1332	10
1333	8
1334	14
1335	7
1336	10
1337	8
1338	12
1339	12
1340	5
1341	10
1342	7
1343	5
1344	6
1345	15
1346	9
1347	17
1348	11
1349	13
1350	9
1351	14
1352	10
1353	13
1354	12
1355	6
1356	13
1357	9
1358	12
1359	13
1360	8
1361	10
1362	11
1363	14
1364	8
1365	10
1366	19
1367	13
1368	9
1369	6
1370	4
1371	7
1372	6
1373	9
1374	2
1375	9
1376	13
1377	13
1378	9
1379	8
1380	10
1381	13
1382	10
1383	16
1384	16
1385	12
1386	15
1387	9
1388	12
1389	7
1390	13
1391	10
1392	8
1393	11
1394	10
1395	11
1396	13
1397	6
1398	11
1399	12
1400	5
1401	10
1402	13
1403	15
1404	12
1405	9
1406	10
1407	11
1408	7
1409	9
1410	11
1411	10
1412	5
1413	9
1414	15
1415	11
1416	10
1417	10
1418	15
1419	14
1420	8
1421	11
1422	12
1423	13
1424	16
1425	9
1426	8
1427	10
1428	7
1429	11
1430	13
1431	6
1432	3
1433	9
1434	12
1435	8
1436	13
1437	15
1438	11
1439	7
1440	12
1441	15
1442	12
1443	12
1444	6
1445	8
1446	5
1447	9
1448	11
1449	15
1450	13
1451	5
1452	7
1453	9
1454	7
1455	11
1456	9
1457	9
1458	12
1459	7
1460	14
1461	14
1462	8
1463	6
1464	10
1465	11
1466	11
1467	15
1468	22
1469	15
1470	14
1471	14
1472	17
1473	11
1474	15
1475	11
1476	6
1477	8
1478	7
1479	5
1480	11
1481	6
1482	10
1483	6
1484	6
1485	19
1486	10
1487	6
1488	7
1489	6
1490	9
1491	9
1492	16
1493	16
1494	8
1495	14
1496	5
1497	10
1498	5
1499	11
1500	10
1501	11
1502	13
1503	8
1504	9
1505	8
1506	11
1507	9
1508	13
1509	6
1510	10
1511	8
1512	8
1513	5
1514	8
1515	16
1516	15
1517	9
1518	10
1519	11
1520	11
1521	12
1522	8
1523	11
1524	8
1525	8
1526	8
1527	6
1528	7
1529	5
1530	13
1531	10
1532	7
1533	12
1534	10
1535	5
1536	9
1537	7
1538	6
1539	8
1540	7
1541	6
1542	7
1543	9
1544	11
1545	10
1546	6
1547	11
1548	7
1549	8
1550	3
1551	7
1552	8
1553	11
1554	16
1555	12
1556	10
1557	7
1558	5
1559	6
1560	2
1561	12
1562	10
1563	8
1564	7
1565	10
1566	11
1567	10
1568	8
1569	4
1570	4
1571	4
1572	8
1573	5
1574	9
1575	7
1576	6
1577	8
1578	9
1579	7
1580	6
1581	5
1582	8
1583	6
1584	8
1585	8
1586	6
1587	7
1588	11
1589	6
1590	8
1591	10
1592	10
1593	12
1594	8
1595	8
1596	8
1597	3
1598	4
1599	16
1600	12
1601	13
1602	8
1603	12
1604	6
1605	5
1606	6
1607	9
1608	6
1609	10
1610	9
1611	5
1612	5
1613	9
1614	8
1615	6
1616	10
1617	5
1618	9
1619	6
1620	10
1621	9
1622	7
1623	7
1624	8
1625	11
1626	5
1627	10
1628	15
1629	8
1630	10
1631	9
1632	12
1633	7
1634	5
1635	9
1636	10
1637	7
1638	6
1639	9
1640	7
1641	4
1642	4
1643	9
1644	5
1645	7
1646	9
1647	8
1648	14
1649	7
1650	7
1651	8
1652	8
1653	9
1654	6
1655	8
1656	3
1657	9
1658	7
1659	4
1660	4
1661	8
1662	11
1663	6
1664	6
1665	8
1666	7
1667	9
1668	6
1669	7
1670	10
1671	6
1672	9
1673	9
1674	5
1675	6
1676	11
1677	8
1678	6
1679	9
1680	5
1681	6
1682	4
1683	3
1684	7
1685	13
1686	10
1687	10
1688	12
1689	16
1690	7
1691	6
1692	6
1693	9
1694	4
1695	8
1696	5
1697	9
1698	6
1699	10
1700	6
1701	8
1702	13
1703	2
1704	10
1705	8
1706	7
1707	7
1708	8
1709	10
1710	12
1711	5
1712	10
1713	8
1714	7
1715	6
1716	7
1717	3
1718	8
1719	5
1720	7
1721	8
1722	7
1723	8
1724	3
1725	6
1726	8
1727	2
1728	7
1729	5
1730	8
1731	4
1732	10
1733	5
1734	10
1735	6
1736	9
1737	9
1738	4
1739	9
1740	6
1741	5
1742	10
1743	7
1744	8
1745	6
1746	9
1747	7
1748	2
1749	8
1750	9
1751	15
1752	11
1753	16
1754	17
1755	22
1756	15
1757	14
1758	9
1759	10
1760	12
1761	7
1762	5
1763	1
1764	9
1765	7
1766	8
1767	5
1768	9
1769	9
1770	7
1771	7
1772	7
1773	6
1774	6
1775	4
1776	10
1777	8
1778	10
1779	10
1780	5
1781	7
1782	8
1783	9
1784	5
1785	4
1786	11
1787	11
1788	6
1789	7
1790	5
1791	9
1792	8
1793	6
1794	2
1795	6
1796	9
1797	4
1798	3
1799	9
1800	6
1801	6
1802	5
1803	9
1804	1
1805	11
1806	7
1807	6
1808	11
1809	6
1810	9
1811	6
1812	4
1813	5
1814	7
1815	4
1816	4
1817	9
1818	7
1819	11
1820	6
1821	7
1822	6
1823	11
1824	4
1825	7
1826	12
1827	6
1828	5
1829	6
1830	2
1831	5
1832	3
1833	5
1834	9
1835	6
1836	3
1837	4
1838	3
1839	9
1840	4
1841	7
1842	5
1843	6
1844	6
1845	4
1846	8
1847	6
1848	5
1849	3
1850	7
1851	11
1852	5
1853	2
1854	7
1855	5
1856	3
1857	7
1858	2
1859	5
1860	5
1861	6
1862	2
1863	8
1864	3
1865	6
1866	8
1867	6
1868	3
1869	11
1870	4
1871	5
1872	6
1873	6
1874	6
1875	7
1876	6
1877	3
1878	7
1879	6
1880	6
1881	2
1882	3
1883	4
1884	7
1885	10
1886	4
1887	6
1888	8
1889	6
1890	4
1891	6
1892	4
1893	6
1894	5
1895	6
1896	5
1897	3
1898	2
1899	6
1900	4
1901	6
1902	6
1903	5
1904	5
1905	1
1906	8
1907	7
1908	8
1909	7
1910	6
1911	2
1912	10
1913	4
1914	8
1915	8
1916	9
1917	7
1918	8
1919	4
1920	6
1921	5
1922	11
1923	10
1924	5
1925	11
1926	6
1927	3
1928	5
1929	7
1930	6
1931	6
1932	6
1933	5
1934	8
1935	9
1936	3
1937	5
1938	6
1939	4
1940	8
1941	5
1942	13
1943	8
1944	9
1945	5
1946	7
1947	4
1948	8
1949	9
1950	5
1951	6
1952	5
1953	8
1954	4
1955	1
1956	6
1957	3
1958	7
1959	6
1960	7
1961	5
1962	3
1963	3
1964	4
1965	2
1966	9
1967	8
1968	8
1969	10
1970	3
1971	10
1972	3
1973	3
1974	1
1975	6
1976	5
1977	5
1978	4
1979	6
1980	6
1981	5
1982	6
1983	7
1984	8
1985	6
1986	5
1987	3
1988	2
1989	9
1990	7
1991	8
1992	5
1993	7
1994	6
1995	7
1996	9
1997	6
1998	3
1999	4
2000	7
2001	5
2002	3
2003	3
2004	5
2005	3
2006	6
2007	6
2008	5
2009	5
2010	4
2011	6
2012	6
2013	3
2014	3
2015	7
2016	5
2017	5
2018	3
2019	3
2020	2
2021	6
2022	5
2023	5
2024	10
2025	4
2026	7
2027	3
2028	7
2029	6
2030	1
2031	2
2032	3
2033	5
2034	3
2035	8
2036	7
2037	5
2038	4
2039	8
2040	1
2041	1
2042	2
2043	5
2044	3
2045	3
2046	8
2047	3
2048	7
2049	7
2050	5
2051	4
2052	5
2053	1
2054	9
2055	7
2056	6
2057	1
2058	7
2059	4
2060	3
2061	4
2062	9
2063	4
2064	4
2065	3
2066	3
2067	4
2068	4
2069	8
2070	4
2071	5
2072	3
2073	5
2074	3
2075	5
2076	4
2077	3
2078	6
2079	8
2080	2
2081	4
2082	6
2083	5
2084	5
2085	8
2086	6
2087	5
2088	2
2089	9
2090	4
2091	2
2092	11
2093	13
2094	7
2095	3
2096	8
2097	8
2098	6
2099	2
2100	6
2101	4
2102	3
2103	5
2104	4
2105	3
2106	5
2107	2
2108	7
2109	3
2110	7
2111	6
2112	3
2113	4
2114	4
2115	6
2116	4
2117	1
2118	3
2119	0
2120	3
2121	1
2122	8
2123	3
2124	4
2125	4
2126	6
2127	8
2128	3
2129	4
2130	4
2131	6
2132	1
2133	6
2134	4
2135	6
2136	2
2137	3
2138	5
2139	5
2140	7
2141	3
2142	6
2143	5
2144	7
2145	3
2146	4
2147	4
2148	1
2149	10
2150	5
2151	5
2152	6
2153	3
2154	4
2155	8
2156	4
2157	5
2158	5
2159	10
2160	5
2161	9
2162	5
2163	3
2164	3
2165	4
2166	1
2167	1
2168	3
2169	4
2170	1
2171	2
2172	3
2173	6
2174	6
2175	2
2176	2
2177	5
2178	2
2179	6
2180	6
2181	5
2182	3
2183	4
2184	5
2185	4
2186	3
2187	5
2188	7
2189	4
2190	3
2191	1
2192	4
2193	6
2194	3
2195	5
2196	5
2197	5
2198	1
2199	5
2200	5
2201	11
2202	4
2203	3
2204	4
2205	3
2206	3
2207	5
2208	2
2209	7
2210	5
2211	3
2212	5
2213	2
2214	4
2215	1
2216	9
2217	3
2218	1
2219	7
2220	1
2221	3
2222	4
2223	6
2224	7
2225	4
2226	3
2227	5
2228	7
2229	2
2230	3
2231	4
2232	10
2233	9
2234	8
2235	5
2236	6
2237	5
2238	11
2239	3
2240	4
2241	3
2242	4
2243	4
2244	4
2245	3
2246	3
2247	5
2248	3
2249	4
2250	2
2251	4
2252	3
2253	4
2254	3
2255	6
2256	1
2257	4
2258	2
2259	1
2260	2
2261	6
2262	2
2263	3
2264	3
2265	4
2266	5
2267	5
2268	5
2269	5
2270	4
2271	5
2272	3
2273	5
2274	2
2275	3
2276	3
2277	5
2278	6
2279	2
2280	4
2281	7
2282	5
2283	1
2284	2
2285	2
2286	3
2287	0
2288	3
2289	3
2290	5
2291	7
2292	2
2293	8
2294	5
2295	6
2296	4
2297	3
2298	5
2299	6
2300	7
2301	4
2302	4
2303	6
2304	6
2305	3
2306	6
2307	3
2308	3
2309	3
2310	5
2311	5
2312	3
2313	4
2314	3
2315	2
2316	5
2317	7
2318	4
2319	5
2320	4
2321	3
2322	4
2323	3
2324	2
2325	4
2326	3
2327	8
2328	3
2329	4
2330	3
2331	3
2332	7
2333	8
2334	2
2335	6
2336	5
2337	3
2338	6
2339	4
2340	3
2341	3
2342	2
2343	2
2344	3
2345	2
2346	11
2347	3
2348	4
2349	4
2350	2
2351	6
2352	2
2353	5
2354	5
2355	3
2356	6
2357	5
2358	4
2359	6
2360	6
2361	6
2362	8
2363	4
2364	2
2365	7
2366	3
2367	1
2368	1
2369	6
2370	6
2371	3
2372	5
2373	3
2374	5
2375	5
2376	1
2377	1
2378	2
2379	2
2380	2
2381	7
2382	6
2383	9
2384	2
2385	2
2386	9
2387	5
2388	5
2389	4
2390	2
2391	7
2392	8
2393	7
2394	6
2395	4
2396	3
2397	7
2398	6
2399	7
2400	5
2401	6
2402	6
2403	5
2404	3
2405	2
2406	5
2407	4
2408	4
2409	2
2410	0
2411	7
2412	6
2413	5
2414	3
2415	2
2416	1
2417	1
2418	10
2419	3
2420	3
2421	1
2422	8
2423	2
2424	3
2425	7
2426	5
2427	4
2428	3
2429	5
2430	4
2431	3
2432	2
2433	3
2434	2
2435	6
2436	4
2437	4
2438	2
2439	4
2440	3
2441	2
2442	6
2443	6
2444	2
2445	2
2446	3
2447	3
2448	5
2449	2
2450	3
2451	5
2452	5
2453	1
2454	3
2455	5
2456	4
2457	2
2458	2
2459	3
2460	2
2461	2
2462	1
2463	4
2464	5
2465	2
2466	6
2467	5
2468	4
2469	4
2470	4
2471	5
2472	5
2473	4
2474	2
2475	3
2476	5
2477	3
2478	5
2479	4
2480	3
2481	0
2482	6
2483	3
2484	3
2485	2
2486	1
2487	4
2488	3
2489	3
2490	6
2491	4
2492	4
2493	3
2494	0
2495	3
2496	4
2497	3
2498	3
2499	2
2500	1
2501	0
2502	2
2503	4
2504	0
2505	3
2506	6
2507	1
2508	2
2509	4
2510	5
2511	5
2512	2
2513	4
2514	4
2515	4
2516	3
2517	3
2518	5
2519	1
2520	4
2521	5
2522	6
2523	4
2524	1
2525	2
2526	4
2527	7
2528	5
2529	3
2530	0
2531	1
2532	2
2533	2
2534	4
2535	5
2536	3
2537	0
2538	3
2539	2
2540	2
2541	2
2542	3
2543	5
2544	1
2545	7
2546	3
2547	5
2548	4
2549	3
2550	9
2551	5
2552	4
2553	3
2554	6
2555	8
2556	10
2557	4
2558	14
2559	7
2560	4
2561	6
2562	8
2563	9
2564	4
2565	6
2566	2
2567	5
2568	3
2569	2
2570	5
2571	2
2572	1
2573	3
2574	1
2575	3
2576	2
2577	5
2578	3
2579	2
2580	5
2581	4
2582	3
2583	0
2584	2
2585	3
2586	3
2587	3
2588	2
2589	4
2590	2
2591	6
2592	4
2593	3
2594	1
2595	4
2596	4
2597	4
2598	4
2599	1
2600	5
2601	3
2602	2
2603	1
2604	1
2605	1
2606	3
2607	4
2608	5
2609	0
2610	3
2611	1
2612	0
2613	2
2614	4
2615	6
2616	3
2617	1
2618	4
2619	1
2620	1
2621	2
2622	4
2623	3
2624	7
2625	9
2626	3
2627	4
2628	0
2629	1
2630	3
2631	2
2632	6
2633	5
2634	2
2635	8
2636	2
2637	4
2638	7
2639	7
2640	4
2641	0
2642	4
2643	1
2644	2
2645	4
2646	2
2647	3
2648	3
2649	3
2650	7
2651	4
2652	2
2653	6
2654	1
2655	4
2656	2
2657	5
2658	2
2659	2
2660	3
2661	3
2662	5
2663	4
2664	2
2665	3
2666	4
2667	1
2668	0
2669	3
2670	5
2671	3
2672	4
2673	2
2674	0
2675	7
2676	3
2677	4
2678	2
2679	2
2680	3
2681	2
2682	4
2683	3
2684	5
2685	2
2686	0
2687	4
2688	3
2689	2
2690	1
2691	7
2692	3
2693	2
2694	5
2695	5
2696	6
2697	7
2698	2
2699	6
2700	7
2701	2
2702	3
2703	2
2704	1
2705	3
2706	2
2707	3
2708	5
2709	0
2710	5
2711	1
2712	3
2713	0
2714	2
2715	5
2716	3
2717	3
2718	1
2719	1
2720	2
2721	3
2722	2
2723	2
2724	0
2725	1
2726	2
2727	1
2728	1
2729	3
2730	5
2731	3
2732	4
2733	2
2734	2
2735	2
2736	1
2737	3
2738	2
2739	0
2740	2
2741	3
2742	1
2743	1
2744	3
2745	5
2746	1
2747	2
2748	5
2749	3
2750	3
2751	1
2752	5
2753	2
2754	5
2755	2
2756	3
2757	4
2758	1
2759	3
2760	2
2761	3
2762	1
2763	2
2764	4
2765	4
2766	2
2767	1
2768	2
2769	8
2770	4
2771	4
2772	1
2773	5
2774	3
2775	2
2776	6
2777	0
2778	4
2779	4
2780	4
2781	3
2782	0
2783	2
2784	1
2785	2
2786	3
2787	2
2788	5
2789	1
2790	3
2791	4
2792	1
2793	2
2794	2
2795	2
2796	2
2797	5
2798	3
2799	2
2800	3
2801	1
2802	4
2803	2
2804	1
2805	5
2806	2
2807	4
2808	1
2809	2
2810	3
2811	3
2812	1
2813	4
2814	2
2815	4
2816	4
2817	7
2818	5
2819	1
2820	2
2821	7
2822	3
2823	3
2824	3
2825	3
2826	2
2827	4
2828	1
2829	5
2830	2
2831	2
2832	6
2833	3
2834	4
2835	3
2836	0
2837	5
2838	0
2839	3
2840	0
2841	4
2842	1
2843	1
2844	5
2845	2
2846	3
2847	2
2848	3
2849	2
2850	2
2851	1
2852	2
2853	0
2854	2
2855	2
2856	1
2857	1
2858	0
2859	2
2860	2
2861	3
2862	3
2863	1
2864	3
2865	3
2866	4
2867	6
2868	2
2869	3
2870	1
2871	3
2872	0
2873	3
2874	2
2875	2
2876	2
2877	2
2878	3
2879	1
2880	2
2881	2
2882	4
2883	1
2884	3
2885	1
2886	4
2887	1
2888	4
2889	3
2890	0
2891	3
2892	3
2893	3
2894	4
2895	2
2896	3
2897	1
2898	5
2899	1
2900	3
2901	2
2902	3
2903	3
2904	4
2905	2
2906	0
2907	5
2908	2
2909	2
2910	6
2911	1
2912	3
2913	4
2914	2
2915	5
2916	4
2917	4
2918	2
2919	6
2920	13
2921	7
2922	11
2923	8
2924	9
2925	7
2926	3
2927	2
2928	4
2929	2
2930	3
2931	2
2932	3
2933	1
2934	0
2935	4
2936	0
2937	3
2938	3
2939	0
2940	0
2941	2
2942	5
2943	4
2944	2
2945	2
2946	0
2947	0
2948	4
2949	2
2950	1
2951	5
2952	1
2953	2
2954	3
2955	1
2956	0
2957	2
2958	1
2959	2
2960	2
2961	2
2962	3
2963	1
2964	3
2965	3
2966	3
2967	2
2968	0
2969	2
2970	5
2971	3
2972	2
2973	3
2974	1
2975	2
2976	2
2977	1
2978	1
2979	1
2980	2
2981	4
2982	2
2983	1
2984	3
2985	5
2986	0
2987	2
2988	2
2989	1
2990	1
2991	6
2992	7
2993	2
2994	2
2995	2
2996	8
2997	2
2998	2
2999	4
3000	2
3001	2
3002	3
3003	2
3004	0
3005	1
3006	2
3007	2
3008	2
3009	2
3010	2
3011	2
3012	2
3013	1
3014	3
3015	1
3016	1
3017	4
3018	3
3019	1
3020	2
3021	3
3022	3
3023	2
3024	3
3025	0
3026	0
3027	0
3028	1
3029	2
3030	3
3031	1
3032	3
3033	2
3034	4
3035	2
3036	0
3037	1
3038	2
3039	2
3040	3
3041	5
3042	0
3043	1
3044	3
3045	2
3046	1
3047	1
3048	2
3049	9
3050	11
3051	8
3052	12
3053	6
3054	13
3055	3
3056	9
3057	7
3058	10
3059	3
3060	5
3061	0
3062	2
3063	7
3064	0
3065	1
3066	4
3067	2
3068	1
3069	5
3070	3
3071	1
3072	1
3073	2
3074	1
3075	7
3076	1
3077	0
3078	2
3079	2
3080	1
3081	4
3082	2
3083	0
3084	1
3085	1
3086	2
3087	2
3088	0
3089	2
3090	1
3091	1
3092	2
3093	4
3094	0
3095	2
3096	2
3097	2
3098	2
3099	0
3100	0
3101	5
3102	2
3103	4
3104	3
3105	2
3106	3
3107	4
3108	1
3109	1
3110	2
3111	1
3112	1
3113	2
3114	1
3115	3
3116	3
3117	3
3118	2
3119	1
3120	2
3121	3
3122	1
3123	2
3124	2
3125	4
3126	0
3127	3
3128	2
3129	1
3130	1
3131	3
3132	3
3133	2
3134	1
3135	1
3136	1
3137	2
3138	2
3139	3
3140	3
3141	3
3142	4
3143	1
3144	3
3145	0
3146	1
3147	0
3148	1
3149	0
3150	1
3151	1
3152	2
3153	2
3154	1
3155	3
3156	3
3157	2
3158	1
3159	2
3160	1
3161	1
3162	1
3163	1
3164	2
3165	3
3166	2
3167	1
3168	0
3169	0
3170	3
3171	1
3172	2
3173	1
3174	2
3175	2
3176	2
3177	1
3178	0
3179	1
3180	0
3181	3
3182	1
3183	1
3184	3
3185	4
3186	0
3187	1
3188	1
3189	0
3190	3
3191	3
3192	3
3193	2
3194	0
3195	2
3196	2
3197	3
3198	0
3199	2
3200	4
3201	1
3202	1
3203	0
3204	1
3205	1
3206	0
3207	1
3208	3
3209	1
3210	3
3211	1
3212	1
3213	1
3214	3
3215	1
3216	2
3217	0
3218	2
3219	0
3220	2
3221	2
3222	5
3223	3
3224	3
3225	2
3226	1
3227	8
3228	3
3229	2
3230	1
3231	3
3232	2
3233	1
3234	3
3235	2
3236	1
3237	1
3238	4
3239	3
3240	0
3241	2
3242	2
3243	2
3244	1
3245	3
3246	1
3247	3
3248	2
3249	1
3250	2
3251	3
3252	2
3253	1
3254	3
3255	2
3256	2
3257	1
3258	0
3259	3
3260	1
3261	1
3262	3
3263	2
3264	0
3265	2
3266	1
3267	2
3268	1
3269	4
3270	1
3271	6
3272	1
3273	3
3274	6
3275	3
3276	1
3277	1
3278	1
3279	1
3280	5
3281	2
3282	5
3283	1
3284	0
3285	1
3286	1
3287	4
3288	2
3289	3
3290	1
3291	2
3292	0
3293	1
3294	3
3295	0
3296	1
3297	3
3298	4
3299	3
3300	2
3301	1
3302	1
3303	3
3304	3
3305	0
3306	5
3307	1
3308	6
3309	4
3310	7
3311	7
3312	17
3313	23
3314	32
3315	43
3316	38
3317	39
3318	43
3319	44
3320	30
3321	29
3322	18
3323	13
3324	3
3325	3
3326	2
3327	1
3328	1
3329	2
3330	0
3331	1
3332	3
3333	2
3334	2
3335	2
3336	0
3337	4
3338	1
3339	2
3340	5
3341	1
3342	2
3343	3
3344	1
3345	2
3346	2
3347	1
3348	0
3349	0
3350	0
3351	0
3352	1
3353	2
3354	0
3355	2
3356	1
3357	0
3358	2
3359	1
3360	1
3361	0
3362	3
3363	2
3364	0
3365	1
3366	1
3367	2
3368	1
3369	0
3370	3
3371	1
3372	2
3373	1
3374	2
3375	2
3376	1
3377	1
3378	2
3379	3
3380	0
3381	2
3382	0
3383	4
3384	6
3385	0
3386	0
3387	0
3388	3
3389	2
3390	2
3391	0
3392	4
3393	2
3394	0
3395	1
3396	0
3397	4
3398	1
3399	2
3400	1
3401	3
3402	2
3403	2
3404	2
3405	2
3406	3
3407	2
3408	1
3409	2
3410	1
3411	2
3412	2
3413	1
3414	3
3415	2
3416	1
3417	2
3418	1
3419	2
3420	2
3421	0
3422	0
3423	1
3424	3
3425	1
3426	3
3427	3
3428	1
3429	1
3430	0
3431	3
3432	4
3433	3
3434	2
3435	1
3436	2
3437	0
3438	1
3439	1
3440	1
3441	2
3442	1
3443	0
3444	2
3445	3
3446	4
3447	0
3448	1
3449	1
3450	2
3451	0
3452	4
3453	2
3454	2
3455	0
3456	2
3457	1
3458	0
3459	2
3460	1
3461	0
3462	3
3463	1
3464	1
3465	3
3466	1
3467	3
3468	1
3469	1
3470	2
3471	2
3472	2
3473	2
3474	2
3475	2
3476	1
3477	5
3478	2
3479	3
3480	0
3481	1
3482	3
3483	2
3484	0
3485	2
3486	3
3487	0
3488	3
3489	3
3490	0
3491	0
3492	3
3493	1
3494	1
3495	1
3496	0
3497	4
3498	4
3499	2
3500	1
3501	2
3502	4
3503	1
3504	1
3505	1
3506	3
3507	2
3508	2
3509	2
3510	0
3511	2
3512	1
3513	2
3514	0
3515	4
3516	2
3517	1
3518	1
3519	4
3520	1
3521	0
3522	0
3523	1
3524	1
3525	3
3526	1
3527	1
3528	2
3529	2
3530	1
3531	3
3532	4
3533	1
3534	1
3535	1
3536	0
3537	2
3538	1
3539	4
3540	1
3541	3
3542	2
3543	2
3544	1
3545	1
3546	2
3547	3
3548	1
3549	1
3550	2
3551	3
3552	2
3553	1
3554	2
3555	1
3556	0
3557	2
3558	2
3559	4
3560	3
3561	0
3562	0
3563	0
3564	2
3565	1
3566	0
3567	1
3568	0
3569	2
3570	0
3571	0
3572	0
3573	1
3574	2
3575	1
3576	2
3577	3
3578	1
3579	1
3580	0
3581	2
3582	4
3583	2
3584	3
3585	1
3586	1
3587	3
3588	2
3589	0
3590	0
3591	0
3592	1
3593	1
3594	1
3595	1
3596	3
3597	2
3598	2
3599	1
3600	2
3601	4
3602	1
3603	1
3604	1
3605	2
3606	3
3607	2
3608	0
3609	1
3610	4
3611	4
3612	1
3613	2
3614	1
3615	2
3616	2
3617	0
3618	2
3619	1
3620	0
3621	2
3622	2
3623	0
3624	2
3625	2
3626	1
3627	1
3628	2
3629	3
3630	2
3631	3
3632	4
3633	1
3634	0
3635	0
3636	0
3637	1
3638	1
3639	2
3640	0
3641	0
3642	5
3643	2
3644	3
3645	3
3646	1
3647	5
3648	1
3649	5
3650	3
3651	2
3652	2
3653	5
3654	4
3655	1
3656	2
3657	2
3658	1
3659	2
3660	5
3661	3
3662	2
3663	2
3664	0
3665	2
3666	2
3667	4
3668	1
3669	4
3670	0
3671	0
3672	0
3673	0
3674	3
3675	1
3676	3
3677	2
3678	1
3679	1
3680	0
3681	1
3682	2
3683	1
3684	0
3685	1
3686	4
3687	2
3688	1
3689	1
3690	2
3691	1
3692	1
3693	0
3694	2
3695	1
3696	5
3697	2
3698	2
3699	1
3700	0
3701	1
3702	2
3703	1
3704	2
3705	2
3706	2
3707	0
3708	0
3709	2
3710	2
3711	1
3712	2
3713	0
3714	2
3715	0
3716	1
3717	3
3718	1
3719	2
3720	2
3721	1
3722	1
3723	0
3724	1
3725	3
3726	0
3727	1
3728	4
3729	0
3730	0
3731	1
3732	1
3733	1
3734	3
3735	4
3736	0
3737	2
3738	0
3739	0
3740	2
3741	2
3742	2
3743	1
3744	0
3745	3
3746	4
3747	1
3748	4
3749	2
3750	1
3751	2
3752	2
3753	1
3754	2
3755	1
3756	1
3757	0
3758	1
3759	1
3760	2
3761	4
3762	3
3763	2
3764	1
3765	3
3766	1
3767	3
3768	0
3769	1
3770	0
3771	0
3772	4
3773	1
3774	1
3775	1
3776	2
3777	0
3778	0
3779	4
3780	0
3781	2
3782	1
3783	1
3784	0
3785	0
3786	0
3787	3
3788	0
3789	4
3790	2
3791	0
3792	1
3793	0
3794	0
3795	1
3796	1
3797	2
3798	2
3799	1
3800	2
3801	1
3802	0
3803	1
3804	1
3805	1
3806	2
3807	1
3808	1
3809	2
3810	1
3811	2
3812	0
3813	1
3814	3
3815	0
3816	0
3817	1
3818	3
3819	1
3820	1
3821	0
3822	1
3823	2
3824	0
3825	1
3826	2
3827	1
3828	2
3829	1
3830	0
3831	0
3832	0
3833	2
3834	0
3835	4
3836	0
3837	1
3838	3
3839	1
3840	1
3841	2
3842	2
3843	2
3844	1
3845	5
3846	1
3847	2
3848	0
3849	0
3850	1
3851	3
3852	2
3853	2
3854	2
3855	1
3856	3
3857	0
3858	1
3859	1
3860	4
3861	1
3862	0
3863	0
3864	0
3865	0
3866	3
3867	0
3868	2
3869	3
3870	2
3871	2
3872	2
3873	0
3874	1
3875	1
3876	3
3877	0
3878	2
3879	1
3880	0
3881	1
3882	1
3883	3
3884	2
3885	1
3886	1
3887	2
3888	0
3889	2
3890	1
3891	1
3892	2
3893	0
3894	1
3895	1
3896	0
3897	0
3898	2
3899	0
3900	1
3901	2
3902	1
3903	2
3904	0
3905	0
3906	0
3907	1
3908	3
3909	1
3910	0
3911	1
3912	2
3913	1
3914	2
3915	0
3916	2
3917	0
3918	0
3919	1
3920	1
3921	0
3922	0
3923	1
3924	2
3925	0
3926	2
3927	2
3928	0
3929	0
3930	0
3931	0
3932	1
3933	1
3934	0
3935	2
3936	0
3937	0
3938	2
3939	1
3940	1
3941	1
3942	1
3943	2
3944	2
3945	1
3946	1
3947	0
3948	0
3949	1
3950	1
3951	0
3952	2
3953	3
3954	4
3955	1
3956	0
3957	0
3958	0
3959	0
3960	2
3961	2
3962	3
3963	0
3964	2
3965	0
3966	1
3967	1
3968	3
3969	1
3970	2
3971	0
3972	0
3973	2
3974	1
3975	2
3976	0
3977	1
3978	0
3979	0
3980	0
3981	3
3982	1
3983	1
3984	2
3985	1
3986	0
3987	4
3988	1
3989	2
3990	4
3991	3
3992	3
3993	2
3994	0
3995	0
3996	3
3997	1
3998	0
3999	3
4000	4
4001	1
4002	2
4003	1
4004	1
4005	2
4006	1
4007	0
4008	0
4009	5
4010	2
4011	1
4012	1
4013	1
4014	2
4015	1
4016	2
4017	0
4018	0
4019	3
4020	3
4021	0
4022	1
4023	1
4024	1
4025	2
4026	0
4027	0
4028	1
4029	1
4030	1
4031	3
4032	0
4033	1
4034	0
4035	3
4036	1
4037	2
4038	0
4039	1
4040	1
4041	2
4042	1
4043	0
4044	6
4045	0
4046	3
4047	1
4048	2
4049	2
4050	1
4051	2
4052	1
4053	0
4054	3
4055	0
4056	1
4057	2
4058	2
4059	1
4060	3
4061	1
4062	0
4063	2
4064	1
4065	2
4066	2
4067	0
4068	1
4069	0
4070	3
4071	1
4072	3
4073	2
4074	1
4075	1
4076	2
4077	2
4078	3
4079	2
4080	1
4081	0
4082	1
4083	1
4084	2
4085	2
4086	0
4087	8
4088	0
4089	0
4090	0
4091	0
4092	3
4093	3
4094	3
4095	2
4096	0
4097	2
4098	1
4099	1
4100	3
4101	2
4102	0
4103	0
4104	1
4105	0
4106	2
4107	0
4108	2
4109	1
4110	0
4111	0
4112	0
4113	2
4114	0
4115	0
4116	0
4117	1
4118	3
4119	1
4120	0
4121	1
4122	2
4123	0
4124	0
4125	0
4126	2
4127	1
4128	1
4129	1
4130	1
4131	0
4132	1
4133	0
4134	0
4135	1
4136	1
4137	1
4138	0
4139	0
4140	0
4141	1
4142	1
4143	0
4144	0
4145	1
4146	0
4147	2
4148	0
4149	2
4150	1
4151	0
4152	0
4153	2
4154	1
4155	0
4156	3
4157	2
4158	2
4159	0
4160	2
4161	0
4162	1
4163	0
4164	2
4165	0
4166	0
4167	1
4168	0
4169	0
4170	2
4171	2
4172	2
4173	1
4174	1
4175	2
4176	1
4177	1
4178	0
4179	0
4180	2
4181	1
4182	0
4183	0
4184	1
4185	1
4186	1
4187	1
4188	3
4189	1
4190	0
4191	4
4192	1
4193	0
4194	1
4195	0
4196	0
4197	1
4198	1
4199	0
4200	2
4201	1
4202	3
4203	2
4204	2
4205	0
4206	1
4207	2
4208	0
4209	0
4210	1
4211	1
4212	2
4213	2
4214	2
4215	5
4216	2
4217	0
4218	0
4219	3
4220	1
4221	0
4222	3
4223	1
4224	3
4225	0
4226	1
4227	0
4228	2
4229	2
4230	0
4231	2
4232	1
4233	1
4234	0
4235	0
4236	1
4237	2
4238	1
4239	0
4240	0
4241	2
4242	0
4243	2
4244	2
4245	1
4246	1
4247	1
4248	1
4249	0
4250	0
4251	3
4252	3
4253	0
4254	0
4255	0
4256	0
4257	1
4258	1
4259	2
4260	2
4261	2
4262	1
4263	1
4264	0
4265	6
4266	1
4267	2
4268	0
4269	1
4270	2
4271	3
4272	0
4273	1
4274	1
4275	0
4276	2
4277	0
4278	1
4279	1
4280	2
4281	0
4282	3
4283	2
4284	1
4285	1
4286	2
4287	5
4288	3
4289	0
4290	0
4291	1
4292	0
4293	3
4294	3
4295	2
4296	0
4297	1
4298	0
4299	1
4300	0
4301	0
4302	0
4303	0
4304	1
4305	2
4306	1
4307	1
4308	0
4309	0
4310	0
4311	0
4312	0
4313	1
4314	0
4315	2
4316	5
4317	3
4318	2
4319	0
4320	2
4321	2
4322	2
4323	1
4324	1
4325	2
4326	1
4327	1
4328	2
4329	3
4330	1
4331	0
4332	3
4333	1
4334	0
4335	1
4336	0
4337	1
4338	0
4339	2
4340	0
4341	1
4342	2
4343	0
4344	0
4345	0
4346	1
4347	2
4348	2
4349	1
4350	1
4351	1
4352	0
4353	0
4354	1
4355	0
4356	0
4357	1
4358	2
4359	3
4360	0
4361	0
4362	0
4363	1
4364	1
4365	0
4366	0
4367	0
4368	3
4369	1
4370	1
4371	0
4372	3
4373	2
4374	1
4375	0
4376	1
4377	2
4378	0
4379	0
4380	2
4381	1
4382	1
4383	2
4384	3
4385	1
4386	0
4387	1
4388	1
4389	0
4390	0
4391	2
4392	1
4393	1
4394	0
4395	0
4396	3
4397	1
4398	0
4399	2
4400	2
4401	0
4402	0
4403	0
4404	0
4405	1
4406	2
4407	1
4408	0
4409	1
4410	4
4411	0
4412	3
4413	0
4414	1
4415	1
4416	1
4417	1
4418	0
4419	0
4420	1
4421	1
4422	1
4423	1
4424	2
4425	2
4426	1
4427	0
4428	1
4429	1
4430	2
4431	1
4432	0
4433	1
4434	3
4435	1
4436	0
4437	1
4438	2
4439	0
4440	1
4441	0
4442	2
4443	1
4444	3
4445	2
4446	3
4447	1
4448	1
4449	2
4450	2
4451	0
4452	2
4453	2
4454	1
4455	1
4456	1
4457	3
4458	1
4459	1
4460	6
4461	2
4462	0
4463	5
4464	1
4465	2
4466	0
4467	4
4468	3
4469	0
4470	2
4471	0
4472	2
4473	0
4474	0
4475	1
4476	3
4477	2
4478	1
4479	1
4480	1
4481	1
4482	3
4483	0
4484	0
4485	1
4486	1
4487	1
4488	0
4489	2
4490	1
4491	0
4492	0
4493	1
4494	5
4495	0
4496	0
4497	1
4498	1
4499	1
4500	1
4501	2
4502	2
4503	1
4504	1
4505	0
4506	2
4507	0
4508	2
4509	1
4510	3
4511	1
4512	2
4513	0
4514	1
4515	1
4516	2
4517	0
4518	1
4519	3
4520	1
4521	1
4522	1
4523	1
4524	0
4525	1
4526	1
4527	3
4528	2
4529	2
4530	2
4531	2
4532	0
4533	1
4534	0
4535	1
4536	2
4537	0
4538	0
4539	3
4540	0
4541	2
4542	0
4543	0
4544	0
4545	0
4546	0
4547	1
4548	6
4549	0
4550	0
4551	0
4552	0
4553	1
4554	0
4555	1
4556	1
4557	2
4558	1
4559	0
4560	0
4561	1
4562	0
4563	0
4564	1
4565	0
4566	0
4567	0
4568	0
4569	0
4570	2
4571	3
4572	2
4573	4
4574	3
4575	7
4576	6
4577	8
4578	7
4579	1
4580	3
4581	2
4582	3
4583	4
4584	3
4585	1
4586	2
4587	1
4588	0
4589	1
4590	1
4591	0
4592	4
4593	0
4594	1
4595	1
4596	2
4597	2
4598	0
4599	2
4600	0
4601	0
4602	1
4603	1
4604	0
4605	0
4606	1
4607	0
4608	0
4609	1
4610	0
4611	1
4612	0
4613	0
4614	1
4615	1
4616	0
4617	1
4618	0
4619	1
4620	0
4621	1
4622	0
4623	2
4624	0
4625	0
4626	1
4627	0
4628	1
4629	1
4630	1
4631	0
4632	3
4633	0
4634	0
4635	0
4636	1
4637	1
4638	1
4639	0
4640	2
4641	0
4642	2
4643	0
4644	0
4645	0
4646	1
4647	2
4648	0
4649	0
4650	0
4651	0
4652	0
4653	0
4654	1
4655	1
4656	0
4657	0
4658	0
4659	0
4660	1
4661	0
4662	0
4663	0
4664	1
4665	0
4666	1
4667	1
4668	0
4669	0
4670	0
4671	0
4672	1
4673	1
4674	0
4675	0
4676	1
4677	2
4678	1
4679	0
4680	0
4681	1
4682	2
4683	3
4684	1
4685	1
4686	0
4687	3
4688	3
4689	1
4690	0
4691	1
4692	1
4693	0
4694	0
4695	1
4696	2
4697	2
4698	1
4699	1
4700	1
4701	1
4702	0
4703	2
4704	2
4705	1
4706	5
4707	1
4708	1
4709	0
4710	3
4711	2
4712	1
4713	1
4714	0
4715	0
4716	1
4717	0
4718	1
4719	1
4720	0
4721	2
4722	1
4723	0
4724	0
4725	1
4726	1
4727	1
4728	1
4729	2
4730	0
4731	1
4732	1
4733	0
4734	0
4735	1
4736	1
4737	2
4738	4
4739	2
4740	0
4741	2
4742	1
4743	0
4744	1
4745	0
4746	1
4747	0
4748	0
4749	0
4750	3
4751	4
4752	0
4753	0
4754	0
4755	2
4756	0
4757	1
4758	0
4759	0
4760	0
4761	0
4762	1
4763	2
4764	0
4765	0
4766	0
4767	1
4768	0
4769	0
4770	1
4771	1
4772	3
4773	3
4774	0
4775	2
4776	4
4777	2
4778	2
4779	1
4780	0
4781	1
4782	1
4783	0
4784	0
4785	0
4786	2
4787	1
4788	2
4789	0
4790	1
4791	1
4792	2
4793	1
4794	0
4795	1
4796	1
4797	0
4798	1
4799	0
4800	3
4801	0
4802	1
4803	0
4804	0
4805	0
4806	1
4807	1
4808	2
4809	3
4810	0
4811	0
4812	0
4813	1
4814	0
4815	1
4816	0
4817	0
4818	2
4819	0
4820	1
4821	0
4822	1
4823	1
4824	2
4825	0
4826	1
4827	0
4828	0
4829	1
4830	1
4831	2
4832	2
4833	0
4834	2
4835	0
4836	2
4837	2
4838	1
4839	0
4840	1
4841	2
4842	0
4843	3
4844	0
4845	1
4846	2
4847	0
4848	2
4849	1
4850	2
4851	1
4852	2
4853	2
4854	2
4855	2
4856	0
4857	1
4858	0
4859	1
4860	4
4861	0
4862	1
4863	3
4864	0
4865	2
4866	5
4867	3
4868	3
4869	3
4870	3
4871	3
4872	2
4873	1
4874	0
4875	2
4876	1
4877	3
4878	1
4879	2
4880	0
4881	0
4882	1
4883	0
4884	1
4885	1
4886	2
4887	0
4888	2
4889	0
4890	0
4891	0
4892	0
4893	1
4894	0
4895	0
4896	0
4897	1
4898	1
4899	0
4900	0
4901	0
4902	2
4903	1
4904	0
4905	0
4906	2
4907	0
4908	0
4909	0
4910	0
4911	2
4912	0
4913	1
4914	1
4915	1
4916	0
4917	1
4918	1
4919	0
4920	0
4921	0
4922	1
4923	1
4924	1
4925	1
4926	0
4927	0
4928	1
4929	0
4930	0
4931	0
4932	0
4933	0
4934	0
4935	1
4936	1
4937	0
4938	2
4939	0
4940	3
4941	1
4942	0
4943	1
4944	0
4945	1
4946	2
4947	1
4948	0
4949	0
4950	1
4951	0
4952	0
4953	0
4954	1
4955	1
4956	1
4957	1
4958	2
4959	1
4960	0
4961	0
4962	0
4963	0
4964	0
4965	1
4966	3
4967	2
4968	0
4969	1
4970	1
4971	1
4972	0
4973	0
4974	0
4975	0
4976	2
4977	0
4978	0
4979	2
4980	0
4981	1
4982	0
4983	0
4984	1
4985	2
4986	2
4987	0
4988	1
4989	0
4990	1
4991	1
4992	1
4993	0
4994	0
4995	0
4996	0
4997	0
4998	0
4999	0
5000	1
5001	1
5002	0
5003	2
5004	0
5005	0
5006	3
5007	1
5008	0
5009	3
5010	1
5011	0
5012	0
5013	1
5014	1
5015	3
5016	2
5017	2
5018	0
5019	2
5020	2
5021	1
5022	1
5023	1
5024	2
5025	2
5026	2
5027	0
5028	1
5029	1
5030	1
5031	0
5032	1
5033	4
5034	1
5035	0
5036	0
5037	0
5038	2
5039	0
5040	1
5041	2
5042	0
5043	1
5044	0
5045	0
5046	1
5047	0
5048	0
5049	2
5050	1
5051	1
5052	0
5053	1
5054	1
5055	1
5056	0
5057	0
5058	1
5059	1
5060	1
5061	0
5062	0
5063	3
5064	2
5065	2
5066	0
5067	0
5068	0
5069	1
5070	0
5071	0
5072	1
5073	0
5074	0
5075	1
5076	1
5077	1
5078	1
5079	2
5080	0
5081	1
5082	1
5083	1
5084	1
5085	1
5086	0
5087	1
5088	2
5089	0
5090	0
5091	0
5092	1
5093	0
5094	1
5095	2
5096	0
5097	1
5098	0
5099	0
5100	0
5101	0
5102	0
5103	1
5104	2
5105	0
5106	0
5107	1
5108	1
5109	3
5110	0
5111	1
5112	1
5113	1
5114	1
5115	2
5116	1
5117	2
5118	0
5119	0
5120	1
5121	1
5122	0
5123	0
5124	1
5125	1
5126	1
5127	2
5128	0
5129	0
5130	0
5131	1
5132	1
5133	0
5134	2
5135	1
5136	1
5137	0
5138	0
5139	1
5140	1
5141	1
5142	2
5143	0
5144	1
5145	0
5146	1
5147	1
5148	2
5149	0
5150	1
5151	0
5152	0
5153	3
5154	1
5155	0
5156	0
5157	1
5158	1
5159	0
5160	0
5161	0
5162	2
5163	0
5164	0
5165	1
5166	0
5167	2
5168	0
5169	2
5170	2
5171	2
5172	0
5173	2
5174	1
5175	1
5176	1
5177	0
5178	0
5179	0
5180	0
5181	2
5182	4
5183	0
5184	1
5185	0
5186	0
5187	0
5188	1
5189	0
5190	1
5191	0
5192	1
5193	0
5194	0
5195	1
5196	0
5197	1
5198	1
5199	0
5200	0
5201	1
5202	0
5203	0
5204	0
5205	2
5206	1
5207	0
5208	0
5209	1
5210	2
5211	3
5212	1
5213	1
5214	0
5215	1
5216	0
5217	1
5218	1
5219	1
5220	2
5221	0
5222	1
5223	0
5224	2
5225	1
5226	2
5227	0
5228	0
5229	0
5230	1
5231	1
5232	0
5233	1
5234	0
5235	1
5236	1
5237	0
5238	0
5239	1
5240	3
5241	1
5242	1
5243	0
5244	0
5245	1
5246	1
5247	2
5248	3
5249	1
5250	1
5251	2
5252	1
5253	1
5254	2
5255	0
5256	0
5257	1
5258	0
5259	0
5260	1
5261	0
5262	1
5263	1
5264	0
5265	0
5266	2
5267	1
5268	1
5269	1
5270	1
5271	0
5272	0
5273	0
5274	0
5275	3
5276	0
5277	1
5278	1
5279	1
5280	0
5281	1
5282	3
5283	1
5284	2
5285	0
5286	1
5287	1
5288	0
5289	0
5290	0
5291	1
5292	0
5293	0
5294	1
5295	1
5296	0
5297	1
5298	0
5299	0
5300	1
5301	2
5302	1
5303	0
5304	0
5305	2
5306	0
5307	0
5308	0
5309	1
5310	1
5311	0
5312	2
5313	0
5314	1
5315	1
5316	0
5317	1
5318	2
5319	1
5320	1
5321	0
5322	2
5323	1
5324	0
5325	0
5326	1
5327	0
5328	1
5329	0
5330	0
5331	2
5332	1
5333	1
5334	0
5335	2
5336	1
5337	1
5338	0
5339	0
5340	2
5341	3
5342	1
5343	1
5344	1
5345	0
5346	1
5347	1
5348	0
5349	0
5350	1
5351	1
5352	0
5353	1
5354	0
5355	1
5356	1
5357	0
5358	0
5359	0
5360	0
5361	1
5362	0
5363	1
5364	0
5365	0
5366	2
5367	2
5368	0
5369	1
5370	1
5371	0
5372	1
5373	0
5374	0
5375	1
5376	0
5377	1
5378	0
5379	3
5380	1
5381	0
5382	1
5383	1
5384	2
5385	1
5386	2
5387	0
5388	1
5389	0
5390	0
5391	1
5392	0
5393	3
5394	0
5395	0
5396	1
5397	3
5398	1
5399	0
5400	0
5401	1
5402	3
5403	0
5404	1
5405	0
5406	1
5407	0
5408	0
5409	2
5410	1
5411	0
5412	2
5413	0
5414	2
5415	0
5416	0
5417	2
5418	1
5419	1
5420	1
5421	2
5422	0
5423	0
5424	3
5425	0
5426	1
5427	0
5428	0
5429	2
5430	0
5431	2
5432	0
5433	0
5434	0
5435	0
5436	1
5437	3
5438	1
5439	2
5440	0
5441	2
5442	0
5443	0
5444	0
5445	1
5446	0
5447	0
5448	1
5449	0
5450	4
5451	3
5452	0
5453	2
5454	1
5455	0
5456	1
5457	0
5458	0
5459	0
5460	2
5461	0
5462	1
5463	0
5464	1
5465	1
5466	1
5467	2
5468	2
5469	0
5470	1
5471	1
5472	3
5473	2
5474	2
5475	2
5476	0
5477	0
5478	0
5479	2
5480	0
5481	1
5482	0
5483	0
5484	0
5485	1
5486	0
5487	3
5488	2
5489	2
5490	0
5491	0
5492	1
5493	0
5494	1
5495	0
5496	1
5497	0
5498	0
5499	1
5500	0
5501	1
5502	1
5503	2
5504	0
5505	2
5506	0
5507	0
5508	0
5509	0
5510	0
5511	0
5512	0
5513	0
5514	0
5515	0
5516	1
5517	0
5518	1
5519	2
5520	0
5521	0
5522	1
5523	1
5524	0
5525	0
5526	0
5527	0
5528	0
5529	0
5530	1
5531	0
5532	1
5533	1
5534	2
5535	3
5536	1
5537	1
5538	1
5539	1
5540	2
5541	2
5542	1
5543	0
5544	0
5545	1
5546	1
5547	1
5548	0
5549	2
5550	1
5551	0
5552	0
5553	0
5554	0
5555	0
5556	1
5557	2
5558	1
5559	1
5560	1
5561	0
5562	1
5563	2
5564	3
5565	1
5566	1
5567	1
5568	0
5569	0
5570	2
5571	0
5572	0
5573	1
5574	1
5575	2
5576	0
5577	0
5578	2
5579	0
5580	0
5581	0
5582	1
5583	0
5584	1
5585	0
5586	0
5587	0
5588	2
5589	1
5590	1
5591	0
5592	0
5593	1
5594	1
5595	0
5596	2
5597	0
5598	2
5599	1
5600	2
5601	1
5602	1
5603	1
5604	0
5605	1
5606	1
5607	0
5608	0
5609	2
5610	1
5611	0
5612	1
5613	0
5614	0
5615	0
5616	2
5617	1
5618	1
5619	1
5620	1
5621	0
5622	0
5623	1
5624	0
5625	2
5626	2
5627	1
5628	2
5629	0
5630	3
5631	1
5632	0
5633	6
5634	6
5635	1
5636	1
5637	5
5638	2
5639	3
5640	1
5641	0
5642	0
5643	0
5644	0
5645	1
5646	3
5647	0
5648	1
5649	0
5650	1
5651	0
5652	1
5653	2
5654	0
5655	0
5656	1
5657	0
5658	0
5659	3
5660	0
5661	0
5662	0
5663	0
5664	1
5665	2
5666	1
5667	0
5668	0
5669	1
5670	1
5671	0
5672	1
5673	0
5674	1
5675	2
5676	0
5677	0
5678	1
5679	2
5680	0
5681	0
5682	0
5683	1
5684	2
5685	1
5686	0
5687	1
5688	0
5689	1
5690	2
5691	2
5692	1
5693	0
5694	1
5695	1
5696	0
5697	0
5698	1
5699	0
5700	3
5701	0
5702	2
5703	0
5704	1
5705	0
5706	1
5707	0
5708	0
5709	1
5710	0
5711	0
5712	1
5713	0
5714	0
5715	0
5716	0
5717	1
5718	1
5719	0
5720	1
5721	1
5722	0
5723	0
5724	0
5725	1
5726	0
5727	1
5728	0
5729	1
5730	0
5731	1
5732	1
5733	0
5734	1
5735	0
5736	1
5737	1
5738	2
5739	0
5740	0
5741	2
5742	0
5743	0
5744	1
5745	0
5746	0
5747	0
5748	1
5749	2
5750	0
5751	1
5752	3
5753	0
5754	0
5755	0
5756	1
5757	1
5758	1
5759	0
5760	1
5761	2
5762	1
5763	0
5764	1
5765	0
5766	2
5767	0
5768	1
5769	0
5770	0
5771	1
5772	0
5773	0
5774	1
5775	0
5776	1
5777	0
5778	3
5779	1
5780	1
5781	0
5782	2
5783	0
5784	0
5785	1
5786	1
5787	0
5788	1
5789	1
5790	0
5791	0
5792	0
5793	1
5794	0
5795	1
5796	1
5797	1
5798	0
5799	0
5800	0
5801	0
5802	0
5803	0
5804	1
5805	1
5806	0
5807	2
5808	2
5809	1
5810	1
5811	1
5812	1
5813	1
5814	0
5815	0
5816	0
5817	1
5818	2
5819	1
5820	0
5821	1
5822	0
5823	0
5824	0
5825	1
5826	1
5827	2
5828	1
5829	0
5830	2
5831	1
5832	0
5833	1
5834	0
5835	4
5836	1
5837	1
5838	0
5839	1
5840	1
5841	0
5842	0
5843	3
5844	1
5845	0
5846	1
5847	3
5848	0
5849	1
5850	0
5851	2
5852	0
5853	0
5854	1
5855	0
5856	0
5857	0
5858	0
5859	0
5860	0
5861	0
5862	0
5863	0
5864	0
5865	0
5866	0
5867	1
5868	2
5869	1
5870	1
5871	2
5872	0
5873	1
5874	6
5875	1
5876	1
5877	1
5878	0
5879	1
5880	1
5881	0
5882	1
5883	3
5884	0
5885	1
5886	0
5887	1
5888	3
5889	1
5890	1
5891	1
5892	1
5893	1
5894	2
5895	2
5896	0
5897	1
5898	2
5899	0
5900	0
5901	1
5902	0
5903	3
5904	0
5905	1
5906	1
5907	2
5908	1
5909	2
5910	0
5911	0
5912	1
5913	0
5914	4
5915	1
5916	1
5917	1
5918	3
5919	1
5920	0
5921	0
5922	3
5923	0
5924	0
5925	0
5926	0
5927	0
5928	0
5929	1
5930	1
5931	2
5932	0
5933	0
5934	2
5935	1
5936	0
5937	1
5938	0
5939	0
5940	1
5941	0
5942	1
5943	1
5944	0
5945	0
5946	1
5947	2
5948	0
5949	2
5950	1
5951	1
5952	0
5953	3
5954	0
5955	1
5956	1
5957	0
5958	0
5959	2
5960	0
5961	2
5962	0
5963	0
5964	0
5965	1
5966	0
5967	0
5968	1
5969	0
5970	2
5971	2
5972	1
5973	1
5974	0
5975	0
5976	1
5977	0
5978	5
5979	0
5980	0
5981	0
5982	2
5983	3
5984	1
5985	0
5986	1
5987	1
5988	0
5989	1
5990	0
5991	0
5992	3
5993	0
5994	0
5995	0
5996	1
5997	0
5998	1
5999	1
6000	0
6001	0
6002	0
6003	0
6004	0
6005	0
6006	1
6007	1
6008	1
6009	1
6010	2
6011	0
6012	1
6013	0
6014	0
6015	0
6016	0
6017	0
6018	1
6019	1
6020	0
6021	1
6022	1
6023	0
6024	1
6025	0
6026	1
6027	0
6028	1
6029	0
6030	1
6031	0
6032	1
6033	2
6034	0
6035	1
6036	0
6037	0
6038	0
6039	3
6040	1
6041	0
6042	0
6043	1
6044	1
6045	1
6046	1
6047	0
6048	1
6049	1
6050	0
6051	0
6052	1
6053	2
6054	0
6055	0
6056	1
6057	2
6058	1
6059	0
6060	0
6061	0
6062	1
6063	0
6064	1
6065	0
6066	1
6067	0
6068	0
6069	1
6070	2
6071	0
6072	0
6073	1
6074	1
6075	0
6076	0
6077	1
6078	0
6079	2
6080	0
6081	0
6082	1
6083	0
6084	1
6085	2
6086	1
6087	2
6088	1
6089	0
6090	1
6091	0
6092	0
6093	0
6094	1
6095	1
6096	0
6097	1
6098	1
6099	1
6100	1
6101	2
6102	2
6103	0
6104	1
6105	1
6106	1
6107	0
6108	3
6109	0
6110	2
6111	1
6112	1
6113	0
6114	1
6115	1
6116	0
6117	0
6118	0
6119	0
6120	0
6121	2
6122	1
6123	0
6124	0
6125	2
6126	0
6127	0
6128	3
6129	4
6130	0
6131	1
6132	1
6133	0
6134	0
6135	0
6136	0
6137	0
6138	1
6139	1
6140	2
6141	0
6142	1
6143	0
6144	0
6145	2
6146	2
6147	2
6148	3
6149	1
6150	1
6151	1
6152	3
6153	2
6154	0
6155	0
6156	2
6157	0
6158	2
6159	1
6160	1
6161	0
6162	0
6163	1
6164	1
6165	0
6166	1
6167	0
6168	3
6169	1
6170	0
6171	0
6172	0
6173	3
6174	1
6175	1
6176	2
6177	0
6178	2
6179	1
6180	0
6181	0
6182	0
6183	0
6184	0
6185	1
6186	1
6187	1
6188	1
6189	2
6190	1
6191	1
6192	2
6193	2
6194	2
6195	1
6196	1
6197	2
6198	0
6199	0
6200	1
6201	1
6202	0
6203	1
6204	0
6205	1
6206	0
6207	1
6208	0
6209	2
6210	0
6211	0
6212	1
6213	1
6214	1
6215	1
6216	0
6217	3
6218	2
6219	1
6220	2
6221	2
6222	0
6223	0
6224	1
6225	1
6226	2
6227	1
6228	3
6229	1
6230	0
6231	0
6232	1
6233	0
6234	1
6235	0
6236	0
6237	1
6238	0
6239	0
6240	0
6241	0
6242	1
6243	1
6244	0
6245	1
6246	2
6247	1
6248	1
6249	0
6250	2
6251	0
6252	2
6253	0
6254	0
6255	1
6256	1
6257	0
6258	0
6259	1
6260	1
6261	2
6262	1
6263	2
6264	1
6265	0
6266	1
6267	0
6268	0
6269	1
6270	0
6271	0
6272	1
6273	0
6274	0
6275	0
6276	0
6277	0
6278	0
6279	3
6280	1
6281	3
6282	0
6283	0
6284	1
6285	0
6286	1
6287	0
6288	0
6289	2
6290	0
6291	0
6292	1
6293	0
6294	0
6295	1
6296	1
6297	1
6298	2
6299	2
6300	3
6301	1
6302	0
6303	1
6304	0
6305	0
6306	0
6307	0
6308	0
6309	1
6310	1
6311	0
6312	1
6313	1
6314	0
6315	0
6316	0
6317	0
6318	0
6319	1
6320	2
6321	0
6322	0
6323	1
6324	0
6325	0
6326	1
6327	1
6328	0
6329	0
6330	3
6331	3
6332	1
6333	1
6334	1
6335	2
6336	1
6337	0
6338	0
6339	1
6340	2
6341	0
6342	0
6343	0
6344	0
6345	0
6346	0
6347	0
6348	0
6349	0
6350	0
6351	0
6352	1
6353	0
6354	2
6355	0
6356	0
6357	0
6358	1
6359	0
6360	2
6361	2
6362	0
6363	1
6364	0
6365	0
6366	0
6367	2
6368	1
6369	0
6370	0
6371	0
6372	0
6373	0
6374	1
6375	0
6376	0
6377	0
6378	3
6379	0
6380	1
6381	0
6382	0
6383	0
6384	1
6385	0
6386	0
6387	1
6388	1
6389	0
6390	0
6391	1
6392	0
6393	1
6394	2
6395	4
6396	0
6397	0
6398	0
6399	1
6400	1
6401	0
6402	1
6403	0
6404	0
6405	0
6406	0
6407	0
6408	0
6409	0
6410	0
6411	3
6412	2
6413	0
6414	0
6415	0
6416	0
6417	0
6418	1
6419	0
6420	2
6421	2
6422	0
6423	2
6424	0
6425	0
6426	0
6427	0
6428	0
6429	1
6430	1
6431	1
6432	0
6433	0
6434	0
6435	1
6436	0
6437	0
6438	0
6439	1
6440	1
6441	0
6442	0
6443	0
6444	1
6445	0
6446	1
6447	1
6448	2
6449	0
6450	0
6451	2
6452	1
6453	0
6454	2
6455	0
6456	0
6457	2
6458	0
6459	0
6460	1
6461	1
6462	1
6463	0
6464	0
6465	1
6466	1
6467	0
6468	0
6469	0
6470	0
6471	0
6472	2
6473	1
6474	0
6475	1
6476	0
6477	0
6478	3
6479	0
6480	0
6481	0
6482	0
6483	0
6484	0
6485	1
6486	2
6487	0
6488	0
6489	2
6490	0
6491	3
6492	0
6493	0
6494	0
6495	0
6496	0
6497	0
6498	0
6499	1
6500	0
6501	0
6502	1
6503	2
6504	1
6505	0
6506	0
6507	0
6508	1
6509	0
6510	1
6511	1
6512	0
6513	0
6514	1
6515	0
6516	0
6517	0
6518	0
6519	0
6520	1
6521	0
6522	0
6523	0
6524	0
6525	0
6526	0
6527	0
6528	0
6529	0
6530	0
6531	1
6532	0
6533	0
6534	1
6535	0
6536	1
6537	0
6538	0
6539	2
6540	0
6541	0
6542	0
6543	0
6544	0
6545	1
6546	0
6547	2
6548	1
6549	0
6550	1
6551	2
6552	0
6553	1
6554	0
6555	0
6556	0
6557	1
6558	0
6559	0
6560	0
6561	1
6562	0
6563	1
6564	2
6565	0
6566	0
6567	0
6568	1
6569	0
6570	0
6571	0
6572	2
6573	1
6574	0
6575	1
6576	0
6577	0
6578	1
6579	1
6580	1
6581	1
6582	0
6583	1
6584	0
6585	0
6586	0
6587	0
6588	1
6589	0
6590	0
6591	0
6592	0
6593	2
6594	0
6595	0
6596	2
6597	0
6598	0
6599	1
6600	0
6601	0
6602	0
6603	0
6604	0
6605	0
6606	1
6607	0
6608	2
6609	0
6610	0
6611	1
6612	0
6613	0
6614	1
6615	1
6616	1
6617	0
6618	2
6619	0
6620	0
6621	1
6622	1
6623	0
6624	2
6625	0
6626	1
6627	1
6628	1
6629	1
6630	0
6631	0
6632	1
6633	1
6634	0
6635	1
6636	0
6637	0
6638	0
6639	0
6640	0
6641	0
6642	0
6643	0
6644	1
6645	0
6646	0
6647	0
6648	0
6649	0
6650	0
6651	0
6652	0
6653	1
6654	0
6655	0
6656	0
6657	0
6658	0
6659	0
6660	0
6661	1
6662	0
6663	1
6664	0
6665	0
6666	1
6667	0
6668	0
6669	0
6670	1
6671	0
6672	1
6673	1
6674	2
6675	0
6676	0
6677	1
6678	1
6679	1
6680	0
6681	0
6682	0
6683	0
6684	0
6685	0
6686	0
6687	0
6688	1
6689	0
6690	2
6691	1
6692	0
6693	0
6694	3
6695	4
6696	0
6697	0
6698	0
6699	1
6700	0
6701	0
6702	1
6703	1
6704	4
6705	0
6706	1
6707	1
6708	0
6709	1
6710	0
6711	0
6712	0
6713	1
6714	0
6715	0
6716	0
6717	0
6718	2
6719	1
6720	2
6721	1
6722	0
6723	0
6724	0
6725	0
6726	0
6727	3
6728	0
6729	0
6730	1
6731	0
6732	1
6733	0
6734	1
6735	1
6736	0
6737	0
6738	0
6739	0
6740	0
6741	0
6742	2
6743	0
6744	2
6745	0
6746	1
6747	0
6748	0
6749	1
6750	0
6751	0
6752	0
6753	0
6754	1
6755	0
6756	0
6757	0
6758	1
6759	0
6760	0
6761	1
6762	0
6763	0
6764	3
6765	1
6766	0
6767	0
6768	0
6769	0
6770	0
6771	0
6772	0
6773	0
6774	0
6775	0
6776	2
6777	0
6778	0
6779	1
6780	1
6781	0
6782	0
6783	0
6784	0
6785	0
6786	1
6787	0
6788	1
6789	0
6790	0
6791	0
6792	0
6793	3
6794	1
6795	0
6796	0
6797	1
6798	1
6799	1
6800	1
6801	0
6802	0
6803	0
6804	1
6805	1
6806	1
6807	0
6808	0
6809	0
6810	2
6811	0
6812	1
6813	1
6814	0
6815	0
6816	1
6817	0
6818	0
6819	0
6820	0
6821	1
6822	0
6823	1
6824	0
6825	0
6826	0
6827	0
6828	1
6829	0
6830	0
6831	0
6832	0
6833	0
6834	1
6835	0
6836	0
6837	1
6838	2
6839	0
6840	0
6841	0
6842	0
6843	1
6844	0
6845	0
6846	0
6847	0
6848	1
6849	0
6850	0
6851	0
6852	1
6853	1
6854	1
6855	0
6856	0
6857	0
6858	0
6859	0
6860	1
6861	0
6862	0
6863	1
6864	1
6865	1
6866	1
6867	1
6868	1
6869	0
6870	0
6871	0
6872	0
6873	1
6874	0
6875	0
6876	1
6877	0
6878	0
6879	2
6880	1
6881	0
6882	0
6883	0
6884	0
6885	0
6886	0
6887	0
6888	1
6889	0
6890	0
6891	0
6892	1
6893	0
6894	0
6895	0
6896	0
6897	0
6898	1
6899	0
6900	1
6901	0
6902	1
6903	0
6904	0
6905	0
6906	0
6907	0
6908	0
6909	0
6910	0
6911	1
6912	0
6913	0
6914	0
6915	0
6916	1
6917	1
6918	0
6919	0
6920	0
6921	0
6922	0
6923	0
6924	0
6925	1
6926	0
6927	0
6928	0
6929	2
6930	0
6931	1
6932	1
6933	0
6934	0
6935	0
6936	1
6937	0
6938	0
6939	0
6940	0
6941	0
6942	0
6943	0
6944	0
6945	0
6946	0
6947	1
6948	0
6949	0
6950	0
6951	0
6952	1
6953	2
6954	0
6955	0
6956	0
6957	2
6958	0
6959	0
6960	0
6961	0
6962	0
6963	0
6964	1
6965	0
6966	1
6967	0
6968	1
6969	3
6970	0
6971	1
6972	0
6973	0
6974	0
6975	0
6976	0
6977	1
6978	0
6979	0
6980	0
6981	0
6982	0
6983	0
6984	0
6985	0
6986	0
6987	1
6988	0
6989	1
6990	2
6991	0
6992	0
6993	1
6994	0
6995	0
6996	1
6997	0
6998	0
6999	0
7000	0
7001	0
7002	0
7003	1
7004	0
7005	0
7006	0
7007	0
7008	0
7009	0
7010	0
7011	0
7012	0
7013	0
7014	0
7015	0
7016	0
7017	0
7018	0
7019	0
7020	0
7021	0
7022	1
7023	0
7024	2
7025	0
7026	0
7027	0
7028	0
7029	0
7030	1
7031	0
7032	1
7033	1
7034	0
7035	0
7036	0
7037	0
7038	1
7039	0
7040	0
7041	0
7042	0
7043	0
7044	0
7045	0
7046	0
7047	0
7048	0
7049	0
7050	2
7051	1
7052	0
7053	0
7054	0
7055	0
7056	0
7057	1
7058	0
7059	0
7060	0
7061	0
7062	0
7063	0
7064	0
7065	0
7066	1
7067	0
7068	0
7069	0
7070	0
7071	1
7072	0
7073	1
7074	0
7075	1
7076	0
7077	0
7078	0
7079	0
7080	2
7081	0
7082	2
7083	0
7084	0
7085	0
7086	1
7087	0
7088	0
7089	0
7090	0
7091	0
7092	0
7093	0
7094	0
7095	0
7096	0
7097	1
7098	0
7099	0
7100	0
7101	0
7102	0
7103	0
7104	0
7105	0
7106	0
7107	0
7108	0
7109	0
7110	0
7111	0
7112	0
7113	0
7114	1
7115	1
7116	0
7117	0
7118	0
7119	0
7120	0
7121	1
7122	0
7123	0
7124	1
7125	0
7126	0
7127	1
7128	0
7129	0
7130	0
7131	0
7132	0
7133	1
7134	0
7135	0
7136	1
7137	0
7138	1
7139	0
7140	0
7141	0
7142	0
7143	0
7144	1
7145	0
7146	0
7147	0
7148	0
7149	0
7150	0
7151	0
7152	2
7153	1
7154	1
7155	0
7156	0
7157	0
7158	0
7159	0
7160	0
7161	0
7162	0
7163	1
7164	0
7165	0
7166	0
7167	0
7168	0
7169	1
7170	0
7171	0
7172	0
7173	0
7174	0
7175	0
7176	0
7177	1
7178	0
7179	0
7180	0
7181	0
7182	1
7183	0
7184	0
7185	0
7186	0
7187	0
7188	0
7189	0
7190	0
7191	1
7192	0
7193	0
7194	0
7195	0
7196	1
7197	0
7198	0
7199	0
7200	0
7201	1
7202	0
7203	0
7204	0
7205	0
7206	0
7207	0
7208	0
7209	0
7210	0
7211	0
7212	0
7213	1
7214	0
7215	0
7216	0
7217	0
7218	1
7219	0
7220	1
7221	0
7222	0
7223	1
7224	0
7225	0
7226	0
7227	0
7228	0
7229	0
7230	0
7231	0
7232	0
7233	0
7234	0
7235	0
7236	1
7237	1
7238	1
7239	1
7240	1
7241	0
7242	0
7243	0
7244	0
7245	0
7246	0
7247	0
7248	0
7249	1
7250	0
7251	0
7252	1
7253	0
7254	0
7255	2
7256	0
7257	0
7258	0
7259	0
7260	0
7261	0
7262	0
7263	0
7264	0
7265	0
7266	0
7267	0
7268	0
7269	2
7270	0
7271	0
7272	0
7273	0
7274	2
7275	1
7276	1
7277	0
7278	1
7279	0
7280	0
7281	1
7282	0
7283	0
7284	2
7285	1
7286	0
7287	0
7288	0
7289	0
7290	0
7291	1
7292	0
7293	0
7294	0
7295	1
7296	0
7297	0
7298	0
7299	0
7300	0
7301	0
7302	0
7303	2
7304	1
7305	0
7306	1
7307	0
7308	0
7309	2
7310	0
7311	0
7312	0
7313	0
7314	0
7315	1
7316	1
7317	1
7318	0
7319	0
7320	1
7321	1
7322	0
7323	0
7324	1
7325	0
7326	0
7327	0
7328	0
7329	2
7330	1
7331	0
7332	1
7333	0
7334	2
7335	0
7336	3
7337	2
7338	1
7339	2
7340	0
7341	1
7342	1
7343	5
7344	7
7345	13
7346	8
7347	14
7348	13
7349	17
7350	21
7351	18
7352	19
7353	19
7354	15
7355	9
7356	10
7357	9
7358	1
7359	3
7360	0
7361	2
7362	0
7363	1
7364	0
7365	0
7366	0
7367	0
7368	0
7369	0
7370	0
7371	1
7372	0
7373	0
7374	0
7375	0
7376	0
7377	1
7378	1
7379	0
7380	0
7381	1
7382	0
7383	0
7384	0
7385	1
7386	0
7387	0
7388	0
7389	0
7390	0
7391	0
7392	0
7393	0
7394	1
7395	0
7396	1
7397	0
7398	0
7399	0
7400	0
7401	0
7402	0
7403	0
7404	1
7405	0
7406	1
7407	0
7408	0
7409	0
7410	0
7411	0
7412	0
7413	0
7414	0
7415	0
7416	0
7417	0
7418	0
7419	0
7420	0
7421	0
7422	1
7423	0
7424	0
7425	0
7426	0
7427	0
7428	0
7429	1
7430	0
7431	1
7432	0
7433	0
7434	0
7435	0
7436	1
7437	1
7438	1
7439	0
7440	1
7441	1
7442	0
7443	1
7444	0
7445	0
7446	0
7447	0
7448	0
7449	0
7450	0
7451	0
7452	0
7453	1
7454	0
7455	0
7456	0
7457	0
7458	0
7459	1
7460	0
7461	0
7462	0
7463	0
7464	0
7465	0
7466	0
7467	0
7468	0
7469	0
7470	1
7471	0
7472	0
7473	0
7474	0
7475	1
7476	0
7477	0
7478	0
7479	0
7480	1
7481	0
7482	0
7483	0
7484	0
7485	0
7486	0
7487	0
7488	0
7489	0
7490	1
7491	0
7492	0
7493	1
7494	0
7495	0
7496	0
7497	0
7498	0
7499	1
7500	0
7501	0
7502	0
7503	0
7504	0
7505	0
7506	0
7507	0
7508	0
7509	0
7510	0
7511	1
7512	0
7513	0
7514	0
7515	0
7516	1
7517	0
7518	0
7519	0
7520	0
7521	1
7522	0
7523	1
7524	0
7525	0
7526	0
7527	0
7528	1
7529	0
7530	1
7531	0
7532	0
7533	0
7534	0
7535	0
7536	0
7537	1
7538	0
7539	0
7540	0
7541	0
7542	0
7543	0
7544	1
7545	0
7546	0
7547	0
7548	0
7549	0
7550	0
7551	0
7552	0
7553	1
7554	0
7555	1
7556	0
7557	1
7558	0
7559	1
7560	1
7561	0
7562	0
7563	0
7564	0
7565	1
7566	0
7567	0
7568	0
7569	0
7570	0
7571	0
7572	0
7573	0
7574	0
7575	0
7576	0
7577	0
7578	0
7579	0
7580	0
7581	0
7582	1
7583	0
7584	0
7585	1
7586	0
7587	0
7588	0
7589	0
7590	1
7591	0
7592	1
7593	0
7594	0
7595	0
7596	0
7597	1
7598	0
7599	0
7600	1
7601	0
7602	0
7603	0
7604	1
7605	0
7606	0
7607	0
7608	0
7609	0
7610	0
7611	1
7612	0
7613	0
7614	0
7615	1
7616	0
7617	1
7618	0
7619	0
7620	0
7621	1
7622	0
7623	0
7624	0
7625	0
7626	2
7627	1
7628	0
7629	0
7630	0
7631	0
7632	0
7633	0
7634	0
7635	0
7636	0
7637	0
7638	0
7639	0
7640	0
7641	0
7642	0
7643	0
7644	0
7645	0
7646	1
7647	0
7648	0
7649	0
7650	1
7651	0
7652	0
7653	0
7654	0
7655	0
7656	0
7657	0
7658	0
7659	0
7660	1
7661	1
7662	0
7663	0
7664	0
7665	0
7666	1
7667	0
7668	0
7669	0
7670	0
7671	0
7672	0
7673	0
7674	0
7675	0
7676	0
7677	0
7678	0
7679	0
7680	0
7681	0
7682	0
7683	0
7684	1
7685	1
7686	0
7687	0
7688	0
7689	0
7690	0
7691	0
7692	0
7693	0
7694	1
7695	0
7696	0
7697	1
7698	0
7699	0
7700	0
7701	0
7702	0
7703	1
7704	0
7705	0
7706	0
7707	1
7708	0
7709	0
7710	0
7711	0
7712	0
7713	0
7714	0
7715	0
7716	0
7717	0
7718	0
7719	0
7720	1
7721	1
7722	1
7723	0
7724	0
7725	0
7726	0
7727	0
7728	0
7729	0
7730	0
7731	0
7732	0
7733	0
7734	0
7735	0
7736	0
7737	0
7738	2
7739	0
7740	0
7741	0
7742	0
7743	0
7744	2
7745	0
7746	0
7747	0
7748	0
7749	0
7750	0
7751	0
7752	2
7753	1
7754	0
7755	1
7756	0
7757	0
7758	0
7759	0
7760	0
7761	0
7762	0
7763	0
7764	0
7765	0
7766	0
7767	0
7768	0
7769	0
7770	0
7771	0
7772	0
7773	0
7774	0
7775	1
7776	0
7777	0
7778	0
7779	0
7780	0
7781	0
7782	0
7783	0
7784	0
7785	1
7786	0
7787	0
7788	1
7789	0
7790	0
7791	0
7792	0
7793	0
7794	1
7795	0
7796	0
7797	0
7798	0
7799	0
7800	0
7801	0
7802	0
7803	0
7804	0
7805	0
7806	0
7807	0
7808	0
7809	0
7810	0
7811	0
7812	0
7813	0
7814	0
7815	0
7816	0
7817	0
7818	0
7819	0
7820	0
7821	0
7822	0
7823	0
7824	0
7825	0
7826	0
7827	0
7828	1
7829	1
7830	0
7831	0
7832	0
7833	0
7834	0
7835	0
7836	1
7837	0
7838	0
7839	0
7840	0
7841	1
7842	1
7843	0
7844	0
7845	0
7846	0
7847	0
7848	0
7849	0
7850	0
7851	0
7852	0
7853	0
7854	0
7855	0
7856	0
7857	1
7858	1
7859	0
7860	0
7861	0
7862	0
7863	0
7864	0
7865	0
7866	0
7867	0
7868	0
7869	0
7870	0
7871	0
7872	1
7873	0
7874	0
7875	0
7876	0
7877	0
7878	0
7879	0
7880	0
7881	1
7882	0
7883	0
7884	0
7885	0
7886	0
7887	0
7888	0
7889	0
7890	0
7891	0
7892	0
7893	1
7894	0
7895	0
7896	0
7897	0
7898	1
7899	1
7900	0
7901	0
7902	0
7903	0
7904	0
7905	0
7906	0
7907	0
7908	0
7909	0
7910	0
7911	0
7912	0
7913	0
7914	0
7915	0
7916	0
7917	0
7918	0
7919	0
7920	0
7921	0
7922	1
7923	0
7924	0
7925	0
7926	0
7927	0
7928	0
7929	1
7930	0
7931	0
7932	0
7933	0
7934	0
7935	0
7936	0
7937	0
7938	0
7939	0
7940	0
7941	0
7942	0
7943	0
7944	0
7945	0
7946	1
7947	0
7948	0
7949	0
7950	1
7951	0
7952	0
7953	0
7954	0
7955	1
7956	0
7957	0
7958	1
7959	0
7960	0
7961	0
7962	0
7963	0
7964	0
7965	0
7966	1
7967	0
7968	0
7969	0
7970	0
7971	0
7972	0
7973	0
7974	0
7975	0
7976	0
7977	0
7978	0
7979	0
7980	0
7981	0
7982	0
7983	0
7984	1
7985	2
7986	1
7987	0
7988	0
7989	0
7990	0
7991	0
7992	0
7993	1
7994	0
7995	0
7996	0
7997	0
7998	0
7999	0
8000	0
8001	1
8002	0
8003	0
8004	0
8005	1
8006	0
8007	0
8008	1
8009	1
8010	0
8011	3
8012	0
8013	0
8014	0
8015	0
8016	1
8017	1
8018	0
8019	1
8020	1
8021	0
8022	1
8023	0
8024	0
8025	0
8026	0
8027	0
8028	0
8029	0
8030	0
8031	1
8032	0
8033	0
8034	0
8035	1
8036	0
8037	0
8038	0
8039	0
8040	0
8041	0
8042	0
8043	1
8044	0
8045	0
8046	0
8047	0
8048	1
8049	1
8050	0
8051	0
8052	0
8053	1
8054	1
8055	0
8056	0
8057	0
8058	1
8059	0
8060	0
8061	0
8062	0
8063	0
8064	0
8065	0
8066	0
8067	0
8068	0
8069	0
8070	0
8071	0
8072	1
8073	0
8074	0
8075	0
8076	0
8077	0
8078	0
8079	0
8080	0
8081	0
8082	1
8083	0
8084	0
8085	0
8086	0
8087	0
8088	0
8089	0
8090	0
8091	0
8092	0
8093	0
8094	0
8095	0
8096	0
8097	0
8098	0
8099	0
8100	0
8101	0
8102	0
8103	0
8104	0
8105	0
8106	0
8107	0
8108	0
8109	0
8110	0
8111	0
8112	0
8113	0
8114	0
8115	0
8116	0
8117	0
8118	1
8119	0
8120	0
8121	0
8122	0
8123	0
8124	0
8125	0
8126	0
8127	0
8128	0
8129	0
8130	0
8131	0
8132	0
8133	0
8134	0
8135	0
8136	0
8137	0
8138	0
8139	2
8140	0
8141	1
8142	0
8143	0
8144	0
8145	0
8146	0
8147	0
8148	0
8149	0
8150	0
8151	0
8152	0
8153	2
8154	0
8155	0
8156	2
8157	0
8158	0
8159	1
8160	1
8161	0
8162	0
8163	0
8164	1
8165	0
8166	0
8167	1
8168	0
8169	0
8170	0
8171	0
8172	0
8173	0
8174	0
8175	0
8176	0
8177	0
8178	0
8179	0
8180	0
8181	0
8182	0
8183	0
8184	0
8185	0
8186	0
8187	0
8188	0
8189	0
8190	0
8191	0
