# Begin of measurement: 22.11.2018 11:57:07
# R-Sample[Ohm]	I-Coil[A]	U-Magnetometer[V]
# Kei2000	HP E3631A +6V : I	Kei2000
7.81265938E+2	-1.16645400E-2	-6.78621618E-2
7.81179652E+2	-1.18083500E-2	-6.78379236E-2
7.81867986E+2	-1.17928100E-2	-6.78732523E-2
7.81936972E+2	-1.17034100E-2	-6.78865779E-2
7.82426851E+2	-1.17228400E-2	-6.78956972E-2
7.83626400E+2	-1.17111800E-2	-6.78854564E-2
7.83904729E+2	-1.18472200E-2	-6.78669871E-2
7.84114523E+2	-1.16800900E-2	-6.78363988E-2
7.84152303E+2	-1.17850300E-2	-6.78469080E-2
7.83967816E+2	-1.18511100E-2	-6.78581773E-2
7.83873163E+2	-1.18394500E-2	-6.78324187E-2
7.84140963E+2	-1.18627700E-2	-6.78116240E-2
7.83931231E+2	-1.18122400E-2	-6.78307641E-2
7.83173027E+2	-1.18744300E-2	-6.78564333E-2
7.83122774E+2	-1.17073000E-2	-6.78383665E-2
7.83267095E+2	-1.18472200E-2	-6.78304958E-2
7.82915232E+2	-1.17811500E-2	-6.78178401E-2
7.82135361E+2	-1.17422800E-2	-6.78452533E-2
7.82079389E+2	-1.18122400E-2	-6.78414969E-2
7.81755130E+2	-1.18355600E-2	-6.78362646E-2
7.81743692E+2	-1.18666600E-2	-6.78419888E-2
7.81655163E+2	-1.16917500E-2	-6.78220885E-2
7.81201173E+2	-1.17772600E-2	-6.78256213E-2
7.80770751E+2	-1.16800900E-2	-6.78150227E-2
7.81632321E+2	-1.17850300E-2	-6.78161407E-2
7.82339964E+2	-1.18433400E-2	-6.78026801E-2
7.82343341E+2	-1.18277900E-2	-6.77960168E-2
7.82204425E+2	-1.17189600E-2	-6.78045136E-2
7.81561985E+2	-1.18472200E-2	-6.78543314E-2
7.81500429E+2	-1.18627700E-2	-6.78192264E-2
7.81166038E+2	-7.21794400E-3	-6.78171246E-2
7.81269382E+2	-2.51870100E-3	-4.63994361E-2
7.82117966E+2	2.29326200E-3	-2.44530256E-2
7.81984540E+2	7.25292600E-3	3.37701270E-3
7.82125078E+2	1.17422800E-2	2.73127991E-2
7.81827251E+2	1.66475200E-2	5.15648097E-2
7.81476784E+2	2.12534800E-2	7.46971211E-2
7.81339849E+2	2.59760500E-2	9.94706562E-2
7.81854449E+2	3.09396000E-2	1.25706759E-1
7.81406493E+2	3.56427300E-2	1.47499125E-1
7.81140502E+2	4.02253700E-2	1.73705355E-1
7.80309433E+2	4.50295500E-2	1.98605134E-1
7.80254091E+2	4.99075900E-2	2.24518180E-1
7.81290496E+2	5.46651400E-2	2.46488653E-1
7.81187468E+2	5.93099600E-2	2.74169475E-1
7.81010006E+2	6.43668100E-2	2.97794241E-1
7.81458412E+2	6.88211800E-2	3.23307935E-1
7.81841284E+2	7.36797800E-2	3.46340564E-1
7.82327088E+2	7.86549900E-2	3.72974896E-1
7.82386437E+2	8.34280900E-2	3.97133307E-1
7.81572029E+2	8.78241500E-2	4.18857786E-1
7.81442793E+2	9.27605000E-2	4.44686533E-1
7.81615708E+2	9.75841200E-2	4.71210139E-1
7.82455828E+2	1.02551600E-1	4.93794807E-1
7.81704731E+2	1.07375200E-1	5.18773114E-1
7.81919979E+2	1.11876200E-1	5.44411040E-1
7.81286130E+2	1.16734800E-1	5.70024862E-1
7.81405593E+2	1.21566200E-1	5.91717815E-1
7.80933682E+2	1.26541400E-1	6.19872314E-1
7.80354599E+2	1.31077400E-1	6.43636427E-1
7.81974590E+2	1.35776600E-1	6.68753321E-1
7.81998996E+2	1.40767400E-1	6.90412420E-1
7.82103519E+2	1.45594900E-1	7.16748739E-1
7.82791971E+2	1.50301900E-1	7.43669503E-1
7.82416918E+2	1.55106100E-1	7.66703965E-1
7.81448328E+2	1.59758700E-1	7.90305254E-1
7.81245243E+2	1.64559000E-1	8.16481251E-1
7.80679669E+2	1.69577000E-1	8.42284104E-1
7.80461860E+2	1.74233500E-1	8.67086337E-1
7.81189001E+2	1.78998800E-1	8.92147776E-1
7.81802295E+2	1.83876800E-1	9.16507649E-1
7.81085770E+2	1.88521700E-1	9.39797684E-1
7.80769931E+2	1.93508500E-1	9.62598886E-1
7.81734649E+2	1.98374900E-1	9.88579410E-1
7.81928997E+2	2.02930400E-1	1.01456298E+0
7.83200503E+2	2.07668400E-1	1.03967566E+0
7.82173689E+2	2.12643700E-1	1.06240509E+0
7.81805461E+2	2.17342900E-1	1.08845846E+0
7.82442591E+2	2.22147100E-1	1.11433412E+0
7.83181125E+2	2.26939600E-1	1.13900278E+0
7.83450313E+2	2.31701100E-1	1.16057208E+0
7.83214447E+2	2.36415800E-1	1.18705065E+0
7.82177006E+2	2.41200600E-1	1.21283168E+0
7.81175499E+2	2.46214700E-1	1.23722353E+0
7.81107233E+2	2.50933400E-1	1.26011153E+0
7.81164872E+2	2.55570400E-1	1.28578635E+0
7.80793511E+2	2.60584500E-1	1.31164367E+0
7.81073236E+2	2.65330400E-1	1.33349958E+0
7.81342469E+2	2.70025700E-1	1.36083508E+0
7.80900186E+2	2.74997100E-1	1.38559502E+0
7.80901132E+2	2.79665200E-1	1.40955111E+0
7.81031313E+2	2.84407200E-1	1.43131128E+0
7.80859885E+2	2.89180300E-1	1.45705769E+0
7.81870409E+2	2.93972800E-1	1.48332894E+0
7.82783838E+2	2.98948000E-1	1.50886575E+0
7.82632989E+2	3.03639500E-1	1.52948913E+0
7.83230038E+2	3.08299900E-1	1.55720809E+0
7.83432492E+2	3.13127400E-1	1.58449296E+0
7.82928474E+2	3.18005400E-1	1.60572633E+0
7.83670159E+2	3.22735800E-1	1.62928620E+0
7.83327189E+2	3.27543900E-1	1.65397311E+0
7.82789749E+2	3.32282000E-1	1.68030947E+0
7.82122633E+2	3.37218300E-1	1.70494455E+0
7.82709821E+2	3.41859200E-1	1.72881187E+0
7.82494218E+2	3.46791700E-1	1.75235073E+0
7.83033450E+2	3.51560900E-1	1.77904637E+0
7.82665196E+2	3.56318400E-1	1.79982435E+0
7.82745079E+2	3.61239300E-1	1.82714544E+0
7.82968483E+2	3.66020100E-1	1.85535288E+0
7.83310124E+2	3.70536700E-1	1.87728929E+0
7.83304180E+2	3.75504100E-1	1.89926715E+0
7.82466536E+2	3.80199500E-1	1.92751117E+0
7.81389379E+2	3.85058100E-1	1.95144893E+0
7.80666651E+2	3.89971100E-1	1.97273442E+0
7.81208269E+2	3.94818000E-1	2.00022157E+0
7.80959679E+2	3.99392900E-1	2.02327392E+0
7.82066575E+2	4.04107700E-1	2.04872568E+0
7.81940357E+2	4.09094600E-1	2.07021332E+0
7.81359203E+2	4.13863800E-1	2.09637603E+0
7.81633974E+2	4.18617400E-1	2.12280463E+0
7.81985476E+2	4.23324500E-1	2.14781091E+0
7.82304062E+2	4.28183000E-1	2.16951750E+0
7.81267252E+2	4.33037800E-1	2.19524728E+0
7.81771294E+2	4.37923600E-1	2.22211617E+0
7.81853974E+2	4.42514000E-1	2.24815599E+0
7.81986136E+2	4.47318200E-1	2.26894046E+0
7.83416282E+2	4.52184600E-1	2.29812413E+0
7.84797165E+2	4.57035400E-1	2.32249402E+0
7.82310171E+2	4.61777400E-1	2.34960842E+0
7.82225064E+2	4.66880900E-1	2.38086259E+0
7.82187564E+2	4.71378000E-1	2.41446184E+0
7.83276781E+2	4.76104500E-1	2.45335316E+0
7.83883603E+2	4.80893100E-1	2.50063699E+0
7.84615787E+2	4.85790600E-1	2.56607883E+0
7.83673944E+2	4.90245000E-1	2.64229462E+0
7.82990797E+2	4.95146300E-1	2.72951961E+0
7.84244156E+2	4.99977700E-1	2.79607709E+0
7.85266467E+2	5.04875200E-1	2.84528441E+0
7.83602804E+2	5.09617100E-1	2.87393866E+0
7.82867073E+2	5.14398100E-1	2.89931815E+0
7.82413037E+2	5.19089500E-1	2.92671062E+0
7.81786088E+2	5.24095800E-1	2.95391022E+0
7.81425670E+2	5.28907800E-1	2.98008666E+0
7.81181653E+2	5.33735300E-1	3.00722266E+0
7.80631569E+2	5.38570600E-1	3.03289153E+0
7.80582118E+2	5.43129900E-1	3.06069375E+0
7.81600836E+2	5.47914600E-1	3.11496638E+0
7.82348196E+2	5.53301900E-1	3.11768249E+0
7.82554117E+2	5.57713500E-1	3.14322248E+0
7.82576047E+2	5.62350500E-1	3.16822235E+0
7.83348713E+2	5.67112000E-1	3.19573467E+0
7.83840708E+2	5.71931700E-1	3.22176327E+0
7.83999528E+2	5.76720400E-1	3.24901224E+0
7.83837219E+2	5.81559600E-1	3.27450554E+0
7.83690360E+2	5.86371500E-1	3.30313671E+0
7.83330707E+2	5.91086300E-1	3.32620002E+0
7.83253481E+2	5.95828300E-1	3.35451435E+0
7.82147594E+2	6.00725800E-1	3.38370550E+0
7.80632387E+2	6.05646600E-1	3.41090447E+0
7.80833130E+2	6.10155300E-1	3.43411509E+0
7.81711879E+2	6.15029500E-1	3.46274259E+0
7.81827050E+2	6.19853100E-1	3.48818729E+0
7.82996834E+2	6.24762200E-1	3.51749015E+0
7.83449518E+2	6.29519700E-1	3.54199416E+0
7.82699277E+2	6.34184100E-1	3.56990064E+0
7.82767992E+2	6.38996000E-1	3.59734741E+0
7.83772292E+2	6.43858500E-1	3.62424523E+0
7.83945566E+2	6.49031900E-1	3.65250737E+0
7.83640462E+2	6.53513500E-1	3.67940596E+0
7.82721777E+2	6.58255500E-1	3.70578767E+0
7.82418231E+2	6.63141300E-1	3.72811010E+0
7.82280214E+2	6.67793900E-1	3.75558526E+0
7.81917364E+2	6.72403800E-1	3.78399846E+0
7.81507773E+2	6.77134100E-1	3.81022518E+0
7.81516869E+2	6.81728400E-1	3.83579983E+0
7.82443763E+2	6.86404400E-1	3.86159383E+0
7.82027178E+2	6.91142500E-1	3.88547815E+0
7.82212202E+2	6.95795100E-1	3.91215765E+0
7.82875491E+2	7.00152200E-1	3.94021828E+0
7.83010085E+2	7.04960300E-1	3.96480556E+0
7.84362961E+2	7.09426400E-1	3.99152553E+0
7.84250746E+2	7.14063400E-1	4.01631530E+0
7.82894494E+2	7.18875400E-1	4.04191714E+0
7.82773814E+2	7.23345300E-1	4.06728096E+0
7.83413237E+2	7.27982300E-1	4.09275183E+0
7.83750195E+2	7.32654400E-1	4.11792534E+0
7.83432420E+2	7.37341900E-1	4.14418519E+0
7.83254957E+2	7.42010100E-1	4.16957716E+0
7.82770122E+2	7.46724900E-1	4.19585405E+0
7.82397275E+2	7.51194900E-1	4.22095404E+0
7.82371518E+2	7.55936800E-1	4.24648590E+0
7.82798355E+2	7.60686600E-1	4.27476977E+0
7.83808528E+2	7.65230400E-1	4.29818534E+0
7.83805150E+2	7.69517600E-1	4.32841110E+0
7.83365524E+2	7.74007000E-1	4.34894589E+0
7.82186689E+2	7.78756700E-1	4.37280754E+0
7.82273686E+2	7.83354900E-1	4.40093293E+0
7.82857183E+2	7.88077500E-1	4.42585834E+0
7.83004250E+2	7.92726200E-1	4.45008419E+0
7.84256324E+2	7.97273800E-1	4.47541816E+0
7.84614387E+2	8.02015900E-1	4.50123877E+0
7.84415085E+2	8.06586800E-1	4.52759906E+0
7.84142385E+2	8.11433700E-1	4.55530636E+0
7.83452393E+2	8.16066900E-1	4.57852946E+0
7.84147023E+2	8.20540700E-1	4.60494087E+0
7.84029900E+2	8.25212800E-1	4.63039128E+0
7.84792480E+2	8.29939200E-1	4.65626815E+0
7.83903101E+2	8.34653900E-1	4.68198568E+0
7.83178601E+2	8.39193900E-1	4.70802860E+0
7.82787652E+2	8.43768700E-1	4.73371782E+0
7.81628540E+2	8.48226900E-1	4.75882510E+0
7.81200441E+2	8.52879600E-1	4.78413886E+0
7.81221020E+2	8.57711000E-1	4.80970143E+0
7.81560680E+2	8.62348000E-1	4.83524787E+0
7.81643445E+2	8.66903500E-1	4.86141273E+0
7.82102660E+2	8.71544500E-1	4.88675698E+0
7.83116807E+2	8.76166000E-1	4.91276412E+0
7.82978025E+2	8.80892400E-1	4.93820291E+0
7.81781674E+2	8.85436200E-1	4.96365190E+0
7.81390545E+2	8.90185900E-1	4.98959080E+0
7.81305259E+2	8.94904600E-1	5.01973462E+0
7.81582958E+2	8.99347300E-1	5.04264079E+0
7.81318678E+2	9.04167100E-1	5.06614638E+0
7.80695039E+2	9.08707000E-1	5.09136129E+0
7.80932870E+2	9.13406200E-1	5.11955156E+0
7.80923008E+2	9.18066500E-1	5.14307634E+0
7.81415590E+2	9.22532600E-1	5.17119815E+0
7.81781907E+2	9.27158000E-1	5.19574375E+0
7.82303082E+2	9.31783300E-1	5.21932974E+0
7.82323436E+2	9.36389400E-1	5.24476062E+0
7.82335864E+2	9.41080800E-1	5.27274983E+0
7.81379820E+2	9.45912200E-1	5.29596139E+0
7.81661290E+2	9.50401600E-1	5.32171004E+0
7.81632291E+2	9.55170700E-1	5.34716314E+0
7.81257778E+2	9.59664000E-1	5.37281140E+0
7.81166097E+2	9.64732500E-1	5.40102431E+0
7.81769226E+2	9.69175100E-1	5.42846494E+0
7.82006218E+2	9.73680100E-1	5.45003174E+0
7.81492608E+2	9.78134400E-1	5.47548327E+0
7.81775025E+2	9.82682100E-1	5.50012954E+0
7.81497551E+2	9.84680000E-1	5.52524853E+0
7.81550326E+2	9.84617800E-1	5.53803800E+0
7.81453152E+2	9.84586600E-1	5.53967185E+0
7.81890391E+2	9.84714900E-1	5.53963843E+0
7.81879809E+2	9.84516700E-1	5.53960862E+0
7.81772548E+2	9.84559400E-1	5.53959207E+0
7.82238157E+2	9.84470100E-1	5.53957092E+0
7.82558724E+2	9.84571100E-1	5.53954954E+0
7.83233296E+2	9.84718800E-1	5.53953098E+0
7.83236895E+2	9.84656600E-1	5.53953103E+0
7.83021822E+2	9.84563400E-1	5.53947727E+0
7.83012501E+2	9.84687700E-1	5.53952056E+0
7.83074102E+2	9.84738300E-1	5.53947514E+0
7.83412591E+2	9.84726600E-1	5.53946417E+0
7.84120730E+2	9.84582800E-1	5.53947245E+0
7.84122396E+2	9.84645000E-1	5.53945586E+0
7.83869103E+2	9.84567300E-1	5.53949606E+0
7.83869598E+2	9.84683800E-1	5.53948792E+0
7.83897877E+2	9.84687700E-1	5.53948564E+0
7.83997213E+2	9.84559400E-1	5.53946440E+0
7.83841072E+2	9.84660500E-1	5.53947406E+0
7.83689138E+2	9.84540100E-1	5.53944721E+0
7.83456874E+2	9.84571100E-1	5.53948291E+0
7.83338581E+2	9.84594400E-1	5.53948711E+0
7.83627987E+2	9.84602300E-1	5.53948170E+0
7.83602861E+2	9.84586600E-1	5.53948644E+0
7.83322910E+2	9.84575100E-1	5.53945022E+0
7.83402793E+2	9.84567300E-1	5.53943171E+0
7.83429406E+2	9.84567300E-1	5.53944695E+0
7.83635417E+2	9.84656600E-1	5.53948264E+0
7.83940494E+2	9.84672200E-1	5.53947593E+0
7.83608715E+2	9.84567300E-1	5.53943653E+0
7.83591738E+2	9.84536100E-1	5.53946927E+0
7.83189982E+2	9.84676100E-1	5.53948470E+0
7.82896297E+2	9.84687700E-1	5.53945970E+0
7.82799348E+2	9.84563400E-1	5.53946359E+0
7.83240956E+2	9.84563400E-1	5.53946310E+0
7.82743826E+2	9.84676100E-1	5.53946605E+0
7.82531646E+2	9.84621600E-1	5.53946592E+0
7.82100395E+2	9.84687700E-1	5.53944620E+0
7.81924689E+2	9.84648900E-1	5.53944020E+0
7.82578252E+2	9.84730500E-1	5.53948300E+0
7.83294248E+2	9.84559400E-1	5.53948296E+0
7.83451752E+2	9.84680000E-1	5.53946359E+0
7.82255984E+2	9.84714900E-1	5.53950089E+0
7.81879130E+2	9.84734300E-1	5.53950670E+0
