# Begin of measurement: 22.11.2018 12:17:01
# R-Sample[Ohm]	I-Coil[A]	U-Magnetometer[V]
# Kei2000	HP E3631A +6V : I	Kei2000
1.09344053E+3	-1.19055300E-2	-6.73285311E-2
1.09346759E+3	-1.18744300E-2	-6.73797350E-2
1.09347930E+3	-1.17306200E-2	-6.73572858E-2
1.09351754E+3	-1.17422800E-2	-6.73163674E-2
1.09351989E+3	-1.18394500E-2	-6.73599690E-2
1.09355312E+3	-1.16917500E-2	-6.73352390E-2
1.09356803E+3	-1.18550000E-2	-6.73374303E-2
1.09359181E+3	-1.18783200E-2	-6.73634124E-2
1.09359608E+3	-1.18977500E-2	-6.73818369E-2
1.09360270E+3	-1.17422800E-2	-6.73268765E-2
1.09363152E+3	-1.18899800E-2	-6.73345683E-2
1.09365908E+3	-1.17345000E-2	-6.73429308E-2
1.09366318E+3	-1.18083500E-2	-6.73472686E-2
1.09368159E+3	-1.18744300E-2	-6.73144444E-2
1.09369907E+3	-1.17811500E-2	-6.72835879E-2
1.09370235E+3	-1.17889200E-2	-6.73360440E-2
1.09371064E+3	-1.18822100E-2	-6.72743757E-2
1.09374374E+3	-1.19133000E-2	-6.72890884E-2
1.09376463E+3	-1.18122400E-2	-6.72765222E-2
1.09376296E+3	-1.18783200E-2	-6.72791607E-2
1.09379557E+3	-1.18316800E-2	-6.72913244E-2
1.09379944E+3	-1.18316800E-2	-6.72784005E-2
1.09380777E+3	-1.17617100E-2	-6.73144892E-2
1.09382002E+3	-1.17306200E-2	-6.73182456E-2
1.09382808E+3	-1.17733700E-2	-6.72817992E-2
1.09382420E+3	-1.16528800E-2	-6.73268765E-2
1.09383433E+3	-1.18860900E-2	-6.73001789E-2
1.09382799E+3	-1.17383900E-2	-6.73125684E-2
1.09380898E+3	-1.16684300E-2	-6.73320236E-2
1.09378210E+3	-1.19016400E-2	-6.73227219E-2
1.09374184E+3	-1.17267300E-2	-6.72864096E-2
1.09367637E+3	-1.18744300E-2	-6.72800147E-2
1.09363409E+3	-1.18977500E-2	-6.72966057E-2
1.09357325E+3	-1.18705400E-2	-6.72965162E-2
1.09349490E+3	-1.18161300E-2	-6.72329697E-2
1.09341565E+3	-1.18277900E-2	-6.72929386E-2
1.09331942E+3	-1.17539400E-2	-6.73131519E-2
1.09322234E+3	-1.18666600E-2	-6.73043421E-2
1.09311014E+3	-1.18394500E-2	-6.72830109E-2
1.09297399E+3	-1.17228400E-2	-6.73118997E-2
1.09284859E+3	-1.18433400E-2	-6.72953982E-2
1.09267194E+3	-1.17811500E-2	-6.72992888E-2
1.09252311E+3	-1.17073000E-2	-6.72555978E-2
1.09232638E+3	-1.18899800E-2	-6.73351092E-2
1.09216652E+3	-1.17966900E-2	-6.73529970E-2
1.09197371E+3	-1.18550000E-2	-6.73491959E-2
1.09172875E+3	-1.17422800E-2	-6.72967398E-2
1.09153233E+3	-1.18938700E-2	-6.73275516E-2
1.09129687E+3	-1.17073000E-2	-6.73146724E-2
1.09105515E+3	-1.18938700E-2	-6.73241082E-2
1.09079780E+3	-1.17034100E-2	-6.73129730E-2
1.09050813E+3	-1.18161300E-2	-6.72993783E-2
1.09026438E+3	-1.19249600E-2	-6.73222747E-2
1.08993712E+3	-1.17578300E-2	-6.72966057E-2
1.08964959E+3	-1.17306200E-2	-6.72958901E-2
1.08932218E+3	-1.17811500E-2	-6.73090377E-2
1.08901278E+3	-1.18511100E-2	-6.72512153E-2
1.08867272E+3	-1.17422800E-2	-6.73035372E-2
1.08830042E+3	-1.18588800E-2	-6.73022403E-2
1.08794162E+3	-1.17073000E-2	-6.72900319E-2
1.08756390E+3	-1.17383900E-2	-6.72808644E-2
1.08715497E+3	-1.17656000E-2	-6.73080539E-2
1.08678213E+3	-1.18394500E-2	-6.73047446E-2
1.08635165E+3	-1.18705400E-2	-6.72910157E-2
1.08590590E+3	-1.19094100E-2	-6.72857835E-2
1.08545173E+3	-1.17111800E-2	-6.73009899E-2
1.08505862E+3	-1.17034100E-2	-6.73114569E-2
1.08456357E+3	-1.18316800E-2	-6.72914225E-2
1.08407378E+3	-1.18200200E-2	-6.72513985E-2
1.08358624E+3	-1.18744300E-2	-6.72893207E-2
1.08309344E+3	-1.17539400E-2	-6.72417390E-2
1.08259217E+3	-1.18200200E-2	-6.72727297E-2
1.08206302E+3	-1.17267300E-2	-6.72434384E-2
1.08155635E+3	-1.18277900E-2	-6.72786774E-2
1.08102401E+3	-1.18666600E-2	-6.72761284E-2
1.08048053E+3	-1.17073000E-2	-6.72877555E-2
1.07990626E+3	-1.18822100E-2	-6.72451824E-2
1.07934573E+3	-1.17228400E-2	-6.72492519E-2
1.07874553E+3	-1.17345000E-2	-6.72988876E-2
1.07809846E+3	-1.17383900E-2	-6.72946380E-2
1.07756558E+3	-1.17150700E-2	-6.73296534E-2
1.07687743E+3	-1.18627700E-2	-6.73154326E-2
1.07625947E+3	-1.18588800E-2	-6.72862307E-2
1.07555097E+3	-1.18511100E-2	-6.73342148E-2
1.07492316E+3	-1.17811500E-2	-6.73277305E-2
1.07423223E+3	-1.18394500E-2	-6.73238399E-2
1.07362253E+3	-1.17383900E-2	-6.73012565E-2
1.07285788E+3	-1.18161300E-2	-6.73320236E-2
1.07220878E+3	-1.16800900E-2	-6.73208884E-2
1.07144323E+3	-1.18239000E-2	-6.73159692E-2
1.07076415E+3	-1.17539400E-2	-6.73078303E-2
1.06994218E+3	-1.17228400E-2	-6.73201282E-2
1.06929911E+3	-1.17345000E-2	-6.73279541E-2
1.06846350E+3	-1.17850300E-2	-6.73150748E-2
1.06770853E+3	-1.17383900E-2	-6.73140463E-2
1.06693267E+3	-1.18783200E-2	-6.72990652E-2
1.06613641E+3	-1.18433400E-2	-6.73004515E-2
1.06528088E+3	-1.18277900E-2	-6.72550581E-2
1.06454989E+3	-1.18511100E-2	-6.72721844E-2
1.06379916E+3	-1.18899800E-2	-6.73086756E-2
1.06299183E+3	-1.17383900E-2	-6.72767906E-2
1.06219422E+3	-1.18783200E-2	-6.72781321E-2
1.06139197E+3	-1.17500500E-2	-6.72632405E-2
1.06053803E+3	-1.17345000E-2	-6.72982112E-2
1.05966761E+3	-1.18277900E-2	-6.73030857E-2
1.05887667E+3	-1.18783200E-2	-6.73070210E-2
1.05801313E+3	-1.17345000E-2	-6.72870313E-2
1.05713434E+3	-1.18200200E-2	-6.73031304E-2
1.05624307E+3	-1.18394500E-2	-6.73288889E-2
1.05534432E+3	-1.18316800E-2	-6.72923977E-2
1.05452636E+3	-1.19016400E-2	-6.72974510E-2
1.05351477E+3	-1.18433400E-2	-6.72785793E-2
1.05264766E+3	-1.19327300E-2	-6.73276367E-2
1.05174297E+3	-1.17539400E-2	-6.73434227E-2
1.05089543E+3	-1.17111800E-2	-6.73407396E-2
1.04998191E+3	-1.17850300E-2	-6.73563020E-2
1.04887342E+3	-1.19055300E-2	-6.73230753E-2
1.04788651E+3	-1.18938700E-2	-6.73614894E-2
1.04591052E+3	-1.17850300E-2	-6.73474922E-2
1.04583352E+3	-1.18822100E-2	-6.73626969E-2
1.04496053E+3	-1.18239000E-2	-6.73678396E-2
1.04402662E+3	-1.18938700E-2	-6.74088028E-2
1.04314984E+3	-1.19016400E-2	-6.73813449E-2
1.04203847E+3	-1.18627700E-2	-6.73668111E-2
1.04118457E+3	-1.19327300E-2	-6.73775438E-2
1.04023639E+3	-1.19055300E-2	-6.73533505E-2
1.03821647E+3	-1.17073000E-2	-6.73773649E-2
1.03807747E+3	-1.19405100E-2	-6.73497282E-2
1.03724496E+3	-1.17422800E-2	-6.73371173E-2
1.03607104E+3	-1.17422800E-2	-6.73525455E-2
1.03442890E+3	-1.18472200E-2	-6.73396663E-2
1.03428125E+3	-1.17228400E-2	-6.73258927E-2
1.03333500E+3	-1.18666600E-2	-6.73123873E-2
1.03219890E+3	-1.18044700E-2	-6.73050981E-2
1.03094898E+3	-1.17461600E-2	-6.73450326E-2
1.02966927E+3	-1.19249600E-2	-6.73351474E-2
1.02825377E+3	-1.17539400E-2	-6.73614404E-2
1.02719287E+3	-1.18588800E-2	-6.73384098E-2
1.02503587E+3	-1.17383900E-2	-6.73244126E-2
1.02485813E+3	-1.19133000E-2	-6.73470854E-2
1.02398915E+3	-1.17267300E-2	-6.72888605E-2
1.02298362E+3	-1.19016400E-2	-6.73443575E-2
1.02184694E+3	-1.17928100E-2	-6.73439998E-2
1.02088209E+3	-1.18627700E-2	-6.73977974E-2
1.01980463E+3	-1.17889200E-2	-6.73515127E-2
1.01866596E+3	-1.18744300E-2	-6.73784786E-2
1.01691022E+3	-1.18783200E-2	-6.73845157E-2
1.01572900E+3	-1.18860900E-2	-6.73690874E-2
1.01464617E+3	-1.18860900E-2	-6.74005253E-2
1.01336778E+3	-1.17500500E-2	-6.74254788E-2
1.01227427E+3	-1.19444000E-2	-6.73976633E-2
1.01124229E+3	-1.17422800E-2	-6.74168480E-2
1.00996430E+3	-1.19094100E-2	-6.74368376E-2
1.00895933E+3	-1.19716000E-2	-6.74746257E-2
1.00777816E+3	-1.19171900E-2	-6.74714940E-2
1.00682304E+3	-1.17656000E-2	-6.74447039E-2
1.00555881E+3	-1.18860900E-2	-6.75066853E-2
1.00398007E+3	-1.17656000E-2	-6.75208166E-2
1.00258983E+3	-1.18705400E-2	-6.75222924E-2
1.00149687E+3	-1.18783200E-2	-6.75247967E-2
1.00017742E+3	-1.18860900E-2	-6.75411640E-2
9.98196520E+2	-1.19210700E-2	-6.75880302E-2
9.98033468E+2	-1.18783200E-2	-6.75459938E-2
9.96792182E+2	-1.19599400E-2	-6.75734516E-2
9.95371906E+2	-1.18977500E-2	-6.75604382E-2
9.94314972E+2	-1.19288500E-2	-6.75732727E-2
9.93466164E+2	-1.19677200E-2	-6.75882985E-2
9.92095554E+2	-1.17656000E-2	-6.75535067E-2
9.90581344E+2	-1.18627700E-2	-6.75571737E-2
9.89002426E+2	-1.19133000E-2	-6.74883502E-2
9.87498213E+2	-1.19171900E-2	-6.74895129E-2
9.85944828E+2	-1.18161300E-2	-6.74955501E-2
9.84767079E+2	-1.19094100E-2	-6.75021686E-2
9.83551055E+2	-1.18938700E-2	-6.75031511E-2
9.82293559E+2	-1.19210700E-2	-6.75262681E-2
9.80783987E+2	-1.19444000E-2	-6.75719268E-2
9.79442646E+2	-1.17850300E-2	-6.75189341E-2
9.77635383E+2	-1.19133000E-2	-6.75109293E-2
9.74493522E+2	-1.19444000E-2	-6.74776579E-2
9.74222623E+2	-1.19249600E-2	-6.75149093E-2
9.73350175E+2	-1.19754900E-2	-6.75218452E-2
9.72197688E+2	-1.18122400E-2	-6.75335170E-2
9.70767549E+2	-1.18705400E-2	-6.75318624E-2
9.69499202E+2	-1.17733700E-2	-6.76215698E-2
9.68361305E+2	-1.19482800E-2	-6.75711262E-2
9.67035769E+2	-1.19133000E-2	-6.75954983E-2
9.65589020E+2	-1.17889200E-2	-6.75907581E-2
9.64333104E+2	-1.17889200E-2	-6.76020274E-2
9.63185165E+2	-1.17850300E-2	-6.75561451E-2
9.62003093E+2	-1.19094100E-2	-6.75744354E-2
9.60444034E+2	-1.19055300E-2	-6.75775211E-2
9.59186042E+2	-1.18200200E-2	-6.75617351E-2
9.58434949E+2	-1.18705400E-2	-6.75914749E-2
9.57497883E+2	-1.18860900E-2	-6.75536004E-2
9.55998533E+2	-1.19016400E-2	-6.75795378E-2
9.55284274E+2	-1.19016400E-2	-6.75674188E-2
9.54634632E+2	-1.17928100E-2	-6.75692076E-2
9.53301891E+2	-1.18005800E-2	-6.75758261E-2
9.51682537E+2	-1.18394500E-2	-6.75680001E-2
9.50128026E+2	-1.17422800E-2	-6.75579786E-2
9.48659341E+2	-1.18200200E-2	-6.75137957E-2
9.46774284E+2	-1.19521700E-2	-6.75218005E-2
9.44372971E+2	-1.18899800E-2	-6.75260488E-2
9.42528649E+2	-1.19327300E-2	-6.75091448E-2
9.41177536E+2	-1.18744300E-2	-6.74544528E-2
9.39515674E+2	-1.18977500E-2	-6.74346420E-2
9.37919511E+2	-1.19832600E-2	-6.74761865E-2
9.36927058E+2	-1.19288500E-2	-6.74945663E-2
9.35410102E+2	-1.17617100E-2	-6.74417972E-2
9.34342710E+2	-1.18666600E-2	-6.74443909E-2
9.32783560E+2	-1.17850300E-2	-6.74541398E-2
9.30965715E+2	-1.18860900E-2	-6.74503820E-2
9.29287371E+2	-1.19210700E-2	-6.74283322E-2
9.27750466E+2	-1.18433400E-2	-6.73873244E-2
9.26157049E+2	-1.17656000E-2	-6.73816897E-2
9.25166037E+2	-1.19599400E-2	-6.73749818E-2
9.23396935E+2	-1.19249600E-2	-6.73818239E-2
9.21801161E+2	-1.18938700E-2	-6.74167051E-2
9.20952443E+2	-1.17422800E-2	-6.73728396E-2
9.20032218E+2	-1.18705400E-2	-6.73534760E-2
9.18915574E+2	-1.18977500E-2	-6.73630907E-2
9.17200036E+2	-1.18044700E-2	-6.73605417E-2
9.14814008E+2	-1.18860900E-2	-6.73685018E-2
9.13148813E+2	-1.18938700E-2	-6.73786978E-2
9.11829622E+2	-1.18705400E-2	-6.73924267E-2
9.10580725E+2	-1.18588800E-2	-6.74012812E-2
9.09182015E+2	-1.17617100E-2	-6.73822307E-2
9.07568604E+2	-1.18705400E-2	-6.73630013E-2
9.06461866E+2	-1.18705400E-2	-6.73401943E-2
9.05179468E+2	-1.18744300E-2	-6.73259735E-2
9.03805029E+2	-1.18588800E-2	-6.73403723E-2
9.01928191E+2	-1.17733700E-2	-6.73689446E-2
9.00463149E+2	-1.18394500E-2	-6.73882635E-2
8.98662550E+2	-1.17500500E-2	-6.73785593E-2
8.96813724E+2	-1.19171900E-2	-6.73810636E-2
8.95467339E+2	-1.19482800E-2	-6.73574070E-2
8.93508911E+2	-1.17267300E-2	-6.73946584E-2
8.92227368E+2	-1.18977500E-2	-6.73613423E-2
8.91433496E+2	-1.17306200E-2	-6.73697496E-2
8.89802460E+2	-1.18860900E-2	-6.73379093E-2
8.88256459E+2	-1.19366200E-2	-6.73397875E-2
8.86514760E+2	-1.18161300E-2	-6.73482842E-2
8.84793684E+2	-1.18550000E-2	-6.73293231E-2
8.83940779E+2	-1.17383900E-2	-6.73282498E-2
8.82071690E+2	-1.18977500E-2	-6.73312013E-2
8.80227188E+2	-1.16800900E-2	-6.73691235E-2
8.79261952E+2	-1.17850300E-2	-6.73615659E-2
8.77159014E+2	-1.17733700E-2	-6.73333926E-2
8.74747815E+2	-1.17228400E-2	-6.73311566E-2
8.74304724E+2	-1.18822100E-2	-6.73494925E-2
8.70342075E+2	-1.18899800E-2	-6.73881337E-2
8.70121655E+2	-1.18705400E-2	-6.73916218E-2
8.69379252E+2	-1.17383900E-2	-6.73656397E-2
8.67623734E+2	-1.19133000E-2	-6.73263759E-2
8.67608964E+2	-1.18550000E-2	-6.73284777E-2
8.67334914E+2	-1.18588800E-2	-6.73290144E-2
8.64520203E+2	-1.18938700E-2	-6.73534803E-2
8.62052716E+2	-1.18783200E-2	-6.73335801E-2
8.59803622E+2	-1.17578300E-2	-6.73214164E-2
8.57523323E+2	-1.17267300E-2	-6.73290187E-2
8.56043830E+2	-1.17073000E-2	-6.73366210E-2
8.55317411E+2	-1.18355600E-2	-6.73334012E-2
8.54512382E+2	-1.17850300E-2	-6.73106355E-2
8.53152894E+2	-1.18860900E-2	-6.72965927E-2
8.51530523E+2	-1.18977500E-2	-6.73237375E-2
8.50121997E+2	-1.18783200E-2	-6.73563828E-2
8.49122430E+2	-1.17345000E-2	-6.73312951E-2
8.48623728E+2	-1.17383900E-2	-6.73479755E-2
8.48565668E+2	-1.18239000E-2	-6.73587520E-2
8.47433992E+2	-1.18705400E-2	-6.73176960E-2
8.45353625E+2	-1.17539400E-2	-6.72954257E-2
8.42746187E+2	-1.17928100E-2	-6.73107198E-2
8.39527697E+2	-1.17461600E-2	-6.73435886E-2
8.38414116E+2	-1.17034100E-2	-6.73445278E-2
8.37302516E+2	-1.17539400E-2	-6.73240909E-2
8.37053952E+2	-1.18588800E-2	-6.73340187E-2
8.36076081E+2	-1.17461600E-2	-6.73254325E-2
8.34448892E+2	-1.19055300E-2	-6.73024914E-2
8.32869299E+2	-1.18355600E-2	-6.73116141E-2
8.30961305E+2	-1.19444000E-2	-6.73420682E-2
8.30157347E+2	-1.18938700E-2	-6.73854014E-2
8.28801911E+2	-1.17306200E-2	-6.73794985E-2
8.26875816E+2	-1.19288500E-2	-6.73386248E-2
8.24997967E+2	-1.17617100E-2	-6.73493575E-2
8.24091736E+2	-1.18705400E-2	-6.73102726E-2
8.22256015E+2	-1.19288500E-2	-6.73450197E-2
8.19565948E+2	-1.17189600E-2	-6.73551710E-2
8.18131531E+2	-1.18783200E-2	-6.73525326E-2
8.17912597E+2	-1.18860900E-2	-6.73348683E-2
8.15525669E+2	-1.18860900E-2	-6.73560654E-2
8.13862141E+2	-1.18355600E-2	-6.73276685E-2
8.11988113E+2	-1.19288500E-2	-6.73465401E-2
8.10758805E+2	-1.18472200E-2	-6.73415315E-2
8.09676474E+2	-1.18394500E-2	-6.73643385E-2
8.08084589E+2	-1.17811500E-2	-6.73749371E-2
8.07931803E+2	-1.17228400E-2	-6.73484184E-2
8.07433326E+2	-1.18977500E-2	-6.73324535E-2
8.05813252E+2	-1.18239000E-2	-6.73609846E-2
8.05052931E+2	-1.18472200E-2	-6.73472556E-2
8.02444565E+2	-1.18472200E-2	-6.73443936E-2
7.99665610E+2	-1.18860900E-2	-6.73519512E-2
7.97657516E+2	-1.18666600E-2	-6.73342423E-2
7.96435819E+2	-1.18550000E-2	-6.73220338E-2
7.95205566E+2	-1.19288500E-2	-6.73435886E-2
7.93415235E+2	-1.17500500E-2	-6.73163991E-2
7.93243583E+2	-1.18977500E-2	-6.73139843E-2
7.90761349E+2	-1.18588800E-2	-6.72941288E-2
7.90024260E+2	-1.18783200E-2	-6.73472556E-2
7.88011303E+2	-1.18744300E-2	-6.73477923E-2
7.85001302E+2	-1.18744300E-2	-6.73057559E-2
7.83572018E+2	-1.17345000E-2	-6.72826359E-2
7.82208793E+2	-1.18239000E-2	-6.72707852E-2
7.80804231E+2	-1.18472200E-2	-6.72840669E-2
7.79751573E+2	-1.18472200E-2	-6.73063372E-2
7.78518526E+2	-1.18860900E-2	-6.72723056E-2
7.77381350E+2	-1.17578300E-2	-6.72483360E-2
7.76502779E+2	-1.18822100E-2	-6.72927872E-2
7.75396988E+2	-1.16995200E-2	-6.72545073E-2
7.73528848E+2	-1.18472200E-2	-6.72978405E-2
7.73127860E+2	-1.19133000E-2	-6.72511086E-2
7.70447521E+2	-1.17656000E-2	-6.72451161E-2
7.68534087E+2	-1.18122400E-2	-6.72130522E-2
7.67359087E+2	-1.19016400E-2	-6.72226669E-2
7.66581967E+2	-1.17617100E-2	-6.72058076E-2
7.64747735E+2	-1.17850300E-2	-6.72283016E-2
7.62578888E+2	-1.19016400E-2	-6.71961035E-2
7.61487192E+2	-1.17267300E-2	-6.71973556E-2
7.60600786E+2	-1.17461600E-2	-6.72497670E-2
7.60144395E+2	-1.18899800E-2	-6.72241427E-2
7.58648713E+2	-1.17150700E-2	-6.72480676E-2
7.57573497E+2	-1.18938700E-2	-6.72845588E-2
7.56498507E+2	-1.18977500E-2	-6.72956940E-2
7.54513965E+2	-1.18899800E-2	-6.72553569E-2
7.52423153E+2	-1.19327300E-2	-6.72898357E-2
7.51639774E+2	-1.17228400E-2	-6.73051745E-2
7.51343911E+2	-1.18394500E-2	-6.73208711E-2
7.50112443E+2	-1.18705400E-2	-6.72915351E-2
7.47140764E+2	-1.18122400E-2	-6.72930555E-2
7.46767019E+2	-1.17073000E-2	-6.73160414E-2
7.45727692E+2	-1.17966900E-2	-6.73105856E-2
7.42829771E+2	-1.17850300E-2	-6.73183668E-2
7.41034128E+2	-1.18355600E-2	-6.73221232E-2
7.40960640E+2	-1.19288500E-2	-6.73497152E-2
7.40243677E+2	-1.18511100E-2	-6.73507885E-2
7.37977836E+2	-1.17656000E-2	-6.73617448E-2
7.37421901E+2	-1.18511100E-2	-6.73494022E-2
7.35304883E+2	-1.18355600E-2	-6.73428284E-2
7.34181621E+2	-1.18627700E-2	-6.73604479E-2
7.34298113E+2	-1.18627700E-2	-6.73349578E-2
7.33355554E+2	-1.17345000E-2	-6.73117483E-2
7.31630614E+2	-1.17461600E-2	-6.73509674E-2
7.30417660E+2	-1.18938700E-2	-6.73671111E-2
7.26852718E+2	-1.17500500E-2	-6.73883529E-2
7.24076514E+2	-1.17500500E-2	-6.73568256E-2
7.22664704E+2	-1.18200200E-2	-6.73948373E-2
7.21034950E+2	-1.17306200E-2	-6.74137984E-2
7.20049930E+2	-1.18433400E-2	-6.73981912E-2
7.17484193E+2	-1.18666600E-2	-6.73741764E-2
7.17110538E+2	-1.17461600E-2	-6.73938491E-2
7.16198195E+2	-1.17267300E-2	-6.74183554E-2
7.15917346E+2	-1.19055300E-2	-6.73970689E-2
7.14653863E+2	-1.17073000E-2	-6.73829375E-2
7.13648669E+2	-1.18472200E-2	-6.73527966E-2
7.12117531E+2	-1.19444000E-2	-6.74050737E-2
7.10798211E+2	-1.18860900E-2	-6.74328893E-2
7.09517112E+2	-1.19327300E-2	-6.74097246E-2
7.08387886E+2	-1.17189600E-2	-6.74220224E-2
7.04880988E+2	-1.18822100E-2	-6.73635740E-2
7.04666557E+2	-1.18239000E-2	-6.74107084E-2
7.02548999E+2	-1.18744300E-2	-6.74255553E-2
7.01877159E+2	-1.17772600E-2	-6.74000183E-2
7.00435494E+2	-1.19638300E-2	-6.74133872E-2
6.99001124E+2	-1.18938700E-2	-6.74569888E-2
6.96469085E+2	-1.19055300E-2	-6.74031465E-2
6.96343408E+2	-1.18394500E-2	-6.74557367E-2
6.94969692E+2	-1.19210700E-2	-6.74069923E-2
6.94974195E+2	-1.19094100E-2	-6.73777010E-2
6.94547541E+2	-1.18938700E-2	-6.73984956E-2
6.93646590E+2	-1.18744300E-2	-6.74323036E-2
6.92243960E+2	-1.17539400E-2	-6.74137897E-2
6.92000747E+2	-1.19094100E-2	-6.74150419E-2
6.91949279E+2	-1.19016400E-2	-6.74532324E-2
6.91066205E+2	-1.19133000E-2	-6.74332874E-2
6.89631925E+2	-1.17617100E-2	-6.74299825E-2
6.87366491E+2	-1.18239000E-2	-6.74093221E-2
6.85278293E+2	-1.17656000E-2	-6.74518951E-2
6.83920338E+2	-1.18744300E-2	-6.74252423E-2
6.82263657E+2	-1.19327300E-2	-6.74253317E-2
6.81102186E+2	-1.17850300E-2	-6.74499722E-2
6.79752133E+2	-1.17461600E-2	-6.74879391E-2
6.78731899E+2	-1.19133000E-2	-6.74459921E-2
6.77931319E+2	-1.19288500E-2	-6.74478704E-2
6.76970570E+2	-1.19366200E-2	-6.75166043E-2
6.74486696E+2	-1.18122400E-2	-6.75078393E-2
6.72360672E+2	-1.18977500E-2	-6.75244750E-2
6.71164144E+2	-1.18316800E-2	-6.75339104E-2
6.69834817E+2	-1.19249600E-2	-6.75160186E-2
6.67992209E+2	-1.17694900E-2	-6.75453547E-2
6.66910240E+2	-1.19482800E-2	-6.75686983E-2
6.65700207E+2	-1.18161300E-2	-6.75530017E-2
6.64321673E+2	-1.19444000E-2	-6.75628848E-2
6.63147708E+2	-1.19366200E-2	-6.76137756E-2
6.61316943E+2	-1.19249600E-2	-6.76402049E-2
6.59847438E+2	-1.19133000E-2	-6.75973188E-2
6.59535294E+2	-1.19366200E-2	-6.75750038E-2
6.58150096E+2	-1.19055300E-2	-6.75710237E-2
6.56658133E+2	-1.18783200E-2	-6.75966927E-2
6.55649517E+2	-1.18394500E-2	-6.76010305E-2
6.55277393E+2	-1.19249600E-2	-6.75659704E-2
6.54401028E+2	-1.17811500E-2	-6.75891799E-2
6.54007764E+2	-1.18005800E-2	-6.75480826E-2
6.53177668E+2	-1.17694900E-2	-6.75601121E-2
6.51895272E+2	-1.19560600E-2	-6.75262147E-2
6.51227889E+2	-1.19094100E-2	-6.75307314E-2
6.48757479E+2	-1.19016400E-2	-6.75195515E-2
6.46165895E+2	-1.18239000E-2	-6.74956712E-2
6.45050783E+2	-1.18122400E-2	-6.74994724E-2
6.43231185E+2	-1.17461600E-2	-6.75195962E-2
6.42052582E+2	-1.18550000E-2	-6.74655750E-2
6.41678837E+2	-1.17850300E-2	-6.74607453E-2
6.40178408E+2	-1.19094100E-2	-6.74628024E-2
6.38406676E+2	-1.17966900E-2	-6.74858777E-2
6.37855335E+2	-1.18511100E-2	-6.74469269E-2
6.38074223E+2	-1.19133000E-2	-6.74435282E-2
6.37182188E+2	-1.19366200E-2	-6.74455853E-2
6.35789425E+2	-1.18627700E-2	-6.74481791E-2
6.34770317E+2	-1.19094100E-2	-6.74952688E-2
6.33505392E+2	-1.19210700E-2	-6.74434388E-2
6.32938245E+2	-1.17539400E-2	-6.74499678E-2
6.30692037E+2	-1.19171900E-2	-6.74427233E-2
6.29387126E+2	-1.18277900E-2	-6.74697786E-2
6.28331499E+2	-1.18355600E-2	-6.74501467E-2
6.27313588E+2	-1.18666600E-2	-6.74545292E-2
6.26045098E+2	-1.18977500E-2	-6.74434835E-2
6.25437559E+2	-1.18744300E-2	-6.74447804E-2
6.25021982E+2	-1.17811500E-2	-6.74101674E-2
6.24424215E+2	-1.19133000E-2	-6.74647253E-2
6.23924747E+2	-1.18705400E-2	-6.74481791E-2
6.23006100E+2	-1.18083500E-2	-6.74321247E-2
6.21304524E+2	-1.17073000E-2	-6.73755098E-2
6.18346889E+2	-1.18394500E-2	-6.73608418E-2
6.16485819E+2	-1.17811500E-2	-6.73656267E-2
6.16185832E+2	-1.18588800E-2	-6.73785060E-2
6.15745533E+2	-1.17617100E-2	-6.73060156E-2
6.14750921E+2	-1.18860900E-2	-6.73444297E-2
6.13672599E+2	-1.18822100E-2	-6.73340100E-2
6.12523130E+2	-1.17461600E-2	-6.73310585E-2
6.11128327E+2	-1.17889200E-2	-6.73253791E-2
6.11214320E+2	-1.16956300E-2	-6.73198786E-2
6.10071336E+2	-1.17539400E-2	-6.73380795E-2
6.08553210E+2	-1.17850300E-2	-6.73448769E-2
6.07256765E+2	-1.18277900E-2	-6.73406285E-2
6.06288630E+2	-1.19133000E-2	-6.73202364E-2
6.06072443E+2	-1.17850300E-2	-6.73734079E-2
6.04224251E+2	-1.17772600E-2	-6.74252379E-2
6.02749669E+2	-1.17228400E-2	-6.74491182E-2
6.01422019E+2	-1.16917500E-2	-6.74200952E-2
6.01268693E+2	-1.18783200E-2	-6.74267137E-2
6.00657778E+2	-1.19249600E-2	-6.74259534E-2
5.99921590E+2	-1.16995200E-2	-6.74428540E-2
5.97587889E+2	-1.19171900E-2	-6.74293478E-2
5.97033801E+2	-1.18588800E-2	-6.74606515E-2
5.96453489E+2	-1.17267300E-2	-6.73810507E-2
5.95635881E+2	-1.17578300E-2	-6.74460729E-2
5.94971379E+2	-1.19133000E-2	-6.74411090E-2
5.94573318E+2	-1.17811500E-2	-6.74441053E-2
5.92842652E+2	-1.18666600E-2	-6.74495610E-2
5.92129248E+2	-1.17811500E-2	-6.74194648E-2
5.90056673E+2	-1.17500500E-2	-6.74624403E-2
5.88588045E+2	-1.17694900E-2	-6.74747382E-2
5.87766012E+2	-1.18627700E-2	-6.74563584E-2
5.86496899E+2	-1.18550000E-2	-6.74732624E-2
5.86424806E+2	-1.18083500E-2	-6.74970128E-2
5.84987733E+2	-1.19444000E-2	-6.75282271E-2
5.84764566E+2	-1.18511100E-2	-6.75704424E-2
5.84029098E+2	-1.17772600E-2	-6.75528676E-2
5.82453424E+2	-1.18200200E-2	-6.75363660E-2
5.82192322E+2	-1.19405100E-2	-6.75161528E-2
5.80117765E+2	-1.18627700E-2	-6.74971470E-2
5.78962352E+2	-1.19405100E-2	-6.75299712E-2
5.78851219E+2	-1.19055300E-2	-6.75028264E-2
5.77876734E+2	-1.17850300E-2	-6.75071642E-2
5.76495407E+2	-1.19133000E-2	-6.75538514E-2
5.75890480E+2	-1.19288500E-2	-6.75466068E-2
5.74755506E+2	-1.19210700E-2	-6.75632872E-2
5.73803082E+2	-1.17733700E-2	-6.75415088E-2
5.73038525E+2	-1.19094100E-2	-6.75174944E-2
5.73336891E+2	-1.18083500E-2	-6.75537620E-2
5.71417597E+2	-1.18783200E-2	-6.75425821E-2
5.70772323E+2	-1.18083500E-2	-6.75695927E-2
5.70544609E+2	-1.19638300E-2	-6.75360083E-2
5.69849217E+2	-1.19133000E-2	-6.75244706E-2
5.67420368E+2	-1.18277900E-2	-6.75292556E-2
5.64879891E+2	-1.19133000E-2	-6.75344431E-2
5.64162345E+2	-1.17694900E-2	-6.75123069E-2
5.63633338E+2	-1.18200200E-2	-6.75277352E-2
5.63226721E+2	-1.19171900E-2	-6.75374393E-2
5.62182216E+2	-1.18938700E-2	-6.75614090E-2
5.60765181E+2	-1.18511100E-2	-6.75720523E-2
5.59752573E+2	-1.19171900E-2	-6.75325649E-2
5.58773323E+2	-1.19560600E-2	-6.75245154E-2
5.58576138E+2	-1.20104700E-2	-6.75307761E-2
5.56887710E+2	-1.17189600E-2	-6.75415982E-2
5.56641218E+2	-1.19482800E-2	-6.74883820E-2
5.56591461E+2	-1.19249600E-2	-6.75094939E-2
5.55506969E+2	-1.19016400E-2	-6.74954967E-2
5.54136289E+2	-1.17617100E-2	-6.75018022E-2
5.52859762E+2	-1.18627700E-2	-6.75029649E-2
5.52160948E+2	-1.17578300E-2	-6.75022046E-2
5.51409450E+2	-1.17928100E-2	-6.75353418E-2
5.50027132E+2	-1.19249600E-2	-6.75253694E-2
5.48597938E+2	-1.18744300E-2	-6.75286786E-2
5.48908687E+2	-1.19016400E-2	-6.75476844E-2
5.46991688E+2	-1.18239000E-2	-6.75416920E-2
5.45177503E+2	-1.17345000E-2	-6.75049325E-2
5.45152286E+2	-1.19482800E-2	-6.75494732E-2
5.44984101E+2	-1.17811500E-2	-6.75219729E-2
5.42886669E+2	-1.17578300E-2	-6.75258209E-2
5.42048534E+2	-1.18355600E-2	-6.75368666E-2
5.40444312E+2	-1.17966900E-2	-6.97003101E-2
5.39234863E+2	-1.17694900E-2	-7.23215926E-2
5.39664214E+2	-1.18122400E-2	-7.23630476E-2
5.38869662E+2	-1.19133000E-2	-7.23518230E-2
5.37688357E+2	-1.18860900E-2	-7.23758821E-2
5.37009941E+2	-1.19599400E-2	-7.24095112E-2
5.36635341E+2	-1.17228400E-2	-7.23476641E-2
5.35141440E+2	-1.17772600E-2	-7.23313414E-2
5.33565721E+2	-1.18550000E-2	-7.22953869E-2
5.32870330E+2	-1.18899800E-2	-7.22763811E-2
5.32531567E+2	-1.19055300E-2	-7.22692259E-2
5.31426631E+2	-1.19482800E-2	-7.23023631E-2
5.30559002E+2	-1.17772600E-2	-7.22885001E-2
5.29590956E+2	-1.19210700E-2	-7.22599243E-2
5.29106078E+2	-1.17656000E-2	-7.22423048E-2
5.28060626E+2	-1.17578300E-2	-7.21814414E-2
5.26472028E+2	-1.18083500E-2	-7.22147142E-2
5.25517131E+2	-1.19288500E-2	-7.22320686E-2
5.24757437E+2	-1.19249600E-2	-7.22919481E-2
5.23664390E+2	-1.19210700E-2	-7.22377033E-2
5.22743715E+2	-1.18744300E-2	-7.22418622E-2
5.22112896E+2	-1.19055300E-2	-7.22628804E-2
5.22426347E+2	-1.18899800E-2	-7.22298326E-2
5.21630269E+2	-1.19249600E-2	-7.22096641E-2
5.20869945E+2	-1.17733700E-2	-7.22281333E-2
5.19903464E+2	-1.19521700E-2	-7.21821169E-2
5.19544354E+2	-1.18860900E-2	-7.21797020E-2
5.18952620E+2	-1.18860900E-2	-7.22212018E-2
5.17777798E+2	-1.18083500E-2	-7.22124367E-2
5.17568591E+2	-1.18394500E-2	-7.22446828E-2
5.15965583E+2	-1.18822100E-2	-7.21956715E-2
5.15902676E+2	-1.18200200E-2	-7.21524724E-2
5.15060425E+2	-1.17306200E-2	-7.21850283E-2
5.13853133E+2	-1.19482800E-2	-7.22280485E-2
5.12963979E+2	-1.18977500E-2	-7.22261703E-2
5.11504075E+2	-1.18588800E-2	-7.22157506E-2
5.10828091E+2	-1.17889200E-2	-7.22285851E-2
5.10708312E+2	-1.19793800E-2	-7.22056887E-2
5.09549701E+2	-1.18355600E-2	-7.21896791E-2
5.09241061E+2	-1.19444000E-2	-7.22403464E-2
5.08206266E+2	-1.19171900E-2	-7.22431637E-2
5.07266724E+2	-1.17889200E-2	-7.22563560E-2
5.06530941E+2	-1.19366200E-2	-7.22278249E-2
5.05899896E+2	-1.17578300E-2	-7.22103395E-2
5.04816215E+2	-1.19210700E-2	-7.21690634E-2
5.03644590E+2	-1.18122400E-2	-7.21316331E-2
5.03242341E+2	-1.17500500E-2	-7.21924964E-2
5.02695396E+2	-1.19560600E-2	-7.22095793E-2
5.02086821E+2	-1.19016400E-2	-7.21885164E-2
5.01514315E+2	-1.18627700E-2	-7.21181278E-2
5.00756693E+2	-1.17850300E-2	-7.21180830E-2
5.00009067E+2	-1.18239000E-2	-7.21564524E-2
4.98681100E+2	-1.17383900E-2	-7.21368206E-2
4.97761417E+2	-1.17772600E-2	-7.21691975E-2
4.97626170E+2	-1.17889200E-2	-7.22070303E-2
4.96953870E+2	-1.17539400E-2	-7.21555581E-2
4.95210055E+2	-1.19327300E-2	-7.21331088E-2
4.94752149E+2	-1.18977500E-2	-7.21471955E-2
4.94024742E+2	-1.17228400E-2	-7.21543953E-2
4.93460612E+2	-1.17966900E-2	-7.22190599E-2
4.92999149E+2	-1.17850300E-2	-7.21742508E-2
4.92249200E+2	-1.17656000E-2	-7.22101607E-2
4.91568773E+2	-1.18860900E-2	-7.22187021E-2
4.90859241E+2	-1.18938700E-2	-7.22287640E-2
4.90167182E+2	-1.17928100E-2	-7.22516604E-2
4.89445538E+2	-1.18705400E-2	-7.22174500E-2
4.89060445E+2	-1.18899800E-2	-7.21880692E-2
4.88845564E+2	-1.18783200E-2	-7.22023767E-2
4.87974917E+2	-1.17422800E-2	-7.21974557E-2
4.87569741E+2	-1.17267300E-2	-7.21700426E-2
4.86941578E+2	-1.18627700E-2	-7.21705345E-2
4.85152553E+2	-1.19560600E-2	-7.21857839E-2
4.85133866E+2	-1.19327300E-2	-7.22117212E-2
4.84277043E+2	-1.19094100E-2	-7.22277308E-2
4.83895823E+2	-1.18316800E-2	-7.22060865E-2
4.83217632E+2	-1.19133000E-2	-7.22383294E-2
4.83144498E+2	-1.19482800E-2	-7.22093958E-2
4.82761950E+2	-1.18005800E-2	-7.21811330E-2
4.81753603E+2	-1.18355600E-2	-7.21648551E-2
4.81081942E+2	-1.19094100E-2	-7.22020618E-2
4.80440721E+2	-1.19249600E-2	-7.21737948E-2
4.79859840E+2	-1.18394500E-2	-7.21861817E-2
4.80044821E+2	-1.18239000E-2	-7.22160097E-2
4.78972159E+2	-1.18938700E-2	-7.22038012E-2
4.78217660E+2	-1.18744300E-2	-7.21689647E-2
4.78137462E+2	-1.18783200E-2	-7.21739733E-2
4.78436504E+2	-1.18705400E-2	-7.21749124E-2
4.78247109E+2	-1.17617100E-2	-7.21781322E-2
4.78646792E+2	-1.19171900E-2	-7.21901617E-2
4.78171550E+2	-1.19055300E-2	-7.21485278E-2
4.77679061E+2	-1.17889200E-2	-7.21635089E-2
4.77514509E+2	-1.18822100E-2	-7.21566221E-2
4.77518697E+2	-1.17500500E-2	-7.21745993E-2
4.78045003E+2	-1.19405100E-2	-7.21628782E-2
4.77426296E+2	-1.19133000E-2	-7.21477182E-2
4.76847396E+2	-1.17383900E-2	-7.21419941E-2
4.77125183E+2	-1.17889200E-2	-7.21605975E-2
4.77004414E+2	-1.18083500E-2	-7.21351073E-2
4.76932914E+2	-1.18977500E-2	-7.21385507E-2
4.77546727E+2	-1.17656000E-2	-7.22109964E-2
4.77185500E+2	-1.18783200E-2	-7.22191354E-2
4.76980075E+2	-1.17617100E-2	-7.21480760E-2
4.76878984E+2	-1.18044700E-2	-7.21173089E-2
4.76438460E+2	-1.17578300E-2	-7.21184716E-2
4.76316835E+2	-1.17345000E-2	-7.21422624E-2
4.75654804E+2	-1.18005800E-2	-7.21453020E-2
4.75354128E+2	-1.18394500E-2	-7.21364443E-2
4.76361619E+2	-1.18977500E-2	-7.21378306E-2
4.77235102E+2	-1.18239000E-2	-7.20986115E-2
4.76539666E+2	-1.18783200E-2	-7.21168124E-2
4.76383818E+2	-1.17228400E-2	-7.21387250E-2
4.76415114E+2	-1.17461600E-2	-7.21911810E-2
4.76323254E+2	-1.18860900E-2	-7.21828138E-2
4.76298737E+2	-1.17228400E-2	-7.21767767E-2
4.76165360E+2	-1.18938700E-2	-7.21617062E-2
4.75989789E+2	-1.17306200E-2	-7.21092949E-2
4.75843488E+2	-1.18627700E-2	-7.21448022E-2
4.75637523E+2	-1.17850300E-2	-7.21520468E-2
4.76277753E+2	-1.17345000E-2	-7.21502133E-2
4.76818063E+2	-1.17461600E-2	-7.21699346E-2
4.76546371E+2	-1.17267300E-2	-7.21711420E-2
4.76855306E+2	-1.18239000E-2	-7.21921602E-2
4.77286644E+2	-1.18666600E-2	-7.21358583E-2
4.77633732E+2	-1.18899800E-2	-7.21460096E-2
4.77604058E+2	-1.18588800E-2	-7.21309825E-2
4.77155924E+2	-1.18899800E-2	-7.21214540E-2
4.77361303E+2	-1.16995200E-2	-7.21410411E-2
4.77388290E+2	-1.17111800E-2	-7.21390735E-2
4.77592862E+2	-1.18666600E-2	-7.21528471E-2
4.77197908E+2	-1.17228400E-2	-7.21220800E-2
4.76766209E+2	-1.19016400E-2	-7.21650108E-2
4.76947228E+2	-1.17850300E-2	-7.21860290E-2
4.77330070E+2	-1.17422800E-2	-7.21735075E-2
4.77535720E+2	-1.17733700E-2	-7.21304426E-2
4.77533963E+2	-1.18394500E-2	-7.21441268E-2
4.77052829E+2	-1.17383900E-2	-7.21689461E-2
4.76651617E+2	-1.17811500E-2	-7.21822726E-2
4.77132623E+2	-1.17966900E-2	-7.21666207E-2
4.76847136E+2	-1.18472200E-2	-7.21581240E-2
4.76740686E+2	-1.18394500E-2	-7.21449317E-2
4.77278023E+2	-1.19249600E-2	-7.21490459E-2
4.77392083E+2	-1.17306200E-2	-7.21301743E-2
4.76811460E+2	-1.17811500E-2	-7.21303979E-2
4.76982273E+2	-1.18627700E-2	-7.21269973E-2
4.76989928E+2	-1.18744300E-2	-7.20846451E-2
4.77608094E+2	-1.17772600E-2	-7.21082123E-2
4.77957658E+2	-1.17383900E-2	-7.21287833E-2
4.77899840E+2	-1.18472200E-2	-7.21159041E-2
4.77763131E+2	-1.18472200E-2	-7.21145625E-2
4.77309818E+2	-1.18705400E-2	-7.21158594E-2
4.77184003E+2	-1.17189600E-2	-7.20576345E-2
4.77675951E+2	-1.18977500E-2	-7.20794129E-2
4.78303572E+2	-1.17966900E-2	-7.20721237E-2
4.77956665E+2	-1.18977500E-2	-7.20624195E-2
4.77303827E+2	-1.18005800E-2	-7.20922922E-2
4.76838132E+2	-1.18472200E-2	-7.21052609E-2
4.76866050E+2	-1.18316800E-2	-7.20817831E-2
4.76822916E+2	-1.18511100E-2	-7.20665784E-2
4.76977858E+2	-1.16839700E-2	-7.20754329E-2
4.77498309E+2	-1.17617100E-2	-7.20297295E-2
4.77335528E+2	-1.19327300E-2	-7.20099635E-2
4.77674015E+2	-1.17345000E-2	-7.20036580E-2
4.77655373E+2	-1.18666600E-2	-7.20148379E-2
4.77427832E+2	-1.18005800E-2	-7.19677929E-2
4.77454657E+2	-1.17228400E-2	-7.19694028E-2
4.77864383E+2	-1.18277900E-2	-7.19719518E-2
4.77437458E+2	-1.16995200E-2	-7.19848311E-2
4.77128420E+2	-1.18705400E-2	-7.19466406E-2
4.77421608E+2	-1.17578300E-2	-7.19700289E-2
4.77553544E+2	-1.18122400E-2	-7.20284727E-2
4.77686516E+2	-1.17034100E-2	-7.20216754E-2
4.77414313E+2	-1.19133000E-2	-7.20268628E-2
4.77083175E+2	-1.18705400E-2	-7.20354490E-2
4.77329196E+2	-1.17267300E-2	-7.20509220E-2
4.77319605E+2	-1.17928100E-2	-7.20535157E-2
4.77777691E+2	-1.16995200E-2	-7.20571827E-2
4.77703932E+2	-1.17383900E-2	-7.20126867E-2
4.78027019E+2	-1.18977500E-2	-7.20646061E-2
4.78174131E+2	-1.17694900E-2	-7.20760096E-2
4.77864495E+2	-1.19638300E-2	-7.20870554E-2
4.77943764E+2	-1.17461600E-2	-7.20773959E-2
4.78098845E+2	-1.17267300E-2	-7.20850430E-2
4.77753649E+2	-1.18822100E-2	-7.21536428E-2
4.77765627E+2	-1.18550000E-2	-7.21224733E-2
4.78469618E+2	-1.18433400E-2	-7.21785963E-2
4.78677205E+2	-1.17928100E-2	-7.20899621E-2
4.78076556E+2	-1.17228400E-2	-7.20928689E-2
4.77467019E+2	-1.18355600E-2	-7.21571756E-2
4.77717383E+2	-1.18083500E-2	-7.21018622E-2
4.77550504E+2	-1.18783200E-2	-7.21495779E-2
4.77051667E+2	-1.16995200E-2	-7.21302144E-2
4.76753436E+2	-1.19055300E-2	-7.21214941E-2
4.76951116E+2	-1.18394500E-2	-7.20864339E-2
4.76669771E+2	-1.18588800E-2	-7.20957356E-2
4.77055142E+2	-1.18744300E-2	-7.21246244E-2
4.76649131E+2	-1.17617100E-2	-7.20893854E-2
4.76708795E+2	-1.17656000E-2	-7.21276654E-2
4.77320116E+2	-1.17539400E-2	-7.21743526E-2
4.77492354E+2	-1.17500500E-2	-7.21675105E-2
4.77173905E+2	-1.19210700E-2	-7.21576722E-2
4.77049714E+2	-1.19288500E-2	-7.21723849E-2
4.76707219E+2	-1.17034100E-2	-7.21862079E-2
4.76874543E+2	-1.17694900E-2	-7.21312923E-2
4.77406026E+2	-1.17189600E-2	-7.21848663E-2
4.78012889E+2	-1.19133000E-2	-7.21392971E-2
4.77974434E+2	-1.18316800E-2	-7.21786950E-2
4.77887257E+2	-1.17617100E-2	-7.21487329E-2
4.76979912E+2	-1.17422800E-2	-7.22150967E-2
4.75974268E+2	-1.18822100E-2	-7.21628643E-2
4.75902572E+2	-1.17850300E-2	-7.21660841E-2
4.75980136E+2	-1.19055300E-2	-7.21836142E-2
4.76210732E+2	-1.17928100E-2	-7.21409964E-2
4.76287643E+2	-1.19405100E-2	-7.21610755E-2
4.76081813E+2	-1.18899800E-2	-7.21505217E-2
4.76801204E+2	-1.18938700E-2	-7.21015538E-2
4.77005728E+2	-1.18355600E-2	-7.21123759E-2
4.76832995E+2	-1.17500500E-2	-7.21189944E-2
4.76978440E+2	-1.18316800E-2	-7.21393418E-2
4.76943272E+2	-1.18550000E-2	-7.21401915E-2
4.77009736E+2	-1.17772600E-2	-7.21188602E-2
4.77408214E+2	-1.18705400E-2	-7.21139858E-2
4.78183164E+2	-1.18511100E-2	-7.20973054E-2
4.77417032E+2	-1.18277900E-2	-7.20912683E-2
4.76960568E+2	-1.17578300E-2	-7.20746773E-2
4.76921707E+2	-1.17034100E-2	-7.20971703E-2
4.76407965E+2	-1.18550000E-2	-7.21594162E-2
4.76446421E+2	-1.18977500E-2	-7.21008783E-2
4.77173692E+2	-1.17034100E-2	-7.21199736E-2
4.77197378E+2	-1.16917500E-2	-7.21420203E-2
4.77010821E+2	-1.17461600E-2	-7.21272182E-2
4.77841267E+2	-1.18938700E-2	-7.21488624E-2
4.78110389E+2	-1.18550000E-2	-7.21533791E-2
4.78083326E+2	-1.18627700E-2	-7.21513220E-2
4.78111920E+2	-1.17150700E-2	-7.21388005E-2
4.78006911E+2	-1.18394500E-2	-7.21443010E-2
4.78098681E+2	-1.18938700E-2	-7.21472972E-2
4.77977867E+2	-1.16878600E-2	-7.21582088E-2
4.78485305E+2	-1.18783200E-2	-7.21274418E-2
4.78005650E+2	-1.18316800E-2	-7.21133104E-2
4.77012524E+2	-1.18200200E-2	-7.21093751E-2
4.76986001E+2	-1.18005800E-2	-7.20911295E-2
4.77287155E+2	-1.18161300E-2	-7.20775347E-2
4.77184139E+2	-1.17189600E-2	-7.20943493E-2
4.76805662E+2	-1.16800900E-2	-7.21192134E-2
4.76541518E+2	-1.18705400E-2	-7.20964958E-2
4.76221088E+2	-1.18239000E-2	-7.21180506E-2
4.76045653E+2	-1.18860900E-2	-7.21226120E-2
4.76579523E+2	-1.17383900E-2	-7.20828564E-2
4.77046660E+2	-1.17811500E-2	-7.21074521E-2
4.77103667E+2	-1.18044700E-2	-7.21156358E-2
4.77419324E+2	-1.18044700E-2	-7.21399632E-2
4.77444181E+2	-1.17500500E-2	-7.21383533E-2
4.77604242E+2	-1.18783200E-2	-7.21409471E-2
4.77119405E+2	-1.17150700E-2	-7.20930524E-2
4.76935099E+2	-1.17694900E-2	-7.20835719E-2
4.76632501E+2	-1.18666600E-2	-7.20938574E-2
4.76948113E+2	-1.17578300E-2	-7.20957803E-2
4.77303351E+2	-1.18822100E-2	-7.20185049E-2
4.77036911E+2	-1.18744300E-2	-7.20397467E-2
4.77085047E+2	-1.18860900E-2	-7.20336648E-2
4.77112245E+2	-1.17694900E-2	-7.20330835E-2
4.77206042E+2	-1.18588800E-2	-7.20221272E-2
4.76826803E+2	-1.18200200E-2	-7.20199359E-2
4.77143614E+2	-1.18355600E-2	-7.19868882E-2
4.77073621E+2	-1.16917500E-2	-7.19800461E-2
4.76231694E+2	-1.16917500E-2	-7.19971737E-2
4.76253353E+2	-1.18783200E-2	-7.19905552E-2
4.76804065E+2	-1.17578300E-2	-7.19697606E-2
4.76688474E+2	-1.19055300E-2	-7.19991861E-2
4.76386281E+2	-1.17850300E-2	-7.19876931E-2
4.76626694E+2	-1.17345000E-2	-7.20086666E-2
4.76819150E+2	-1.18316800E-2	-7.19991413E-2
4.76905111E+2	-1.17150700E-2	-7.20100082E-2
4.77150432E+2	-1.18588800E-2	-7.19758872E-2
4.77490175E+2	-1.18200200E-2	-7.20457838E-2
4.77521795E+2	-1.16956300E-2	-7.20615251E-2
4.77390884E+2	-1.16995200E-2	-7.20468571E-2
4.77243907E+2	-1.17111800E-2	-7.20886699E-2
4.77037447E+2	-1.19366200E-2	-7.20621512E-2
4.77051046E+2	-1.17306200E-2	-7.21175587E-2
4.77184829E+2	-1.18977500E-2	-7.21248480E-2
4.77673264E+2	-1.18899800E-2	-7.21394713E-2
4.77678803E+2	-1.18200200E-2	-7.21736818E-2
4.77673760E+2	-1.18705400E-2	-7.21513667E-2
4.77520704E+2	-1.18394500E-2	-7.21653639E-2
4.77244493E+2	-1.17617100E-2	-7.21599082E-2
4.77188615E+2	-1.18588800E-2	-7.21944317E-2
4.77256880E+2	-1.17306200E-2	-7.22040016E-2
4.78222223E+2	-1.17345000E-2	-7.21855725E-2
4.77822001E+2	-1.16762000E-2	-7.22235842E-2
4.77396562E+2	-1.17345000E-2	-7.21991673E-2
4.77277053E+2	-1.19521700E-2	-7.22110627E-2
4.77269668E+2	-1.17306200E-2	-7.21947401E-2
4.77143586E+2	-1.18783200E-2	-7.21950978E-2
4.77106166E+2	-1.18705400E-2	-7.21867353E-2
4.76958019E+2	-1.18433400E-2	-7.21972443E-2
4.76842226E+2	-1.18977500E-2	-7.21999722E-2
4.76805438E+2	-1.17461600E-2	-7.22299791E-2
4.76936474E+2	-1.18277900E-2	-7.22272512E-2
4.77109703E+2	-1.19366200E-2	-7.22120465E-2
4.76961600E+2	-1.19094100E-2	-7.22282797E-2
4.76966103E+2	-1.17811500E-2	-7.22553798E-2
4.76873523E+2	-1.17422800E-2	-7.22503712E-2
4.76085641E+2	-1.18744300E-2	-7.22222873E-2
4.75974508E+2	-1.18511100E-2	-7.22039076E-2
4.76235499E+2	-1.18744300E-2	-7.22115546E-2
4.76710065E+2	-1.18122400E-2	-7.22001511E-2
4.76725883E+2	-1.17345000E-2	-7.22316784E-2
4.76396168E+2	-1.18938700E-2	-7.22115099E-2
4.76272247E+2	-1.18860900E-2	-7.21949189E-2
4.76156341E+2	-1.17578300E-2	-7.21900892E-2
4.75967937E+2	-1.19482800E-2	-7.21833813E-2
4.75775301E+2	-1.18200200E-2	-7.21624973E-2
4.75567219E+2	-1.18899800E-2	-7.21838285E-2
4.75681639E+2	-1.19094100E-2	-7.21961259E-2
4.75863919E+2	-1.18977500E-2	-7.22471020E-2
4.75899042E+2	-1.18239000E-2	-7.22096270E-2
4.75707708E+2	-1.17034100E-2	-7.21844946E-2
4.76083362E+2	-1.17928100E-2	-7.21733595E-2
4.76231645E+2	-1.18433400E-2	-7.21647733E-2
4.76211832E+2	-1.18899800E-2	-7.21888324E-2
4.76076158E+2	-1.17500500E-2	-7.22102531E-2
4.76140955E+2	-1.16956300E-2	-7.21943777E-2
4.76168513E+2	-1.17422800E-2	-7.21762662E-2
4.76054183E+2	-1.19016400E-2	-7.22099848E-2
4.76353315E+2	-1.17656000E-2	-7.21803804E-2
4.76861428E+2	-1.18316800E-2	-7.21533251E-2
4.77253590E+2	-1.18005800E-2	-7.21334249E-2
4.76811258E+2	-1.17500500E-2	-7.21396857E-2
4.77000191E+2	-1.17539400E-2	-7.21736278E-2
4.76719792E+2	-1.18938700E-2	-7.21590939E-2
4.76384817E+2	-1.19133000E-2	-7.21632976E-2
4.76527470E+2	-1.18394500E-2	-7.21731806E-2
4.76612486E+2	-1.16995200E-2	-7.22115947E-2
4.77287659E+2	-1.17345000E-2	-7.22149487E-2
4.77011133E+2	-1.18938700E-2	-7.22542124E-2
4.76966599E+2	-1.18899800E-2	-7.22185262E-2
4.77599084E+2	-1.18938700E-2	-7.22224168E-2
4.77604459E+2	-1.19133000E-2	-7.22416909E-2
4.76960765E+2	-1.19716000E-2	-7.22733077E-2
4.76882459E+2	-1.18666600E-2	-7.22979454E-2
4.77826504E+2	-1.17578300E-2	-7.22701279E-2
4.78295217E+2	-1.17850300E-2	-7.22022437E-2
4.78522211E+2	-1.17461600E-2	-7.22098907E-2
4.78429405E+2	-1.19133000E-2	-7.21970562E-2
4.78750292E+2	-1.17772600E-2	-7.22306853E-2
4.78916961E+2	-1.17189600E-2	-7.22131552E-2
4.78860448E+2	-1.17539400E-2	-7.22758073E-2
4.77918430E+2	-1.18938700E-2	-7.22670423E-2
4.77141940E+2	-1.17383900E-2	-7.22725875E-2
4.77179359E+2	-1.17228400E-2	-7.22733030E-2
4.77516271E+2	-1.17383900E-2	-7.22288965E-2
4.76969341E+2	-1.17267300E-2	-7.22534476E-2
4.77207566E+2	-1.19133000E-2	-7.22619443E-2
4.76652532E+2	-1.18899800E-2	-7.22207576E-2
4.76379428E+2	-1.18588800E-2	-7.22192371E-2
4.76394873E+2	-1.18627700E-2	-7.21831931E-2
4.76301527E+2	-1.18666600E-2	-7.21717449E-2
4.76727416E+2	-1.18394500E-2	-7.21612358E-2
4.76616238E+2	-1.18588800E-2	-7.21704928E-2
4.77113950E+2	-1.17150700E-2	-7.21564509E-2
4.77411730E+2	-1.17733700E-2	-7.21285459E-2
4.78037776E+2	-1.17656000E-2	-7.21110158E-2
4.78654051E+2	-1.17383900E-2	-7.20548928E-2
4.77574467E+2	-1.18550000E-2	-7.20865542E-2
4.77697758E+2	-1.17850300E-2	-7.20812773E-2
4.77516739E+2	-1.18005800E-2	-7.20759557E-2
4.77494990E+2	-1.17889200E-2	-7.20749718E-2
4.77606714E+2	-1.18938700E-2	-7.20467091E-2
4.77004084E+2	-1.18588800E-2	-7.20237679E-2
4.77010928E+2	-1.17811500E-2	-7.20487215E-2
4.77137236E+2	-1.17383900E-2	-7.20881194E-2
4.77557542E+2	-1.16878600E-2	-7.21022019E-2
4.77854602E+2	-1.17111800E-2	-7.20771585E-2
4.77306502E+2	-1.17383900E-2	-7.21029169E-2
4.77179867E+2	-1.18588800E-2	-7.21392292E-2
4.77042023E+2	-1.18200200E-2	-7.21437011E-2
4.76931160E+2	-1.18666600E-2	-7.21497383E-2
4.76899009E+2	-1.17694900E-2	-7.21262605E-2
4.76861004E+2	-1.17850300E-2	-7.21079702E-2
4.76674897E+2	-1.17189600E-2	-7.21218780E-2
4.76622122E+2	-1.19016400E-2	-7.21323871E-2
4.77105335E+2	-1.17578300E-2	-7.21132471E-2
4.77412915E+2	-1.16956300E-2	-7.21132024E-2
4.77414851E+2	-1.17578300E-2	-7.21159750E-2
4.77209607E+2	-1.18161300E-2	-7.21631094E-2
4.77156517E+2	-1.17617100E-2	-7.21442378E-2
4.77010396E+2	-1.17850300E-2	-7.21867214E-2
4.77226358E+2	-1.17811500E-2	-7.21995111E-2
4.76610218E+2	-1.18550000E-2	-7.22432021E-2
4.76633965E+2	-1.17694900E-2	-7.22178462E-2
4.76734504E+2	-1.17578300E-2	-7.22300099E-2
4.77052232E+2	-1.18472200E-2	-7.22172201E-2
4.77130268E+2	-1.19405100E-2	-7.21983037E-2
4.77510138E+2	-1.17578300E-2	-7.21924455E-2
4.77387207E+2	-1.19171900E-2	-7.21826966E-2
4.78284331E+2	-1.18511100E-2	-7.22021943E-2
4.77940215E+2	-1.16917500E-2	-7.21747798E-2
4.77067837E+2	-1.17267300E-2	-7.21539373E-2
4.76538560E+2	-1.18588800E-2	-7.21686053E-2
4.76441476E+2	-1.18588800E-2	-7.21252721E-2
4.76752630E+2	-1.17150700E-2	-7.21372122E-2
4.77008578E+2	-1.18511100E-2	-7.21314881E-2
4.76737050E+2	-1.18316800E-2	-7.21198163E-2
4.76621099E+2	-1.17189600E-2	-7.21160598E-2
4.76549176E+2	-1.19171900E-2	-7.21273739E-2
4.76650392E+2	-1.16839700E-2	-7.21753580E-2
4.78239125E+2	-1.17422800E-2	-7.21388668E-2
4.78220393E+2	-1.18860900E-2	-7.21353340E-2
4.77210740E+2	-1.17578300E-2	-7.21414605E-2
4.77930628E+2	-1.18938700E-2	-7.21145873E-2
4.77867406E+2	-1.18394500E-2	-7.20972823E-2
4.78001414E+2	-1.17189600E-2	-7.21347572E-2
4.78164442E+2	-1.18161300E-2	-7.21247848E-2
4.78540979E+2	-1.17617100E-2	-7.21522426E-2
4.78099194E+2	-1.17733700E-2	-7.21407944E-2
4.78103562E+2	-1.18394500E-2	-7.21270208E-2
4.77973561E+2	-1.18627700E-2	-7.21036772E-2
4.77877739E+2	-1.18511100E-2	-7.21098485E-2
4.77911511E+2	-1.18083500E-2	-7.20971928E-2
4.77528039E+2	-1.16684300E-2	-7.21065392E-2
4.77446626E+2	-1.17345000E-2	-7.21011281E-2
4.77721036E+2	-1.18550000E-2	-7.21256792E-2
4.77901514E+2	-1.17189600E-2	-7.21034489E-2
4.77758320E+2	-1.18860900E-2	-7.21037620E-2
4.77160148E+2	-1.18744300E-2	-7.20677180E-2
4.76780098E+2	-1.17111800E-2	-7.20351175E-2
4.76691300E+2	-1.18783200E-2	-7.20510376E-2
4.77301125E+2	-1.17461600E-2	-7.20577903E-2
4.78087701E+2	-1.16723100E-2	-7.20489358E-2
4.77908484E+2	-1.17772600E-2	-7.20629777E-2
4.77737687E+2	-1.18472200E-2	-7.20948628E-2
4.76818453E+2	-1.18394500E-2	-7.20723241E-2
4.76547645E+2	-1.18705400E-2	-7.20626647E-2
4.75754990E+2	-1.18550000E-2	-7.20768408E-2
4.76247628E+2	-1.18588800E-2	-7.20370404E-2
4.76183872E+2	-1.18627700E-2	-7.20592213E-2
4.76564147E+2	-1.18511100E-2	-7.20529158E-2
4.76738591E+2	-1.18472200E-2	-7.20746943E-2
4.77089867E+2	-1.19405100E-2	-7.20633355E-2
4.77057581E+2	-1.16528800E-2	-7.20507246E-2
4.77223586E+2	-1.18860900E-2	-7.20721452E-2
4.77281232E+2	-1.17578300E-2	-7.20747390E-2
4.77141330E+2	-1.18472200E-2	-7.20500985E-2
4.77007322E+2	-1.18666600E-2	-7.20939237E-2
4.76561214E+2	-1.17383900E-2	-7.20997372E-2
4.76074084E+2	-1.17073000E-2	-7.20985298E-2
4.76860435E+2	-1.18899800E-2	-7.21056402E-2
4.77253768E+2	-1.18511100E-2	-7.20682546E-2
4.76410905E+2	-1.16645400E-2	-7.20705353E-2
4.75958955E+2	-1.18627700E-2	-7.20825202E-2
4.75809066E+2	-1.18550000E-2	-7.20802842E-2
4.75709911E+2	-1.18083500E-2	-7.20835040E-2
4.76649272E+2	-1.18550000E-2	-7.20847562E-2
4.76783009E+2	-1.18277900E-2	-7.20776010E-2
4.76741357E+2	-1.18705400E-2	-7.20752263E-2
4.76880048E+2	-1.19133000E-2	-7.20694127E-2
4.76443377E+2	-1.17189600E-2	-7.20997773E-2
4.76666153E+2	-1.18705400E-2	-7.20877925E-2
4.76859195E+2	-1.18316800E-2	-7.20570701E-2
4.76847037E+2	-1.17772600E-2	-7.20155257E-2
4.76137687E+2	-1.18744300E-2	-7.20381538E-2
4.75716570E+2	-1.17539400E-2	-7.20290757E-2
4.75695677E+2	-1.17111800E-2	-7.20585459E-2
4.76005525E+2	-1.19249600E-2	-7.20491548E-2
4.76422603E+2	-1.17539400E-2	-7.20484840E-2
4.75744773E+2	-1.17345000E-2	-7.20378855E-2
4.76538734E+2	-1.17228400E-2	-7.20136475E-2
4.77287485E+2	-1.17034100E-2	-7.20015285E-2
4.77442027E+2	-1.18200200E-2	-7.20423574E-2
4.77601747E+2	-1.18200200E-2	-7.20302384E-2
4.77497188E+2	-1.18433400E-2	-7.19982639E-2
4.78012468E+2	-1.16878600E-2	-7.20401662E-2
4.79264337E+2	-1.19327300E-2	-7.20407028E-2
4.79968915E+2	-1.16995200E-2	-7.20283602E-2
4.80324783E+2	-1.18783200E-2	-7.20532690E-2
4.81320161E+2	-1.18588800E-2	-7.21109125E-2
4.82045677E+2	-1.16995200E-2	-7.20951712E-2
4.82561445E+2	-1.17150700E-2	-7.21306338E-2
4.83451956E+2	-1.17617100E-2	-7.21468223E-2
4.84778001E+2	-1.18394500E-2	-7.21114007E-2
4.85410395E+2	-1.18899800E-2	-7.21435978E-2
4.85669360E+2	-1.17733700E-2	-7.21403780E-2
4.85698765E+2	-1.17772600E-2	-7.21790157E-2
4.86798161E+2	-1.17928100E-2	-7.21902403E-2
4.87707668E+2	-1.19016400E-2	-7.21794182E-2
4.87896972E+2	-1.17539400E-2	-7.21816094E-2
4.88784955E+2	-1.18005800E-2	-7.21460574E-2
4.89145281E+2	-1.18977500E-2	-7.21296006E-2
4.89939468E+2	-1.17889200E-2	-7.21628719E-2
4.90186905E+2	-1.18044700E-2	-7.21515132E-2
4.91722368E+2	-1.17617100E-2	-7.21100134E-2
4.92006640E+2	-1.16917500E-2	-7.21744096E-2
4.92690909E+2	-1.18744300E-2	-7.21911840E-2
4.93376228E+2	-1.16878600E-2	-7.21781259E-2
4.94574034E+2	-1.16956300E-2	-7.21606853E-2
4.94384189E+2	-1.18394500E-2	-7.21741459E-2
4.94998843E+2	-1.19094100E-2	-7.21925256E-2
4.95904478E+2	-1.18550000E-2	-7.22053601E-2
4.96217749E+2	-1.18083500E-2	-7.22081775E-2
4.96509180E+2	-1.17189600E-2	-7.22119339E-2
4.97158925E+2	-1.19249600E-2	-7.22049129E-2
4.97911895E+2	-1.18239000E-2	-7.22094296E-2
4.99284712E+2	-1.18860900E-2	-7.21908710E-2
5.00887900E+2	-1.19133000E-2	-7.22212803E-2
5.02040162E+2	-1.18666600E-2	-7.21889033E-2
5.03232275E+2	-1.18822100E-2	-7.22257522E-2
5.03825405E+2	-1.19366200E-2	-7.22268255E-2
5.04019482E+2	-1.17811500E-2	-7.22482015E-2
5.04521449E+2	-1.18666600E-2	-7.22820541E-2
5.05344274E+2	-1.19249600E-2	-7.22220852E-2
5.06229151E+2	-1.18200200E-2	-7.21847444E-2
5.07071069E+2	-1.18860900E-2	-7.22273128E-2
5.07928432E+2	-1.18122400E-2	-7.22433224E-2
5.08561413E+2	-1.18705400E-2	-7.22727031E-2
5.09809363E+2	-1.17656000E-2	-7.22994901E-2
5.11255098E+2	-1.17966900E-2	-7.23019944E-2
5.11778363E+2	-1.17461600E-2	-7.22852246E-2
5.13046711E+2	-1.19560600E-2	-7.22832122E-2
5.13234529E+2	-1.19249600E-2	-7.23086129E-2
5.13999897E+2	-1.18666600E-2	-7.22978355E-2
5.15469167E+2	-1.19094100E-2	-7.23187642E-2
5.15971967E+2	-1.19405100E-2	-7.23156339E-2
5.16684515E+2	-1.17383900E-2	-7.23225207E-2
5.17181506E+2	-1.17733700E-2	-7.23281106E-2
5.17322719E+2	-1.18860900E-2	-7.22765444E-2
5.18404824E+2	-1.18511100E-2	-7.22673769E-2
5.18537346E+2	-1.18666600E-2	-7.22659011E-2
5.19524665E+2	-1.17656000E-2	-7.22227468E-2
5.20719254E+2	-1.17656000E-2	-7.21813812E-2
5.21846885E+2	-1.18472200E-2	-7.22448829E-2
5.22996134E+2	-1.18355600E-2	-7.22184984E-2
5.24016162E+2	-1.18627700E-2	-7.22247144E-2
5.23443746E+2	-1.18822100E-2	-7.22213605E-2
5.24098881E+2	-1.17422800E-2	-7.22323615E-2
5.25125645E+2	-1.18938700E-2	-7.22756500E-2
5.26232472E+2	-1.18705400E-2	-7.22349999E-2
5.26996174E+2	-1.18783200E-2	-7.22791381E-2
5.27646806E+2	-1.18899800E-2	-7.22486841E-2
5.28470751E+2	-1.17889200E-2	-7.22304832E-2
5.29927412E+2	-1.17306200E-2	-7.21909959E-2
5.30081953E+2	-1.17073000E-2	-7.22258771E-2
5.30835253E+2	-1.18627700E-2	-7.21833041E-2
5.31542848E+2	-1.18083500E-2	-7.22091073E-2
5.32681016E+2	-1.17772600E-2	-7.22035621E-2
5.34329369E+2	-1.18627700E-2	-7.22193928E-2
5.35536383E+2	-1.18433400E-2	-7.22231492E-2
5.36578349E+2	-1.18044700E-2	-7.21765515E-2
5.37594127E+2	-1.18705400E-2	-7.21507483E-2
5.39032687E+2	-1.17539400E-2	-7.21633145E-2
5.39150709E+2	-1.17694900E-2	-7.21230669E-2
5.39089739E+2	-1.18550000E-2	-7.21527160E-2
5.39458982E+2	-1.18666600E-2	-7.21765068E-2
5.41274215E+2	-1.18705400E-2	-7.21695305E-2
5.41932412E+2	-1.17306200E-2	-7.21468577E-2
5.41754185E+2	-1.17345000E-2	-7.21123790E-2
5.42773205E+2	-1.18977500E-2	-7.21388082E-2
5.44155883E+2	-1.18860900E-2	-7.20633216E-2
5.44692546E+2	-1.19171900E-2	-6.76619355E-2
5.45735206E+2	-1.17539400E-2	-6.74454035E-2
5.47100863E+2	-1.18433400E-2	-6.74810897E-2
5.48591423E+2	-1.17383900E-2	-6.74673608E-2
5.49516172E+2	-1.18783200E-2	-6.74927168E-2
5.50788619E+2	-1.16917500E-2	-6.74947739E-2
5.50893628E+2	-1.20065900E-2	-6.75142269E-2
5.52120055E+2	-1.18783200E-2	-6.75376600E-2
5.52451068E+2	-1.17928100E-2	-6.74935665E-2
5.53142723E+2	-1.19171900E-2	-6.75485268E-2
5.53419025E+2	-1.17150700E-2	-6.75586334E-2
5.54371086E+2	-1.19016400E-2	-6.75595278E-2
5.56409172E+2	-1.18938700E-2	-6.75581415E-2
5.57272795E+2	-1.17111800E-2	-6.75196380E-2
5.58112147E+2	-1.17966900E-2	-6.75454411E-2
5.59181240E+2	-1.18666600E-2	-6.75048358E-2
5.60044548E+2	-1.17345000E-2	-6.75402090E-2
5.61243192E+2	-1.17306200E-2	-6.75053703E-2
5.61597881E+2	-1.19444000E-2	-6.75370295E-2
5.62401611E+2	-1.17228400E-2	-6.75526367E-2
5.63424774E+2	-1.17306200E-2	-6.75131046E-2
5.64270341E+2	-1.17811500E-2	-6.75207964E-2
5.64738198E+2	-1.17345000E-2	-6.75317079E-2
5.65897621E+2	-1.17772600E-2	-6.75329605E-2
5.66622913E+2	-1.19094100E-2	-6.75362736E-2
5.68360476E+2	-1.16762000E-2	-6.75513888E-2
5.68794716E+2	-1.17461600E-2	-6.75074295E-2
5.68862351E+2	-1.18783200E-2	-6.75115437E-2
5.70318429E+2	-1.17306200E-2	-6.74997378E-2
5.71715202E+2	-1.18511100E-2	-6.74950870E-2
5.73753468E+2	-1.17150700E-2	-6.75127512E-2
5.74143650E+2	-1.18705400E-2	-6.75329644E-2
5.75031156E+2	-1.19094100E-2	-6.75362736E-2
5.75180567E+2	-1.18783200E-2	-6.75394040E-2
5.76965231E+2	-1.17811500E-2	-6.75575601E-2
5.77947462E+2	-1.18200200E-2	-6.75322936E-2
5.78887636E+2	-1.18239000E-2	-6.75295188E-2
5.79616755E+2	-1.18744300E-2	-6.75242845E-2
5.80470337E+2	-1.18355600E-2	-6.75312160E-2
5.81702663E+2	-1.17073000E-2	-6.75623855E-2
5.83515004E+2	-1.19094100E-2	-6.75156536E-2
5.85691484E+2	-1.17500500E-2	-6.75042054E-2
5.86659576E+2	-1.18316800E-2	-6.74867648E-2
5.87822106E+2	-1.17267300E-2	-6.74767029E-2
5.89083656E+2	-1.19094100E-2	-6.74530015E-2
5.89519453E+2	-1.18472200E-2	-6.74490662E-2
5.90645733E+2	-1.19094100E-2	-6.74524649E-2
5.91467974E+2	-1.18783200E-2	-6.74518388E-2
5.91799443E+2	-1.18783200E-2	-6.74789836E-2
5.91934802E+2	-1.19366200E-2	-6.74715154E-2
5.93091523E+2	-1.18744300E-2	-6.74742433E-2
5.94374598E+2	-1.18627700E-2	-6.74739303E-2
5.95301622E+2	-1.18705400E-2	-6.74610063E-2
5.96748469E+2	-1.17345000E-2	-6.74705763E-2
5.97938107E+2	-1.18860900E-2	-6.74825164E-2
5.98805243E+2	-1.18938700E-2	-6.75072016E-2
5.99669541E+2	-1.17073000E-2	-6.74709341E-2
6.01018449E+2	-1.18938700E-2	-6.74860940E-2
6.02387664E+2	-1.18627700E-2	-6.74652547E-2
6.02965395E+2	-1.17150700E-2	-6.74525096E-2
6.03897283E+2	-1.17306200E-2	-6.74609616E-2
6.04866185E+2	-1.19288500E-2	-6.74887324E-2
6.04358071E+2	-1.18122400E-2	-6.74998272E-2
6.05109660E+2	-1.17850300E-2	-6.74997825E-2
6.06058705E+2	-1.17889200E-2	-6.74831468E-2
6.07578950E+2	-1.18744300E-2	-6.75133325E-2
6.09021744E+2	-1.17461600E-2	-6.75016607E-2
6.09528688E+2	-1.18394500E-2	-6.74832363E-2
6.09935530E+2	-1.17150700E-2	-6.75402984E-2
6.10475481E+2	-1.17578300E-2	-6.74849356E-2
6.11942141E+2	-1.18511100E-2	-6.75188777E-2
6.14083524E+2	-1.18511100E-2	-6.75207112E-2
6.15848280E+2	-1.19055300E-2	-6.74745607E-2
6.17723944E+2	-1.18705400E-2	-6.74576120E-2
6.19647745E+2	-1.18938700E-2	-6.74486694E-2
6.19908512E+2	-1.17733700E-2	-6.74400415E-2
6.20810905E+2	-1.18744300E-2	-6.74287722E-2
6.22305314E+2	-1.18666600E-2	-6.73994809E-2
6.22565989E+2	-1.17889200E-2	-6.74189786E-2
6.22875657E+2	-1.17073000E-2	-6.74445582E-2
6.24445570E+2	-1.17383900E-2	-6.74358379E-2
6.26242883E+2	-1.18472200E-2	-6.74427651E-2
6.27261543E+2	-1.16878600E-2	-6.74131608E-2
6.28613738E+2	-1.17578300E-2	-6.74517537E-2
6.29846289E+2	-1.17345000E-2	-6.74427204E-2
6.29716305E+2	-1.18783200E-2	-6.74292598E-2
6.31151177E+2	-1.19249600E-2	-6.74174091E-2
6.32811554E+2	-1.16800900E-2	-6.74713378E-2
6.32913997E+2	-1.18394500E-2	-6.74064038E-2
6.33813913E+2	-1.17656000E-2	-6.74633765E-2
6.35190829E+2	-1.17111800E-2	-6.74911473E-2
6.36144106E+2	-1.18627700E-2	-6.74780445E-2
6.38201890E+2	-1.18277900E-2	-6.74794755E-2
6.39130178E+2	-1.16956300E-2	-6.74669093E-2
6.40007581E+2	-1.18627700E-2	-6.74525991E-2
6.40185628E+2	-1.18938700E-2	-6.74648969E-2
6.41352795E+2	-1.18433400E-2	-6.74836344E-2
6.42762538E+2	-1.17073000E-2	-6.74486190E-2
6.44376399E+2	-1.18899800E-2	-6.74702186E-2
6.46915034E+2	-1.18355600E-2	-6.74645839E-2
6.47778806E+2	-1.17150700E-2	-6.74362764E-2
6.48319207E+2	-1.18472200E-2	-6.74356504E-2
6.50742475E+2	-1.18550000E-2	-6.74482166E-2
6.51680126E+2	-1.17850300E-2	-6.74183886E-2
6.52817844E+2	-1.19405100E-2	-6.74541195E-2
6.53759053E+2	-1.18472200E-2	-6.74513916E-2
6.54558734E+2	-1.17189600E-2	-6.74393234E-2
6.56230593E+2	-1.17811500E-2	-6.74156247E-2
6.56026654E+2	-1.17345000E-2	-6.74812282E-2
6.56992044E+2	-1.17189600E-2	-6.74779637E-2
6.58404172E+2	-1.18161300E-2	-6.74495668E-2
6.59888438E+2	-1.18161300E-2	-6.74742967E-2
6.61107029E+2	-1.18161300E-2	-6.74213040E-2
6.62172114E+2	-1.17345000E-2	-6.73713970E-2
6.64209659E+2	-1.18316800E-2	-6.74247027E-2
6.65984366E+2	-1.19055300E-2	-6.74056522E-2
6.68063788E+2	-1.17383900E-2	-6.74175923E-2
6.69565705E+2	-1.16995200E-2	-6.73950984E-2
6.70206432E+2	-1.17733700E-2	-6.74577505E-2
6.70923033E+2	-1.16995200E-2	-6.74532338E-2
6.72316384E+2	-1.18627700E-2	-6.74224668E-2
6.73186761E+2	-1.17073000E-2	-6.74159377E-2
6.73681723E+2	-1.16723100E-2	-6.74646820E-2
6.73991718E+2	-1.17733700E-2	-6.74190681E-2
6.74838859E+2	-1.18277900E-2	-6.74203649E-2
6.76112431E+2	-1.17306200E-2	-6.74524288E-2
6.77235064E+2	-1.19094100E-2	-6.74368664E-2
6.79084879E+2	-1.17345000E-2	-6.74063230E-2
6.81101754E+2	-1.17228400E-2	-6.74139253E-2
6.81892699E+2	-1.18627700E-2	-6.74479122E-2
6.82700574E+2	-1.18822100E-2	-6.74293983E-2
6.84424667E+2	-1.18744300E-2	-6.74098558E-2
6.85261091E+2	-1.18044700E-2	-6.74103030E-2
6.86211711E+2	-1.18977500E-2	-6.74313212E-2
6.86193474E+2	-1.17461600E-2	-6.74217065E-2
6.87507077E+2	-1.18783200E-2	-6.74103478E-2
6.90080338E+2	-1.18433400E-2	-6.73798043E-2
6.91198873E+2	-1.17189600E-2	-6.74381633E-2
6.92084695E+2	-1.17422800E-2	-6.74463066E-2
6.93945947E+2	-1.16762000E-2	-6.74297156E-2
6.94608197E+2	-1.17267300E-2	-6.74341429E-2
6.96022666E+2	-1.16917500E-2	-6.74431762E-2
6.97921339E+2	-1.16995200E-2	-6.74489003E-2
6.98703908E+2	-1.18472200E-2	-6.73911227E-2
7.00323126E+2	-1.17345000E-2	-6.74165234E-2
7.02302412E+2	-1.18316800E-2	-6.74100838E-2
7.03027568E+2	-1.19133000E-2	-6.73807030E-2
7.02955971E+2	-1.17733700E-2	-6.74450992E-2
7.04312622E+2	-1.18200200E-2	-6.74065509E-2
7.05559850E+2	-1.17811500E-2	-6.74282846E-2
7.07326765E+2	-1.17150700E-2	-6.74205929E-2
7.08840794E+2	-1.17383900E-2	-6.73950133E-2
7.10308714E+2	-1.17889200E-2	-6.74054777E-2
7.10858102E+2	-1.18200200E-2	-6.73983225E-2
7.12738896E+2	-1.16995200E-2	-6.73773043E-2
7.14464924E+2	-1.19444000E-2	-6.73854433E-2
7.15293152E+2	-1.17189600E-2	-6.74065062E-2
7.16711538E+2	-1.18316800E-2	-6.74074414E-2
7.18434774E+2	-1.18899800E-2	-6.74124049E-2
7.19862391E+2	-1.16645400E-2	-6.73798938E-2
7.20609296E+2	-1.18899800E-2	-6.73887035E-2
7.22128999E+2	-1.18899800E-2	-6.73577576E-2
7.22974068E+2	-1.18744300E-2	-6.73931755E-2
7.24385430E+2	-1.18588800E-2	-6.73804291E-2
7.25405934E+2	-1.17966900E-2	-6.74144576E-2
7.26086691E+2	-1.18122400E-2	-6.74055584E-2
7.28010444E+2	-1.19210700E-2	-6.74164253E-2
7.29583861E+2	-1.18161300E-2	-6.74172302E-2
7.30541639E+2	-1.17383900E-2	-6.73901749E-2
7.31579660E+2	-1.18938700E-2	-6.73980456E-2
7.32732191E+2	-1.17111800E-2	-6.73815888E-2
7.33833028E+2	-1.18705400E-2	-6.74023834E-2
7.34966016E+2	-1.18860900E-2	-6.74346709E-2
7.36380348E+2	-1.17073000E-2	-6.74273369E-2
7.38223902E+2	-1.18822100E-2	-6.74116403E-2
7.39066449E+2	-1.18044700E-2	-6.74216128E-2
7.40876546E+2	-1.16839700E-2	-6.73857924E-2
7.43479433E+2	-1.16606500E-2	-6.73880284E-2
7.44451936E+2	-1.18860900E-2	-6.74454035E-2
7.46673558E+2	-1.18472200E-2	-6.74357441E-2
7.48671022E+2	-1.19055300E-2	-6.74055137E-2
7.50170235E+2	-1.18822100E-2	-6.74607871E-2
7.52181357E+2	-1.17034100E-2	-6.74147707E-2
7.53600372E+2	-1.18744300E-2	-6.74768861E-2
7.54133387E+2	-1.17889200E-2	-6.74591772E-2
7.55904848E+2	-1.17111800E-2	-6.74126688E-2
7.55902867E+2	-1.18783200E-2	-6.74093596E-2
7.56834843E+2	-1.17656000E-2	-6.73988058E-2
7.57558918E+2	-1.18394500E-2	-6.73820360E-2
7.59150576E+2	-1.18977500E-2	-6.73573061E-2
7.60622547E+2	-1.17306200E-2	-6.73718399E-2
7.62354472E+2	-1.17617100E-2	-6.73633432E-2
7.62670174E+2	-1.17772600E-2	-6.73716163E-2
7.63507273E+2	-1.18200200E-2	-6.73508665E-2
7.65269323E+2	-1.16684300E-2	-6.73413412E-2
7.66963965E+2	-1.18433400E-2	-6.73350357E-2
7.67851497E+2	-1.17228400E-2	-6.73338283E-2
7.69445656E+2	-1.17150700E-2	-6.73525658E-2
7.71012998E+2	-1.18977500E-2	-6.73389263E-2
7.72522748E+2	-1.16956300E-2	-6.73828856E-2
7.75720925E+2	-1.18938700E-2	-6.74252350E-2
7.75970253E+2	-1.18938700E-2	-6.73830637E-2
7.78091459E+2	-1.18316800E-2	-6.73827472E-2
7.79164377E+2	-1.17111800E-2	-6.73447803E-2
7.79349260E+2	-1.17111800E-2	-6.73321246E-2
7.82102803E+2	-1.16723100E-2	-6.73497441E-2
7.83906056E+2	-1.17189600E-2	-6.73295309E-2
7.84999958E+2	-1.18666600E-2	-6.73602532E-2
7.85496274E+2	-1.16878600E-2	-6.73559154E-2
7.86621517E+2	-1.18588800E-2	-6.73845807E-2
7.88288060E+2	-1.18239000E-2	-6.73231360E-2
7.88750603E+2	-1.17500500E-2	-6.73365519E-2
7.89512874E+2	-1.17539400E-2	-6.73335557E-2
7.91312029E+2	-1.18666600E-2	-6.73751001E-2
7.92825066E+2	-1.18161300E-2	-6.73515329E-2
7.94817893E+2	-1.17383900E-2	-6.73477765E-2
7.97067659E+2	-1.17073000E-2	-6.73878005E-2
7.99553784E+2	-1.16762000E-2	-6.73782752E-2
7.99822250E+2	-1.19016400E-2	-6.74253202E-2
8.00781968E+2	-1.18394500E-2	-6.74298368E-2
8.02599515E+2	-1.16878600E-2	-6.74228606E-2
8.04180096E+2	-1.17850300E-2	-6.74597051E-2
8.06108169E+2	-1.17383900E-2	-6.74521923E-2
8.07584417E+2	-1.19055300E-2	-6.74268810E-2
8.07801279E+2	-1.17617100E-2	-6.74670391E-2
8.08805302E+2	-1.17073000E-2	-6.73813118E-2
8.11845154E+2	-1.17539400E-2	-6.74149856E-2
8.11968490E+2	-1.18472200E-2	-6.73855602E-2
8.13385208E+2	-1.18627700E-2	-6.74133310E-2
8.15504612E+2	-1.17578300E-2	-6.74318896E-2
8.16488462E+2	-1.17345000E-2	-6.74454843E-2
8.18218225E+2	-1.18394500E-2	-6.73948171E-2
8.20754603E+2	-1.18860900E-2	-6.74454396E-2
8.21219577E+2	-1.18938700E-2	-6.73994232E-2
8.22749332E+2	-1.18822100E-2	-6.74267021E-2
8.23300937E+2	-1.18860900E-2	-6.74605101E-2
8.23909556E+2	-1.16256700E-2	-6.74275071E-2
8.25584475E+2	-1.17306200E-2	-6.74550990E-2
8.27870263E+2	-1.17500500E-2	-6.73804174E-2
8.28780310E+2	-1.18122400E-2	-6.74073386E-2
8.30701990E+2	-1.16956300E-2	-6.73826981E-2
8.32553064E+2	-1.18588800E-2	-6.74146726E-2
8.34130450E+2	-1.18511100E-2	-6.73677618E-2
8.35800686E+2	-1.18627700E-2	-6.73699978E-2
8.36686102E+2	-1.17461600E-2	-6.73691928E-2
8.38314280E+2	-1.18666600E-2	-6.74080094E-2
8.40502625E+2	-1.18977500E-2	-6.73874384E-2
8.41874721E+2	-1.18627700E-2	-6.73715629E-2
8.43325798E+2	-1.18511100E-2	-6.74285356E-2
8.43880003E+2	-1.18666600E-2	-6.74163719E-2
8.45308145E+2	-1.17617100E-2	-6.74661000E-2
8.46433298E+2	-1.18627700E-2	-6.74917243E-2
8.48153066E+2	-1.18239000E-2	-6.74877907E-2
8.49310324E+2	-1.17889200E-2	-6.75271465E-2
8.50664407E+2	-1.18938700E-2	-6.74902529E-2
8.51519788E+2	-1.18822100E-2	-6.74806382E-2
8.53091769E+2	-1.18433400E-2	-6.74939646E-2
8.54422543E+2	-1.17500500E-2	-6.75072016E-2
8.55536708E+2	-1.17694900E-2	-6.74955298E-2
8.57112472E+2	-1.16956300E-2	-6.74603355E-2
8.59236560E+2	-1.17694900E-2	-6.74709788E-2
8.60923727E+2	-1.18822100E-2	-6.74863176E-2
8.62688074E+2	-1.17422800E-2	-6.74583679E-2
8.64756236E+2	-1.17500500E-2	-6.74818904E-2
8.67043826E+2	-1.18200200E-2	-6.74430291E-2
8.68682811E+2	-1.18860900E-2	-6.74369919E-2
8.70328461E+2	-1.17267300E-2	-6.74518388E-2
8.71388006E+2	-1.18783200E-2	-6.74262145E-2
8.72485105E+2	-1.18550000E-2	-6.74750036E-2
8.75812743E+2	-1.18083500E-2	-6.74977658E-2
8.76059865E+2	-1.17461600E-2	-6.74882853E-2
8.76495211E+2	-1.17694900E-2	-6.75239254E-2
8.77096798E+2	-1.18588800E-2	-6.75290651E-2
8.78658918E+2	-1.18588800E-2	-6.75359967E-2
8.80095765E+2	-1.19288500E-2	-6.75533031E-2
8.81600472E+2	-1.17850300E-2	-6.75290651E-2
8.82932896E+2	-1.19055300E-2	-6.75276341E-2
8.84500194E+2	-1.17811500E-2	-6.75025912E-2
8.85876117E+2	-1.18316800E-2	-6.75462374E-2
8.87017619E+2	-1.18822100E-2	-6.75371594E-2
8.88553089E+2	-1.19327300E-2	-6.75485628E-2
8.89864935E+2	-1.17928100E-2	-6.75494572E-2
8.92262894E+2	-1.16839700E-2	-6.75387245E-2
8.92630561E+2	-1.18822100E-2	-6.75545105E-2
8.93308976E+2	-1.18705400E-2	-6.75184219E-2
8.94405401E+2	-1.18899800E-2	-6.75461927E-2
8.96338340E+2	-1.17461600E-2	-6.75548683E-2
8.97583097E+2	-1.17306200E-2	-6.75432859E-2
8.99154787E+2	-1.18627700E-2	-6.75383221E-2
9.01030043E+2	-1.19793800E-2	-6.75336265E-2
9.01819141E+2	-1.19094100E-2	-6.75670767E-2
9.02561993E+2	-1.17539400E-2	-6.75437331E-2
9.04284238E+2	-1.18705400E-2	-6.75892576E-2
9.06226903E+2	-1.19016400E-2	-6.75440462E-2
9.07189323E+2	-1.17811500E-2	-6.75524087E-2
9.08413531E+2	-1.18783200E-2	-6.75779883E-2
9.09576014E+2	-1.17500500E-2	-6.75648408E-2
9.11308751E+2	-1.18511100E-2	-6.75911358E-2
9.13227820E+2	-1.18472200E-2	-6.75893023E-2
9.14600771E+2	-1.17500500E-2	-6.75841596E-2
9.16087467E+2	-1.18005800E-2	-6.75538397E-2
9.18101413E+2	-1.18899800E-2	-6.75813870E-2
9.19679898E+2	-1.18938700E-2	-6.75815659E-2
9.21210299E+2	-1.17966900E-2	-6.75991823E-2
9.22320952E+2	-1.19171900E-2	-6.75686823E-2
9.23596549E+2	-1.18550000E-2	-6.76124627E-2
9.24980712E+2	-1.19482800E-2	-6.75909526E-2
9.25621572E+2	-1.18977500E-2	-6.75839317E-2
9.27019018E+2	-1.19133000E-2	-6.76096901E-2
9.30009119E+2	-1.18938700E-2	-6.75736453E-2
9.30252594E+2	-1.17461600E-2	-6.75680966E-2
9.30991033E+2	-1.19210700E-2	-6.75948836E-2
9.31906123E+2	-1.19832600E-2	-6.76217153E-2
9.33315277E+2	-1.19327300E-2	-6.76445670E-2
9.35128031E+2	-1.18822100E-2	-6.76210445E-2
9.37514371E+2	-1.19171900E-2	-6.76557469E-2
9.38301667E+2	-1.19094100E-2	-6.76364280E-2
9.39342001E+2	-1.19094100E-2	-6.76362492E-2
9.40884970E+2	-1.19405100E-2	-6.76691627E-2
9.42531655E+2	-1.17811500E-2	-6.76895101E-2
9.43959361E+2	-1.19210700E-2	-6.76801637E-2
9.46536536E+2	-1.19366200E-2	-6.77088289E-2
9.46751192E+2	-1.17461600E-2	-6.76946081E-2
9.48114325E+2	-1.19366200E-2	-6.76742608E-2
9.50942759E+2	-1.19249600E-2	-6.77120488E-2
9.51163178E+2	-1.18938700E-2	-6.76809240E-2
9.52223443E+2	-1.18744300E-2	-6.77173257E-2
9.54101533E+2	-1.19638300E-2	-6.77632526E-2
9.55765824E+2	-1.18938700E-2	-6.77755952E-2
9.56987384E+2	-1.18783200E-2	-6.77345427E-2
9.57763018E+2	-1.19327300E-2	-6.77619557E-2
9.58792302E+2	-1.19288500E-2	-6.77817218E-2
9.60253790E+2	-1.19055300E-2	-6.78270226E-2
9.62775614E+2	-1.17889200E-2	-6.78400807E-2
9.63001212E+2	-1.17850300E-2	-6.78386050E-2
9.63955883E+2	-1.19599400E-2	-6.78115944E-2
9.65121922E+2	-1.17500500E-2	-6.78682988E-2
9.66395357E+2	-1.17772600E-2	-6.78541227E-2
9.67977604E+2	-1.19133000E-2	-6.78600704E-2
9.69592899E+2	-1.18083500E-2	-6.79032247E-2
9.70749264E+2	-1.19832600E-2	-6.78985292E-2
9.72657480E+2	-1.18783200E-2	-6.78637795E-2
9.72860293E+2	-1.18200200E-2	-6.78857797E-2
9.73932986E+2	-1.18394500E-2	-6.78743315E-2
9.75587956E+2	-1.18355600E-2	-6.78161962E-2
9.76819739E+2	-1.18083500E-2	-6.78022884E-2
9.77990056E+2	-1.19444000E-2	-6.78191029E-2
9.79035341E+2	-1.18200200E-2	-6.78066262E-2
9.80089740E+2	-1.18938700E-2	-6.78155254E-2
9.81546220E+2	-1.19327300E-2	-6.77880676E-2
9.82705775E+2	-1.18822100E-2	-6.77938811E-2
9.84135327E+2	-1.19716000E-2	-6.77894986E-2
9.85291279E+2	-1.19055300E-2	-6.77814044E-2
9.86654368E+2	-1.19016400E-2	-6.77617725E-2
9.87897723E+2	-1.18783200E-2	-6.77458971E-2
9.89312235E+2	-1.19560600E-2	-6.77267571E-2
9.90532850E+2	-1.18433400E-2	-6.77079302E-2
9.91681238E+2	-1.18161300E-2	-6.76825742E-2
9.93162484E+2	-1.19754900E-2	-6.76891480E-2
9.94550158E+2	-1.18744300E-2	-6.76911604E-2
9.95733624E+2	-1.19016400E-2	-6.76900849E-2
9.96918846E+2	-1.19016400E-2	-6.76918716E-2
9.98076735E+2	-1.18938700E-2	-6.77051533E-2
9.99272474E+2	-1.18005800E-2	-6.77223255E-2
1.00035426E+3	-1.18200200E-2	-6.77105643E-2
1.00135410E+3	-1.18666600E-2	-6.77081942E-2
1.00267576E+3	-1.19405100E-2	-6.76402652E-2
1.00361233E+3	-1.19171900E-2	-6.76333337E-2
1.00525154E+3	-1.19055300E-2	-6.76474204E-2
1.00642267E+3	-1.19016400E-2	-6.76459446E-2
1.00757198E+3	-1.17306200E-2	-6.75700556E-2
1.00861730E+3	-1.17150700E-2	-6.76348542E-2
1.00974106E+3	-1.18277900E-2	-6.76478676E-2
1.01089440E+3	-1.19016400E-2	-6.76594946E-2
1.01236173E+3	-1.17928100E-2	-6.76552463E-2
1.01468557E+3	-1.18588800E-2	-6.76488514E-2
1.01487235E+3	-1.18860900E-2	-6.76437086E-2
1.01584400E+3	-1.17461600E-2	-6.76154012E-2
1.01685806E+3	-1.19249600E-2	-6.76183079E-2
1.01764842E+3	-1.17189600E-2	-6.76280134E-2
1.01879582E+3	-1.18044700E-2	-6.76309232E-2
1.01992129E+3	-1.19482800E-2	-6.75883949E-2
1.02096602E+3	-1.17228400E-2	-6.76192067E-2
1.02207541E+3	-1.17267300E-2	-6.76105311E-2
1.02318086E+3	-1.19171900E-2	-6.76344113E-2
1.02423206E+3	-1.16839700E-2	-6.76314151E-2
1.02522802E+3	-1.19016400E-2	-6.76405826E-2
1.02621165E+3	-1.19210700E-2	-6.76116491E-2
1.02727173E+3	-1.19055300E-2	-6.76139745E-2
1.02841670E+3	-1.18860900E-2	-6.76084740E-2
1.02940924E+3	-1.17694900E-2	-6.76113808E-2
1.03049657E+3	-1.17306200E-2	-6.76302077E-2
1.03147490E+3	-1.19133000E-2	-6.76261829E-2
1.03255916E+3	-1.17850300E-2	-6.76456359E-2
1.03346327E+3	-1.18860900E-2	-6.76397329E-2
1.03462566E+3	-1.19366200E-2	-6.76604381E-2
1.03562162E+3	-1.18860900E-2	-6.76336958E-2
1.03675308E+3	-1.18860900E-2	-6.76228737E-2
1.03857259E+3	-1.19366200E-2	-6.76271220E-2
1.03873316E+3	-1.19249600E-2	-6.76292686E-2
1.03963866E+3	-1.19249600E-2	-6.76306102E-2
1.04055213E+3	-1.18122400E-2	-6.76650889E-2
1.04153823E+3	-1.18977500E-2	-6.76142875E-2
1.04250137E+3	-1.19327300E-2	-6.76663858E-2
1.04347113E+3	-1.19444000E-2	-6.76251097E-2
1.04440653E+3	-1.18977500E-2	-6.76496607E-2
1.04533675E+3	-1.17889200E-2	-6.76314598E-2
1.04623673E+3	-1.18005800E-2	-6.76590965E-2
1.04803570E+3	-1.18355600E-2	-6.76499737E-2
1.04894273E+3	-1.17850300E-2	-6.76354846E-2
1.04910448E+3	-1.17966900E-2	-6.76316387E-2
1.04982801E+3	-1.18860900E-2	-6.76750614E-2
1.05080538E+3	-1.17889200E-2	-6.76664305E-2
1.05167575E+3	-1.17850300E-2	-6.75847279E-2
1.05257819E+3	-1.18822100E-2	-6.76063722E-2
1.05355204E+3	-1.18977500E-2	-6.75990829E-2
1.05434717E+3	-1.18044700E-2	-6.76274351E-2
1.05524704E+3	-1.17422800E-2	-6.76219341E-2
1.05605631E+3	-1.19560600E-2	-6.75629452E-2
1.05690589E+3	-1.17656000E-2	-6.75643315E-2
1.05763491E+3	-1.17383900E-2	-6.75920129E-2
1.05845109E+3	-1.18394500E-2	-6.75790889E-2
1.06005034E+3	-1.17461600E-2	-6.75519442E-2
1.06020074E+3	-1.18899800E-2	-6.75522572E-2
1.06084854E+3	-1.18783200E-2	-6.75920576E-2
1.06170824E+3	-1.18394500E-2	-6.75802069E-2
1.06240705E+3	-1.17966900E-2	-6.75773002E-2
1.06330260E+3	-1.18783200E-2	-6.75654495E-2
1.06398304E+3	-1.17267300E-2	-6.76091852E-2
1.06479839E+3	-1.19016400E-2	-6.76085591E-2
1.06625410E+3	-1.19444000E-2	-6.75822193E-2
1.06637667E+3	-1.18588800E-2	-6.75990338E-2
1.06704073E+3	-1.19094100E-2	-6.76522053E-2
1.06774053E+3	-1.18239000E-2	-6.76431720E-2
1.06835419E+3	-1.17345000E-2	-6.76454080E-2
1.06912384E+3	-1.17617100E-2	-6.76347200E-2
1.06986385E+3	-1.18200200E-2	-6.76336467E-2
1.07047279E+3	-1.18977500E-2	-6.76673249E-2
1.07119564E+3	-1.17928100E-2	-6.76158527E-2
1.07182164E+3	-1.18822100E-2	-6.75959525E-2
1.07250636E+3	-1.18627700E-2	-6.76112019E-2
1.07304919E+3	-1.17811500E-2	-6.75512330E-2
1.07374157E+3	-1.18744300E-2	-6.75769915E-2
1.07437667E+3	-1.18472200E-2	-6.75422444E-2
1.07498958E+3	-1.19094100E-2	-6.75749791E-2
1.07558798E+3	-1.17422800E-2	-6.75743083E-2
1.07617228E+3	-1.18705400E-2	-6.75368333E-2
1.07675848E+3	-1.18433400E-2	-6.75481474E-2
1.07734602E+3	-1.18899800E-2	-6.75361178E-2
1.07791803E+3	-1.17422800E-2	-6.75448846E-2
1.07845879E+3	-1.17694900E-2	-6.75343781E-2
1.07902717E+3	-1.17150700E-2	-6.75125550E-2
1.07953384E+3	-1.16956300E-2	-6.75337520E-2
1.08007767E+3	-1.18355600E-2	-6.74922076E-2
1.08063567E+3	-1.18744300E-2	-6.75218119E-2
1.08111974E+3	-1.17228400E-2	-6.75010620E-2
1.08201069E+3	-1.18860900E-2	-6.74851376E-2
1.08209801E+3	-1.17733700E-2	-6.75265926E-2
1.08258940E+3	-1.17889200E-2	-6.75396059E-2
1.08304061E+3	-1.18005800E-2	-6.75540503E-2
1.08353459E+3	-1.17578300E-2	-6.75500703E-2
1.08392107E+3	-1.18899800E-2	-6.75481026E-2
1.08437461E+3	-1.17306200E-2	-6.75281130E-2
1.08479019E+3	-1.18899800E-2	-6.75926433E-2
1.08522923E+3	-1.19016400E-2	-6.76078479E-2
1.08559221E+3	-1.18822100E-2	-6.76036443E-2
1.08599248E+3	-1.17034100E-2	-6.76016766E-2
1.08635015E+3	-1.17267300E-2	-6.76013189E-2
1.08676203E+3	-1.17345000E-2	-6.76425503E-2
1.08709277E+3	-1.17111800E-2	-6.76120963E-2
1.08746035E+3	-1.18938700E-2	-6.76143323E-2
1.08779186E+3	-1.17850300E-2	-6.76215768E-2
1.08809013E+3	-1.19133000E-2	-6.75921514E-2
1.08842114E+3	-1.19288500E-2	-6.76169707E-2
1.08868972E+3	-1.17733700E-2	-6.76091448E-2
1.08902199E+3	-1.18822100E-2	-6.75921023E-2
1.08926921E+3	-1.18938700E-2	-6.76069045E-2
1.08956509E+3	-1.19094100E-2	-6.76008226E-2
1.08980744E+3	-1.18977500E-2	-6.76014487E-2
1.09003480E+3	-1.18394500E-2	-6.76054734E-2
1.09025661E+3	-1.17539400E-2	-6.76370007E-2
1.09049117E+3	-1.18083500E-2	-6.76672346E-2
1.09066233E+3	-1.19094100E-2	-6.76330250E-2
1.09090256E+3	-1.18860900E-2	-6.76668777E-2
1.09107268E+3	-1.19638300E-2	-6.76974211E-2
1.09126491E+3	-1.18860900E-2	-6.77128494E-2
1.09141248E+3	-1.17500500E-2	-6.76958559E-2
1.09159611E+3	-1.19094100E-2	-6.76761793E-2
1.09160750E+3	-1.17383900E-2	-6.77305583E-2
1.09170403E+3	-1.19133000E-2	-6.77270254E-2
1.09177895E+3	-1.17694900E-2	-6.77326154E-2
1.09186126E+3	-1.18355600E-2	-6.77335545E-2
1.09201252E+3	-1.18860900E-2	-6.77675861E-2
1.09201895E+3	-1.19249600E-2	-6.77682121E-2
1.09211118E+3	-1.17617100E-2	-6.77594918E-2
1.09222708E+3	-1.17733700E-2	-6.77209883E-2
1.09223852E+3	-1.18822100E-2	-6.77245212E-2
