# Begin of measurement: 22.11.2018 12:56:24
# R-Sample[Ohm]	I-Coil[A]	U-Magnetometer[V]
# Kei2000	HP E3631A +6V : I	Kei2000
1.08602508E+3	3.07771300E-1	1.58210129E+0
1.08626869E+3	3.07728500E-1	1.58208305E+0
1.08646556E+3	3.07845100E-1	1.58209834E+0
1.08676978E+3	3.07786800E-1	1.58208645E+0
1.08682084E+3	3.07697400E-1	1.58204624E+0
1.08713942E+3	3.07724600E-1	1.58202563E+0
1.08716311E+3	3.07767400E-1	1.58201566E+0
1.08733571E+3	3.07868500E-1	1.58201539E+0
1.08748313E+3	3.07771300E-1	1.58203055E+0
1.08775603E+3	3.07849000E-1	1.58205921E+0
1.08793800E+3	3.07922900E-1	1.58205747E+0
1.08814941E+3	3.07829600E-1	1.58207276E+0
1.08833254E+3	3.07759600E-1	1.58204562E+0
1.08846741E+3	3.07810200E-1	1.58202802E+0
1.08862033E+3	3.07891800E-1	1.58206490E+0
1.08871520E+3	3.07911200E-1	1.58202823E+0
1.08878576E+3	3.07887900E-1	1.58200283E+0
1.08882769E+3	3.07771300E-1	1.58201392E+0
1.08883336E+3	3.07771300E-1	1.58197649E+0
1.08881382E+3	3.07732400E-1	1.58197995E+0
1.08866103E+3	3.07736300E-1	1.58198574E+0
1.08864946E+3	3.07942300E-1	1.58199052E+0
1.08853162E+3	3.07759600E-1	1.58202505E+0
1.08834700E+3	3.07872300E-1	1.58203167E+0
1.08815990E+3	3.07794600E-1	1.58206114E+0
1.08791098E+3	3.07767400E-1	1.58206543E+0
1.08760644E+3	3.07783000E-1	1.58207303E+0
1.08728962E+3	3.07802400E-1	1.58211314E+0
1.08694379E+3	3.07716800E-1	1.58206650E+0
1.08650602E+3	3.07728500E-1	1.58208752E+0
1.08606779E+3	3.07919000E-1	1.58212499E+0
1.08559896E+3	3.07790700E-1	1.58208689E+0
1.08453864E+3	3.07802400E-1	1.58211212E+0
1.08443674E+3	3.07907300E-1	1.58210648E+0
1.08394880E+3	3.07771300E-1	1.58213103E+0
1.08329749E+3	3.07779000E-1	1.58214320E+0
1.08261012E+3	3.07767400E-1	1.58210952E+0
1.08183688E+3	3.07825700E-1	1.58211422E+0
1.08113659E+3	3.07911200E-1	1.58213251E+0
1.08028981E+3	3.07856800E-1	1.58211024E+0
1.07950729E+3	3.07821800E-1	1.58213394E+0
1.07857793E+3	3.07954000E-1	1.58214418E+0
1.07774092E+3	3.07775200E-1	1.58214185E+0
1.07664027E+3	3.07915100E-1	1.58212276E+0
1.07574144E+3	3.07961700E-1	1.58213640E+0
1.07468258E+3	3.07876200E-1	1.58214105E+0
1.07360993E+3	3.07802400E-1	1.58213962E+0
1.07247017E+3	3.07938400E-1	1.58217638E+0
1.07145629E+3	3.07880100E-1	1.58216023E+0
1.07017521E+3	3.07934500E-1	1.58213546E+0
1.06898157E+3	3.07748000E-1	1.58209561E+0
1.06775105E+3	3.07783000E-1	1.58211899E+0
1.06646970E+3	3.07942300E-1	1.58210799E+0
1.06519805E+3	3.07915100E-1	1.58207749E+0
1.06372073E+3	3.07903400E-1	1.58213053E+0
1.06233838E+3	3.07786800E-1	1.58214023E+0
1.06084768E+3	3.07907300E-1	1.58213191E+0
1.05939729E+3	3.07751800E-1	1.58215079E+0
1.05781523E+3	3.07779000E-1	1.58212190E+0
1.05634569E+3	3.07759600E-1	1.58206300E+0
1.05468357E+3	3.07759600E-1	1.58211975E+0
1.05306976E+3	3.07919000E-1	1.58210955E+0
1.05149455E+3	3.07841300E-1	1.58210070E+0
1.04992009E+3	3.07783000E-1	1.58208395E+0
1.04843273E+3	3.07899500E-1	1.58210641E+0
1.04692510E+3	3.07872300E-1	1.58210337E+0
1.04521903E+3	3.07783000E-1	1.58212551E+0
1.04366858E+3	3.07872300E-1	1.58208289E+0
1.04180226E+3	3.07732400E-1	1.58206876E+0
1.04011581E+3	3.07775200E-1	1.58213002E+0
1.03830847E+3	3.07911200E-1	1.58208562E+0
1.03636874E+3	3.07837300E-1	1.58213213E+0
1.03431369E+3	3.07950100E-1	1.58213025E+0
1.03257749E+3	3.07771300E-1	1.58211741E+0
1.02882100E+3	3.07821800E-1	1.58212466E+0
1.02846724E+3	3.07779000E-1	1.58211553E+0
1.02644517E+3	3.07728500E-1	1.58208437E+0
1.02456285E+3	3.07798500E-1	1.58203361E+0
1.02239113E+3	3.07775200E-1	1.58203289E+0
1.02047549E+3	3.07751800E-1	1.58198419E+0
1.01873479E+3	3.07771300E-1	1.58203325E+0
1.01662138E+3	3.07872300E-1	1.58206871E+0
1.01470547E+3	3.07771300E-1	1.58206174E+0
1.01247372E+3	3.07794600E-1	1.58203947E+0
1.01025103E+3	3.07872300E-1	1.58201469E+0
1.00801415E+3	3.07744100E-1	1.58205744E+0
1.00552043E+3	3.07934500E-1	1.58204506E+0
1.00375352E+3	3.07872300E-1	1.58201675E+0
1.00167839E+3	3.07884000E-1	1.58205087E+0
1.00063843E+3	3.07915100E-1	1.58206397E+0
9.98955147E+2	3.07709100E-1	1.58205315E+0
9.96424496E+2	3.07748000E-1	1.58206062E+0
9.94630662E+2	3.07759600E-1	1.58205722E+0
9.92216323E+2	3.07724600E-1	1.58208173E+0
9.88809401E+2	3.07697400E-1	1.58205217E+0
9.85635597E+2	3.07767400E-1	1.58208240E+0
9.82769027E+2	3.07716800E-1	1.58207188E+0
9.80656385E+2	3.07732400E-1	1.58211879E+0
9.78953059E+2	3.07751800E-1	1.58210466E+0
9.76109410E+2	3.07709100E-1	1.58207049E+0
9.73489061E+2	3.07755700E-1	1.58208140E+0
9.70756725E+2	3.07759600E-1	1.58208771E+0
9.68282451E+2	3.07705200E-1	1.58210613E+0
9.66854570E+2	3.07779000E-1	1.58208104E+0
9.64340806E+2	3.07720800E-1	1.58208440E+0
9.59054969E+2	3.07887900E-1	1.58207094E+0
9.58746248E+2	3.07771300E-1	1.58210707E+0
9.56427416E+2	3.07856800E-1	1.58209154E+0
9.53325343E+2	3.07798500E-1	1.58210040E+0
9.50249793E+2	3.07887900E-1	1.58210165E+0
9.47279071E+2	3.07732400E-1	1.58210478E+0
9.44711452E+2	3.07922900E-1	1.58211207E+0
9.40615730E+2	3.07775200E-1	1.58213496E+0
9.37394646E+2	3.07751800E-1	1.58216425E+0
9.37132575E+2	3.07957900E-1	1.58219787E+0
9.34221788E+2	3.07884000E-1	1.58220606E+0
9.31252148E+2	3.07829600E-1	1.58221021E+0
9.28681513E+2	3.07919000E-1	1.58219899E+0
9.26294012E+2	3.07872300E-1	1.58215427E+0
9.24280705E+2	3.07751800E-1	1.58218571E+0
9.21493893E+2	3.07810200E-1	1.58216804E+0
9.19251415E+2	3.07786800E-1	1.58218155E+0
9.16916688E+2	3.07744100E-1	1.58212511E+0
9.13934483E+2	3.07744100E-1	1.58213826E+0
9.10646754E+2	3.07856800E-1	1.58216040E+0
9.08706754E+2	3.07891800E-1	1.58217422E+0
9.05433390E+2	3.07759600E-1	1.58218173E+0
9.03274198E+2	3.07860700E-1	1.58222913E+0
9.00533355E+2	3.07915100E-1	1.58221938E+0
8.97417819E+2	3.07876200E-1	1.58225891E+0
8.93669171E+2	3.07922900E-1	1.58225578E+0
8.91237272E+2	3.07829600E-1	1.58222792E+0
8.88456530E+2	3.07798500E-1	1.58223602E+0
8.85759272E+2	3.07771300E-1	1.58227272E+0
8.83327687E+2	3.07864500E-1	1.58224817E+0
8.80990368E+2	3.07783000E-1	1.58225076E+0
8.77584994E+2	3.07767400E-1	1.58226565E+0
8.71174119E+2	3.07786800E-1	1.58223963E+0
8.70819063E+2	3.07821800E-1	1.58221977E+0
8.69029056E+2	3.07934500E-1	1.58222210E+0
8.66694824E+2	3.07806300E-1	1.58224610E+0
8.64086543E+2	3.07759600E-1	1.58223228E+0
8.62432623E+2	3.07783000E-1	1.58224735E+0
8.60179614E+2	3.07744100E-1	1.58223018E+0
8.56032455E+2	3.07899500E-1	1.58226251E+0
8.53485910E+2	3.07891800E-1	1.58228299E+0
8.47022847E+2	3.07837300E-1	1.58222173E+0
8.44217608E+2	3.07884000E-1	1.58220536E+0
8.43649428E+2	3.07786800E-1	1.58219288E+0
8.40563161E+2	3.07775200E-1	1.58223242E+0
8.38706612E+2	3.07895700E-1	1.58224995E+0
8.36660387E+2	3.07783000E-1	1.58224659E+0
8.33655127E+2	3.07775200E-1	1.58223447E+0
8.31294507E+2	3.07926800E-1	1.58220429E+0
8.29202848E+2	3.07860700E-1	1.58217330E+0
8.26228703E+2	3.07709100E-1	1.58219655E+0
8.23537297E+2	3.07783000E-1	1.58218703E+0
8.21691697E+2	3.07740200E-1	1.58218416E+0
8.17834555E+2	3.07868500E-1	1.58216963E+0
8.17519710E+2	3.07767400E-1	1.58219548E+0
8.15818950E+2	3.07755700E-1	1.58219101E+0
8.13654118E+2	3.07724600E-1	1.58218421E+0
8.11389997E+2	3.07880100E-1	1.58217933E+0
8.10514671E+2	3.07713000E-1	1.58219369E+0
8.05456657E+2	3.07767400E-1	1.58219561E+0
8.01536083E+2	3.07720800E-1	1.58223358E+0
7.97785630E+2	3.07829600E-1	1.58222906E+0
7.95060272E+2	3.07946200E-1	1.58219338E+0
7.93729743E+2	3.07903400E-1	1.58228993E+0
7.90759290E+2	3.07864500E-1	1.58228671E+0
7.87557341E+2	3.07899500E-1	1.58227678E+0
7.85103554E+2	3.07884000E-1	1.58224284E+0
7.82100157E+2	3.07709100E-1	1.58226685E+0
7.80078028E+2	3.07903400E-1	1.58224100E+0
7.77290394E+2	3.07794600E-1	1.58222110E+0
7.75175994E+2	3.07926800E-1	1.58224386E+0
7.73339246E+2	3.07720800E-1	1.58231372E+0
7.71943290E+2	3.07767400E-1	1.58231072E+0
7.69611623E+2	3.07907300E-1	1.58232910E+0
7.65955373E+2	3.07736300E-1	1.58233786E+0
7.62772798E+2	3.07713000E-1	1.58235490E+0
7.58866094E+2	3.07876200E-1	1.58237641E+0
7.55498617E+2	3.07856800E-1	1.58237471E+0
7.52421850E+2	3.07810200E-1	1.58237932E+0
7.50381884E+2	3.07911200E-1	1.58236970E+0
7.48099615E+2	3.07860700E-1	1.58237538E+0
7.45943248E+2	3.07856800E-1	1.58241027E+0
7.44246577E+2	3.07771300E-1	1.58244036E+0
7.40868466E+2	3.07689600E-1	1.58245959E+0
7.38288958E+2	3.07786800E-1	1.58244774E+0
7.35075300E+2	3.07736300E-1	1.58246858E+0
7.33234273E+2	3.07666300E-1	1.58249282E+0
7.31475290E+2	3.07736300E-1	1.58249519E+0
7.29917814E+2	3.07724600E-1	1.58251867E+0
7.26635081E+2	3.07724600E-1	1.58254635E+0
7.23391073E+2	3.07724600E-1	1.58259488E+0
7.21239659E+2	3.07884000E-1	1.58265297E+0
7.18497909E+2	3.07810200E-1	1.58267394E+0
7.15295959E+2	3.07724600E-1	1.58271790E+0
7.13867942E+2	3.07697400E-1	1.58275878E+0
7.11848149E+2	3.07845100E-1	1.58283216E+0
7.09939173E+2	3.07794600E-1	1.58282657E+0
7.06900727E+2	3.07748000E-1	1.58287250E+0
7.04104204E+2	3.07751800E-1	1.58292889E+0
7.03050066E+2	3.07860700E-1	1.58298179E+0
7.01302745E+2	3.07779000E-1	1.58305334E+0
6.99011650E+2	3.07724600E-1	1.58314811E+0
6.95456625E+2	3.07705200E-1	1.58321344E+0
6.94332377E+2	3.07740200E-1	1.58330127E+0
6.93562870E+2	3.07775200E-1	1.58338427E+0
6.89196985E+2	3.07709100E-1	1.58347174E+0
6.85459094E+2	3.07783000E-1	1.58362906E+0
6.83735999E+2	3.07748000E-1	1.58384144E+0
6.80196553E+2	3.07674100E-1	1.58401795E+0
6.78618858E+2	3.07903400E-1	1.58424056E+0
6.76428943E+2	3.07728500E-1	1.58445745E+0
6.75219183E+2	3.07709100E-1	1.58468458E+0
6.71980538E+2	3.07884000E-1	1.58498308E+0
6.69625933E+2	3.07817900E-1	1.58558349E+0
6.67834078E+2	3.07720800E-1	1.58631031E+0
6.64060029E+2	3.07759600E-1	1.58785909E+0
6.62217426E+2	3.07860700E-1	1.59194154E+0
6.60115184E+2	3.07802400E-1	1.59809401E+0
6.58184954E+2	3.07895700E-1	1.60976840E+0
6.57744455E+2	3.07868500E-1	1.63577944E+0
6.54816201E+2	3.07849000E-1	1.65919465E+0
6.51113617E+2	3.07736300E-1	1.70463191E+0
6.48999444E+2	3.07709100E-1	1.75814324E+0
6.46500810E+2	3.07689600E-1	1.76214403E+0
6.43214162E+2	3.07697400E-1	1.76216039E+0
6.41115208E+2	3.07639100E-1	1.76213754E+0
6.38757336E+2	3.07837300E-1	1.76212873E+0
6.38370348E+2	3.07709100E-1	1.76215337E+0
6.37160139E+2	3.07697400E-1	1.76217341E+0
6.35191185E+2	3.07856800E-1	1.76215539E+0
6.32855918E+2	3.07716800E-1	1.76212766E+0
6.31801646E+2	3.07744100E-1	1.76217412E+0
6.30085982E+2	3.07705200E-1	1.76221799E+0
6.27104094E+2	3.07829600E-1	1.76224849E+0
6.24327157E+2	3.07728500E-1	1.76225185E+0
6.22346329E+2	3.07751800E-1	1.76225028E+0
6.19881197E+2	3.07724600E-1	1.76227394E+0
6.18028374E+2	3.07884000E-1	1.76227264E+0
6.16718651E+2	3.07701300E-1	1.76231879E+0
6.15622636E+2	3.07802400E-1	1.76230412E+0
6.13345682E+2	3.07771300E-1	1.76231839E+0
6.11114928E+2	3.07887900E-1	1.76227984E+0
6.07667874E+2	3.07775200E-1	1.76230274E+0
6.06339869E+2	3.07860700E-1	1.76233511E+0
6.05423431E+2	3.07685800E-1	1.76231499E+0
6.02874004E+2	3.07817900E-1	1.76234321E+0
6.01269293E+2	3.07771300E-1	1.76232818E+0
5.99807865E+2	3.07845100E-1	1.76231709E+0
5.98385163E+2	3.07837300E-1	1.76231991E+0
5.97232911E+2	3.07868500E-1	1.76233453E+0
5.94712653E+2	3.07709100E-1	1.76234692E+0
5.91752873E+2	3.07744100E-1	1.76233127E+0
5.90884077E+2	3.07724600E-1	1.76235242E+0
5.88238288E+2	3.07817900E-1	1.76236584E+0
5.86372181E+2	3.07891800E-1	1.76233628E+0
5.84413224E+2	3.07852900E-1	1.76232045E+0
5.82469165E+2	3.07674100E-1	1.76229312E+0
5.82106210E+2	3.07767400E-1	1.76228547E+0
5.79752031E+2	3.07751800E-1	1.76225712E+0
5.77903441E+2	3.07806300E-1	1.76221996E+0
5.76723897E+2	3.07740200E-1	1.76225426E+0
5.74881161E+2	3.07794600E-1	1.76227380E+0
5.72504692E+2	3.07748000E-1	1.76226710E+0
5.70133087E+2	3.07751800E-1	1.76226455E+0
5.68294914E+2	3.07697400E-1	1.76226388E+0
5.67127972E+2	3.07880100E-1	1.76225484E+0
5.66050554E+2	3.07713000E-1	1.76227586E+0
5.63785443E+2	3.07693600E-1	1.76226151E+0
5.63079563E+2	3.07856800E-1	1.76223812E+0
5.61898263E+2	3.07748000E-1	1.76224093E+0
5.59923546E+2	3.07713000E-1	1.76222327E+0
5.58122050E+2	3.07744100E-1	1.76219894E+0
5.56587613E+2	3.07829600E-1	1.76219487E+0
5.54303005E+2	3.07841300E-1	1.76219798E+0
5.52719728E+2	3.07915100E-1	1.76224082E+0
5.49930565E+2	3.07779000E-1	1.76223787E+0
5.47867140E+2	3.07744100E-1	1.76221721E+0
5.46898424E+2	3.07728500E-1	1.76218676E+0
5.44467605E+2	3.07744100E-1	1.76218913E+0
5.42753225E+2	3.07899500E-1	1.76220621E+0
5.41276532E+2	3.07872300E-1	1.76221444E+0
5.40063757E+2	3.07736300E-1	1.76218801E+0
5.38837878E+2	3.07864500E-1	1.76223022E+0
5.37316337E+2	3.07833500E-1	1.76220800E+0
5.33560349E+2	3.07759600E-1	1.76222960E+0
5.33260499E+2	3.07887900E-1	1.76223194E+0
5.32689868E+2	3.07829600E-1	1.76219089E+0
5.31293667E+2	3.07880100E-1	1.76223543E+0
5.30324455E+2	3.07864500E-1	1.76217358E+0
5.29506812E+2	3.07685800E-1	1.76219111E+0
5.27429337E+2	3.07779000E-1	1.76219161E+0
5.24907648E+2	3.07716800E-1	1.76216794E+0
5.24783322E+2	3.07685800E-1	1.76210867E+0
5.22598182E+2	3.07740200E-1	1.76216207E+0
5.20467325E+2	3.07716800E-1	1.76215881E+0
5.19446330E+2	3.07674100E-1	1.76217625E+0
5.18244496E+2	3.07786800E-1	1.76215500E+0
5.16727817E+2	3.07635300E-1	1.76212352E+0
5.15584612E+2	3.07864500E-1	1.76214481E+0
5.14347430E+2	3.07887900E-1	1.76213770E+0
5.13530913E+2	3.07790700E-1	1.76211341E+0
5.10835405E+2	3.07713000E-1	1.76213300E+0
5.09413822E+2	3.07779000E-1	1.76214668E+0
5.06976653E+2	3.07837300E-1	1.76211480E+0
5.05075649E+2	3.07790700E-1	1.76215690E+0
5.04337662E+2	3.07736300E-1	1.76215216E+0
5.03400061E+2	3.07709100E-1	1.76211527E+0
5.02956612E+2	3.07899500E-1	1.76210923E+0
5.00692086E+2	3.07720800E-1	1.76211469E+0
4.99191141E+2	3.07802400E-1	1.76210427E+0
4.97249206E+2	3.07779000E-1	1.76213088E+0
4.96946384E+2	3.07662400E-1	1.76211974E+0
4.95456903E+2	3.07736300E-1	1.76209148E+0
4.93472820E+2	3.07887900E-1	1.76209622E+0
4.91447581E+2	3.07856800E-1	1.76208289E+0
4.89871239E+2	3.07767400E-1	1.76210856E+0
4.88926666E+2	3.07845100E-1	1.76211141E+0
4.87649636E+2	3.07779000E-1	1.76208734E+0
4.85978913E+2	3.07763500E-1	1.76208247E+0
4.84675538E+2	3.07825700E-1	1.76211207E+0
4.83068757E+2	3.07697400E-1	1.76211185E+0
4.82726849E+2	3.07845100E-1	1.76206896E+0
4.82622516E+2	3.07716800E-1	1.76204667E+0
4.82431400E+2	3.07720800E-1	1.76207185E+0
4.81701563E+2	3.07763500E-1	1.76208683E+0
4.80952815E+2	3.07744100E-1	1.76204761E+0
4.80446730E+2	3.07798500E-1	1.76204564E+0
4.80279085E+2	3.07856800E-1	1.76209081E+0
4.80772022E+2	3.07755700E-1	1.76205722E+0
4.80767159E+2	3.07895700E-1	1.76203911E+0
4.80614374E+2	3.07860700E-1	1.76205414E+0
4.79195617E+2	3.07763500E-1	1.76207614E+0
4.79095292E+2	3.07887900E-1	1.76204707E+0
4.77966676E+2	3.07716800E-1	1.76208522E+0
4.77800338E+2	3.07771300E-1	1.76210360E+0
4.77673085E+2	3.07771300E-1	1.76209305E+0
4.78034310E+2	3.07716800E-1	1.76208126E+0
4.78353658E+2	3.07852900E-1	1.76209016E+0
4.78243242E+2	3.07786800E-1	1.76208081E+0
4.78115592E+2	3.07674100E-1	1.76211118E+0
4.77764813E+2	3.07860700E-1	1.76209673E+0
4.78133108E+2	3.07740200E-1	1.76207907E+0
4.78413551E+2	3.07759600E-1	1.76205662E+0
4.78343666E+2	3.07887900E-1	1.76206820E+0
4.78383922E+2	3.07763500E-1	1.76204696E+0
4.78738528E+2	3.07724600E-1	1.76203909E+0
4.77956548E+2	3.07755700E-1	1.76201856E+0
4.77653726E+2	3.07693600E-1	1.76202867E+0
4.77605635E+2	3.07845100E-1	1.76204177E+0
4.77562497E+2	3.07860700E-1	1.76205411E+0
4.77395393E+2	3.07856800E-1	1.76203886E+0
4.77125036E+2	3.07693600E-1	1.76204951E+0
4.76953430E+2	3.07880100E-1	1.76203390E+0
4.77857027E+2	3.07829600E-1	1.76203967E+0
4.77956122E+2	3.07868500E-1	1.76200036E+0
4.77733903E+2	3.07872300E-1	1.76202234E+0
4.77866424E+2	3.07821800E-1	1.76202314E+0
4.77700761E+2	3.07880100E-1	1.76201679E+0
4.77676760E+2	3.07720800E-1	1.76200105E+0
4.78181134E+2	3.07786800E-1	1.76205843E+0
4.78211934E+2	3.07728500E-1	1.76200190E+0
4.78478203E+2	3.07666300E-1	1.76198715E+0
4.77825143E+2	3.07852900E-1	1.76196608E+0
4.77651554E+2	3.07705200E-1	1.76189802E+0
4.77496338E+2	3.07681900E-1	1.76193652E+0
4.76910641E+2	3.07701300E-1	1.76196389E+0
4.77271146E+2	3.07740200E-1	1.76197766E+0
4.76950808E+2	3.07821800E-1	1.76198701E+0
4.77190196E+2	3.07872300E-1	1.76198858E+0
4.77223734E+2	3.07732400E-1	1.76201702E+0
4.77349952E+2	3.07755700E-1	1.76197668E+0
4.77401375E+2	3.07740200E-1	1.76199341E+0
4.77055685E+2	3.07705200E-1	1.76194913E+0
4.76966662E+2	3.07666300E-1	1.76195007E+0
4.76887320E+2	3.07744100E-1	1.76195092E+0
4.76774296E+2	3.07849000E-1	1.76197328E+0
4.76605256E+2	3.07763500E-1	1.76195007E+0
4.76437342E+2	3.07884000E-1	1.76196166E+0
4.77235352E+2	3.07670200E-1	1.76194229E+0
4.77484680E+2	3.07872300E-1	1.76193940E+0
4.76999623E+2	3.07701300E-1	1.76193136E+0
4.77860585E+2	3.07837300E-1	1.76193216E+0
4.77711087E+2	3.07880100E-1	1.76193968E+0
4.78257668E+2	3.07720800E-1	1.76190743E+0
4.77671707E+2	3.07658600E-1	1.76192716E+0
4.77270901E+2	3.07670200E-1	1.76191459E+0
4.77223935E+2	3.07716800E-1	1.76191043E+0
4.77449352E+2	3.07701300E-1	1.76195001E+0
4.77953321E+2	3.07856800E-1	1.76191325E+0
4.78379118E+2	3.07849000E-1	1.76192107E+0
4.78171668E+2	3.07767400E-1	1.76196047E+0
4.78452357E+2	3.07736300E-1	1.76198900E+0
4.78295564E+2	3.07720800E-1	1.76196709E+0
4.78079018E+2	3.07845100E-1	1.76193185E+0
4.78152326E+2	3.07880100E-1	1.76194030E+0
4.78097480E+2	3.07662400E-1	1.76194893E+0
4.77787588E+2	3.07825700E-1	1.76194612E+0
4.77515025E+2	3.07732400E-1	1.76196289E+0
4.77480083E+2	3.07783000E-1	1.76196593E+0
4.77242373E+2	3.07860700E-1	1.76193932E+0
4.77380478E+2	3.07693600E-1	1.76194974E+0
4.76908544E+2	3.07786800E-1	1.76195730E+0
4.76468112E+2	3.07751800E-1	1.76198833E+0
4.76430647E+2	3.07744100E-1	1.76199508E+0
4.76418804E+2	3.07759600E-1	1.76195582E+0
4.77098027E+2	3.07763500E-1	1.76192957E+0
4.76822853E+2	3.07713000E-1	1.76190699E+0
4.76006606E+2	3.07693600E-1	1.76193444E+0
4.76455098E+2	3.07880100E-1	1.76191191E+0
4.76647221E+2	3.07689600E-1	1.76191638E+0
4.76724212E+2	3.07716800E-1	1.76190001E+0
4.76724257E+2	3.07724600E-1	1.76189706E+0
4.77126054E+2	3.07814000E-1	1.76190068E+0
4.76851375E+2	3.07631300E-1	1.76186777E+0
4.77740029E+2	3.07736300E-1	1.76184071E+0
4.77513576E+2	3.07849000E-1	1.76186236E+0
4.77369122E+2	3.07685800E-1	1.76184644E+0
4.76961336E+2	3.07829600E-1	1.76187398E+0
4.77014696E+2	3.07639100E-1	1.76186459E+0
4.76885957E+2	3.07678000E-1	1.76184603E+0
4.77264744E+2	3.07845100E-1	1.76178486E+0
4.77544016E+2	3.07650800E-1	1.76181786E+0
4.77582921E+2	3.07670200E-1	1.76180297E+0
4.78033665E+2	3.07681900E-1	1.76184854E+0
4.77960155E+2	3.07631300E-1	1.76186142E+0
4.77943215E+2	3.07849000E-1	1.76186714E+0
4.77991397E+2	3.07825700E-1	1.76183481E+0
4.77282770E+2	3.07783000E-1	1.76183058E+0
4.77539978E+2	3.07833500E-1	1.76176494E+0
4.77591626E+2	3.07697400E-1	1.76174812E+0
4.78020125E+2	3.07755700E-1	1.76178367E+0
4.78962685E+2	3.07849000E-1	1.76175908E+0
4.78670234E+2	3.07779000E-1	1.76172312E+0
4.78467197E+2	3.07654700E-1	1.76173797E+0
4.78023073E+2	3.07693600E-1	1.76174065E+0
4.77821837E+2	3.07716800E-1	1.76177223E+0
4.77470743E+2	3.07693600E-1	1.76178068E+0
4.77812381E+2	3.07693600E-1	1.76172089E+0
4.77517078E+2	3.07775200E-1	1.76174115E+0
4.77370774E+2	3.07720800E-1	1.76172240E+0
4.76736086E+2	3.07716800E-1	1.76174108E+0
4.77161568E+2	3.07779000E-1	1.76172328E+0
4.76673990E+2	3.07829600E-1	1.76170361E+0
4.77189666E+2	3.07814000E-1	1.76165169E+0
4.77580386E+2	3.07693600E-1	1.76163764E+0
4.77473891E+2	3.07864500E-1	1.76164484E+0
4.77682887E+2	3.07639100E-1	1.76164522E+0
4.77881560E+2	3.07650800E-1	1.76162725E+0
4.77966665E+2	3.07802400E-1	1.76163610E+0
4.77987064E+2	3.07666300E-1	1.76165680E+0
4.77890611E+2	3.07728500E-1	1.76163901E+0
4.77565499E+2	3.07701300E-1	1.76164486E+0
4.77820905E+2	3.07654700E-1	1.76163812E+0
4.78112515E+2	3.07806300E-1	1.76165169E+0
4.78086623E+2	3.07666300E-1	1.76163272E+0
4.78197035E+2	3.07802400E-1	1.76164932E+0
4.77949059E+2	3.07643000E-1	1.76162454E+0
4.77589320E+2	3.07635300E-1	1.76161287E+0
4.77870663E+2	3.07806300E-1	1.76158733E+0
4.77611114E+2	3.07837300E-1	1.76162365E+0
4.77478998E+2	3.07732400E-1	1.76163594E+0
4.77286968E+2	3.07786800E-1	1.76164525E+0
4.77547913E+2	3.07767400E-1	1.76164297E+0
4.77680660E+2	3.07798500E-1	1.76165222E+0
4.77959616E+2	3.07713000E-1	1.76164710E+0
4.78144146E+2	3.07674100E-1	1.76165795E+0
4.77816468E+2	3.07654700E-1	1.76170191E+0
4.78013111E+2	3.07821800E-1	1.76161864E+0
4.77523012E+2	3.07693600E-1	1.76164520E+0
4.77090595E+2	3.07631300E-1	1.76167154E+0
4.77244461E+2	3.07849000E-1	1.76166658E+0
4.77795800E+2	3.07658600E-1	1.76169891E+0
4.78169543E+2	3.07709100E-1	1.76168098E+0
4.77992172E+2	3.07837300E-1	1.76170249E+0
4.77916478E+2	3.07728500E-1	1.76172467E+0
4.77401498E+2	3.07689600E-1	1.76171738E+0
4.77323299E+2	3.07829600E-1	1.76173473E+0
4.77865317E+2	3.07802400E-1	1.76172279E+0
4.77514674E+2	3.07705200E-1	1.76176179E+0
4.78224741E+2	3.07802400E-1	1.76174627E+0
4.78955522E+2	3.07658600E-1	1.76177681E+0
4.80026140E+2	3.07748000E-1	1.76176000E+0
4.81393636E+2	3.07709100E-1	1.76178670E+0
4.82011005E+2	3.07720800E-1	1.76174099E+0
4.83013672E+2	3.07810200E-1	1.76177230E+0
4.84548992E+2	3.07798500E-1	1.76180248E+0
4.86229621E+2	3.07720800E-1	1.76178245E+0
4.87297582E+2	3.07794600E-1	1.76178196E+0
4.89006760E+2	3.07810200E-1	1.76177534E+0
4.90005420E+2	3.07732400E-1	1.76180266E+0
4.90234062E+2	3.07849000E-1	1.76183924E+0
4.91829747E+2	3.07693600E-1	1.76183231E+0
4.93501821E+2	3.07841300E-1	1.76184421E+0
4.94287673E+2	3.07821800E-1	1.76183320E+0
4.95221762E+2	3.07802400E-1	1.76187985E+0
4.96060659E+2	3.07868500E-1	1.76189353E+0
4.98148174E+2	3.07720800E-1	1.76186169E+0
4.99249688E+2	3.07783000E-1	1.76186276E+0
5.00988646E+2	3.07798500E-1	1.76188490E+0
5.02213805E+2	3.07670200E-1	1.76190216E+0
5.03235520E+2	3.07825700E-1	1.76188830E+0
5.04497017E+2	3.07713000E-1	1.76194062E+0
5.06013020E+2	3.07701300E-1	1.76187743E+0
5.07259342E+2	3.07728500E-1	1.76188168E+0
5.08117872E+2	3.07697400E-1	1.76192761E+0
5.09289689E+2	3.07810200E-1	1.76192018E+0
5.11080410E+2	3.07876200E-1	1.76190274E+0
5.12677465E+2	3.07709100E-1	1.76191692E+0
5.14431763E+2	3.07790700E-1	1.76191594E+0
5.15197847E+2	3.07887900E-1	1.76185932E+0
5.15992345E+2	3.07790700E-1	1.76186616E+0
5.18158797E+2	3.07678000E-1	1.76189264E+0
5.19400976E+2	3.07755700E-1	1.76187967E+0
5.21254924E+2	3.07790700E-1	1.76185369E+0
5.22854456E+2	3.07825700E-1	1.76183397E+0
5.25735433E+2	3.07681900E-1	1.76184490E+0
5.26771018E+2	3.07779000E-1	1.76184789E+0
5.28334031E+2	3.07720800E-1	1.76181310E+0
5.29619484E+2	3.07736300E-1	1.76184499E+0
5.30693569E+2	3.07798500E-1	1.76182406E+0
5.31301353E+2	3.07748000E-1	1.76179562E+0
5.32607654E+2	3.07670200E-1	1.76181471E+0
5.34049854E+2	3.07790700E-1	1.76180085E+0
5.35891058E+2	3.07689600E-1	1.76182978E+0
5.37912155E+2	3.07814000E-1	1.76182992E+0
5.39909612E+2	3.07681900E-1	1.76181628E+0
5.41724294E+2	3.07728500E-1	1.76180832E+0
5.43094184E+2	3.07728500E-1	1.76182969E+0
5.45334500E+2	3.07845100E-1	1.76184150E+0
5.47577142E+2	3.07709100E-1	1.76181663E+0
5.48523884E+2	3.07709100E-1	1.76180805E+0
5.49929610E+2	3.07716800E-1	1.76184861E+0
5.51056334E+2	3.07709100E-1	1.76184002E+0
5.54974787E+2	3.07646900E-1	1.76184561E+0
5.55332456E+2	3.07794600E-1	1.76184673E+0
5.56495267E+2	3.07798500E-1	1.76183175E+0
5.59050684E+2	3.07662400E-1	1.76177366E+0
5.60325600E+2	3.07825700E-1	1.76179249E+0
5.61821070E+2	3.07810200E-1	1.76178193E+0
5.63308255E+2	3.07724600E-1	1.76180814E+0
5.63990360E+2	3.07697400E-1	1.76179249E+0
5.65803603E+2	3.07767400E-1	1.76179168E+0
5.67532085E+2	3.07709100E-1	1.76180179E+0
5.69339464E+2	3.07697400E-1	1.76177259E+0
5.72139300E+2	3.07755700E-1	1.76180232E+0
5.73624053E+2	3.07744100E-1	1.76180304E+0
5.75684462E+2	3.07658600E-1	1.76183072E+0
5.77825023E+2	3.07802400E-1	1.76181306E+0
5.80355538E+2	3.07849000E-1	1.76183179E+0
5.81957683E+2	3.07814000E-1	1.76185559E+0
5.83105994E+2	3.07685800E-1	1.76189753E+0
5.85121238E+2	3.07705200E-1	1.76183828E+0
5.87123467E+2	3.07790700E-1	1.76185339E+0
5.88317421E+2	3.07798500E-1	1.76189861E+0
5.90975413E+2	3.07720800E-1	1.76191734E+0
5.91799180E+2	3.07681900E-1	1.76184713E+0
5.93029381E+2	3.07701300E-1	1.76184481E+0
5.94915958E+2	3.07817900E-1	1.76186082E+0
5.97945119E+2	3.07740200E-1	1.76184025E+0
5.99978149E+2	3.07833500E-1	1.76181503E+0
6.01797605E+2	3.07783000E-1	1.76181386E+0
6.03324505E+2	3.07775200E-1	1.76182911E+0
6.05105685E+2	3.07833500E-1	1.76180742E+0
6.06055534E+2	3.07786800E-1	1.76186623E+0
6.07609102E+2	3.07806300E-1	1.76184065E+0
6.10793053E+2	3.07837300E-1	1.76186171E+0
6.13104274E+2	3.07771300E-1	1.76192231E+0
6.14018235E+2	3.07709100E-1	1.76188340E+0
6.17260122E+2	3.07713000E-1	1.76189664E+0
6.17609010E+2	3.07736300E-1	1.76186802E+0
6.19538292E+2	3.07833500E-1	1.76189744E+0
6.22182280E+2	3.07821800E-1	1.76190282E+0
6.26506160E+2	3.07860700E-1	1.76189603E+0
6.27068441E+2	3.07779000E-1	1.76190815E+0
6.29807712E+2	3.07802400E-1	1.76187493E+0
6.30633415E+2	3.07806300E-1	1.76186254E+0
6.32158424E+2	3.07852900E-1	1.76189559E+0
6.33336211E+2	3.07732400E-1	1.76186482E+0
6.35229786E+2	3.07666300E-1	1.76185646E+0
6.38145242E+2	3.07724600E-1	1.76186437E+0
6.40609254E+2	3.07744100E-1	1.76187721E+0
6.42149167E+2	3.07685800E-1	1.76180883E+0
6.43535215E+2	3.07802400E-1	1.76182560E+0
6.45218276E+2	3.07732400E-1	1.76185829E+0
6.46667545E+2	3.07833500E-1	1.76185391E+0
6.49556131E+2	3.07837300E-1	1.76182345E+0
6.52191968E+2	3.07868500E-1	1.76183835E+0
6.53922966E+2	3.07728500E-1	1.76184143E+0
6.56865095E+2	3.07868500E-1	1.76181992E+0
6.59206935E+2	3.07701300E-1	1.76177475E+0
6.61226321E+2	3.07771300E-1	1.76178573E+0
6.63367826E+2	3.07697400E-1	1.69952919E+0
6.65524055E+2	3.07728500E-1	1.68810960E+0
6.68399673E+2	3.07693600E-1	1.68333020E+0
6.70498823E+2	3.07860700E-1	1.67817332E+0
6.73493119E+2	3.07779000E-1	1.67395515E+0
6.75814381E+2	3.07674100E-1	1.66902462E+0
6.78754797E+2	3.07860700E-1	1.66362393E+0
6.80808044E+2	3.07674100E-1	1.65920716E+0
6.82804465E+2	3.07849000E-1	1.65321600E+0
6.84815610E+2	3.07868500E-1	1.65179664E+0
6.87351707E+2	3.07724600E-1	1.64920944E+0
6.88042385E+2	3.07744100E-1	1.64683939E+0
6.90205726E+2	3.07852900E-1	1.64553787E+0
6.92469981E+2	3.07845100E-1	1.64388236E+0
6.95526212E+2	3.07864500E-1	1.64175116E+0
6.97265560E+2	3.07678000E-1	1.63977518E+0
7.00383706E+2	3.07716800E-1	1.63777085E+0
7.00529241E+2	3.07891800E-1	1.63615424E+0
7.03787982E+2	3.07697400E-1	1.63552329E+0
7.07423177E+2	3.07744100E-1	1.63429389E+0
7.09821035E+2	3.07724600E-1	1.63315434E+0
7.11739195E+2	3.07685800E-1	1.63127250E+0
7.14056630E+2	3.07709100E-1	1.62936204E+0
7.16019730E+2	3.07891800E-1	1.62755738E+0
7.17987332E+2	3.07732400E-1	1.62613284E+0
7.20102495E+2	3.07829600E-1	1.62463187E+0
7.22565646E+2	3.07693600E-1	1.62334095E+0
7.24327059E+2	3.07786800E-1	1.62202723E+0
7.27198130E+2	3.07713000E-1	1.62141855E+0
7.29531686E+2	3.07693600E-1	1.62066596E+0
7.31801976E+2	3.07825700E-1	1.61987175E+0
7.33587074E+2	3.07689600E-1	1.61854970E+0
7.35067504E+2	3.07713000E-1	1.61724564E+0
7.37972567E+2	3.07817900E-1	1.61614562E+0
7.40958407E+2	3.07860700E-1	1.61471791E+0
7.45338817E+2	3.07849000E-1	1.61325003E+0
7.48715522E+2	3.07728500E-1	1.61156057E+0
7.48840794E+2	3.07895700E-1	1.60989914E+0
7.50290469E+2	3.07716800E-1	1.60918962E+0
7.53001416E+2	3.07724600E-1	1.60865857E+0
7.56003612E+2	3.07825700E-1	1.60813048E+0
7.58512918E+2	3.07705200E-1	1.60746742E+0
7.60492948E+2	3.07860700E-1	1.60715072E+0
7.65667495E+2	3.07705200E-1	1.60682430E+0
7.66093023E+2	3.07849000E-1	1.60636458E+0
7.68691936E+2	3.07915100E-1	1.60629500E+0
7.71104474E+2	3.07852900E-1	1.60616254E+0
7.72926136E+2	3.07705200E-1	1.60606009E+0
7.75477809E+2	3.07724600E-1	1.60547748E+0
7.77822437E+2	3.07674100E-1	1.60398729E+0
7.80575260E+2	3.07860700E-1	1.60295302E+0
7.83961106E+2	3.07724600E-1	1.60177385E+0
7.87179534E+2	3.07720800E-1	1.60076605E+0
7.90636571E+2	3.07716800E-1	1.60008650E+0
7.92539241E+2	3.07860700E-1	1.59908719E+0
7.94385039E+2	3.07841300E-1	1.59856854E+0
7.96627886E+2	3.07755700E-1	1.59813489E+0
7.99948393E+2	3.07681900E-1	1.59788786E+0
8.01640955E+2	3.07802400E-1	1.59751146E+0
8.03748822E+2	3.07868500E-1	1.59733258E+0
8.05901134E+2	3.07662400E-1	1.59714064E+0
8.08886488E+2	3.07856800E-1	1.59688802E+0
8.12104463E+2	3.07678000E-1	1.59658102E+0
8.15707820E+2	3.07732400E-1	1.59626955E+0
8.18115482E+2	3.07817900E-1	1.59614214E+0
8.22371968E+2	3.07841300E-1	1.59590817E+0
8.22668306E+2	3.07872300E-1	1.59577155E+0
8.24845653E+2	3.07678000E-1	1.59563386E+0
8.27119004E+2	3.07728500E-1	1.59549695E+0
8.29885335E+2	3.07849000E-1	1.59546293E+0
8.31743372E+2	3.07814000E-1	1.59533852E+0
8.34294209E+2	3.07678000E-1	1.59528047E+0
8.37061981E+2	3.07771300E-1	1.59518164E+0
8.41744490E+2	3.07736300E-1	1.59512364E+0
8.42279258E+2	3.07724600E-1	1.59501967E+0
8.44949451E+2	3.07716800E-1	1.59488936E+0
8.47473164E+2	3.07732400E-1	1.59479200E+0
8.50118681E+2	3.07938400E-1	1.59473458E+0
8.52394604E+2	3.07740200E-1	1.59467658E+0
8.54676983E+2	3.07728500E-1	1.59422523E+0
8.57277110E+2	3.07751800E-1	1.59384945E+0
8.60039344E+2	3.07728500E-1	1.59380780E+0
8.63083371E+2	3.07720800E-1	1.59374175E+0
8.66344214E+2	3.07724600E-1	1.59370437E+0
8.68633730E+2	3.07631300E-1	1.59344410E+0
8.71233453E+2	3.07841300E-1	1.59319099E+0
8.74053008E+2	3.07736300E-1	1.59313361E+0
8.76341263E+2	3.07767400E-1	1.59311935E+0
8.81037191E+2	3.07884000E-1	1.59303863E+0
8.81612215E+2	3.07922900E-1	1.59296005E+0
8.84533538E+2	3.07689600E-1	1.59291636E+0
8.87016769E+2	3.07899500E-1	1.59297396E+0
8.89877122E+2	3.07837300E-1	1.59273516E+0
8.92624424E+2	3.07755700E-1	1.59235294E+0
8.94503870E+2	3.07880100E-1	1.59215752E+0
8.96684774E+2	3.07666300E-1	1.59200695E+0
8.98842758E+2	3.07701300E-1	1.59181711E+0
9.01162668E+2	3.07829600E-1	1.59158086E+0
9.03967003E+2	3.07849000E-1	1.59144576E+0
9.06587483E+2	3.07825700E-1	1.59142085E+0
9.09241900E+2	3.07716800E-1	1.59132694E+0
9.11773243E+2	3.07810200E-1	1.59126129E+0
9.14658000E+2	3.07759600E-1	1.59098296E+0
9.16776089E+2	3.07740200E-1	1.59076692E+0
9.19774905E+2	3.07825700E-1	1.59074393E+0
9.22430508E+2	3.07852900E-1	1.59072099E+0
9.24225241E+2	3.07864500E-1	1.59054059E+0
9.26547537E+2	3.07794600E-1	1.59049932E+0
9.29031390E+2	3.07748000E-1	1.59053496E+0
9.31489271E+2	3.07716800E-1	1.59050638E+0
9.33464797E+2	3.07829600E-1	1.59049337E+0
9.35974281E+2	3.07763500E-1	1.59045522E+0
9.41041881E+2	3.07658600E-1	1.59043215E+0
9.41481773E+2	3.07759600E-1	1.59032818E+0
9.45815479E+2	3.07872300E-1	1.59030465E+0
9.46189923E+2	3.07732400E-1	1.59032697E+0
9.48319148E+2	3.07864500E-1	1.59024290E+0
9.50988396E+2	3.07713000E-1	1.59021562E+0
9.53412460E+2	3.07728500E-1	1.59018659E+0
9.55758262E+2	3.07728500E-1	1.59012461E+0
9.57870272E+2	3.07860700E-1	1.59013195E+0
9.60254394E+2	3.07783000E-1	1.59004944E+0
9.62438951E+2	3.07736300E-1	1.58998227E+0
9.64906054E+2	3.07670200E-1	1.58985477E+0
9.67296120E+2	3.07891800E-1	1.58932726E+0
9.72040454E+2	3.07748000E-1	1.58905157E+0
9.74275755E+2	3.07779000E-1	1.58902845E+0
9.74654046E+2	3.07880100E-1	1.58900993E+0
9.76699863E+2	3.07728500E-1	1.58900944E+0
9.79172648E+2	3.07666300E-1	1.58896910E+0
9.81487874E+2	3.07837300E-1	1.58897317E+0
9.83808620E+2	3.07748000E-1	1.58897075E+0
9.85940669E+2	3.07693600E-1	1.58900234E+0
9.88106806E+2	3.07884000E-1	1.58901402E+0
9.90144428E+2	3.07817900E-1	1.58901209E+0
9.92205421E+2	3.07736300E-1	1.58900972E+0
9.94277626E+2	3.07864500E-1	1.58898768E+0
9.96448175E+2	3.07681900E-1	1.58899550E+0
9.98394163E+2	3.07705200E-1	1.58899599E+0
1.00037847E+3	3.07775200E-1	1.58900386E+0
1.00258635E+3	3.07662400E-1	1.58900883E+0
1.00457656E+3	3.07872300E-1	1.58900619E+0
1.00673958E+3	3.07911200E-1	1.58902913E+0
1.00874663E+3	3.07736300E-1	1.58907126E+0
1.01087292E+3	3.07860700E-1	1.58904474E+0
1.01298191E+3	3.07716800E-1	1.58906486E+0
1.01502305E+3	3.07755700E-1	1.58900923E+0
1.01701641E+3	3.07895700E-1	1.58902171E+0
1.01893844E+3	3.07685800E-1	1.58898696E+0
1.02080216E+3	3.07794600E-1	1.58883536E+0
1.02269893E+3	3.07856800E-1	1.58878174E+0
1.02465230E+3	3.07833500E-1	1.58867768E+0
1.02650236E+3	3.07720800E-1	1.58867696E+0
1.02840761E+3	3.07915100E-1	1.58868859E+0
1.03019708E+3	3.07856800E-1	1.58871346E+0
1.03201586E+3	3.07751800E-1	1.58860801E+0
1.03398233E+3	3.07736300E-1	1.58863707E+0
1.03544899E+3	3.07643000E-1	1.58860930E+0
1.03729321E+3	3.07868500E-1	1.58860568E+0
1.03900783E+3	3.07880100E-1	1.58860215E+0
1.04066543E+3	3.07798500E-1	1.58863734E+0
1.04245675E+3	3.07736300E-1	1.58861042E+0
1.04396762E+3	3.07728500E-1	1.58864231E+0
1.04563555E+3	3.07802400E-1	1.58863216E+0
1.04733126E+3	3.07759600E-1	1.58864342E+0
1.04881192E+3	3.07755700E-1	1.58863645E+0
1.05191978E+3	3.07786800E-1	1.58861583E+0
1.05205163E+3	3.07771300E-1	1.58860112E+0
1.05343637E+3	3.07864500E-1	1.58860125E+0
1.05486209E+3	3.07724600E-1	1.58862924E+0
1.05637800E+3	3.07740200E-1	1.58858268E+0
1.05778931E+3	3.07767400E-1	1.58842371E+0
1.05923106E+3	3.07771300E-1	1.58843600E+0
1.06054898E+3	3.07701300E-1	1.58837697E+0
1.06190458E+3	3.07744100E-1	1.58834679E+0
1.06316748E+3	3.07856800E-1	1.58833342E+0
1.06444338E+3	3.07732400E-1	1.58832125E+0
1.06578084E+3	3.07709100E-1	1.58832890E+0
1.06692103E+3	3.07868500E-1	1.58836745E+0
1.06818865E+3	3.07887900E-1	1.58835850E+0
1.06922734E+3	3.07767400E-1	1.58835944E+0
1.07044692E+3	3.07872300E-1	1.58835457E+0
1.07150643E+3	3.07709100E-1	1.58838484E+0
1.07247055E+3	3.07852900E-1	1.58836861E+0
1.07357580E+3	3.07837300E-1	1.58835573E+0
1.07458639E+3	3.07783000E-1	1.58832398E+0
1.07555979E+3	3.07728500E-1	1.58828159E+0
1.07645493E+3	3.07709100E-1	1.58833306E+0
1.07732652E+3	3.07786800E-1	1.58828686E+0
1.07833442E+3	3.07852900E-1	1.58829183E+0
1.07912876E+3	3.07705200E-1	1.58825171E+0
1.07992709E+3	3.07697400E-1	1.58826245E+0
1.08140032E+3	3.07887900E-1	1.58826795E+0
1.08152379E+3	3.07736300E-1	1.58823007E+0
1.08212290E+3	3.07678000E-1	1.58830082E+0
1.08335990E+3	3.07724600E-1	1.58825945E+0
1.08346752E+3	3.07794600E-1	1.58822707E+0
1.08407123E+3	3.07837300E-1	1.58826915E+0
1.08455543E+3	3.07887900E-1	1.58822935E+0
1.08511353E+3	3.07662400E-1	1.58822931E+0
1.08562515E+3	3.07837300E-1	1.58819362E+0
1.08609211E+3	3.07693600E-1	1.58820373E+0
1.08669464E+3	3.07833500E-1	1.58819174E+0
1.08673224E+3	3.07748000E-1	1.58815883E+0
1.08719034E+3	3.07860700E-1	1.58813258E+0
1.08741731E+3	3.07732400E-1	1.58817149E+0
1.08747369E+3	3.07775200E-1	1.58818374E+0
1.08784032E+3	3.07716800E-1	1.58814425E+0
1.08789553E+3	3.07685800E-1	1.58817131E+0
1.08813495E+3	3.07872300E-1	1.58818486E+0
1.08830597E+3	3.07880100E-1	1.58817582E+0
1.08845772E+3	3.07751800E-1	1.58814555E+0
1.08864531E+3	3.07837300E-1	1.58812757E+0
1.08894444E+3	3.07794600E-1	1.58812641E+0
1.08897776E+3	3.07670200E-1	1.58811273E+0
1.08924014E+3	3.07829600E-1	1.58806501E+0
1.08927707E+3	3.07631300E-1	1.58805808E+0
1.08940473E+3	3.07740200E-1	1.58811089E+0
1.08954450E+3	3.07724600E-1	1.58812516E+0
1.08978396E+3	3.07852900E-1	1.58812467E+0
1.08982098E+3	3.07674100E-1	1.58813509E+0
1.08992216E+3	3.07689600E-1	1.58810463E+0
1.09001114E+3	3.07783000E-1	1.58812851E+0
1.09023827E+3	3.07798500E-1	1.58811867E+0
1.09025961E+3	3.07849000E-1	1.58807726E+0
1.09034777E+3	3.07685800E-1	1.58808035E+0
1.09044983E+3	3.07779000E-1	1.58805857E+0
1.09053735E+3	3.07689600E-1	1.58809649E+0
1.09071481E+3	3.07751800E-1	1.58815870E+0
1.09073052E+3	3.07798500E-1	1.58812024E+0
1.09088714E+3	3.07697400E-1	1.58811501E+0
1.09097391E+3	3.07841300E-1	1.58811188E+0
1.09098778E+3	3.07814000E-1	1.58812131E+0
1.09107775E+3	3.07763500E-1	1.58813280E+0
1.09122990E+3	3.07821800E-1	1.58814810E+0
1.09123544E+3	3.07709100E-1	1.58812587E+0
1.09135751E+3	3.07643000E-1	1.58814935E+0
1.09136499E+3	3.07837300E-1	1.58815499E+0
1.09144568E+3	3.07740200E-1	1.58814367E+0
1.09156073E+3	3.07802400E-1	1.58821057E+0
1.09163683E+3	3.07810200E-1	1.58818289E+0
1.09165219E+3	3.07821800E-1	1.58815753E+0
1.09178890E+3	3.07829600E-1	1.58811787E+0
1.09180331E+3	3.07786800E-1	1.58811223E+0
1.09186103E+3	3.07678000E-1	1.58816463E+0
1.09189467E+3	3.07763500E-1	1.58816436E+0
1.09195407E+3	3.07689600E-1	1.58814107E+0
1.09201782E+3	3.07732400E-1	1.58815193E+0
1.09208508E+3	3.07841300E-1	1.58817559E+0
1.09212264E+3	3.07701300E-1	1.58816978E+0
1.09218446E+3	3.07887900E-1	1.58816468E+0
1.09224336E+3	3.07736300E-1	1.58816311E+0
1.09226124E+3	3.07856800E-1	1.58813959E+0
1.09231487E+3	3.07716800E-1	1.58819084E+0
1.09237404E+3	3.07751800E-1	1.58815109E+0
1.09240993E+3	3.07670200E-1	1.58818799E+0
1.09242933E+3	3.07678000E-1	1.58818624E+0
1.09249210E+3	3.07709100E-1	1.58819259E+0
1.09255757E+3	3.07759600E-1	1.58822971E+0
1.09259677E+3	3.07852900E-1	1.58822998E+0
1.09259970E+3	3.07779000E-1	1.58821612E+0
1.09269773E+3	3.07689600E-1	1.58821285E+0
1.09270160E+3	3.07689600E-1	1.58822059E+0
