# Begin of measurement: 22.11.2018 11:48:03
# R-Sample[Ohm]	I-Coil[A]	U-Magnetometer[V]
# Kei2000	HP E3631A +6V : I	Kei2000
8.91380967E+2	-1.16917500E-2	-6.73477470E-2
8.91561582E+2	-1.16373300E-2	-6.73561096E-2
8.91546903E+2	-1.16956300E-2	-6.73186790E-2
8.91216338E+2	-1.17850300E-2	-6.73602238E-2
8.90837304E+2	-1.15984600E-2	-6.73621915E-2
8.90519308E+2	-1.17578300E-2	-6.73509221E-2
8.90612340E+2	-1.18083500E-2	-6.73461371E-2
8.90531691E+2	-1.16489900E-2	-6.73494016E-2
8.90430374E+2	-1.16762000E-2	-6.73669318E-2
8.90403626E+2	-1.16878600E-2	-6.73574959E-2
8.90560781E+2	-1.17889200E-2	-6.73942110E-2
8.90480673E+2	-1.16528800E-2	-6.74118754E-2
8.90158529E+2	-1.18588800E-2	-6.73917926E-2
8.90535024E+2	-1.18044700E-2	-6.74108872E-2
8.90584466E+2	-1.17461600E-2	-6.74502854E-2
8.90890385E+2	-1.18083500E-2	-6.74730032E-2
8.91113246E+2	-1.16567700E-2	-6.74548022E-2
8.91137382E+2	-1.18005800E-2	-6.74567251E-2
8.91328264E+2	-1.16489900E-2	-6.74444718E-2
8.91697824E+2	-1.16412200E-2	-6.74009594E-2
8.91487399E+2	-1.16567700E-2	-6.74313689E-2
8.90959739E+2	-1.16489900E-2	-6.74445613E-2
8.90325988E+2	-1.18083500E-2	-6.73728752E-2
8.89684582E+2	-1.18161300E-2	-6.73816404E-2
8.89670758E+2	-1.17345000E-2	-6.74039109E-2
8.89746003E+2	-1.17578300E-2	-6.74068177E-2
8.90540292E+2	-1.16567700E-2	-6.73928203E-2
8.90579211E+2	-1.16917500E-2	-6.74351254E-2
8.90165341E+2	-1.16684300E-2	-6.74432644E-2
8.90129632E+2	-6.97695800E-3	-6.73929988E-2
8.90801028E+2	-2.09891800E-3	-4.50883521E-2
8.91219356E+2	2.70527100E-3	-1.93884834E-2
8.91084491E+2	7.49002600E-3	6.48627413E-3
8.91106691E+2	1.19366200E-2	2.74864457E-2
8.91468979E+2	1.67408100E-2	5.25579859E-2
8.91152030E+2	2.17471200E-2	7.83116871E-2
8.91220386E+2	2.66990100E-2	1.02761982E-1
8.91079082E+2	3.11844700E-2	1.28765044E-1
8.91941089E+2	3.58720600E-2	1.50571613E-1
8.91926454E+2	4.08589300E-2	1.79182441E-1
8.90862849E+2	4.52588800E-2	2.00295937E-1
8.90906528E+2	5.05916800E-2	2.27665066E-1
8.91180123E+2	5.53725500E-2	2.53147576E-1
8.90325816E+2	6.01767400E-2	2.76641205E-1
8.90163438E+2	6.49498400E-2	3.02261327E-1
8.90322979E+2	6.97190500E-2	3.26033076E-1
8.89743039E+2	7.49741100E-2	3.54150818E-1
8.89753396E+2	7.94479200E-2	3.80733675E-1
8.90162718E+2	8.39916800E-2	4.00537228E-1
8.90290468E+2	8.92506400E-2	4.27880328E-1
8.90997167E+2	9.36739200E-2	4.51704042E-1
8.90896975E+2	9.86413600E-2	4.77995637E-1
8.90590096E+2	1.03375600E-1	5.01981819E-1
8.90351933E+2	1.07989300E-1	5.23276654E-1
8.90857934E+2	1.12673000E-1	5.48888548E-1
8.90718927E+2	1.18025200E-1	5.72458073E-1
8.90156143E+2	1.22487400E-1	6.03237334E-1
8.89465125E+2	1.27140000E-1	6.22316868E-1
8.89522850E+2	1.31928600E-1	6.48427212E-1
8.90160293E+2	1.36779500E-1	6.71558971E-1
8.90012955E+2	1.41556400E-1	6.98127160E-1
8.90131834E+2	1.46286800E-1	7.21276123E-1
8.90281378E+2	1.51262000E-1	7.45285795E-1
8.90055373E+2	1.55856300E-1	7.72105443E-1
8.90197084E+2	1.60738200E-1	7.96808667E-1
8.90318895E+2	1.65421900E-1	8.20443750E-1
8.90876050E+2	1.70272700E-1	8.44420763E-1
8.91479765E+2	1.74812600E-1	8.70235864E-1
8.91686497E+2	1.79838400E-1	8.95526697E-1
8.91570230E+2	1.84491000E-1	9.20300577E-1
8.91980587E+2	1.89419500E-1	9.44843298E-1
8.91608911E+2	1.94375300E-1	9.70767246E-1
8.91559136E+2	1.98794700E-1	9.93792479E-1
8.91088109E+2	2.03560000E-1	1.01580131E+0
8.91056002E+2	2.08589600E-1	1.04204192E+0
8.91319112E+2	2.13316100E-1	1.06787925E+0
8.91358333E+2	2.18120300E-1	1.09355500E+0
8.90440579E+2	2.22901200E-1	1.11513340E+0
8.90681399E+2	2.27740300E-1	1.14146479E+0
8.90796320E+2	2.32478500E-1	1.16745971E+0
8.91424663E+2	2.37267100E-1	1.19195989E+0
8.91520757E+2	2.42187900E-1	1.21470033E+0
8.91597082E+2	2.46758800E-1	1.24097555E+0
8.92734536E+2	2.51528000E-1	1.26426888E+0
8.92190351E+2	2.56394500E-1	1.28714707E+0
8.91947955E+2	2.61256900E-1	1.31556886E+0
8.91628243E+2	2.66061100E-1	1.33948729E+0
8.91658030E+2	2.70826400E-1	1.36469674E+0
8.91750989E+2	2.75486800E-1	1.38676371E+0
8.92015089E+2	2.80465900E-1	1.41220472E+0
8.91660298E+2	2.85165200E-1	1.43753210E+0
8.91462842E+2	2.90066500E-1	1.46348006E+0
8.90624431E+2	2.94839600E-1	1.48371060E+0
8.89783814E+2	2.99612700E-1	1.51227310E+0
8.90572168E+2	3.04362500E-1	1.53756512E+0
8.90921488E+2	3.09291000E-1	1.56110203E+0
8.90594346E+2	3.13955300E-1	1.58431701E+0
8.90202001E+2	3.18802200E-1	1.60946502E+0
8.90091227E+2	3.23458700E-1	1.63589966E+0
8.90048359E+2	3.28305700E-1	1.65874874E+0
8.90369377E+2	3.33168200E-1	1.68402930E+0
8.90080915E+2	3.37855800E-1	1.70750106E+0
8.89984472E+2	3.42834900E-1	1.73302395E+0
8.90052418E+2	3.47304800E-1	1.75453523E+0
8.90168595E+2	3.52252800E-1	1.78221028E+0
8.90304855E+2	3.57103600E-1	1.80702011E+0
8.90096908E+2	3.61997200E-1	1.83049446E+0
8.89597616E+2	3.66692500E-1	1.85421930E+0
8.89873334E+2	3.71275200E-1	1.87981437E+0
8.89895342E+2	3.76106600E-1	1.90484056E+0
8.90313148E+2	3.81023500E-1	1.92677461E+0
8.90748857E+2	3.85921000E-1	1.95427919E+0
8.91485455E+2	3.90666800E-1	1.97818872E+0
8.91483159E+2	3.95237800E-1	2.00263895E+0
8.91009039E+2	4.00038100E-1	2.02556822E+0
8.90845626E+2	4.04990000E-1	2.05009890E+0
8.91776843E+2	4.09708700E-1	2.07604141E+0
8.92428872E+2	4.14516800E-1	2.10143926E+0
8.92340118E+2	4.19515300E-1	2.12156708E+0
8.92445488E+2	4.23989100E-1	2.14970333E+0
8.92379609E+2	4.28921600E-1	2.17363414E+0
8.91722128E+2	4.33702400E-1	2.19757850E+0
8.91246927E+2	4.38634900E-1	2.22072550E+0
8.90956530E+2	4.43132000E-1	2.24834197E+0
8.91863131E+2	4.48002300E-1	2.27032491E+0
8.91292916E+2	4.52787100E-1	2.29605732E+0
8.90817265E+2	4.57746700E-1	2.31968864E+0
8.90745083E+2	4.62480900E-1	2.34469430E+0
8.90252546E+2	4.67110200E-1	2.37045739E+0
8.90595854E+2	4.71910500E-1	2.39076797E+0
8.91273058E+2	4.76928500E-1	2.41859985E+0
8.90947357E+2	4.81639400E-1	2.44410218E+0
8.90911385E+2	4.86276400E-1	2.46695660E+0
8.90971364E+2	4.91138900E-1	2.48863638E+0
8.90735948E+2	4.96067500E-1	2.51447836E+0
8.91497133E+2	5.00790100E-1	2.53991400E+0
8.91351642E+2	5.05761400E-1	2.56589175E+0
8.91293553E+2	5.10215800E-1	2.58979121E+0
8.91292608E+2	5.15140400E-1	2.61368218E+0
8.90986441E+2	5.19886300E-1	2.63988697E+0
8.90973797E+2	5.24709900E-1	2.66245977E+0
8.91239608E+2	5.29591800E-1	2.68751283E+0
8.91048501E+2	5.34462200E-1	2.71361038E+0
8.90409212E+2	5.39184700E-1	2.74049519E+0
8.90479954E+2	5.43922900E-1	2.76611817E+0
8.90329509E+2	5.48750400E-1	2.79257236E+0
8.90245213E+2	5.53601200E-1	2.82237850E+0
8.90480973E+2	5.58409200E-1	2.85398378E+0
8.90975791E+2	5.63279500E-1	2.88631594E+0
8.90449707E+2	5.68033200E-1	2.93328554E+0
8.90284087E+2	5.72736300E-1	3.00104065E+0
8.90393600E+2	5.77567700E-1	3.07669647E+0
8.90517297E+2	5.82329100E-1	3.14694647E+0
8.91056485E+2	5.86939000E-1	3.23491955E+0
8.91714030E+2	5.91941400E-1	3.30588368E+0
8.91402000E+2	5.96695100E-1	3.35918516E+0
8.91806189E+2	6.01612000E-1	3.38572745E+0
8.91515746E+2	6.06408400E-1	3.41400328E+0
8.91462521E+2	6.11084300E-1	3.44213425E+0
8.91844689E+2	6.15806900E-1	3.46824892E+0
8.91732970E+2	6.20564400E-1	3.49348055E+0
8.91693434E+2	6.25609600E-1	3.52197139E+0
8.91049378E+2	6.30114500E-1	3.54948737E+0
8.91009572E+2	6.35334500E-1	3.57745932E+0
8.90541666E+2	6.39808400E-1	3.60329235E+0
8.91138177E+2	6.44628100E-1	3.62811583E+0
8.90810359E+2	6.49556700E-1	3.65653082E+0
8.90161028E+2	6.54388100E-1	3.68328195E+0
8.89663133E+2	6.58908500E-1	3.70978216E+0
8.90293818E+2	6.63728200E-1	3.73415481E+0
8.90244250E+2	6.68427500E-1	3.75977077E+0
8.89499096E+2	6.73181200E-1	3.78647226E+0
8.90431755E+2	6.77845400E-1	3.81193684E+0
8.89923322E+2	6.82525200E-1	3.83847327E+0
8.89781793E+2	6.87372200E-1	3.86417952E+0
8.89629998E+2	6.91671100E-1	3.89230701E+0
8.90425991E+2	6.96280900E-1	3.91648750E+0
8.90479278E+2	7.01050100E-1	3.94196576E+0
8.90520953E+2	7.05749300E-1	3.96990797E+0
8.90932616E+2	7.10028800E-1	3.99826080E+0
8.91337255E+2	7.14805800E-1	4.01834667E+0
8.90293192E+2	7.19703200E-1	4.04859885E+0
8.90184174E+2	7.24507500E-1	4.07638755E+0
8.89875494E+2	7.28786900E-1	4.09780932E+0
8.89907511E+2	7.33801000E-1	4.12366279E+0
8.90388189E+2	7.38088300E-1	4.15213015E+0
8.90428693E+2	7.42531000E-1	4.17365601E+0
8.90547437E+2	7.47346800E-1	4.20069237E+0
8.90310580E+2	7.51859500E-1	4.22448594E+0
8.90082143E+2	7.56547000E-1	4.25064819E+0
8.89957500E+2	7.61526200E-1	4.27871912E+0
8.89372742E+2	7.65906700E-1	4.30504081E+0
8.89780359E+2	7.70314400E-1	4.32802012E+0
8.89856086E+2	7.75071900E-1	4.35664440E+0
8.89533794E+2	7.79677900E-1	4.38086572E+0
8.89573826E+2	7.84365500E-1	4.40509299E+0
8.89606112E+2	7.88800400E-1	4.43188567E+0
8.89833783E+2	7.93383100E-1	4.45701642E+0
8.89668524E+2	7.97919000E-1	4.47987583E+0
8.90114185E+2	8.02575500E-1	4.50582264E+0
8.90210999E+2	8.07321500E-1	4.53120543E+0
8.90251224E+2	8.11900200E-1	4.55639860E+0
8.91328636E+2	8.16673300E-1	4.58477975E+0
8.90912289E+2	8.21154900E-1	4.61032797E+0
8.89865029E+2	8.25931800E-1	4.63331206E+0
8.89468180E+2	8.30471700E-1	4.66214653E+0
8.89485517E+2	8.35299200E-1	4.68518522E+0
8.90267596E+2	8.39776900E-1	4.71181342E+0
8.90249314E+2	8.44375000E-1	4.73790986E+0
8.90374864E+2	8.48891600E-1	4.76219735E+0
8.90584704E+2	8.53629800E-1	4.78790835E+0
8.90992539E+2	8.58317300E-1	4.81354398E+0
8.91141679E+2	8.62946600E-1	4.83919800E+0
8.91233404E+2	8.67622600E-1	4.86495032E+0
8.90457134E+2	8.72216800E-1	4.89095874E+0
8.89861973E+2	8.76768400E-1	4.91633118E+0
8.89826650E+2	8.81518200E-1	4.94198325E+0
8.90076658E+2	8.86248500E-1	4.96727302E+0
8.89367391E+2	8.90940000E-1	4.99373643E+0
8.89541522E+2	8.95514900E-1	5.01904968E+0
8.89680439E+2	9.00000300E-1	5.04499764E+0
8.89569846E+2	9.04769500E-1	5.07287201E+0
8.89525581E+2	9.09464800E-1	5.09584832E+0
8.89790132E+2	9.14035900E-1	5.12387036E+0
8.89724137E+2	9.18443600E-1	5.14762211E+0
8.90456306E+2	9.23111700E-1	5.17222556E+0
8.89952962E+2	9.28203500E-1	5.20199924E+0
8.89850834E+2	9.32770600E-1	5.22979200E+0
8.89442683E+2	9.37158900E-1	5.25112856E+0
8.89485191E+2	9.42188500E-1	5.27911457E+0
8.89391664E+2	9.46343600E-1	5.30438801E+0
8.89410216E+2	9.51478200E-1	5.32631550E+0
8.89439879E+2	9.55734300E-1	5.35609401E+0
8.90124474E+2	9.60445200E-1	5.37706972E+0
8.90168694E+2	9.65078400E-1	5.40167433E+0
8.89760723E+2	9.69575500E-1	5.42977734E+0
8.89722312E+2	9.74247600E-1	5.45698150E+0
8.89804357E+2	9.78939000E-1	5.47930176E+0
8.90592335E+2	9.83494500E-1	5.50773111E+0
8.90529698E+2	9.84645000E-1	5.53053270E+0
8.89364788E+2	9.84602300E-1	5.53908895E+0
8.89246090E+2	9.84753800E-1	5.54090423E+0
8.88994102E+2	9.84586600E-1	5.54087511E+0
8.88991175E+2	9.84742200E-1	5.54081404E+0
8.89188181E+2	9.84695500E-1	5.54077938E+0
8.89440078E+2	9.84672200E-1	5.54074798E+0
8.89892944E+2	9.84602300E-1	5.54075527E+0
8.90285470E+2	9.84652800E-1	5.54080205E+0
8.90193248E+2	9.84730500E-1	5.54077374E+0
8.89928383E+2	9.84788800E-1	5.54076042E+0
8.89680808E+2	9.84617800E-1	5.54075961E+0
8.90297979E+2	9.84796600E-1	5.54077356E+0
8.90791690E+2	9.84602300E-1	5.54077567E+0
8.90639714E+2	9.84812100E-1	5.54078720E+0
8.90147627E+2	9.84656600E-1	5.54078090E+0
8.89865109E+2	9.84746100E-1	5.54079704E+0
8.90190315E+2	9.84804300E-1	5.54079624E+0
8.89513020E+2	9.84761600E-1	5.54083255E+0
8.89451960E+2	9.84769300E-1	5.54078863E+0
8.89461326E+2	9.84812100E-1	5.54078345E+0
8.89425797E+2	9.84664300E-1	5.54078814E+0
8.89637213E+2	9.84874300E-1	5.54079687E+0
8.90032050E+2	9.84843200E-1	5.54076896E+0
8.90195321E+2	9.84648900E-1	5.54074423E+0
8.89988634E+2	9.84718800E-1	5.54078457E+0
8.90020200E+2	9.84683800E-1	5.54075921E+0
8.90077118E+2	9.84664300E-1	5.54077862E+0
8.89925818E+2	9.84722700E-1	5.54074436E+0
8.90162360E+2	9.84610000E-1	5.54073609E+0
8.90493194E+2	9.84738300E-1	5.54076078E+0
8.89981429E+2	9.84621600E-1	5.54075559E+0
8.89612950E+2	9.84660500E-1	5.54075317E+0
8.89619569E+2	9.84664300E-1	5.54074387E+0
8.89819322E+2	9.84660500E-1	5.54075192E+0
8.90296864E+2	9.84843200E-1	5.54073211E+0
8.90348964E+2	9.84742200E-1	5.54073819E+0
8.90287993E+2	9.84656600E-1	5.54076306E+0
8.90151102E+2	9.84765400E-1	5.54077544E+0
8.90210361E+2	9.84637200E-1	5.54079713E+0
8.90357159E+2	9.84672200E-1	5.54081131E+0
8.90217431E+2	9.84668400E-1	5.54083814E+0
8.90525256E+2	9.84645000E-1	5.54081931E+0
8.91068947E+2	9.84777200E-1	5.54081346E+0
8.90469981E+2	9.84816000E-1	5.54082826E+0
8.90344475E+2	9.84652800E-1	5.54078792E+0
8.90052403E+2	9.84827600E-1	5.54073591E+0
8.90153135E+2	9.84707200E-1	5.54076695E+0
8.90639503E+2	9.84672200E-1	5.54075957E+0
8.90546967E+2	9.84788800E-1	5.54074718E+0
8.90293268E+2	9.84784900E-1	5.54079474E+0
8.90335056E+2	9.84617800E-1	5.54081878E+0
8.90289396E+2	9.84843200E-1	5.54075635E+0
8.90457762E+2	9.84738300E-1	5.54079629E+0
8.90290341E+2	9.84633400E-1	5.54076829E+0
8.90237656E+2	9.84641100E-1	5.54075899E+0
8.89940286E+2	9.84645000E-1	5.54073667E+0
8.89524808E+2	9.84683800E-1	5.54076257E+0
8.89891621E+2	9.84641100E-1	5.54072505E+0
8.90128434E+2	9.84687700E-1	5.54073766E+0
8.89999468E+2	9.84672200E-1	5.54074244E+0
8.90140367E+2	9.84800400E-1	5.54071530E+0
8.90200887E+2	9.84590500E-1	5.54074338E+0
8.90313777E+2	9.84617800E-1	5.54073261E+0
8.90237946E+2	9.84652800E-1	5.54069840E+0
8.90418516E+2	9.84691600E-1	5.54072237E+0
8.90303510E+2	9.84823800E-1	5.54074401E+0
8.89988751E+2	9.84835400E-1	5.54072702E+0
8.90369254E+2	9.84645000E-1	5.54070032E+0
8.90977112E+2	9.84683800E-1	5.54069831E+0
8.91408274E+2	9.84664300E-1	5.54070940E+0
8.91594473E+2	9.84792600E-1	5.54075801E+0
8.91564258E+2	9.84656600E-1	5.54075899E+0
8.91624823E+2	9.84648900E-1	5.54072679E+0
8.91987584E+2	9.84656600E-1	5.54069044E+0
8.92101915E+2	9.84792600E-1	5.54071615E+0
8.91845379E+2	9.84784900E-1	5.54076637E+0
8.91342575E+2	9.84645000E-1	5.54077107E+0
8.91055898E+2	9.84676100E-1	5.54076746E+0
8.91363933E+2	9.84625500E-1	5.54075984E+0
8.91863224E+2	9.84699300E-1	5.54079982E+0
8.90635799E+2	9.84629400E-1	5.54080734E+0
8.90426905E+2	9.84777200E-1	5.54080014E+0
8.89845434E+2	9.84816000E-1	5.54080336E+0
8.89661217E+2	9.84633400E-1	5.54080550E+0
8.89650950E+2	9.84613900E-1	5.54079374E+0
8.89822784E+2	9.84617800E-1	5.54080090E+0
8.89974760E+2	9.84598400E-1	5.54076593E+0
8.89520138E+2	9.84613900E-1	5.54078985E+0
8.89357947E+2	9.84648900E-1	5.54076888E+0
8.89605129E+2	9.84610000E-1	5.54077532E+0
8.90069568E+2	9.84816000E-1	5.54079982E+0
8.90844668E+2	9.84722700E-1	5.54081803E+0
8.90679228E+2	9.84781100E-1	5.54082362E+0
8.90627173E+2	9.84843200E-1	5.54081194E+0
8.90881412E+2	9.84660500E-1	5.54078856E+0
8.91006100E+2	9.84656600E-1	5.54083028E+0
8.90437732E+2	9.84730500E-1	5.54079034E+0
8.89923401E+2	9.84792600E-1	5.54082862E+0
8.90129953E+2	9.84718800E-1	5.54086431E+0
8.90780244E+2	9.84819900E-1	5.54086333E+0
8.91096122E+2	9.84788800E-1	5.54084468E+0
8.90786361E+2	9.84648900E-1	5.54086467E+0
8.90489118E+2	9.84827600E-1	5.54084781E+0
8.90445890E+2	9.84668400E-1	5.54088175E+0
8.90026976E+2	9.84788800E-1	5.54089374E+0
8.89962718E+2	9.84823800E-1	5.54085620E+0
8.90040170E+2	9.84749900E-1	5.54083753E+0
8.90685629E+2	9.84784900E-1	5.54081481E+0
8.90217678E+2	9.84641100E-1	5.54082666E+0
8.90134328E+2	9.84753800E-1	5.54079942E+0
8.89788885E+2	9.84683800E-1	5.54082764E+0
8.89737911E+2	9.84714900E-1	5.54081288E+0
8.89285360E+2	9.84812100E-1	5.54085635E+0
8.89302156E+2	9.84660500E-1	5.54078239E+0
8.89706705E+2	9.84707200E-1	5.54079152E+0
8.89633667E+2	9.84633400E-1	5.54078046E+0
8.89605883E+2	9.84804300E-1	5.54079455E+0
8.89814867E+2	9.84792600E-1	5.54077487E+0
8.90348786E+2	9.84648900E-1	5.54074375E+0
8.90159256E+2	9.84726600E-1	5.54075658E+0
8.90095223E+2	9.84641100E-1	5.54077268E+0
8.90665360E+2	9.84683800E-1	5.54079008E+0
8.90669548E+2	9.84792600E-1	5.54081056E+0
8.90236090E+2	9.84676100E-1	5.54079139E+0
8.89641515E+2	9.84711100E-1	5.54076884E+0
8.89206031E+2	9.84672200E-1	5.54077573E+0
8.89493097E+2	9.84734300E-1	5.54076558E+0
8.89545737E+2	9.84757700E-1	5.54080877E+0
8.90028142E+2	9.84835400E-1	5.54076634E+0
8.90399999E+2	9.84862600E-1	5.54073011E+0
8.90506134E+2	9.84613900E-1	5.54074541E+0
8.90605831E+2	9.84761600E-1	5.54076777E+0
8.90774396E+2	9.84652800E-1	5.54079138E+0
8.91275638E+2	9.84714900E-1	5.54074623E+0
8.91783260E+2	9.84753800E-1	5.54074840E+0
8.92075279E+2	9.84749900E-1	5.54070592E+0
8.92038309E+2	9.84784900E-1	5.54070779E+0
8.91468771E+2	9.84610000E-1	5.54072770E+0
8.91312967E+2	9.84621600E-1	5.54073771E+0
8.90620137E+2	9.84746100E-1	5.54069863E+0
8.90224549E+2	9.84691600E-1	5.54065672E+0
8.90452356E+2	9.84606100E-1	5.54069411E+0
8.90956826E+2	9.84668400E-1	5.54072229E+0
8.90952119E+2	9.84629400E-1	5.54071401E+0
8.90386548E+2	9.84816000E-1	5.54071522E+0
8.90208185E+2	9.84641100E-1	5.54068606E+0
8.89406608E+2	9.84633400E-1	5.54070230E+0
8.89428402E+2	9.84777200E-1	5.54068732E+0
8.89576596E+2	9.84648900E-1	5.54068530E+0
8.89940392E+2	9.84664300E-1	5.54067837E+0
8.89649094E+2	9.84765400E-1	5.54068754E+0
8.89462625E+2	9.84707200E-1	5.54068282E+0
8.89565338E+2	9.84788800E-1	5.54066160E+0
8.89766030E+2	9.84672200E-1	5.54068803E+0
8.89588593E+2	9.84796600E-1	5.54068293E+0
8.89562296E+2	9.84757700E-1	5.54069072E+0
8.89352817E+2	9.84645000E-1	5.54068119E+0
8.89076963E+2	9.84660500E-1	5.54068191E+0
8.89594402E+2	9.84812100E-1	5.54066701E+0
8.90016963E+2	9.84645000E-1	5.54063897E+0
8.90021286E+2	9.84761600E-1	5.54060432E+0
8.89933657E+2	9.84730500E-1	5.54063123E+0
8.89821218E+2	9.84742200E-1	5.54066590E+0
8.90252469E+2	9.84590500E-1	5.54064913E+0
8.90807553E+2	9.84645000E-1	5.54066921E+0
8.90082274E+2	9.84582800E-1	5.54067440E+0
8.89370860E+2	9.84645000E-1	5.54066228E+0
8.89134903E+2	9.84749900E-1	5.54063902E+0
8.89197945E+2	9.84718800E-1	5.54066339E+0
8.89732811E+2	9.84594400E-1	5.54061469E+0
8.90836314E+2	9.84664300E-1	5.54061878E+0
8.90871438E+2	9.84602300E-1	5.54061622E+0
8.91049441E+2	9.84641100E-1	5.54062342E+0
8.91307462E+2	9.84804300E-1	5.54061407E+0
8.90929481E+2	9.84722700E-1	5.54061429E+0
8.91042551E+2	9.84781100E-1	5.54062038E+0
8.90637215E+2	9.84699300E-1	5.54063683E+0
8.90445899E+2	9.84714900E-1	5.54063424E+0
8.90482419E+2	9.84613900E-1	5.54067037E+0
8.90207511E+2	9.84598400E-1	5.54061863E+0
8.89697052E+2	9.84652800E-1	5.54061747E+0
8.89640404E+2	9.84621600E-1	5.54061541E+0
8.89630948E+2	9.84613900E-1	5.54066662E+0
8.89833582E+2	9.84625500E-1	5.54065933E+0
8.89994519E+2	9.84648900E-1	5.54064466E+0
8.90819423E+2	9.84645000E-1	5.54063674E+0
8.90417914E+2	9.84656600E-1	5.54067028E+0
8.90387436E+2	9.84711100E-1	5.54062977E+0
8.90216600E+2	9.84769300E-1	5.54059354E+0
8.90110870E+2	9.84629400E-1	5.54061107E+0
8.90133925E+2	9.84707200E-1	5.54055012E+0
8.90500154E+2	9.84610000E-1	5.54055186E+0
8.91033083E+2	9.84668400E-1	5.54051238E+0
8.91250217E+2	9.84676100E-1	5.54049771E+0
8.91167002E+2	9.84722700E-1	5.54046931E+0
8.90850171E+2	9.84648900E-1	5.54045062E+0
8.91025833E+2	9.84648900E-1	5.54051564E+0
8.91160608E+2	9.84769300E-1	5.54047566E+0
8.91421271E+2	9.84695500E-1	5.54044996E+0
8.91250694E+2	9.84645000E-1	5.54045885E+0
8.90961601E+2	9.84610000E-1	5.54052217E+0
8.90307677E+2	9.84602300E-1	5.54048783E+0
8.90145389E+2	9.84645000E-1	5.54042661E+0
8.89872418E+2	9.84668400E-1	5.54043814E+0
8.89715488E+2	9.84606100E-1	5.54048698E+0
8.89894798E+2	9.84586600E-1	5.54047557E+0
8.90299977E+2	9.84761600E-1	5.54045755E+0
8.91030362E+2	9.84788800E-1	5.54045093E+0
8.91966669E+2	9.84800400E-1	5.54045227E+0
8.92042004E+2	9.84757700E-1	5.54047705E+0
8.91820431E+2	9.84656600E-1	5.54050813E+0
8.91780535E+2	9.84734300E-1	5.54046909E+0
8.92308105E+2	9.84703300E-1	5.54047204E+0
8.92710582E+2	9.84590500E-1	5.54049167E+0
8.92394247E+2	9.84613900E-1	5.54050334E+0
8.91839974E+2	9.84749900E-1	5.54052486E+0
8.91622795E+2	9.84645000E-1	5.54049064E+0
8.90595888E+2	9.84641100E-1	5.54049994E+0
8.89887793E+2	9.84613900E-1	5.54050934E+0
8.89817366E+2	9.84656600E-1	5.54049990E+0
8.90021583E+2	9.84629400E-1	5.54050241E+0
8.90042400E+2	9.84757700E-1	5.54053291E+0
8.89715663E+2	9.84781100E-1	5.54055527E+0
8.90167538E+2	9.84641100E-1	5.54053778E+0
8.90173347E+2	9.84648900E-1	5.54056788E+0
8.89543739E+2	9.84617800E-1	5.54056452E+0
8.89520864E+2	9.84761600E-1	5.54057512E+0
8.89774787E+2	9.84753800E-1	5.54059350E+0
8.89831570E+2	9.84664300E-1	5.54057687E+0
8.90189063E+2	9.84613900E-1	5.54056399E+0
8.90452988E+2	9.84567300E-1	5.54050151E+0
8.90448854E+2	9.84613900E-1	5.54048685E+0
8.89857951E+2	9.84610000E-1	5.54056032E+0
8.89878305E+2	9.84602300E-1	5.54057579E+0
8.90334953E+2	9.84567300E-1	5.54054945E+0
8.90405965E+2	9.84617800E-1	5.54053504E+0
8.90347156E+2	9.84598400E-1	5.54055071E+0
8.89672068E+2	9.84606100E-1	5.54055809E+0
8.89608666E+2	9.84617800E-1	5.54055702E+0
8.89606054E+2	9.84563400E-1	5.54053260E+0
8.89465786E+2	9.84648900E-1	5.54054136E+0
8.89456465E+2	9.84757700E-1	5.54052119E+0
8.89691509E+2	9.84621600E-1	5.54049150E+0
8.89929402E+2	9.84606100E-1	5.54047267E+0
8.89970244E+2	9.84629400E-1	5.54049012E+0
8.89990868E+2	9.84633400E-1	5.54050461E+0
8.90154686E+2	9.84769300E-1	5.54051315E+0
8.90194178E+2	9.84777200E-1	5.54050966E+0
8.89979835E+2	9.84703300E-1	5.54047956E+0
8.89878203E+2	9.84621600E-1	5.54049745E+0
8.89495584E+2	9.84742200E-1	5.54050546E+0
8.89955204E+2	9.84575100E-1	5.54051458E+0
8.89951286E+2	9.84804300E-1	5.54047844E+0
8.90394619E+2	9.84742200E-1	5.54048457E+0
8.91197573E+2	9.84800400E-1	5.54046015E+0
8.91166052E+2	9.84773300E-1	5.54045872E+0
8.91176049E+2	9.84777200E-1	5.54051046E+0
8.91331312E+2	9.84660500E-1	5.54053891E+0
8.91333203E+2	9.84711100E-1	5.54054083E+0
8.90860254E+2	9.84691600E-1	5.54051087E+0
8.90893441E+2	9.84761600E-1	5.54048564E+0
8.91031458E+2	9.84777200E-1	5.54048318E+0
8.90493666E+2	9.84753800E-1	5.54049834E+0
8.89970148E+2	9.84586600E-1	5.54048739E+0
8.90028327E+2	9.84676100E-1	5.54048247E+0
8.90260951E+2	9.84714900E-1	5.54046847E+0
8.90816936E+2	9.84633400E-1	5.54049262E+0
8.89930567E+2	9.84641100E-1	5.54047889E+0
8.89740676E+2	9.84648900E-1	5.54047719E+0
8.89409526E+2	9.84707200E-1	5.54047232E+0
8.89157584E+2	9.84668400E-1	5.54047245E+0
8.89036814E+2	9.84637200E-1	5.54044710E+0
8.89192572E+2	9.84563400E-1	5.54041519E+0
8.89060094E+2	9.84773300E-1	5.54040242E+0
8.89163837E+2	9.84617800E-1	5.54044969E+0
8.89341260E+2	9.84749900E-1	5.54041722E+0
8.90495590E+2	9.84765400E-1	5.54037881E+0
8.91148434E+2	9.84641100E-1	5.54041870E+0
8.90588982E+2	9.84707200E-1	5.54037031E+0
8.90504506E+2	9.84757700E-1	5.54042093E+0
