# Begin of measurement: 22.11.2018 12:13:49
# R-Sample[Ohm]	I-Coil[A]	U-Magnetometer[V]
# Kei2000	HP E3631A +6V : I	Kei2000
1.09498253E+3	-1.18200200E-2	-6.64758349E-2
1.09496763E+3	-1.16412200E-2	-6.64376873E-2
1.09497722E+3	-1.18550000E-2	-6.64595552E-2
1.09497758E+3	-1.18239000E-2	-6.64572298E-2
1.09497312E+3	-1.18083500E-2	-6.64951968E-2
1.09497145E+3	-1.18433400E-2	-6.64755648E-2
1.09495907E+3	-1.16451100E-2	-6.64528026E-2
1.09496096E+3	-1.18277900E-2	-6.64950626E-2
1.09496096E+3	-1.18122400E-2	-6.64968067E-2
1.09496362E+3	-1.18394500E-2	-6.65190357E-2
1.09496542E+3	-1.19171900E-2	-6.64972134E-2
1.09496686E+3	-1.17889200E-2	-6.64908632E-2
1.09496749E+3	-1.18005800E-2	-6.64989575E-2
1.09497240E+3	-1.19094100E-2	-6.64987339E-2
1.09497301E+3	-1.17267300E-2	-6.65105399E-2
1.09497167E+3	-1.17694900E-2	-6.65694356E-2
1.09495758E+3	-1.16956300E-2	-6.65599103E-2
1.09497406E+3	-1.18316800E-2	-6.65569588E-2
1.09496794E+3	-1.16995200E-2	-6.65255209E-2
1.09497460E+3	-1.18627700E-2	-6.65366114E-2
1.09496024E+3	-1.16917500E-2	-6.65655003E-2
1.09493223E+3	-1.17461600E-2	-6.65506981E-2
1.09490960E+3	-1.18511100E-2	-6.65370139E-2
1.09485923E+3	-1.16762000E-2	-6.65396970E-2
1.09480587E+3	-1.18627700E-2	-6.65424611E-2
1.09473090E+3	-1.17500500E-2	-6.65526125E-2
1.09463390E+3	-1.18355600E-2	-6.65967955E-2
1.09450075E+3	-1.18705400E-2	-6.65912949E-2
1.09433320E+3	-1.18161300E-2	-6.65856156E-2
1.09416330E+3	-1.17111800E-2	-6.65911161E-2
1.09397665E+3	-1.18938700E-2	-6.65315048E-2
1.09371044E+3	-1.17228400E-2	-6.65648209E-2
1.09342540E+3	-1.17966900E-2	-6.65389730E-2
1.09311281E+3	-1.17189600E-2	-6.65572186E-2
1.09277648E+3	-1.17656000E-2	-6.65263173E-2
1.09233631E+3	-1.17034100E-2	-6.65089661E-2
1.09196883E+3	-1.17189600E-2	-6.65603933E-2
1.09147825E+3	-1.18394500E-2	-6.65471077E-2
1.09104794E+3	-1.17228400E-2	-6.65645036E-2
1.09050502E+3	-1.18044700E-2	-6.65201865E-2
1.09001780E+3	-1.18316800E-2	-6.64921473E-2
1.08940337E+3	-1.18239000E-2	-6.65264472E-2
1.08884667E+3	-1.17850300E-2	-6.65250162E-2
1.08822819E+3	-1.16723100E-2	-6.65252355E-2
1.08755555E+3	-1.16800900E-2	-6.65210319E-2
1.08685377E+3	-1.18472200E-2	-6.65492947E-2
1.08617706E+3	-1.16723100E-2	-6.65522462E-2
1.08539913E+3	-1.16878600E-2	-6.64989404E-2
1.08469662E+3	-1.18433400E-2	-6.65523356E-2
1.08382580E+3	-1.17073000E-2	-6.65316304E-2
1.08300203E+3	-1.17034100E-2	-6.65030993E-2
1.08208189E+3	-1.18666600E-2	-6.65213002E-2
1.08116521E+3	-1.18433400E-2	-6.65339111E-2
1.08018429E+3	-1.18627700E-2	-6.65690160E-2
1.07919724E+3	-1.17383900E-2	-6.65787202E-2
1.07817808E+3	-1.16917500E-2	-6.65523356E-2
1.07701862E+3	-1.18511100E-2	-6.65394968E-2
1.07601653E+3	-1.18860900E-2	-6.65677596E-2
1.07492434E+3	-1.18161300E-2	-6.65895828E-2
1.07377190E+3	-1.17500500E-2	-6.65644056E-2
1.07248843E+3	-1.17461600E-2	-6.65978112E-2
1.07123215E+3	-1.16762000E-2	-6.65466967E-2
1.07000271E+3	-1.17383900E-2	-6.65082868E-2
1.06886369E+3	-1.16684300E-2	-6.65077949E-2
1.06743373E+3	-1.18200200E-2	-6.64899070E-2
1.06602934E+3	-1.18627700E-2	-6.64970175E-2
1.06468242E+3	-1.17189600E-2	-6.64904437E-2
1.06332055E+3	-1.16839700E-2	-6.64892810E-2
1.06194345E+3	-1.18200200E-2	-6.65177201E-2
1.06046374E+3	-1.16723100E-2	-6.65156613E-2
1.05885068E+3	-1.17656000E-2	-6.65105632E-2
1.05742833E+3	-1.18472200E-2	-6.65003672E-2
1.05576674E+3	-1.16956300E-2	-6.64923176E-2
1.05419948E+3	-1.17928100E-2	-6.64469272E-2
1.05248176E+3	-1.18744300E-2	-6.64292630E-2
1.05084854E+3	-1.16567700E-2	-6.64810036E-2
1.04795016E+3	-1.18005800E-2	-6.64545296E-2
1.04764918E+3	-1.18588800E-2	-6.64766658E-2
1.04607756E+3	-1.16489900E-2	-6.65016640E-2
1.04489819E+3	-1.18161300E-2	-6.64843128E-2
1.04276424E+3	-1.18627700E-2	-6.64533221E-2
1.04083033E+3	-1.17811500E-2	-6.65127949E-2
1.03908318E+3	-1.18783200E-2	-6.64542123E-2
1.03746252E+3	-1.18316800E-2	-6.64961592E-2
1.03578233E+3	-1.18083500E-2	-6.65085019E-2
1.03400312E+3	-1.16762000E-2	-6.64818937E-2
1.03214245E+3	-1.17617100E-2	-6.64809993E-2
1.03002641E+3	-1.18277900E-2	-6.64895855E-2
1.02798162E+3	-1.17189600E-2	-6.64819384E-2
1.02605161E+3	-1.16839700E-2	-6.64522446E-2
1.02440167E+3	-1.18316800E-2	-6.65097987E-2
1.02215659E+3	-1.17617100E-2	-6.64834142E-2
1.02023261E+3	-1.17073000E-2	-6.64994685E-2
1.01805822E+3	-1.18122400E-2	-6.65208892E-2
1.01607385E+3	-1.17539400E-2	-6.65450335E-2
1.01381534E+3	-1.17539400E-2	-6.65332722E-2
1.01188034E+3	-1.18277900E-2	-6.65046517E-2
1.00985330E+3	-1.18355600E-2	-6.65021921E-2
1.00827101E+3	-1.18355600E-2	-6.65286661E-2
1.00594415E+3	-1.16995200E-2	-6.65133273E-2
1.00367389E+3	-1.18200200E-2	-6.65103758E-2
9.99254862E+2	-1.18161300E-2	-6.65565264E-2
9.98874587E+2	-1.18200200E-2	-6.65143111E-2
9.96747523E+2	-1.17267300E-2	-6.65555426E-2
9.94859062E+2	-1.18122400E-2	-6.65466881E-2
9.93640925E+2	-1.18627700E-2	-6.65612220E-2
9.91826502E+2	-1.17267300E-2	-6.65497721E-2
9.89404180E+2	-1.16528800E-2	-6.65387238E-2
9.87727188E+2	-1.18511100E-2	-6.65258445E-2
9.85148072E+2	-1.18394500E-2	-6.65060337E-2
9.82430941E+2	-1.18200200E-2	-6.65423461E-2
9.79868987E+2	-1.18511100E-2	-6.65203440E-2
9.77439773E+2	-1.17811500E-2	-6.64786653E-2
9.74722010E+2	-1.18472200E-2	-6.64898857E-2
9.72492864E+2	-1.17966900E-2	-6.65472609E-2
9.70624270E+2	-1.18316800E-2	-6.65277632E-2
9.68589021E+2	-1.16917500E-2	-6.65204739E-2
9.67049008E+2	-1.17578300E-2	-6.65381381E-2
9.64393117E+2	-1.18316800E-2	-6.65517776E-2
9.61242767E+2	-1.16956300E-2	-6.65103191E-2
9.58599295E+2	-1.18899800E-2	-6.65113916E-2
9.53661392E+2	-1.18161300E-2	-6.65320520E-2
9.53093389E+2	-1.16956300E-2	-6.65153269E-2
9.50303984E+2	-1.17500500E-2	-6.64837548E-2
9.47784892E+2	-1.17811500E-2	-6.65379997E-2
9.45582449E+2	-1.16995200E-2	-6.65492260E-2
9.43434886E+2	-1.17111800E-2	-6.65092940E-2
9.40811055E+2	-1.18083500E-2	-6.65186851E-2
9.39003701E+2	-1.18472200E-2	-6.65266005E-2
9.37061619E+2	-1.18511100E-2	-6.65008867E-2
9.31993356E+2	-1.16723100E-2	-6.65077288E-2
9.31751007E+2	-1.17383900E-2	-6.64779903E-2
9.29838104E+2	-1.18394500E-2	-6.64859461E-2
9.26938422E+2	-1.18316800E-2	-6.64582200E-2
9.23102872E+2	-1.18200200E-2	-6.65087978E-2
9.20399999E+2	-1.17966900E-2	-6.65003458E-2
9.17731364E+2	-1.18394500E-2	-6.65197094E-2
9.14777422E+2	-1.18044700E-2	-6.65294136E-2
9.12514954E+2	-1.17383900E-2	-6.64974838E-2
9.11089497E+2	-1.17228400E-2	-6.65367476E-2
9.08409875E+2	-1.16995200E-2	-6.65118835E-2
9.06342880E+2	-1.17111800E-2	-6.65059805E-2
9.04041082E+2	-1.16528800E-2	-6.65326781E-2
8.97503547E+2	-1.18977500E-2	-6.65119729E-2
8.97207612E+2	-1.16878600E-2	-6.65207379E-2
8.92439606E+2	-1.18316800E-2	-6.64439544E-2
8.91965714E+2	-1.18705400E-2	-6.65233764E-2
8.89110881E+2	-1.18550000E-2	-6.65180995E-2
8.86841883E+2	-1.17422800E-2	-6.65326781E-2
8.85833279E+2	-1.18277900E-2	-6.65584813E-2
8.82633557E+2	-1.16917500E-2	-6.65168026E-2
8.79201625E+2	-1.18666600E-2	-6.65367923E-2
8.76460041E+2	-1.16800900E-2	-6.65088425E-2
8.72626895E+2	-1.16606500E-2	-6.65334383E-2
8.70180075E+2	-1.18627700E-2	-6.64946217E-2
8.68589089E+2	-1.18511100E-2	-6.65000328E-2
8.66881633E+2	-1.17111800E-2	-6.64675216E-2
8.64131576E+2	-1.18044700E-2	-6.65195331E-2
8.62607052E+2	-1.16762000E-2	-6.65088468E-2
8.60576801E+2	-1.18588800E-2	-6.65155100E-2
8.58156413E+2	-1.17539400E-2	-6.65497652E-2
8.56375130E+2	-1.16800900E-2	-6.65638072E-2
8.53633006E+2	-1.17150700E-2	-6.65401505E-2
8.49326866E+2	-1.18239000E-2	-6.65706046E-2
8.42726178E+2	-1.17111800E-2	-6.65490050E-2
8.41429910E+2	-1.17073000E-2	-6.65360810E-2
8.41095160E+2	-1.16684300E-2	-6.65469032E-2
8.38018960E+2	-1.17228400E-2	-6.65500336E-2
8.34728329E+2	-1.16762000E-2	-6.65371990E-2
8.32102246E+2	-1.18316800E-2	-6.65490944E-2
8.29573021E+2	-1.18200200E-2	-6.65583067E-2
8.27785455E+2	-1.17111800E-2	-6.65755684E-2
8.25535628E+2	-1.16917500E-2	-6.65663115E-2
8.23811398E+2	-1.18550000E-2	-6.65441753E-2
8.22264540E+2	-1.17966900E-2	-6.65295520E-2
8.18784605E+2	-1.18239000E-2	-6.65502572E-2
8.15624245E+2	-1.17966900E-2	-6.65532086E-2
8.12712584E+2	-1.18277900E-2	-6.65691288E-2
8.10990203E+2	-1.16878600E-2	-6.65321904E-2
8.08661793E+2	-1.18005800E-2	-6.65200714E-2
8.04600663E+2	-1.18005800E-2	-6.65482001E-2
8.00724378E+2	-1.18355600E-2	-6.65494522E-2
7.98499735E+2	-1.17889200E-2	-6.65279421E-2
7.95708620E+2	-1.18083500E-2	-6.65249011E-2
7.93763161E+2	-1.18355600E-2	-6.65429679E-2
7.91692069E+2	-1.18200200E-2	-6.64956545E-2
7.89861477E+2	-1.18666600E-2	-6.65341134E-2
7.87431614E+2	-1.17306200E-2	-6.65092493E-2
7.85752640E+2	-1.16800900E-2	-6.65578148E-2
7.83616255E+2	-1.16878600E-2	-6.65578148E-2
7.79327500E+2	-1.18666600E-2	-6.65561601E-2
7.78640123E+2	-1.16800900E-2	-6.65415368E-2
7.75276412E+2	-1.18316800E-2	-6.65324588E-2
7.73548625E+2	-1.18239000E-2	-6.64994557E-2
7.70532241E+2	-1.18316800E-2	-6.64753071E-2
7.69228138E+2	-1.16295600E-2	-6.65030333E-2
7.66851835E+2	-1.17578300E-2	-6.65013339E-2
7.62798493E+2	-1.18200200E-2	-6.64801368E-2
7.59609765E+2	-1.17889200E-2	-6.64580453E-2
7.58683506E+2	-1.18938700E-2	-6.65148840E-2
7.55358293E+2	-1.16295600E-2	-6.65297309E-2
7.52903875E+2	-1.18511100E-2	-6.65130053E-2
7.49327556E+2	-1.18550000E-2	-6.65367923E-2
7.46723132E+2	-1.18083500E-2	-6.65125095E-2
7.45089457E+2	-1.18044700E-2	-6.64820555E-2
7.43370451E+2	-1.17111800E-2	-6.64615292E-2
7.42279248E+2	-1.18083500E-2	-6.64602323E-2
7.39230337E+2	-1.17345000E-2	-6.64795959E-2
7.36396522E+2	-1.16489900E-2	-6.64868852E-2
7.33699406E+2	-1.16800900E-2	-6.65062488E-2
7.32362431E+2	-1.18316800E-2	-6.65225715E-2
7.31569594E+2	-1.16839700E-2	-6.64849623E-2
7.28233529E+2	-1.18161300E-2	-6.64846492E-2
7.25414449E+2	-1.17617100E-2	-6.65324098E-2
7.23237672E+2	-1.18316800E-2	-6.65116152E-2
7.21892907E+2	-1.17150700E-2	-6.65522653E-2
7.20026623E+2	-1.17889200E-2	-6.65635346E-2
7.16070456E+2	-1.18200200E-2	-6.65979240E-2
7.13405377E+2	-1.18511100E-2	-6.65385363E-2
7.10304592E+2	-1.17500500E-2	-6.65635793E-2
7.08170818E+2	-1.16800900E-2	-6.65971190E-2
7.06676735E+2	-1.18938700E-2	-6.65767716E-2
7.04357124E+2	-1.17811500E-2	-6.65673805E-2
7.02559404E+2	-1.16839700E-2	-6.65918421E-2
7.00028738E+2	-1.17422800E-2	-6.66109821E-2
6.97454801E+2	-1.18316800E-2	-6.66058841E-2
6.95254835E+2	-1.16995200E-2	-6.66327158E-2
6.93527634E+2	-1.18783200E-2	-6.65991761E-2
6.92230511E+2	-1.17694900E-2	-6.66131286E-2
6.89991955E+2	-1.18627700E-2	-6.66209098E-2
6.86619418E+2	-1.18472200E-2	-6.66431355E-2
6.84687420E+2	-1.18550000E-2	-6.66331183E-2
6.82873672E+2	-1.16878600E-2	-6.66057499E-2
6.78847304E+2	-1.19055300E-2	-6.66535539E-2
6.78702669E+2	-1.17150700E-2	-6.66787280E-2
6.77666898E+2	-1.17461600E-2	-6.66661171E-2
6.75450090E+2	-1.17578300E-2	-6.66533273E-2
6.72681669E+2	-1.17073000E-2	-6.66844968E-2
6.71132065E+2	-1.16528800E-2	-6.66623606E-2
6.68865949E+2	-1.18394500E-2	-6.66410294E-2
6.66880683E+2	-1.16606500E-2	-6.66327115E-2
6.64250008E+2	-1.16723100E-2	-6.66626737E-2
6.61247703E+2	-1.18822100E-2	-6.66537297E-2
6.58108013E+2	-1.18005800E-2	-6.66238571E-2
6.55819653E+2	-1.17034100E-2	-6.66263614E-2
6.54009327E+2	-1.18277900E-2	-6.66228732E-2
6.50535760E+2	-1.18394500E-2	-6.66295364E-2
6.48396403E+2	-1.18822100E-2	-6.65980091E-2
6.47269627E+2	-1.17345000E-2	-6.66451883E-2
6.45696472E+2	-1.18355600E-2	-6.66095468E-2
6.43601784E+2	-1.17889200E-2	-6.65856665E-2
6.41156496E+2	-1.17267300E-2	-6.65806579E-2
6.39836993E+2	-1.18161300E-2	-6.66024811E-2
6.38045985E+2	-1.18355600E-2	-6.65765437E-2
6.35862724E+2	-1.16762000E-2	-6.66712151E-2
6.33440266E+2	-1.17034100E-2	-6.66493472E-2
6.31578877E+2	-1.18083500E-2	-6.66620923E-2
6.27689084E+2	-1.17306200E-2	-6.66401797E-2
6.27596728E+2	-1.18355600E-2	-6.66587831E-2
6.26078284E+2	-1.18588800E-2	-6.66785491E-2
6.23919970E+2	-1.18161300E-2	-6.66346792E-2
6.22820707E+2	-1.18783200E-2	-6.66387934E-2
6.20109834E+2	-1.19249600E-2	-6.66670115E-2
6.18374302E+2	-1.18394500E-2	-6.66861515E-2
6.15368711E+2	-1.17267300E-2	-6.67056939E-2
6.13644347E+2	-1.18355600E-2	-6.67192887E-2
6.12496452E+2	-1.18316800E-2	-6.67387864E-2
6.11134081E+2	-1.17617100E-2	-6.67415590E-2
6.09285038E+2	-1.17228400E-2	-6.67356560E-2
6.07754511E+2	-1.16995200E-2	-6.67049784E-2
6.05341149E+2	-1.18822100E-2	-6.67056492E-2
6.02524817E+2	-1.16995200E-2	-6.67099870E-2
5.99970557E+2	-1.17189600E-2	-6.66991201E-2
5.99179342E+2	-1.18239000E-2	-6.66543558E-2
5.98896285E+2	-1.18005800E-2	-6.66468429E-2
5.97040120E+2	-1.18472200E-2	-6.66755082E-2
5.94272831E+2	-1.17889200E-2	-6.66722884E-2
5.92711205E+2	-1.18588800E-2	-6.66142871E-2
5.90709324E+2	-1.18277900E-2	-6.66577059E-2
5.89598849E+2	-1.17811500E-2	-6.66628035E-2
5.88457079E+2	-1.16800900E-2	-6.66559167E-2
5.87316254E+2	-1.17150700E-2	-6.66178604E-2
5.85129932E+2	-1.18511100E-2	-6.66073960E-2
5.83699882E+2	-1.18394500E-2	-6.66370898E-2
5.81795761E+2	-1.18239000E-2	-6.66063227E-2
5.80183791E+2	-1.17189600E-2	-6.66051600E-2
5.78178578E+2	-1.16723100E-2	-6.66251049E-2
5.76566158E+2	-1.18860900E-2	-6.66356140E-2
5.75195142E+2	-1.18433400E-2	-6.65958136E-2
5.73216497E+2	-1.16762000E-2	-6.65510493E-2
5.70793473E+2	-1.17928100E-2	-6.65759134E-2
5.69223378E+2	-1.17111800E-2	-6.65957242E-2
5.67777163E+2	-1.16800900E-2	-6.65688924E-2
5.63071164E+2	-1.18355600E-2	-6.65817717E-2
5.62833273E+2	-1.17073000E-2	-6.66133437E-2
5.60742233E+2	-1.17383900E-2	-6.66319023E-2
5.60521814E+2	-1.18355600E-2	-6.65850809E-2
5.59302592E+2	-1.16723100E-2	-6.66067699E-2
5.57200870E+2	-1.18472200E-2	-6.65463537E-2
5.55717289E+2	-1.18277900E-2	-6.65603957E-2
5.55565315E+2	-1.16645400E-2	-6.65829344E-2
5.54947374E+2	-1.18938700E-2	-6.65830238E-2
5.52612454E+2	-1.17539400E-2	-6.65576678E-2
5.50827977E+2	-1.16800900E-2	-6.65883914E-2
5.47993184E+2	-1.18316800E-2	-6.65734581E-2
5.46388742E+2	-1.18044700E-2	-6.65962651E-2
5.44949748E+2	-1.18511100E-2	-6.65828492E-2
5.43886059E+2	-1.17656000E-2	-6.65487281E-2
5.43635515E+2	-1.18550000E-2	-6.65209573E-2
5.43028246E+2	-1.17345000E-2	-6.65503381E-2
5.39907335E+2	-1.18200200E-2	-6.65551230E-2
5.37161746E+2	-1.17383900E-2	-7.12687917E-2
5.36531242E+2	-1.17034100E-2	-7.12265317E-2
5.34372644E+2	-1.18783200E-2	-7.12500542E-2
5.32824170E+2	-1.18550000E-2	-7.12199579E-2
5.31370975E+2	-1.16917500E-2	-7.12146363E-2
5.31148394E+2	-1.17850300E-2	-7.12248803E-2
5.29570917E+2	-1.16567700E-2	-7.12051603E-2
5.28210709E+2	-1.16878600E-2	-7.12018510E-2
5.26554025E+2	-1.18550000E-2	-7.12131204E-2
5.24644972E+2	-1.17228400E-2	-7.12000175E-2
5.22512348E+2	-1.18316800E-2	-7.11886140E-2
5.21509179E+2	-1.18200200E-2	-7.11935332E-2
5.20620025E+2	-1.17928100E-2	-7.12126732E-2
5.18872968E+2	-1.17034100E-2	-7.11980051E-2
5.17641544E+2	-1.17073000E-2	-7.12261338E-2
5.16163133E+2	-1.17073000E-2	-7.11890165E-2
5.12935729E+2	-1.19016400E-2	-7.12362851E-2
5.12729989E+2	-1.17383900E-2	-7.12093192E-2
5.11765230E+2	-1.18744300E-2	-7.12299349E-2
5.10755712E+2	-1.18316800E-2	-7.12391472E-2
5.09156307E+2	-1.18860900E-2	-7.12334231E-2
5.08107974E+2	-1.16995200E-2	-7.12372242E-2
5.05966773E+2	-1.16878600E-2	-7.12782321E-2
5.04090661E+2	-1.18666600E-2	-7.12669180E-2
5.03357144E+2	-1.18433400E-2	-7.12488513E-2
5.01734015E+2	-1.17150700E-2	-7.12690646E-2
5.00616020E+2	-1.17500500E-2	-7.12656212E-2
4.99290575E+2	-1.18044700E-2	-7.12645926E-2
4.97900557E+2	-1.16800900E-2	-7.12910219E-2
4.96512205E+2	-1.17267300E-2	-7.12960305E-2
4.94864573E+2	-1.18433400E-2	-7.12970130E-2
4.93175700E+2	-1.18472200E-2	-7.12995588E-2
4.91810779E+2	-1.19016400E-2	-7.12796586E-2
4.90621638E+2	-1.16800900E-2	-7.12993799E-2
4.89427679E+2	-1.17422800E-2	-7.12742475E-2
4.88514659E+2	-1.18239000E-2	-7.12919117E-2
4.87213890E+2	-1.18316800E-2	-7.13312202E-2
4.86076623E+2	-1.17111800E-2	-7.12678079E-2
4.85088359E+2	-1.18550000E-2	-7.12838622E-2
4.83057294E+2	-1.16995200E-2	-7.13155684E-2
4.82042012E+2	-1.18472200E-2	-7.13242440E-2
4.80533070E+2	-1.18977500E-2	-7.12788536E-2
4.79596860E+2	-1.16412200E-2	-7.12883342E-2
4.80182380E+2	-1.16723100E-2	-7.12452692E-2
4.79909816E+2	-1.17811500E-2	-7.13086369E-2
4.79389093E+2	-1.16489900E-2	-7.12932980E-2
4.79069007E+2	-1.17150700E-2	-7.13122591E-2
4.78541993E+2	-1.18200200E-2	-7.13335904E-2
4.78892098E+2	-1.16878600E-2	-7.13268377E-2
4.78583870E+2	-1.19055300E-2	-7.13247350E-2
4.78256235E+2	-1.18316800E-2	-7.13567506E-2
4.78624802E+2	-1.17966900E-2	-7.13275487E-2
4.78641823E+2	-1.17928100E-2	-7.13502215E-2
4.78771554E+2	-1.17733700E-2	-7.13023268E-2
4.78839684E+2	-1.16723100E-2	-7.13091242E-2
4.78901869E+2	-1.18627700E-2	-7.13385497E-2
4.79090633E+2	-1.18433400E-2	-7.13217798E-2
4.78833920E+2	-1.18122400E-2	-7.13142669E-2
4.78577611E+2	-1.18705400E-2	-7.13808097E-2
4.78437344E+2	-1.17383900E-2	-7.13489693E-2
4.78090481E+2	-1.18472200E-2	-7.13868468E-2
4.78053945E+2	-1.19016400E-2	-7.13646659E-2
4.78768474E+2	-1.16800900E-2	-7.13993268E-2
4.78607764E+2	-1.18666600E-2	-7.14054995E-2
4.77185775E+2	-1.18355600E-2	-7.14067964E-2
4.76586702E+2	-1.18277900E-2	-7.14441372E-2
4.77064961E+2	-1.18977500E-2	-7.14511135E-2
4.77242647E+2	-1.17189600E-2	-7.14352827E-2
4.77547573E+2	-1.16762000E-2	-7.14097926E-2
4.78309422E+2	-1.18860900E-2	-7.14634114E-2
4.78426409E+2	-1.18588800E-2	-7.14530364E-2
4.78140291E+2	-1.18433400E-2	-7.14356852E-2
4.78189418E+2	-1.19288500E-2	-7.14902431E-2
4.77930138E+2	-1.18239000E-2	-7.15027646E-2
4.78113769E+2	-1.17267300E-2	-7.15480208E-2
4.77485021E+2	-1.17850300E-2	-7.15276688E-2
4.77786269E+2	-1.16917500E-2	-7.14840225E-2
4.77470476E+2	-1.18316800E-2	-7.14967676E-2
4.76785217E+2	-1.18588800E-2	-7.15088419E-2
4.77341061E+2	-1.18355600E-2	-7.15260589E-2
4.76737125E+2	-1.16489900E-2	-7.14850063E-2
4.77449132E+2	-1.17306200E-2	-7.14825915E-2
4.78086616E+2	-1.18277900E-2	-7.14724849E-2
4.78104957E+2	-1.16878600E-2	-7.14766885E-2
4.77533577E+2	-1.17345000E-2	-7.14690414E-2
4.77515655E+2	-1.17034100E-2	-7.14931006E-2
4.76927029E+2	-1.18316800E-2	-7.14732898E-2
4.77263130E+2	-1.18938700E-2	-7.14817865E-2
4.77331394E+2	-1.17111800E-2	-7.14940844E-2
4.77615711E+2	-1.18822100E-2	-7.14720377E-2
4.77724518E+2	-1.17500500E-2	-7.15180541E-2
4.77707523E+2	-1.18161300E-2	-7.15248515E-2
4.78107926E+2	-1.19016400E-2	-7.14888969E-2
4.77924655E+2	-1.18627700E-2	-7.14646589E-2
4.78531564E+2	-1.17617100E-2	-7.14147966E-2
4.78378238E+2	-1.18433400E-2	-7.14410023E-2
4.78039030E+2	-1.18200200E-2	-7.14635857E-2
4.77200815E+2	-1.18083500E-2	-7.14286597E-2
4.77246018E+2	-1.17228400E-2	-7.14321031E-2
4.77985494E+2	-1.18122400E-2	-7.14718588E-2
4.77834330E+2	-1.18472200E-2	-7.14502592E-2
4.77563387E+2	-1.17656000E-2	-7.14807580E-2
4.78053218E+2	-1.18239000E-2	-7.14676104E-2
4.78138189E+2	-1.18316800E-2	-7.15108095E-2
4.78217846E+2	-1.18666600E-2	-7.15096468E-2
4.78196755E+2	-1.18472200E-2	-7.14896572E-2
4.78277898E+2	-1.18239000E-2	-7.15129114E-2
4.78116152E+2	-1.18277900E-2	-7.15217658E-2
4.77761274E+2	-1.16878600E-2	-7.15550819E-2
4.77577778E+2	-1.19055300E-2	-7.15643389E-2
4.77439537E+2	-1.18122400E-2	-7.15434996E-2
4.78159920E+2	-1.18083500E-2	-7.15792305E-2
4.78098359E+2	-1.18083500E-2	-7.15327669E-2
4.78483978E+2	-1.18083500E-2	-7.15511877E-2
4.78283731E+2	-1.18860900E-2	-7.15227004E-2
4.78401979E+2	-1.18666600E-2	-7.15184967E-2
4.78744699E+2	-1.17345000E-2	-7.14925146E-2
4.79189366E+2	-1.17539400E-2	-7.14681425E-2
4.79110654E+2	-1.19016400E-2	-7.15022188E-2
4.78048677E+2	-1.17733700E-2	-7.14849570E-2
4.77677903E+2	-1.18200200E-2	-7.15037840E-2
4.78154586E+2	-1.17500500E-2	-7.15147403E-2
4.77272162E+2	-1.17111800E-2	-7.15343722E-2
4.77207590E+2	-1.18705400E-2	-7.15163949E-2
4.77125275E+2	-1.17306200E-2	-7.15550773E-2
4.76842354E+2	-1.16528800E-2	-7.15571792E-2
4.76994915E+2	-1.18588800E-2	-7.15337461E-2
4.77517483E+2	-1.17150700E-2	-7.15251152E-2
4.77565620E+2	-1.18627700E-2	-7.15400516E-2
4.77562288E+2	-1.17306200E-2	-7.15568661E-2
