# Begin of measurement: 22.11.2018 13:15:12
# R-Sample[Ohm]	I-Coil[A]	U-Magnetometer[V]
# Kei2000	HP E3631A +6V : I	Kei2000
1.09351019E+3	5.25903200E-1	2.69370904E+0
1.09352239E+3	5.26027600E-1	2.69372242E+0
1.09353482E+3	5.25930400E-1	2.69376150E+0
1.09354148E+3	5.25938200E-1	2.69374876E+0
1.09356805E+3	5.25969300E-1	2.69377733E+0
1.09358314E+3	5.26070400E-1	2.69374719E+0
1.09360768E+3	5.26012100E-1	2.69374518E+0
1.09360610E+3	5.25969300E-1	2.69375833E+0
1.09361974E+3	5.25872100E-1	2.69376673E+0
1.09361858E+3	5.25961500E-1	2.69375497E+0
1.09365400E+3	5.26078100E-1	2.69374075E+0
1.09369269E+3	5.26105400E-1	2.69373404E+0
1.09369432E+3	5.26105400E-1	2.69375090E+0
1.09369139E+3	5.26093700E-1	2.69378578E+0
1.09371399E+3	5.25957600E-1	2.69377543E+0
1.09375074E+3	5.26124800E-1	2.69380788E+0
1.09374646E+3	5.26062600E-1	2.69382049E+0
1.09373529E+3	5.26085900E-1	2.69379057E+0
1.09372731E+3	5.26117000E-1	2.69382080E+0
1.09371373E+3	5.25973200E-1	2.69383427E+0
1.09365843E+3	5.25945900E-1	2.69381772E+0
1.09356936E+3	5.25945900E-1	2.69383740E+0
1.09346575E+3	5.26027600E-1	2.69383561E+0
1.09336579E+3	5.25957600E-1	2.69381843E+0
1.09322255E+3	5.26058700E-1	2.69379916E+0
1.09300677E+3	5.25988800E-1	2.69383954E+0
1.09280031E+3	5.26113100E-1	2.69386628E+0
1.09254922E+3	5.25961500E-1	2.69388496E+0
1.09228702E+3	5.25945900E-1	2.69390886E+0
1.09191606E+3	5.25980900E-1	2.69387613E+0
1.09160604E+3	5.25926500E-1	2.69390385E+0
1.09119933E+3	5.25988800E-1	2.69391083E+0
1.09082424E+3	5.26105400E-1	2.69391405E+0
1.09035035E+3	5.26058700E-1	2.69391472E+0
1.08986592E+3	5.26004300E-1	2.69395975E+0
1.08932670E+3	5.26113100E-1	2.69392854E+0
1.08879468E+3	5.25977100E-1	2.69393914E+0
1.08812185E+3	5.25945900E-1	2.69394737E+0
1.08753908E+3	5.25942100E-1	2.69396454E+0
1.08688174E+3	5.26117000E-1	2.69394230E+0
1.08618099E+3	5.25965400E-1	2.69391951E+0
1.08543603E+3	5.25945900E-1	2.69391643E+0
1.08462145E+3	5.25969300E-1	2.69392363E+0
1.08375761E+3	5.25953800E-1	2.69392886E+0
1.08297630E+3	5.25922700E-1	2.69395582E+0
1.08206716E+3	5.25973200E-1	2.69397058E+0
1.08114784E+3	5.25930400E-1	2.69398628E+0
1.08014225E+3	5.25961500E-1	2.69393744E+0
1.07913496E+3	5.25965400E-1	2.69395909E+0
1.07811014E+3	5.26078100E-1	2.69395238E+0
1.07700273E+3	5.25969300E-1	2.69391969E+0
1.07588974E+3	5.25973200E-1	2.69391437E+0
1.07471790E+3	5.25949900E-1	2.69389839E+0
1.07351413E+3	5.26012100E-1	2.69388784E+0
1.07226470E+3	5.26043200E-1	2.69387890E+0
1.07105793E+3	5.25914900E-1	2.69386902E+0
1.06973848E+3	5.26019800E-1	2.69388480E+0
1.06834977E+3	5.26085900E-1	2.69389513E+0
1.06690762E+3	5.26035400E-1	2.69386393E+0
1.06554557E+3	5.25953800E-1	2.69385856E+0
1.06415754E+3	5.25957600E-1	2.69390744E+0
1.06264415E+3	5.26078100E-1	2.69389653E+0
1.06129689E+3	5.25922700E-1	2.69389402E+0
1.05983527E+3	5.26105400E-1	2.69390941E+0
1.05831039E+3	5.25942100E-1	2.69394558E+0
1.05678966E+3	5.26089800E-1	2.69393758E+0
1.05525812E+3	5.25934400E-1	2.69395328E+0
1.05355714E+3	5.26019800E-1	2.69393633E+0
1.05213025E+3	5.25930400E-1	2.69394648E+0
1.05050393E+3	5.26085900E-1	2.69396808E+0
1.04855713E+3	5.25980900E-1	2.69400229E+0
1.04678585E+3	5.26074200E-1	2.69398300E+0
1.04477457E+3	5.25876000E-1	2.69399347E+0
1.04283962E+3	5.25969300E-1	2.69404955E+0
1.04100926E+3	5.25911000E-1	2.69401109E+0
1.03943630E+3	5.25891500E-1	2.69403631E+0
1.03789445E+3	5.26008200E-1	2.69403605E+0
1.03606891E+3	5.26058700E-1	2.69408559E+0
1.03447523E+3	5.25930400E-1	2.69414002E+0
1.03199376E+3	5.25911000E-1	2.69412575E+0
1.03010365E+3	5.25969300E-1	2.69417284E+0
1.02817788E+3	5.25949900E-1	2.69419932E+0
1.02629160E+3	5.26027600E-1	2.69417566E+0
1.02413942E+3	5.26109200E-1	2.69419462E+0
1.02188427E+3	5.26035400E-1	2.69423541E+0
1.01989966E+3	5.25887700E-1	2.69423845E+0
1.01833255E+3	5.26074200E-1	2.69422602E+0
1.01599435E+3	5.25961500E-1	2.69426908E+0
1.01402170E+3	5.26085900E-1	2.69425960E+0
1.01180585E+3	5.26039300E-1	2.69432986E+0
1.00975819E+3	5.26062600E-1	2.69434949E+0
1.00728419E+3	5.26066500E-1	2.69435463E+0
1.00545019E+3	5.26000400E-1	2.69436644E+0
1.00303765E+3	5.25961500E-1	2.69440387E+0
1.00090776E+3	5.25973200E-1	2.69445968E+0
9.98805878E+2	5.25860500E-1	2.69447560E+0
9.97011008E+2	5.26043200E-1	2.69447994E+0
9.94750309E+2	5.26070400E-1	2.69451795E+0
9.92122755E+2	5.25973200E-1	2.69453919E+0
9.89751029E+2	5.26070400E-1	2.69458999E+0
9.87681242E+2	5.25918800E-1	2.69460300E+0
9.85166172E+2	5.25879900E-1	2.69463189E+0
9.82240794E+2	5.26047000E-1	2.69463954E+0
9.79222296E+2	5.25895500E-1	2.69472071E+0
9.76816152E+2	5.25949900E-1	2.69471109E+0
9.73920990E+2	5.26093700E-1	2.69476028E+0
9.71439138E+2	5.26023700E-1	2.69480791E+0
9.68191603E+2	5.26012100E-1	2.69486457E+0
9.66068829E+2	5.25911000E-1	2.69489815E+0
9.63764631E+2	5.25876000E-1	2.69498021E+0
9.60937913E+2	5.25911000E-1	2.69504725E+0
9.58914743E+2	5.25953800E-1	2.69507314E+0
9.57250953E+2	5.25938200E-1	2.69514183E+0
9.54849132E+2	5.25969300E-1	2.69516151E+0
9.51608995E+2	5.26074200E-1	2.69524562E+0
9.49192899E+2	5.26027600E-1	2.69531378E+0
9.46684809E+2	5.25945900E-1	2.69535908E+0
9.44099177E+2	5.26062600E-1	2.69542490E+0
9.42086049E+2	5.25945900E-1	2.69548912E+0
9.39763075E+2	5.26070400E-1	2.69555817E+0
9.36653346E+2	5.26012100E-1	2.69559399E+0
9.33533879E+2	5.25926500E-1	2.69567462E+0
9.31403059E+2	5.26113100E-1	2.69576222E+0
9.29024429E+2	5.26012100E-1	2.69584844E+0
9.27728755E+2	5.25930400E-1	2.69590474E+0
9.24589894E+2	5.25953800E-1	2.69600201E+0
9.21553700E+2	5.25891500E-1	2.69616318E+0
9.19774771E+2	5.26066500E-1	2.69628414E+0
9.17736405E+2	5.26039300E-1	2.69634469E+0
9.14645050E+2	5.25977100E-1	2.69648006E+0
9.11034145E+2	5.26085900E-1	2.69667620E+0
9.03793018E+2	5.26097500E-1	2.69684139E+0
9.03115777E+2	5.25961500E-1	2.69707282E+0
8.99905498E+2	5.25996500E-1	2.69733465E+0
8.98433894E+2	5.25930400E-1	2.69753490E+0
8.95321734E+2	5.25942100E-1	2.69770918E+0
8.91982368E+2	5.25942100E-1	2.69800549E+0
8.89822987E+2	5.26047000E-1	2.69825694E+0
8.86785669E+2	5.25930400E-1	2.69847535E+0
8.83718271E+2	5.25977100E-1	2.69876272E+0
8.81377737E+2	5.26109200E-1	2.69915563E+0
8.78774997E+2	5.25926500E-1	2.69950279E+0
8.76899841E+2	5.25872100E-1	2.69984619E+0
8.76008530E+2	5.25945900E-1	2.70010131E+0
8.73240983E+2	5.26066500E-1	2.70039798E+0
8.69544300E+2	5.25922700E-1	2.70104981E+0
8.66461413E+2	5.26093700E-1	2.70206848E+0
8.62355053E+2	5.25864400E-1	2.70358585E+0
8.59696927E+2	5.26085900E-1	2.70571901E+0
8.54241760E+2	5.25945900E-1	2.70735941E+0
8.53567851E+2	5.25911000E-1	2.70986500E+0
8.51060611E+2	5.25957600E-1	2.71319696E+0
8.48357006E+2	5.25949900E-1	2.71720597E+0
8.45391330E+2	5.25860500E-1	2.72227406E+0
8.42715554E+2	5.26105400E-1	2.72852475E+0
8.39962191E+2	5.26047000E-1	2.73721643E+0
8.37026145E+2	5.26058700E-1	2.75263137E+0
8.35117533E+2	5.25965400E-1	2.77225692E+0
8.31806807E+2	5.26050900E-1	2.78926137E+0
8.28250743E+2	5.25977100E-1	2.81625714E+0
8.25850320E+2	5.26047000E-1	2.84627765E+0
8.22377883E+2	5.26031500E-1	2.87385182E+0
8.19408829E+2	5.26070400E-1	2.90969543E+0
8.17395523E+2	5.26035400E-1	2.93853395E+0
8.15520322E+2	5.25934400E-1	2.96162938E+0
8.12758944E+2	5.26120900E-1	2.98016310E+0
8.10917424E+2	5.25945900E-1	2.99152585E+0
8.08353905E+2	5.25922700E-1	2.99429184E+0
8.05228960E+2	5.26093700E-1	2.99485584E+0
8.02539538E+2	5.26031500E-1	2.99482292E+0
8.00537850E+2	5.25899400E-1	2.99478478E+0
7.98523823E+2	5.26074200E-1	2.99479587E+0
7.95649601E+2	5.26004300E-1	2.99479167E+0
7.92312765E+2	5.26043200E-1	2.99477659E+0
7.89951337E+2	5.25992600E-1	2.99477861E+0
7.87721350E+2	5.25992600E-1	2.99478375E+0
7.84556013E+2	5.26054800E-1	2.99475871E+0
7.81505997E+2	5.26043200E-1	2.99478004E+0
7.78040450E+2	5.25914900E-1	2.99480539E+0
7.75178521E+2	5.26093700E-1	2.99476716E+0
7.72051856E+2	5.25945900E-1	2.99484148E+0
7.69990494E+2	5.25930400E-1	2.99483862E+0
7.66784857E+2	5.26066500E-1	2.99480177E+0
7.63665857E+2	5.25883800E-1	2.99484117E+0
7.61299792E+2	5.25821600E-1	2.99480893E+0
7.58591325E+2	5.25953800E-1	2.99482319E+0
7.56181536E+2	5.25903200E-1	2.99484233E+0
7.53431452E+2	5.25918800E-1	2.99483410E+0
7.51064238E+2	5.26124800E-1	2.99486469E+0
7.49834488E+2	5.25996500E-1	2.99485436E+0
7.48649362E+2	5.26047000E-1	2.99487431E+0
7.46646773E+2	5.26105400E-1	2.99483169E+0
7.43390164E+2	5.25845000E-1	2.99484010E+0
7.39767151E+2	5.25942100E-1	2.99485324E+0
7.36389593E+2	5.25934400E-1	2.99489076E+0
7.34309601E+2	5.25930400E-1	2.99485655E+0
7.33334627E+2	5.25926500E-1	2.99484184E+0
7.32723804E+2	5.25883800E-1	2.99481979E+0
7.29045181E+2	5.26000400E-1	2.99479319E+0
7.25121869E+2	5.26078100E-1	2.99479055E+0
7.21632414E+2	5.25914900E-1	2.99477516E+0
7.19451826E+2	5.26031500E-1	2.99477033E+0
7.17200868E+2	5.26012100E-1	2.99478509E+0
7.15475790E+2	5.25930400E-1	2.99476005E+0
7.12903493E+2	5.25872100E-1	2.99470808E+0
7.11086472E+2	5.25868200E-1	2.99465460E+0
7.09006975E+2	5.25899400E-1	2.99464029E+0
7.06130325E+2	5.26089800E-1	2.99466444E+0
7.03950052E+2	5.25930400E-1	2.99465075E+0
7.01019232E+2	5.25810000E-1	2.99470017E+0
7.00148051E+2	5.25930400E-1	2.99469927E+0
6.98255696E+2	5.25879900E-1	2.99468121E+0
6.96721233E+2	5.25848800E-1	2.99466319E+0
6.93159463E+2	5.25903200E-1	2.99464856E+0
6.90970995E+2	5.26047000E-1	2.99466064E+0
6.88719712E+2	5.26004300E-1	2.99466770E+0
6.85908895E+2	5.25903200E-1	2.99464477E+0
6.83183048E+2	5.25930400E-1	2.99465052E+0
6.81783898E+2	5.25926500E-1	2.99464506E+0
6.79980566E+2	5.26031500E-1	2.99467592E+0
6.77564205E+2	5.25973200E-1	2.99466742E+0
6.74737132E+2	5.25988800E-1	2.99466076E+0
6.72009619E+2	5.26031500E-1	2.99462203E+0
6.68977708E+2	5.25969300E-1	2.99467534E+0
6.66668787E+2	5.26054800E-1	2.99468294E+0
6.64920059E+2	5.25953800E-1	2.99471201E+0
6.63927344E+2	5.25945900E-1	2.99465320E+0
6.61307495E+2	5.26058700E-1	2.99467547E+0
6.59471652E+2	5.25872100E-1	2.99465387E+0
6.58153555E+2	5.25856500E-1	2.99464457E+0
6.56075004E+2	5.25926500E-1	2.99464001E+0
6.52760984E+2	5.25911000E-1	2.99464224E+0
6.49714313E+2	5.25918800E-1	2.99464985E+0
6.47868793E+2	5.25992600E-1	2.99461827E+0
6.44922122E+2	5.25949900E-1	2.99461738E+0
6.42668992E+2	5.25883800E-1	2.99462452E+0
6.40521456E+2	5.25887700E-1	2.99457466E+0
6.38029626E+2	5.26008200E-1	2.99456558E+0
6.36389615E+2	5.25903200E-1	2.99456317E+0
6.34897608E+2	5.26019800E-1	2.99455033E+0
6.32268052E+2	5.25860500E-1	2.99455248E+0
6.29601058E+2	5.26054800E-1	2.99459259E+0
6.27779443E+2	5.26019800E-1	2.99458910E+0
6.26615796E+2	5.26004300E-1	2.99457721E+0
6.25382624E+2	5.25903200E-1	2.99457345E+0
6.23074648E+2	5.25883800E-1	2.99456455E+0
6.22237868E+2	5.26023700E-1	2.99460605E+0
6.21058423E+2	5.25860500E-1	2.99456755E+0
6.18207273E+2	5.25856500E-1	2.99457099E+0
6.15866470E+2	5.26043200E-1	2.99458477E+0
6.13932281E+2	5.26004300E-1	2.99457135E+0
6.12349366E+2	5.25988800E-1	2.99455829E+0
6.10454578E+2	5.25899400E-1	2.99454134E+0
6.08713250E+2	5.25891500E-1	2.99455579E+0
6.05428875E+2	5.25887700E-1	2.99456469E+0
6.02434573E+2	5.25899400E-1	2.99450096E+0
6.00545503E+2	5.25848800E-1	2.99448723E+0
5.98713170E+2	5.25961500E-1	2.99451903E+0
5.95987320E+2	5.25864400E-1	2.99444631E+0
5.94371443E+2	5.25810000E-1	2.99445727E+0
5.92837834E+2	5.25895500E-1	2.99442870E+0
5.91508344E+2	5.25977100E-1	2.99443268E+0
5.90280792E+2	5.25938200E-1	2.99443335E+0
5.88759856E+2	5.26039300E-1	2.99441546E+0
5.86904737E+2	5.25992600E-1	2.99438380E+0
5.85346542E+2	5.25891500E-1	2.99441398E+0
5.82017659E+2	5.25938200E-1	2.99439779E+0
5.80287046E+2	5.26004300E-1	2.99442123E+0
5.79206162E+2	5.25907100E-1	2.99440973E+0
5.76175993E+2	5.25973200E-1	2.99445320E+0
5.73896773E+2	5.25961500E-1	2.99443071E+0
5.72878884E+2	5.25980900E-1	2.99439694E+0
5.72142609E+2	5.25973200E-1	2.99436846E+0
5.70888182E+2	5.25903200E-1	2.99438617E+0
5.69634520E+2	5.26000400E-1	2.99434449E+0
5.68038860E+2	5.25973200E-1	2.99432888E+0
5.67204421E+2	5.25798300E-1	2.99432521E+0
5.63660440E+2	5.25914900E-1	2.99430500E+0
5.61277892E+2	5.25977100E-1	2.99429221E+0
5.60486636E+2	5.25845000E-1	2.99429794E+0
5.58755933E+2	5.26004300E-1	2.99425496E+0
5.56620957E+2	5.25930400E-1	2.99425339E+0
5.55344375E+2	5.25879900E-1	2.99422768E+0
5.54279386E+2	5.26000400E-1	2.99426838E+0
5.53338394E+2	5.25798300E-1	2.99420935E+0
5.51496850E+2	5.25852700E-1	2.99422120E+0
5.50048301E+2	5.25977100E-1	2.99420613E+0
5.47928229E+2	5.25930400E-1	2.99423188E+0
5.45526770E+2	5.25965400E-1	2.99420814E+0
5.44285131E+2	5.26019800E-1	2.99422719E+0
5.39830880E+2	5.25938200E-1	2.99424145E+0
5.39610062E+2	5.26039300E-1	2.99417630E+0
5.39055770E+2	5.25845000E-1	2.99419942E+0
5.37658329E+2	5.25949900E-1	2.99420805E+0
5.35428160E+2	5.25872100E-1	2.99424857E+0
5.34373662E+2	5.25957600E-1	2.99421735E+0
5.32917187E+2	5.26000400E-1	2.99421605E+0
5.31461028E+2	5.25821600E-1	2.99421091E+0
5.30389599E+2	5.25864400E-1	2.99419216E+0
5.27523491E+2	5.26043200E-1	2.99415442E+0
5.25855829E+2	5.25864400E-1	2.99416935E+0
5.24400435E+2	5.25887700E-1	2.99418040E+0
5.22512490E+2	5.25864400E-1	2.99419064E+0
5.21695927E+2	5.25876000E-1	2.99418049E+0
5.20442896E+2	5.25837100E-1	2.99417342E+0
5.17980600E+2	5.25876000E-1	2.99416985E+0
5.16767150E+2	5.26019800E-1	2.99420025E+0
5.15790239E+2	5.26000400E-1	2.99420781E+0
5.14394780E+2	5.26047000E-1	2.99419891E+0
5.13152151E+2	5.25876000E-1	2.99417535E+0
5.11081792E+2	5.25856500E-1	2.99417892E+0
5.10010499E+2	5.26000400E-1	2.99423017E+0
5.08761250E+2	5.25973200E-1	2.99420258E+0
5.07416951E+2	5.25907100E-1	2.99420030E+0
5.05387089E+2	5.25980900E-1	2.99421931E+0
5.04812064E+2	5.25961500E-1	2.99421018E+0
5.03213973E+2	5.26066500E-1	2.99421680E+0
5.02346483E+2	5.25876000E-1	2.99421059E+0
5.00642168E+2	5.25977100E-1	2.99422986E+0
4.98682716E+2	5.25883800E-1	2.99420942E+0
4.96821654E+2	5.25942100E-1	2.99420732E+0
4.96270124E+2	5.25973200E-1	2.99419690E+0
4.94706255E+2	5.25907100E-1	2.99417083E+0
4.93386895E+2	5.25860500E-1	2.99415710E+0
4.92853748E+2	5.25856500E-1	2.99416511E+0
4.91943120E+2	5.26035400E-1	2.99415066E+0
4.90318191E+2	5.25926500E-1	2.99415469E+0
4.89473306E+2	5.25883800E-1	2.99416202E+0
4.88163620E+2	5.25879900E-1	2.99414055E+0
4.86962910E+2	5.25945900E-1	2.99414062E+0
4.85260531E+2	5.25899400E-1	2.99408131E+0
4.83512177E+2	5.26023700E-1	2.99405900E+0
4.82117889E+2	5.25992600E-1	2.99409621E+0
4.81950830E+2	5.25883800E-1	2.99404643E+0
4.81476941E+2	5.25883800E-1	2.99402483E+0
4.81754766E+2	5.25860500E-1	2.99405292E+0
4.81542563E+2	5.25922700E-1	2.99410126E+0
4.80777154E+2	5.25841000E-1	2.99409804E+0
4.80926697E+2	5.26004300E-1	2.99407353E+0
4.80670030E+2	5.26019800E-1	2.99409495E+0
4.80336362E+2	5.25965400E-1	2.99408006E+0
4.79479994E+2	5.26008200E-1	2.99400529E+0
4.79029521E+2	5.25980900E-1	2.99402646E+0
4.78540752E+2	5.25891500E-1	2.99405517E+0
4.77961225E+2	5.25872100E-1	2.99406934E+0
4.78137604E+2	5.25845000E-1	2.99401984E+0
4.78328214E+2	5.25938200E-1	2.99403026E+0
4.78279582E+2	5.25988800E-1	2.99406219E+0
4.77610671E+2	5.25864400E-1	2.99402306E+0
4.77083963E+2	5.26000400E-1	2.99405265E+0
4.76782124E+2	5.25891500E-1	2.99406589E+0
4.76712729E+2	5.25856500E-1	2.99401978E+0
4.76559810E+2	5.25903200E-1	2.99401347E+0
4.76559405E+2	5.25992600E-1	2.99402014E+0
4.77196434E+2	5.25860500E-1	2.99397027E+0
4.76999926E+2	5.25879900E-1	2.99402245E+0
4.76756498E+2	5.25973200E-1	2.99401623E+0
4.77148938E+2	5.25949900E-1	2.99402961E+0
4.77261506E+2	5.26054800E-1	2.99400228E+0
4.77345080E+2	5.25980900E-1	2.99396592E+0
4.77807756E+2	5.25977100E-1	2.99400224E+0
4.77379437E+2	5.25876000E-1	2.99399432E+0
4.76862861E+2	5.25969300E-1	2.99400635E+0
4.77249708E+2	5.25864400E-1	2.99401941E+0
4.77219268E+2	5.26023700E-1	2.99399155E+0
4.76600646E+2	5.25868200E-1	2.99398511E+0
4.76435253E+2	5.26019800E-1	2.99402182E+0
4.76234062E+2	5.25883800E-1	2.99400598E+0
4.77156037E+2	5.25930400E-1	2.99403223E+0
4.76854161E+2	5.26019800E-1	2.99402646E+0
4.77143699E+2	5.25895500E-1	2.99404636E+0
4.76681743E+2	5.25817700E-1	2.99402843E+0
4.77219528E+2	5.25887700E-1	2.99398317E+0
4.76851729E+2	5.25833300E-1	2.99402203E+0
4.76950568E+2	5.25868200E-1	2.99403469E+0
4.77440172E+2	5.25883800E-1	2.99404936E+0
4.77877811E+2	5.25848800E-1	2.99402825E+0
4.78024742E+2	5.25965400E-1	2.99403344E+0
4.77921490E+2	5.25914900E-1	2.99404735E+0
4.78435499E+2	5.25786600E-1	2.99397938E+0
4.78756011E+2	5.25864400E-1	2.99401232E+0
4.78585350E+2	5.25879900E-1	2.99405194E+0
4.78029194E+2	5.25833300E-1	2.99400829E+0
4.77814674E+2	5.26062600E-1	2.99403472E+0
4.78125061E+2	5.26008200E-1	2.99401894E+0
4.78546805E+2	5.26019800E-1	2.99401688E+0
4.78417481E+2	5.25887700E-1	2.99404121E+0
4.78245261E+2	5.25845000E-1	2.99401956E+0
4.77833067E+2	5.25895500E-1	2.99400950E+0
4.77965318E+2	5.25918800E-1	2.99404885E+0
4.78021694E+2	5.25856500E-1	2.99409760E+0
4.77796503E+2	5.25876000E-1	2.99406334E+0
4.77952124E+2	5.26015900E-1	2.99401312E+0
4.78169615E+2	5.25934400E-1	2.99404080E+0
4.77946360E+2	5.26054800E-1	2.99402904E+0
4.77787047E+2	5.25895500E-1	2.99404979E+0
4.77760524E+2	5.25914900E-1	2.99405337E+0
4.77732921E+2	5.25903200E-1	2.99408897E+0
4.77512143E+2	5.25895500E-1	2.99410202E+0
4.77499219E+2	5.25996500E-1	2.99407331E+0
4.77727428E+2	5.26047000E-1	2.99408011E+0
4.77914299E+2	5.26004300E-1	2.99407126E+0
4.77960212E+2	5.25973200E-1	2.99408463E+0
4.76784633E+2	5.25872100E-1	2.99410359E+0
4.76751042E+2	5.25829400E-1	2.99404957E+0
4.76624689E+2	5.25938200E-1	2.99405158E+0
4.76868208E+2	5.25852700E-1	2.99403772E+0
4.76793549E+2	5.25802100E-1	2.99403481E+0
4.76797242E+2	5.25930400E-1	2.99404545E+0
4.76934626E+2	5.25965400E-1	2.99403781E+0
4.77404461E+2	5.26047000E-1	2.99403884E+0
4.78028512E+2	5.25883800E-1	2.99403378E+0
4.76849469E+2	5.25813800E-1	2.99403119E+0
4.76670928E+2	5.25887700E-1	2.99398759E+0
4.77136756E+2	5.25845000E-1	2.99397659E+0
4.77292918E+2	5.25907100E-1	2.99400525E+0
4.77364289E+2	5.25845000E-1	2.99397337E+0
4.77334345E+2	5.25806100E-1	2.99395865E+0
4.76821416E+2	5.25996500E-1	2.99397994E+0
4.76728013E+2	5.25868200E-1	2.99400243E+0
4.76594835E+2	5.25876000E-1	2.99396150E+0
4.76318760E+2	5.26050900E-1	2.99398176E+0
4.76470284E+2	5.26012100E-1	2.99399155E+0
4.75781606E+2	5.26047000E-1	2.99396517E+0
4.76191823E+2	5.25887700E-1	2.99397434E+0
4.75910119E+2	5.25848800E-1	2.99400958E+0
4.76141820E+2	5.25887700E-1	2.99395050E+0
4.76084872E+2	5.25907100E-1	2.99400108E+0
4.76436551E+2	5.25864400E-1	2.99395426E+0
4.77514056E+2	5.25899400E-1	2.99393668E+0
4.77554808E+2	5.25911000E-1	2.99392506E+0
4.77884422E+2	5.25825500E-1	2.99396978E+0
4.77700252E+2	5.26000400E-1	2.99400339E+0
4.77572729E+2	5.25911000E-1	2.99403121E+0
4.77073150E+2	5.25903200E-1	2.99401958E+0
4.76842780E+2	5.26023700E-1	2.99401752E+0
4.76671399E+2	5.26031500E-1	2.99404131E+0
4.77100078E+2	5.26008200E-1	2.99399172E+0
4.77374261E+2	5.25903200E-1	2.99400867E+0
4.77089991E+2	5.25891500E-1	2.99402135E+0
4.76908208E+2	5.25802100E-1	2.99401845E+0
4.76912756E+2	5.26023700E-1	2.99402923E+0
4.77505521E+2	5.25965400E-1	2.99399663E+0
4.77089811E+2	5.25953800E-1	2.99397869E+0
4.77001508E+2	5.25957600E-1	2.99402672E+0
4.76555763E+2	5.25969300E-1	2.99398410E+0
4.76863944E+2	5.25887700E-1	2.99402696E+0
4.76498756E+2	5.26039300E-1	2.99403255E+0
4.75961843E+2	5.25926500E-1	2.99403550E+0
4.76265570E+2	5.26027600E-1	2.99400912E+0
4.76729146E+2	5.25876000E-1	2.99405008E+0
4.77077763E+2	5.25918800E-1	2.99404883E+0
4.76996756E+2	5.25914900E-1	2.99402182E+0
4.76932499E+2	5.25996500E-1	2.99399163E+0
4.76821907E+2	5.25891500E-1	2.99404610E+0
4.76893594E+2	5.26043200E-1	2.99402785E+0
4.77437569E+2	5.25988800E-1	2.99399203E+0
4.77097427E+2	5.25922700E-1	2.99396882E+0
4.77303166E+2	5.25860500E-1	2.99404015E+0
4.76586344E+2	5.25848800E-1	2.99398139E+0
4.76790777E+2	5.25895500E-1	2.99398537E+0
4.77545198E+2	5.25934400E-1	2.99400634E+0
4.77563120E+2	5.25911000E-1	2.99398792E+0
4.76613761E+2	5.26050900E-1	2.99399937E+0
4.77190932E+2	5.25977100E-1	2.99398416E+0
4.76852312E+2	5.25802100E-1	2.99397933E+0
4.76590872E+2	5.25887700E-1	2.99399691E+0
4.76618925E+2	5.25841000E-1	2.99396252E+0
4.77054178E+2	5.25969300E-1	2.99396296E+0
4.77134465E+2	5.26027600E-1	2.99395371E+0
4.77103440E+2	5.25833300E-1	2.99398756E+0
4.76987913E+2	5.25895500E-1	2.99402960E+0
4.77606166E+2	5.25887700E-1	2.99401336E+0
4.78174886E+2	5.25883800E-1	2.99398868E+0
4.78262062E+2	5.25845000E-1	2.99398179E+0
4.77880799E+2	5.25899400E-1	2.99402298E+0
4.78624008E+2	5.25798300E-1	2.99405698E+0
4.78684662E+2	5.26054800E-1	2.99405362E+0
4.79347444E+2	5.26047000E-1	2.99405201E+0
4.79061925E+2	5.25996500E-1	2.99403873E+0
4.78866858E+2	5.26012100E-1	2.99406118E+0
4.78596862E+2	5.25864400E-1	2.99407442E+0
4.78394680E+2	5.26012100E-1	2.99408573E+0
4.78640720E+2	5.26039300E-1	2.99404464E+0
4.78572546E+2	5.25887700E-1	2.99400461E+0
4.79385994E+2	5.25876000E-1	2.99406355E+0
4.80697864E+2	5.25938200E-1	2.99407621E+0
4.81106685E+2	5.26004300E-1	2.99404097E+0
4.81913836E+2	5.25996500E-1	2.99407366E+0
4.83157726E+2	5.25907100E-1	2.99405595E+0
4.83429793E+2	5.25829400E-1	2.99405264E+0
4.84383874E+2	5.25895500E-1	2.99403323E+0
4.85618668E+2	5.25903200E-1	2.99398485E+0
4.86542798E+2	5.25957600E-1	2.99399951E+0
4.87991615E+2	5.25895500E-1	2.99402210E+0
4.88856583E+2	5.25883800E-1	2.99396623E+0
4.90158784E+2	5.25837100E-1	2.99398483E+0
4.91548523E+2	5.25957600E-1	2.99397763E+0
4.92919890E+2	5.25845000E-1	2.99395648E+0
4.94145722E+2	5.25992600E-1	2.99391856E+0
4.95881916E+2	5.26000400E-1	2.99395733E+0
4.96568882E+2	5.25953800E-1	2.99396632E+0
4.97626080E+2	5.25883800E-1	2.99396140E+0
4.98595245E+2	5.25864400E-1	2.99393242E+0
4.99954724E+2	5.25992600E-1	2.99393282E+0
5.01358151E+2	5.25872100E-1	2.99397066E+0
5.02373471E+2	5.25977100E-1	2.99397253E+0
5.03873577E+2	5.25833300E-1	2.99394302E+0
5.06113455E+2	5.25883800E-1	2.99396690E+0
5.06753276E+2	5.26004300E-1	2.99395952E+0
5.08558590E+2	5.25872100E-1	2.99397419E+0
5.09527981E+2	5.25872100E-1	2.99395380E+0
5.10511780E+2	5.25806100E-1	2.99395872E+0
5.12122388E+2	5.25868200E-1	2.99395964E+0
5.13324174E+2	5.25864400E-1	2.99395890E+0
5.14079070E+2	5.25938200E-1	2.99395381E+0
5.16389915E+2	5.25891500E-1	2.99394567E+0
5.18306496E+2	5.25825500E-1	2.99396575E+0
5.19948038E+2	5.25755500E-1	2.99392528E+0
5.21392757E+2	5.26027600E-1	2.99397197E+0
5.23316633E+2	5.25977100E-1	2.99394361E+0
5.25441205E+2	5.25813800E-1	2.99393740E+0
5.27471171E+2	5.26035400E-1	2.99393896E+0
5.29504383E+2	5.25883800E-1	2.99395274E+0
5.30200491E+2	5.25945900E-1	2.99394594E+0
5.31612743E+2	5.25856500E-1	2.99392349E+0
5.33659323E+2	5.25984800E-1	2.99395193E+0
5.34365292E+2	5.25872100E-1	2.99396574E+0
5.35764936E+2	5.25907100E-1	2.99395161E+0
5.37077944E+2	5.25918800E-1	2.99397075E+0
5.38927611E+2	5.26019800E-1	2.99396990E+0
5.40229542E+2	5.25883800E-1	2.99397875E+0
5.41290252E+2	5.25918800E-1	2.99402168E+0
5.42558771E+2	5.26023700E-1	2.99400947E+0
5.44463238E+2	5.25879900E-1	2.99399601E+0
5.45780749E+2	5.25837100E-1	2.99398202E+0
5.47858084E+2	5.26008200E-1	2.99401171E+0
5.49801338E+2	5.25852700E-1	2.99404780E+0
5.50465166E+2	5.25957600E-1	2.99404556E+0
5.52520572E+2	5.26058700E-1	2.99402754E+0
5.53745189E+2	5.25794400E-1	2.99401417E+0
5.55459633E+2	5.25860500E-1	2.99403894E+0
5.57718482E+2	5.25868200E-1	2.99398506E+0
5.59555586E+2	5.25934400E-1	2.99403326E+0
5.61476580E+2	5.25845000E-1	2.99399217E+0
5.63390567E+2	5.25825500E-1	2.99400353E+0
5.65149680E+2	5.25841000E-1	2.99402990E+0
5.66328095E+2	5.25907100E-1	2.99401165E+0
5.67993953E+2	5.25856500E-1	2.99400924E+0
5.69586683E+2	5.25938200E-1	2.99400575E+0
5.71642674E+2	5.26031500E-1	2.99394158E+0
5.73886572E+2	5.25883800E-1	2.99396733E+0
5.76040915E+2	5.25911000E-1	2.99394614E+0
5.78042875E+2	5.25879900E-1	2.99395553E+0
5.79621781E+2	5.25833300E-1	2.99395879E+0
5.81220950E+2	5.25934400E-1	2.99396604E+0
5.83336109E+2	5.25992600E-1	2.99391264E+0
5.84702612E+2	5.25887700E-1	2.99396045E+0
5.85910297E+2	5.25852700E-1	2.99394892E+0
5.88099688E+2	5.25903200E-1	2.99394570E+0
5.90450512E+2	5.25883800E-1	2.99394150E+0
5.92459043E+2	5.25911000E-1	2.99397786E+0
5.95358884E+2	5.25876000E-1	2.99401408E+0
5.95931116E+2	5.25845000E-1	2.99398032E+0
5.96817652E+2	5.25887700E-1	2.99398434E+0
6.00280313E+2	5.26012100E-1	2.99399619E+0
6.00677292E+2	5.25918800E-1	2.99402047E+0
6.03156796E+2	5.25860500E-1	2.99400831E+0
6.04816350E+2	5.25911000E-1	2.99399883E+0
6.05763585E+2	5.26019800E-1	2.99399449E+0
6.07427822E+2	5.25887700E-1	2.99400098E+0
6.09585355E+2	5.26035400E-1	2.99399896E+0
6.11505043E+2	5.25841000E-1	2.99400039E+0
6.14128268E+2	5.25821600E-1	2.99397754E+0
6.15996545E+2	5.25891500E-1	2.99401453E+0
6.17433702E+2	5.25984800E-1	2.99402155E+0
6.20367676E+2	5.25883800E-1	2.99405768E+0
6.23390132E+2	5.26015900E-1	2.99400614E+0
6.25321708E+2	5.25938200E-1	2.99402194E+0
6.26748101E+2	5.25852700E-1	2.99401818E+0
6.28160670E+2	5.25984800E-1	2.99401858E+0
6.29838728E+2	5.25922700E-1	2.99397292E+0
6.31378165E+2	5.26019800E-1	2.99398907E+0
6.33560375E+2	5.25856500E-1	2.99397459E+0
6.35565664E+2	5.25977100E-1	2.99399548E+0
6.38182271E+2	5.25883800E-1	2.99396162E+0
6.40440309E+2	5.26047000E-1	2.99399458E+0
6.42381072E+2	5.25996500E-1	2.99397473E+0
6.44746460E+2	5.25876000E-1	2.99394794E+0
6.45949475E+2	5.25829400E-1	2.99396668E+0
6.48355994E+2	5.25829400E-1	2.99396389E+0
6.50350567E+2	5.25872100E-1	2.99394918E+0
6.52224236E+2	5.25942100E-1	2.99397167E+0
6.54779514E+2	5.25837100E-1	2.99393397E+0
6.57599294E+2	5.26004300E-1	2.99395191E+0
6.61620680E+2	5.25817700E-1	2.99396358E+0
6.65765824E+2	5.26000400E-1	2.99400198E+0
6.66131732E+2	5.25879900E-1	2.99398176E+0
6.67487474E+2	5.26012100E-1	2.99399093E+0
6.69340655E+2	5.25883800E-1	2.99399898E+0
6.72369866E+2	5.25860500E-1	2.99400761E+0
6.72751129E+2	5.25977100E-1	2.99395716E+0
6.74974451E+2	5.26031500E-1	2.99393798E+0
6.76503916E+2	5.25887700E-1	2.99396843E+0
6.77763092E+2	5.26039300E-1	2.99401669E+0
6.79058985E+2	5.25992600E-1	2.99398677E+0
6.81209224E+2	5.25895500E-1	2.99396289E+0
6.83830424E+2	5.25860500E-1	2.99398869E+0
6.87285117E+2	5.25810000E-1	2.99400144E+0
6.88660717E+2	5.25938200E-1	2.99401543E+0
6.90886155E+2	5.26058700E-1	2.99398498E+0
6.92915310E+2	5.26004300E-1	2.99392376E+0
6.95844272E+2	5.25953800E-1	2.99393127E+0
6.97835198E+2	5.25895500E-1	2.99393887E+0
7.00733015E+2	5.25852700E-1	2.99389729E+0
7.03335484E+2	5.25899400E-1	2.99395940E+0
7.05390307E+2	5.25907100E-1	2.99394590E+0
7.08105620E+2	5.25817700E-1	2.99392032E+0
7.11640737E+2	5.26031500E-1	2.99391195E+0
7.13098041E+2	5.25907100E-1	2.99397657E+0
7.15328292E+2	5.25899400E-1	2.99398945E+0
7.17344660E+2	5.26012100E-1	2.99397859E+0
7.20052047E+2	5.25988800E-1	2.99394988E+0
7.22410908E+2	5.25883800E-1	2.99395059E+0
7.24380040E+2	5.25988800E-1	2.99394813E+0
7.26988813E+2	5.25856500E-1	2.99393972E+0
7.30348301E+2	5.25918800E-1	2.99394688E+0
7.33550019E+2	5.25868200E-1	2.99397133E+0
7.35432966E+2	5.25930400E-1	2.99391367E+0
7.37919395E+2	5.25996500E-1	2.99394904E+0
7.39379561E+2	5.25864400E-1	2.99394358E+0
7.41364319E+2	5.25980900E-1	2.99394828E+0
7.44385697E+2	5.26039300E-1	2.99395986E+0
7.46948316E+2	5.26008200E-1	2.99395306E+0
7.49836768E+2	5.25903200E-1	2.99399474E+0
7.51211153E+2	5.26031500E-1	2.99396228E+0
7.54385991E+2	5.26035400E-1	2.99398750E+0
7.56705182E+2	5.25980900E-1	2.99400928E+0
7.58147516E+2	5.25907100E-1	2.99400033E+0
7.59979084E+2	5.26019800E-1	2.99396102E+0
7.62134729E+2	5.25860500E-1	2.99392731E+0
7.64869781E+2	5.26078100E-1	2.99393589E+0
7.67763030E+2	5.26027600E-1	2.99394363E+0
7.71226596E+2	5.26066500E-1	2.99394452E+0
7.73057309E+2	5.26035400E-1	2.99398388E+0
7.75540901E+2	5.25911000E-1	2.99395982E+0
7.78466096E+2	5.26023700E-1	2.99390842E+0
7.81930968E+2	5.26008200E-1	2.99393376E+0
7.83502132E+2	5.25973200E-1	2.99392450E+0
7.85792574E+2	5.26027600E-1	2.99390429E+0
7.88020939E+2	5.26019800E-1	2.99389315E+0
7.90857876E+2	5.25868200E-1	2.99392092E+0
7.93181929E+2	5.26027600E-1	2.99396967E+0
7.95350450E+2	5.26031500E-1	2.99395481E+0
7.97363441E+2	5.25829400E-1	2.99394667E+0
8.00160391E+2	5.26062600E-1	2.99393133E+0
8.03754721E+2	5.25895500E-1	2.99395396E+0
8.06892859E+2	5.25934400E-1	2.99394023E+0
8.08890584E+2	5.26027600E-1	2.99392051E+0
8.11645432E+2	5.25856500E-1	2.99389425E+0
8.14769611E+2	5.25922700E-1	2.99392633E+0
8.17636537E+2	5.25988800E-1	2.99394069E+0
8.19848737E+2	5.25887700E-1	2.99387983E+0
8.21630024E+2	5.26043200E-1	2.99388358E+0
8.23238000E+2	5.25914900E-1	2.99391641E+0
8.25055249E+2	5.25984800E-1	2.99388063E+0
8.27677081E+2	5.25891500E-1	2.99389584E+0
8.30850659E+2	5.25876000E-1	2.99387638E+0
8.33958808E+2	5.25845000E-1	2.93893407E+0
8.36361258E+2	5.26035400E-1	2.89183646E+0
8.38205479E+2	5.25891500E-1	2.87680704E+0
8.40760836E+2	5.25864400E-1	2.87166126E+0
8.43070480E+2	5.25907100E-1	2.86885458E+0
8.45962127E+2	5.25942100E-1	2.86740294E+0
8.49662501E+2	5.26054800E-1	2.86647671E+0
8.52684058E+2	5.26047000E-1	2.86452242E+0
8.55188588E+2	5.25899400E-1	2.86195427E+0
8.57580996E+2	5.26027600E-1	2.86094885E+0
8.60889750E+2	5.25864400E-1	2.86092264E+0
8.62891753E+2	5.25922700E-1	2.85955892E+0
8.65376741E+2	5.26027600E-1	2.85746104E+0
8.67880551E+2	5.26008200E-1	2.85529572E+0
8.70766840E+2	5.25829400E-1	2.85138796E+0
8.72723138E+2	5.26015900E-1	2.84907140E+0
8.75291835E+2	5.25833300E-1	2.84733843E+0
8.78482748E+2	5.25868200E-1	2.84590651E+0
8.81559954E+2	5.26031500E-1	2.84362358E+0
8.84121266E+2	5.25821600E-1	2.84157109E+0
8.86620754E+2	5.25918800E-1	2.83965736E+0
8.89217144E+2	5.26039300E-1	2.83769333E+0
8.91813174E+2	5.25922700E-1	2.83544940E+0
8.93635645E+2	5.25914900E-1	2.83357601E+0
8.95095496E+2	5.25883800E-1	2.83080957E+0
8.97824561E+2	5.25938200E-1	2.82927073E+0
8.99863386E+2	5.26008200E-1	2.82755931E+0
9.02720766E+2	5.25980900E-1	2.82603671E+0
9.05138030E+2	5.25984800E-1	2.82458350E+0
9.08126310E+2	5.26027600E-1	2.82314264E+0
9.10709777E+2	5.25841000E-1	2.82095228E+0
9.12865781E+2	5.25895500E-1	2.81907057E+0
9.15258188E+2	5.26031500E-1	2.81753607E+0
9.20084731E+2	5.25856500E-1	2.81652259E+0
9.20448433E+2	5.26012100E-1	2.81490021E+0
9.22650951E+2	5.26004300E-1	2.81343230E+0
9.25294397E+2	5.25922700E-1	2.81233492E+0
9.27891283E+2	5.26015900E-1	2.81152818E+0
9.30797654E+2	5.26039300E-1	2.81060804E+0
9.33248465E+2	5.25813800E-1	2.80949443E+0
9.35206379E+2	5.26035400E-1	2.80864163E+0
9.37462087E+2	5.26012100E-1	2.80789276E+0
9.40007459E+2	5.25879900E-1	2.80684981E+0
9.42173863E+2	5.26012100E-1	2.80593825E+0
9.44536010E+2	5.26015900E-1	2.80518285E+0
9.47116774E+2	5.25965400E-1	2.80446653E+0
9.49425877E+2	5.25860500E-1	2.80361959E+0
9.51560471E+2	5.25837100E-1	2.80251488E+0
9.54040426E+2	5.25810000E-1	2.80158302E+0
9.56915097E+2	5.26031500E-1	2.80044813E+0
9.59403507E+2	5.25790500E-1	2.79961934E+0
9.61551045E+2	5.25996500E-1	2.79860041E+0
9.63851593E+2	5.25973200E-1	2.79779304E+0
9.66361977E+2	5.25821600E-1	2.79712239E+0
9.68561749E+2	5.25852700E-1	2.79636596E+0
9.70779467E+2	5.25860500E-1	2.79545855E+0
9.73083257E+2	5.25945900E-1	2.79464989E+0
9.75385876E+2	5.25980900E-1	2.79403160E+0
9.77729562E+2	5.25992600E-1	2.79325804E+0
9.80401917E+2	5.25876000E-1	2.79259239E+0
9.82954944E+2	5.26019800E-1	2.79179076E+0
9.85265668E+2	5.25980900E-1	2.79083796E+0
9.87314231E+2	5.25957600E-1	2.78952016E+0
9.89292234E+2	5.25887700E-1	2.78831591E+0
9.91277441E+2	5.25845000E-1	2.78734353E+0
9.93180155E+2	5.25879900E-1	2.78587588E+0
9.95638981E+2	5.25860500E-1	2.78581648E+0
9.97499232E+2	5.25864400E-1	2.78506754E+0
9.99604983E+2	5.26035400E-1	2.78427148E+0
1.00161536E+3	5.25911000E-1	2.78361129E+0
1.00410263E+3	5.25969300E-1	2.78268457E+0
1.00607271E+3	5.26035400E-1	2.78200331E+0
1.00811695E+3	5.25988800E-1	2.78157137E+0
1.01029835E+3	5.25988800E-1	2.78098269E+0
1.01236555E+3	5.26023700E-1	2.78060355E+0
1.01431955E+3	5.25977100E-1	2.78014021E+0
1.01623672E+3	5.25798300E-1	2.77956369E+0
1.01837574E+3	5.26043200E-1	2.77912722E+0
1.02026693E+3	5.25825500E-1	2.77869827E+0
1.02214303E+3	5.25852700E-1	2.77797418E+0
1.02398055E+3	5.25887700E-1	2.77747725E+0
1.02577393E+3	5.25945900E-1	2.77705246E+0
1.02760739E+3	5.25837100E-1	2.77640461E+0
1.02952946E+3	5.25868200E-1	2.77586409E+0
1.03117910E+3	5.25860500E-1	2.77552757E+0
1.03295459E+3	5.26066500E-1	2.77524615E+0
1.03475928E+3	5.25845000E-1	2.77459705E+0
1.03649322E+3	5.25821600E-1	2.77421761E+0
1.03825139E+3	5.26043200E-1	2.77378481E+0
1.03996728E+3	5.25848800E-1	2.77356077E+0
1.04168132E+3	5.25872100E-1	2.77257157E+0
1.04347169E+3	5.26027600E-1	2.77214821E+0
1.04505122E+3	5.25926500E-1	2.77158068E+0
1.04665364E+3	5.26023700E-1	2.77124846E+0
1.04824227E+3	5.25868200E-1	2.77064023E+0
1.04979164E+3	5.25914900E-1	2.77020958E+0
1.05130363E+3	5.26019800E-1	2.76975196E+0
1.05293644E+3	5.25973200E-1	2.76967330E+0
1.05442772E+3	5.25911000E-1	2.76914342E+0
1.05574063E+3	5.25872100E-1	2.76868339E+0
1.05718354E+3	5.25996500E-1	2.76837970E+0
1.05857643E+3	5.25922700E-1	2.76792620E+0
1.05999121E+3	5.26000400E-1	2.76755315E+0
1.06136388E+3	5.25864400E-1	2.76725796E+0
1.06262213E+3	5.25856500E-1	2.76724794E+0
1.06397108E+3	5.25864400E-1	2.76666878E+0
1.06524659E+3	5.25833300E-1	2.76620580E+0
1.06657594E+3	5.26043200E-1	2.76580770E+0
1.06765597E+3	5.26062600E-1	2.76571827E+0
1.06885263E+3	5.25860500E-1	2.76544422E+0
1.06996719E+3	5.25996500E-1	2.76510767E+0
1.07116033E+3	5.25856500E-1	2.76481954E+0
1.07225090E+3	5.25914900E-1	2.76471101E+0
1.07327747E+3	5.26023700E-1	2.76460426E+0
1.07427593E+3	5.26047000E-1	2.76442695E+0
1.07523942E+3	5.25965400E-1	2.76429887E+0
1.07620206E+3	5.26012100E-1	2.76403355E+0
1.07712777E+3	5.25965400E-1	2.76343507E+0
1.07805038E+3	5.25926500E-1	2.76293886E+0
1.07888634E+3	5.25930400E-1	2.76273445E+0
1.07963135E+3	5.25942100E-1	2.76250853E+0
1.08047726E+3	5.25903200E-1	2.76220676E+0
1.08125437E+3	5.26019800E-1	2.76219410E+0
1.08204256E+3	5.25872100E-1	2.76191563E+0
1.08270170E+3	5.25868200E-1	2.76168466E+0
1.08333558E+3	5.26047000E-1	2.76158328E+0
1.08442835E+3	5.25961500E-1	2.76135137E+0
1.08458249E+3	5.25914900E-1	2.76099647E+0
1.08505489E+3	5.26023700E-1	2.76096530E+0
1.08555865E+3	5.25965400E-1	2.76085748E+0
1.08600246E+3	5.25922700E-1	2.76058255E+0
1.08644334E+3	5.26082000E-1	2.76061010E+0
1.08676760E+3	5.26019800E-1	2.76057933E+0
1.08702981E+3	5.25852700E-1	2.76056659E+0
1.08744709E+3	5.25918800E-1	2.76052124E+0
1.08765017E+3	5.25914900E-1	2.76031477E+0
1.08786285E+3	5.25907100E-1	2.76014922E+0
1.08791872E+3	5.25942100E-1	2.76012816E+0
1.08813894E+3	5.25903200E-1	2.76013603E+0
1.08835778E+3	5.25856500E-1	2.76014873E+0
1.08854695E+3	5.25907100E-1	2.76013951E+0
1.08872333E+3	5.26000400E-1	2.76010347E+0
1.08888458E+3	5.25872100E-1	2.76001041E+0
1.08902309E+3	5.25907100E-1	2.75999520E+0
1.08917646E+3	5.25930400E-1	2.75981995E+0
1.08932235E+3	5.26043200E-1	2.75965565E+0
1.08943047E+3	5.26023700E-1	2.75959662E+0
1.08956236E+3	5.26023700E-1	2.75958973E+0
1.08967279E+3	5.25845000E-1	2.75958611E+0
1.08979383E+3	5.25988800E-1	2.75960955E+0
1.08990609E+3	5.25895500E-1	2.75959184E+0
1.08999701E+3	5.25984800E-1	2.75928636E+0
1.09009206E+3	5.25965400E-1	2.75925456E+0
1.09024097E+3	5.25868200E-1	2.75929606E+0
1.09026002E+3	5.26012100E-1	2.75928707E+0
1.09039934E+3	5.25868200E-1	2.75930375E+0
1.09040983E+3	5.25891500E-1	2.75932249E+0
1.09049255E+3	5.25883800E-1	2.75928752E+0
1.09061074E+3	5.25868200E-1	2.75927987E+0
1.09068625E+3	5.26015900E-1	2.75930876E+0
1.09069665E+3	5.26047000E-1	2.75931896E+0
1.09075834E+3	5.25899400E-1	2.75932339E+0
1.09087519E+3	5.25903200E-1	2.75930438E+0
1.09088257E+3	5.26008200E-1	2.75932186E+0
1.09094908E+3	5.25953800E-1	2.75932906E+0
1.09100654E+3	5.25930400E-1	2.75918404E+0
1.09106382E+3	5.25977100E-1	2.75905368E+0
1.09115500E+3	5.26039300E-1	2.75904268E+0
1.09117432E+3	5.25942100E-1	2.75904375E+0
1.09122682E+3	5.26074200E-1	2.75904899E+0
1.09131810E+3	5.25922700E-1	2.75906696E+0
1.09132913E+3	5.26058700E-1	2.75903597E+0
1.09138190E+3	5.25926500E-1	2.75902506E+0
1.09142702E+3	5.25926500E-1	2.75905534E+0
