# Begin of measurement: 22.11.2018 12:41:33
# R-Sample[Ohm]	I-Coil[A]	U-Magnetometer[V]
# Kei2000	HP E3631A +6V : I	Kei2000
1.09243422E+3	1.98623700E-1	1.01886372E+0
1.09246029E+3	1.98580900E-1	1.01882938E+0
1.09248217E+3	1.98639200E-1	1.01883403E+0
1.09251396E+3	1.98600300E-1	1.01884235E+0
1.09260951E+3	1.98542100E-1	1.01883998E+0
1.09261546E+3	1.98534300E-1	1.01885853E+0
1.09264468E+3	1.98670300E-1	1.01883577E+0
1.09270930E+3	1.98522600E-1	1.01880863E+0
1.09271268E+3	1.98674200E-1	1.01882906E+0
1.09273929E+3	1.98557600E-1	1.01883434E+0
1.09277126E+3	1.98545900E-1	1.01882996E+0
1.09283056E+3	1.98561500E-1	1.01878121E+0
1.09284979E+3	1.98631500E-1	1.01879660E+0
1.09290793E+3	1.98507100E-1	1.01883752E+0
1.09291807E+3	1.98682000E-1	1.01884888E+0
1.09294131E+3	1.98682000E-1	1.01881775E+0
1.09291488E+3	1.98600300E-1	1.01881766E+0
1.09289263E+3	1.98709200E-1	1.01884154E+0
1.09282360E+3	1.98503200E-1	1.01882694E+0
1.09275061E+3	1.98534300E-1	1.01883427E+0
1.09262570E+3	1.98647000E-1	1.01883217E+0
1.09250123E+3	1.98503200E-1	1.01880878E+0
1.09232341E+3	1.98557600E-1	1.01876612E+0
1.09210817E+3	1.98697500E-1	1.01879018E+0
1.09190095E+3	1.98507100E-1	1.01880064E+0
1.09161496E+3	1.98511000E-1	1.01880749E+0
1.09131628E+3	1.98518700E-1	1.01879563E+0
1.09099419E+3	1.98476000E-1	1.01878007E+0
1.09059702E+3	1.98697500E-1	1.01876053E+0
1.09019291E+3	1.98511000E-1	1.01877596E+0
1.08976238E+3	1.98491500E-1	1.01879214E+0
1.08928394E+3	1.98682000E-1	1.01878090E+0
1.08876583E+3	1.98538200E-1	1.01881542E+0
1.08820445E+3	1.98538200E-1	1.01877303E+0
1.08755981E+3	1.98538200E-1	1.01879020E+0
1.08695438E+3	1.98507100E-1	1.01879601E+0
1.08630457E+3	1.98666400E-1	1.01880111E+0
1.08559189E+3	1.98635300E-1	1.01880952E+0
1.08486196E+3	1.98534300E-1	1.01877804E+0
1.08408083E+3	1.98670300E-1	1.01882678E+0
1.08327305E+3	1.98538200E-1	1.01883635E+0
1.08241767E+3	1.98464300E-1	1.01881663E+0
1.08152474E+3	1.98654800E-1	1.01884936E+0
1.08057182E+3	1.98666400E-1	1.01880986E+0
1.07962120E+3	1.98647000E-1	1.01884004E+0
1.07852708E+3	1.98584800E-1	1.01878141E+0
1.07748154E+3	1.98705300E-1	1.01877739E+0
1.07650494E+3	1.98596500E-1	1.01880936E+0
1.07528311E+3	1.98596500E-1	1.01882019E+0
1.07415688E+3	1.98479900E-1	1.01882005E+0
1.07300309E+3	1.98499300E-1	1.01883181E+0
1.07181921E+3	1.98549800E-1	1.01884890E+0
1.07060103E+3	1.98503200E-1	1.01884277E+0
1.06929441E+3	1.98557600E-1	1.01882475E+0
1.06792502E+3	1.98639200E-1	1.01877846E+0
1.06667541E+3	1.98549800E-1	1.01882980E+0
1.06523276E+3	1.98557600E-1	1.01882900E+0
1.06391465E+3	1.98662600E-1	1.01886638E+0
1.06248110E+3	1.98538200E-1	1.01884308E+0
1.06093470E+3	1.98662600E-1	1.01882891E+0
1.05933201E+3	1.98487600E-1	1.01878763E+0
1.05789562E+3	1.98503200E-1	1.01876044E+0
1.05635250E+3	1.98542100E-1	1.01873705E+0
1.05458654E+3	1.98623700E-1	1.01875261E+0
1.05296134E+3	1.98639200E-1	1.01873397E+0
1.05153980E+3	1.98627600E-1	1.01871076E+0
1.05013390E+3	1.98479900E-1	1.01872914E+0
1.04857309E+3	1.98670300E-1	1.01875691E+0
1.04690826E+3	1.98491500E-1	1.01872878E+0
1.04510920E+3	1.98561500E-1	1.01874966E+0
1.04311273E+3	1.98658700E-1	1.01879250E+0
1.04148784E+3	1.98503200E-1	1.01873079E+0
1.03973797E+3	1.98511000E-1	1.01873298E+0
1.03752967E+3	1.98530400E-1	1.01879595E+0
1.03554067E+3	1.98654800E-1	1.01878665E+0
1.03346211E+3	1.98627600E-1	1.01876983E+0
1.03163626E+3	1.98674200E-1	1.01875092E+0
1.02948255E+3	1.98452700E-1	1.01875995E+0
1.02770731E+3	1.98584800E-1	1.01874644E+0
1.02410752E+3	1.98678100E-1	1.01873786E+0
1.02372374E+3	1.98631500E-1	1.01874428E+0
1.02179121E+3	1.98635300E-1	1.01872187E+0
1.01996837E+3	1.98650900E-1	1.01871919E+0
1.01835127E+3	1.98538200E-1	1.01870546E+0
1.01639749E+3	1.98518700E-1	1.01873104E+0
1.01419578E+3	1.98476000E-1	1.01870443E+0
1.01174640E+3	1.98615900E-1	1.01867997E+0
1.00941089E+3	1.98615900E-1	1.01867373E+0
1.00640273E+3	1.98472100E-1	1.01870177E+0
1.00464213E+3	1.98487600E-1	1.01864305E+0
1.00227457E+3	1.98534300E-1	1.01866322E+0
9.99870589E+2	1.98623700E-1	1.01865271E+0
9.97269735E+2	1.98577000E-1	1.01863894E+0
9.95135252E+2	1.98685900E-1	1.01862548E+0
9.92974896E+2	1.98413800E-1	1.01865805E+0
9.89984634E+2	1.98666400E-1	1.01865609E+0
9.87368425E+2	1.98542100E-1	1.01864871E+0
9.85356915E+2	1.98518700E-1	1.01862747E+0
9.82919833E+2	1.98507100E-1	1.01860631E+0
9.80783953E+2	1.98518700E-1	1.01857045E+0
9.78956253E+2	1.98491500E-1	1.01857246E+0
9.76080765E+2	1.98479900E-1	1.01859804E+0
9.72858868E+2	1.98472100E-1	1.01860672E+0
9.70239776E+2	1.98456500E-1	1.01860739E+0
9.67900723E+2	1.98507100E-1	1.01862814E+0
9.66126834E+2	1.98437100E-1	1.01863234E+0
9.63451907E+2	1.98464300E-1	1.01864050E+0
9.60554128E+2	1.98530400E-1	1.01869904E+0
9.57621903E+2	1.98452700E-1	1.01864756E+0
9.55208567E+2	1.98476000E-1	1.01864291E+0
9.52707261E+2	1.98514900E-1	1.01866809E+0
9.49935475E+2	1.98518700E-1	1.01867466E+0
9.47174181E+2	1.98666400E-1	1.01866534E+0
9.45156053E+2	1.98507100E-1	1.01867321E+0
9.43181288E+2	1.98557600E-1	1.01867218E+0
9.40708092E+2	1.98569300E-1	1.01868068E+0
9.37613510E+2	1.98604200E-1	1.01863686E+0
9.35634227E+2	1.98588700E-1	1.01865855E+0
9.33138785E+2	1.98514900E-1	1.01867844E+0
9.29872891E+2	1.98600300E-1	1.01868795E+0
9.26489199E+2	1.98487600E-1	1.01862946E+0
9.23981419E+2	1.98507100E-1	1.01864278E+0
9.21564735E+2	1.98530400E-1	1.01863930E+0
9.19430475E+2	1.98476000E-1	1.01864073E+0
9.16788229E+2	1.98658700E-1	1.01864524E+0
9.13667688E+2	1.98507100E-1	1.01862203E+0
9.10495948E+2	1.98522600E-1	1.01867270E+0
9.07756311E+2	1.98499300E-1	1.01866219E+0
9.04558905E+2	1.98441000E-1	1.01866613E+0
9.02141453E+2	1.98549800E-1	1.01866939E+0
8.99525512E+2	1.98612000E-1	1.01869949E+0
8.97926084E+2	1.98608100E-1	1.01874264E+0
8.94126082E+2	1.98631500E-1	1.01872525E+0
8.92041939E+2	1.98472100E-1	1.01872757E+0
8.89649704E+2	1.98635300E-1	1.01865477E+0
8.87039932E+2	1.98561500E-1	1.01868634E+0
8.84165387E+2	1.98483800E-1	1.01871214E+0
8.82349169E+2	1.98514900E-1	1.01869493E+0
8.80097640E+2	1.98437100E-1	1.01868715E+0
8.77869691E+2	1.98565400E-1	1.01872498E+0
8.75046210E+2	1.98545900E-1	1.01873034E+0
8.71350237E+2	1.98631500E-1	1.01871080E+0
8.67686416E+2	1.98569300E-1	1.01872024E+0
8.64649270E+2	1.98689800E-1	1.01874774E+0
8.63084406E+2	1.98588700E-1	1.01875673E+0
8.59996737E+2	1.98577000E-1	1.01875597E+0
8.56616437E+2	1.98542100E-1	1.01872677E+0
8.53906475E+2	1.98522600E-1	1.01872936E+0
8.50970286E+2	1.98460400E-1	1.01874327E+0
8.49121288E+2	1.98545900E-1	1.01874327E+0
8.46596983E+2	1.98549800E-1	1.01876641E+0
8.43801646E+2	1.98647000E-1	1.01877218E+0
8.41149773E+2	1.98615900E-1	1.01876064E+0
8.37463909E+2	1.98526500E-1	1.01878143E+0
8.33685343E+2	1.98647000E-1	1.01877714E+0
8.29467167E+2	1.98507100E-1	1.01880379E+0
8.28990440E+2	1.98600300E-1	1.01878255E+0
8.25716846E+2	1.98674200E-1	1.01880979E+0
8.23755094E+2	1.98596500E-1	1.01878228E+0
8.20922698E+2	1.98522600E-1	1.01875103E+0
8.20682723E+2	1.98561500E-1	1.01875858E+0
8.16999107E+2	1.98417700E-1	1.01877231E+0
8.13195650E+2	1.98495400E-1	1.01877696E+0
8.09949927E+2	1.98623700E-1	1.01881162E+0
8.08017263E+2	1.98534300E-1	1.01881909E+0
8.04296841E+2	1.98518700E-1	1.01883380E+0
8.02226026E+2	1.98538200E-1	1.01882119E+0
7.97721379E+2	1.98468200E-1	1.01882937E+0
7.97388975E+2	1.98643100E-1	1.01885504E+0
7.95188166E+2	1.98561500E-1	1.01887758E+0
7.91968786E+2	1.98514900E-1	1.01885603E+0
7.89882346E+2	1.98666400E-1	1.01888004E+0
7.88275380E+2	1.98647000E-1	1.01889203E+0
7.84911546E+2	1.98507100E-1	1.01883371E+0
7.81977787E+2	1.98495400E-1	1.01887378E+0
7.79223291E+2	1.98507100E-1	1.01885567E+0
7.76477547E+2	1.98639200E-1	1.01883228E+0
7.74038661E+2	1.98468200E-1	1.01881193E+0
7.70339175E+2	1.98518700E-1	1.01882812E+0
7.68513861E+2	1.98647000E-1	1.01881497E+0
7.66602945E+2	1.98468200E-1	1.01882302E+0
7.64212241E+2	1.98518700E-1	1.01881031E+0
7.62004176E+2	1.98662600E-1	1.01885511E+0
7.58214947E+2	1.98604200E-1	1.01886593E+0
7.55465313E+2	1.98507100E-1	1.01886853E+0
7.52750892E+2	1.98569300E-1	1.01884943E+0
7.49750579E+2	1.98441000E-1	1.01883271E+0
7.46971225E+2	1.98507100E-1	1.01883508E+0
7.45520421E+2	1.98538200E-1	1.01885654E+0
7.43357926E+2	1.98507100E-1	1.01882341E+0
7.40415296E+2	1.98518700E-1	1.01885601E+0
7.38810716E+2	1.98619800E-1	1.01883629E+0
7.33523401E+2	1.98511000E-1	1.01883459E+0
7.33271461E+2	1.98507100E-1	1.01885019E+0
7.30430192E+2	1.98596500E-1	1.01885198E+0
7.26869037E+2	1.98542100E-1	1.01885194E+0
7.22846555E+2	1.98670300E-1	1.01889393E+0
7.22374556E+2	1.98604200E-1	1.01884773E+0
7.21277385E+2	1.98503200E-1	1.01885444E+0
7.19151226E+2	1.98487600E-1	1.01891615E+0
7.15431342E+2	1.98476000E-1	1.01893947E+0
7.13360437E+2	1.98511000E-1	1.01890759E+0
7.11110360E+2	1.98654800E-1	1.01892275E+0
7.09369116E+2	1.98483800E-1	1.01889954E+0
7.05233881E+2	1.98658700E-1	1.01888755E+0
7.02827399E+2	1.98530400E-1	1.01895566E+0
7.01258067E+2	1.98573200E-1	1.01893464E+0
6.98725249E+2	1.98507100E-1	1.01893142E+0
6.95686570E+2	1.98499300E-1	1.01895056E+0
6.93168162E+2	1.98479900E-1	1.01898996E+0
6.89408516E+2	1.98612000E-1	1.01901062E+0
6.89180306E+2	1.98429300E-1	1.01903714E+0
6.87369806E+2	1.98612000E-1	1.01897887E+0
6.85988306E+2	1.98514900E-1	1.01900418E+0
6.83440404E+2	1.98592600E-1	1.01904591E+0
6.79949541E+2	1.98538200E-1	1.01906536E+0
6.79009506E+2	1.98476000E-1	1.01909827E+0
6.77197926E+2	1.98444900E-1	1.01907511E+0
6.75073526E+2	1.98654800E-1	1.01906451E+0
6.72313626E+2	1.98600300E-1	1.01905762E+0
6.71174479E+2	1.98561500E-1	1.01903638E+0
6.68014254E+2	1.98526500E-1	1.01904233E+0
6.66663280E+2	1.98577000E-1	1.01905534E+0
6.65460723E+2	1.98596500E-1	1.01902216E+0
6.62900752E+2	1.98666400E-1	1.01908293E+0
6.61036262E+2	1.98499300E-1	1.01912713E+0
6.58080303E+2	1.98472100E-1	1.01917217E+0
6.56038037E+2	1.98472100E-1	1.01916806E+0
6.53837987E+2	1.98476000E-1	1.01916917E+0
6.50220635E+2	1.98650900E-1	1.01919963E+0
6.47510537E+2	1.98627600E-1	1.01923862E+0
6.45135683E+2	1.98487600E-1	1.01927105E+0
6.42520687E+2	1.98697500E-1	1.01931599E+0
6.40087474E+2	1.98643100E-1	1.01934381E+0
6.38700927E+2	1.98534300E-1	1.01938656E+0
6.35911485E+2	1.98685900E-1	1.01939953E+0
6.34295212E+2	1.98483800E-1	1.01945744E+0
6.32363945E+2	1.98542100E-1	1.01945717E+0
6.31412112E+2	1.98604200E-1	1.01953780E+0
6.29752012E+2	1.98577000E-1	1.01957894E+0
6.26673394E+2	1.98526500E-1	1.01964056E+0
6.24612396E+2	1.98499300E-1	1.01973595E+0
6.22386005E+2	1.98577000E-1	1.01983219E+0
6.20906743E+2	1.98658700E-1	1.01993164E+0
6.19363809E+2	1.98522600E-1	1.02005109E+0
6.18203490E+2	1.98460400E-1	1.02019576E+0
6.16495568E+2	1.98584800E-1	1.02039610E+0
6.15208132E+2	1.98452700E-1	1.02057704E+0
6.12508391E+2	1.98491500E-1	1.02085341E+0
6.09746240E+2	1.98732500E-1	1.02152246E+0
6.07341178E+2	1.98604200E-1	1.02387699E+0
6.05921955E+2	1.98619800E-1	1.03347034E+0
6.04140996E+2	1.98503200E-1	1.05801105E+0
6.01802528E+2	1.98507100E-1	1.10455727E+0
5.99503821E+2	1.98526500E-1	1.13667210E+0
5.96227435E+2	1.98654800E-1	1.13674951E+0
5.95746836E+2	1.98615900E-1	1.13675536E+0
5.93857917E+2	1.98573200E-1	1.13675732E+0
5.91912438E+2	1.98619800E-1	1.13673926E+0
5.88743897E+2	1.98487600E-1	1.13678053E+0
5.88588635E+2	1.98662600E-1	1.13680347E+0
5.86076623E+2	1.98619800E-1	1.13681470E+0
5.85788795E+2	1.98701400E-1	1.13675732E+0
5.84225282E+2	1.98662600E-1	1.13678149E+0
5.81104157E+2	1.98518700E-1	1.13678095E+0
5.76830760E+2	1.98615900E-1	1.13676400E+0
5.76436257E+2	1.98631500E-1	1.13675077E+0
5.75633067E+2	1.98495400E-1	1.13672246E+0
5.73831484E+2	1.98553700E-1	1.13676928E+0
5.72353888E+2	1.98522600E-1	1.13678694E+0
5.69620646E+2	1.98580900E-1	1.13675130E+0
5.68563220E+2	1.98542100E-1	1.13675425E+0
5.66393843E+2	1.98561500E-1	1.13674160E+0
5.64490614E+2	1.98662600E-1	1.13675837E+0
5.62649179E+2	1.98545900E-1	1.13671114E+0
5.61063422E+2	1.98491500E-1	1.13671784E+0
5.60000277E+2	1.98647000E-1	1.13672016E+0
5.58302216E+2	1.98701400E-1	1.13671435E+0
5.56785984E+2	1.98588700E-1	1.13669413E+0
5.56155211E+2	1.98499300E-1	1.13670572E+0
5.56431961E+2	1.98491500E-1	1.13667562E+0
5.53725962E+2	1.98530400E-1	1.13669038E+0
5.51223271E+2	1.98542100E-1	1.13667106E+0
5.48958695E+2	1.98495400E-1	1.13665156E+0
5.48106288E+2	1.98487600E-1	1.13664168E+0
5.45575273E+2	1.98545900E-1	1.13664016E+0
5.43656704E+2	1.98619800E-1	1.13669494E+0
5.41938779E+2	1.98487600E-1	1.13669257E+0
5.40330818E+2	1.98612000E-1	1.13664406E+0
5.38982591E+2	1.98460400E-1	1.13667541E+0
5.37658096E+2	1.98468200E-1	1.13667774E+0
5.35574133E+2	1.98534300E-1	1.13664447E+0
5.34523641E+2	1.98545900E-1	1.13657511E+0
5.32652893E+2	1.98643100E-1	1.13664545E+0
5.30782593E+2	1.98658700E-1	1.13666616E+0
5.29155851E+2	1.98647000E-1	1.13663230E+0
5.28058303E+2	1.98553700E-1	1.13662354E+0
5.26215474E+2	1.98464300E-1	1.13663973E+0
5.24288664E+2	1.98612000E-1	1.13663883E+0
5.22886042E+2	1.98615900E-1	1.13665578E+0
5.20860753E+2	1.98499300E-1	1.13662644E+0
5.18947902E+2	1.98476000E-1	1.13666692E+0
5.18274758E+2	1.98507100E-1	1.13666146E+0
5.17260650E+2	1.98553700E-1	1.13663619E+0
5.15654901E+2	1.98545900E-1	1.13664992E+0
5.14586533E+2	1.98514900E-1	1.13665001E+0
5.12243833E+2	1.98448800E-1	1.13662917E+0
5.12009049E+2	1.98534300E-1	1.13662524E+0
5.10630429E+2	1.98577000E-1	1.13665176E+0
5.09156782E+2	1.98666400E-1	1.13662837E+0
5.07488078E+2	1.98557600E-1	1.13665914E+0
5.06615903E+2	1.98670300E-1	1.13660869E+0
5.05418525E+2	1.98514900E-1	1.13662246E+0
5.03093385E+2	1.98491500E-1	1.13657050E+0
5.01168421E+2	1.98514900E-1	1.13655476E+0
5.00099603E+2	1.98507100E-1	1.13660713E+0
4.97797743E+2	1.98545900E-1	1.13659988E+0
4.97481141E+2	1.98619800E-1	1.13654850E+0
4.96426146E+2	1.98580900E-1	1.13654345E+0
4.95546811E+2	1.98615900E-1	1.13654845E+0
4.93987261E+2	1.98619800E-1	1.13653396E+0
4.92363499E+2	1.98433200E-1	1.13653191E+0
4.90632568E+2	1.98479900E-1	1.13652100E+0
4.89458425E+2	1.98662600E-1	1.13654398E+0
4.88793033E+2	1.98631500E-1	1.13653871E+0
4.87175904E+2	1.98689800E-1	1.13653982E+0
4.86305124E+2	1.98441000E-1	1.13654036E+0
4.84249035E+2	1.98491500E-1	1.13652211E+0
4.83072461E+2	1.98472100E-1	1.13654081E+0
4.82888560E+2	1.98658700E-1	1.13655073E+0
4.82264137E+2	1.98573200E-1	1.13654532E+0
4.81895706E+2	1.98483800E-1	1.13655503E+0
4.81015105E+2	1.98495400E-1	1.13654537E+0
4.80258792E+2	1.98495400E-1	1.13654626E+0
4.79790396E+2	1.98604200E-1	1.13660574E+0
4.79743475E+2	1.98639200E-1	1.13661477E+0
4.80135861E+2	1.98468200E-1	1.13661607E+0
4.80176838E+2	1.98678100E-1	1.13663132E+0
4.79751480E+2	1.98425400E-1	1.13662066E+0
4.79778989E+2	1.98650900E-1	1.13668267E+0
4.79807621E+2	1.98468200E-1	1.13662257E+0
4.79108450E+2	1.98479900E-1	1.13666832E+0
4.79067923E+2	1.98491500E-1	1.13670387E+0
4.79447116E+2	1.98534300E-1	1.13668115E+0
4.78601599E+2	1.98592600E-1	1.13670597E+0
4.77889008E+2	1.98635300E-1	1.13673790E+0
4.77860865E+2	1.98689800E-1	1.13669336E+0
4.77490543E+2	1.98647000E-1	1.13669493E+0
4.77521433E+2	1.98514900E-1	1.13673500E+0
4.77883109E+2	1.98662600E-1	1.13676773E+0
4.78082590E+2	1.98530400E-1	1.13674725E+0
4.77489327E+2	1.98623700E-1	1.13675906E+0
4.77459112E+2	1.98561500E-1	1.13673710E+0
4.77858839E+2	1.98472100E-1	1.13672511E+0
4.78590779E+2	1.98503200E-1	1.13672225E+0
4.77597873E+2	1.98623700E-1	1.13673893E+0
4.77541811E+2	1.98580900E-1	1.13669564E+0
4.77687706E+2	1.98705300E-1	1.13667820E+0
4.76933644E+2	1.98580900E-1	1.13675208E+0
4.76771313E+2	1.98650900E-1	1.13673321E+0
4.77164104E+2	1.98623700E-1	1.13673594E+0
4.77336162E+2	1.98615900E-1	1.13675543E+0
4.77546678E+2	1.98514900E-1	1.13678799E+0
4.77173564E+2	1.98592600E-1	1.13674546E+0
4.77398081E+2	1.98701400E-1	1.13671116E+0
4.76624656E+2	1.98674200E-1	1.13673759E+0
4.76983315E+2	1.98464300E-1	1.13672484E+0
4.77881877E+2	1.98697500E-1	1.13673513E+0
4.77975615E+2	1.98643100E-1	1.13674300E+0
4.77775130E+2	1.98604200E-1	1.13670606E+0
4.77684261E+2	1.98549800E-1	1.13674998E+0
4.77719339E+2	1.98674200E-1	1.13675883E+0
4.77692952E+2	1.98670300E-1	1.13674233E+0
4.77687458E+2	1.98678100E-1	1.13672605E+0
4.77169350E+2	1.98491500E-1	1.13672766E+0
4.76666192E+2	1.98511000E-1	1.13670884E+0
4.76926056E+2	1.98650900E-1	1.13669047E+0
4.76274256E+2	1.98483800E-1	1.13671905E+0
4.76555014E+2	1.98530400E-1	1.13675974E+0
4.76562939E+2	1.98526500E-1	1.13669302E+0
4.76246338E+2	1.98456500E-1	1.13667849E+0
4.76632870E+2	1.98518700E-1	1.13667706E+0
4.77278096E+2	1.98522600E-1	1.13667753E+0
4.77375089E+2	1.98472100E-1	1.13669116E+0
4.77334470E+2	1.98565400E-1	1.13668114E+0
4.77740437E+2	1.98689800E-1	1.13670440E+0
4.77965044E+2	1.98495400E-1	1.13669885E+0
4.77753901E+2	1.98631500E-1	1.13669675E+0
4.77553430E+2	1.98499300E-1	1.13669313E+0
4.77320628E+2	1.98522600E-1	1.13666567E+0
4.76747765E+2	1.98565400E-1	1.13667305E+0
4.76689587E+2	1.98592600E-1	1.13667663E+0
4.76602300E+2	1.98507100E-1	1.13665954E+0
4.76974873E+2	1.98596500E-1	1.13665315E+0
4.77310701E+2	1.98518700E-1	1.13664537E+0
4.77583444E+2	1.98526500E-1	1.13667425E+0
4.77484290E+2	1.98557600E-1	1.13668691E+0
4.77413458E+2	1.98623700E-1	1.13668432E+0
4.77853305E+2	1.98553700E-1	1.13666849E+0
4.78094583E+2	1.98713100E-1	1.13668499E+0
4.78056813E+2	1.98666400E-1	1.13668418E+0
4.78502784E+2	1.98635300E-1	1.13669800E+0
4.78412860E+2	1.98522600E-1	1.13664792E+0
4.78133228E+2	1.98511000E-1	1.13661446E+0
4.78651876E+2	1.98464300E-1	1.13661988E+0
4.78207031E+2	1.98584800E-1	1.13660373E+0
4.77699731E+2	1.98468200E-1	1.13666925E+0
4.77598550E+2	1.98441000E-1	1.13664805E+0
4.77761691E+2	1.98522600E-1	1.13666969E+0
4.77628798E+2	1.98444900E-1	1.13665270E+0
4.77654427E+2	1.98472100E-1	1.13664119E+0
4.77689145E+2	1.98647000E-1	1.13667400E+0
4.77854718E+2	1.98553700E-1	1.13668711E+0
4.77462647E+2	1.98658700E-1	1.13667722E+0
4.77256007E+2	1.98464300E-1	1.13665705E+0
4.77606516E+2	1.98530400E-1	1.13665325E+0
4.77116326E+2	1.98518700E-1	1.13665281E+0
4.76933237E+2	1.98650900E-1	1.13669520E+0
4.77212824E+2	1.98689800E-1	1.13668330E+0
4.77638577E+2	1.98507100E-1	1.13665540E+0
4.77443600E+2	1.98647000E-1	1.13666577E+0
4.77363582E+2	1.98608100E-1	1.13662902E+0
4.77061030E+2	1.98596500E-1	1.13664422E+0
4.77149288E+2	1.98654800E-1	1.13660388E+0
4.77588054E+2	1.98456500E-1	1.13660411E+0
4.77555453E+2	1.98623700E-1	1.13660004E+0
4.77647087E+2	1.98499300E-1	1.13658832E+0
4.77017667E+2	1.98580900E-1	1.13657866E+0
4.76977456E+2	1.98584800E-1	1.13655916E+0
4.76594346E+2	1.98674200E-1	1.13654767E+0
4.76608710E+2	1.98592600E-1	1.13655120E+0
4.77096734E+2	1.98495400E-1	1.13653497E+0
4.77032821E+2	1.98604200E-1	1.13656033E+0
4.77115405E+2	1.98608100E-1	1.13658796E+0
4.76893140E+2	1.98476000E-1	1.13657048E+0
4.76711537E+2	1.98577000E-1	1.13657271E+0
4.76701045E+2	1.98468200E-1	1.13655652E+0
4.76808305E+2	1.98545900E-1	1.13658461E+0
4.76713383E+2	1.98542100E-1	1.13659421E+0
4.76471530E+2	1.98674200E-1	1.13658155E+0
4.76615399E+2	1.98689800E-1	1.13657265E+0
4.77095999E+2	1.98441000E-1	1.13654417E+0
4.77512388E+2	1.98604200E-1	1.13653875E+0
4.77597628E+2	1.98588700E-1	1.13657283E+0
4.77879377E+2	1.98682000E-1	1.13659269E+0
4.77747036E+2	1.98479900E-1	1.13657305E+0
4.77247480E+2	1.98615900E-1	1.13661183E+0
4.77304442E+2	1.98448800E-1	1.13660221E+0
4.77650358E+2	1.98499300E-1	1.13663477E+0
4.76850952E+2	1.98530400E-1	1.13662667E+0
4.76533044E+2	1.98670300E-1	1.13661151E+0
4.76614097E+2	1.98476000E-1	1.13663776E+0
4.77178702E+2	1.98487600E-1	1.13662086E+0
4.77180857E+2	1.98639200E-1	1.13659179E+0
4.77606649E+2	1.98565400E-1	1.13659488E+0
4.77624435E+2	1.98538200E-1	1.13660612E+0
4.77626281E+2	1.98682000E-1	1.13665309E+0
4.77653479E+2	1.98522600E-1	1.13663534E+0
4.78018442E+2	1.98487600E-1	1.13664947E+0
4.78189734E+2	1.98693600E-1	1.13660059E+0
4.77797663E+2	1.98596500E-1	1.13657322E+0
4.77364301E+2	1.98499300E-1	1.13661669E+0
4.77678200E+2	1.98503200E-1	1.13664607E+0
4.76983533E+2	1.98448800E-1	1.13660305E+0
4.77032029E+2	1.98553700E-1	1.13664361E+0
4.76978759E+2	1.98650900E-1	1.13664379E+0
4.77531315E+2	1.98437100E-1	1.13665202E+0
4.77695266E+2	1.98643100E-1	1.13662384E+0
4.77314678E+2	1.98615900E-1	1.13661410E+0
4.76930090E+2	1.98631500E-1	1.13663429E+0
4.77132936E+2	1.98693600E-1	1.13665925E+0
4.77962377E+2	1.98662600E-1	1.13666564E+0
4.78024968E+2	1.98464300E-1	1.13665786E+0
4.78063288E+2	1.98658700E-1	1.13669386E+0
4.78206256E+2	1.98643100E-1	1.13668398E+0
4.78289065E+2	1.98499300E-1	1.13670741E+0
4.78206976E+2	1.98639200E-1	1.13671756E+0
4.77791448E+2	1.98542100E-1	1.13673813E+0
4.77449990E+2	1.98549800E-1	1.13669896E+0
4.76856638E+2	1.98650900E-1	1.13676174E+0
4.76868075E+2	1.98472100E-1	1.13677467E+0
4.76859835E+2	1.98689800E-1	1.13680804E+0
4.76271391E+2	1.98635300E-1	1.13677446E+0
4.75889857E+2	1.98561500E-1	1.13676686E+0
4.76797097E+2	1.98639200E-1	1.13679360E+0
4.77236862E+2	1.98647000E-1	1.13676511E+0
4.77194039E+2	1.98627600E-1	1.13675644E+0
4.77077593E+2	1.98518700E-1	1.13674267E+0
4.77051656E+2	1.98526500E-1	1.13676469E+0
4.76841053E+2	1.98573200E-1	1.13679810E+0
4.77981198E+2	1.98511000E-1	1.13677234E+0
4.76826092E+2	1.98491500E-1	1.13676899E+0
4.76937674E+2	1.98545900E-1	1.13677538E+0
4.77313445E+2	1.98530400E-1	1.13675709E+0
4.77112388E+2	1.98604200E-1	1.13674953E+0
4.76567398E+2	1.98685900E-1	1.13673809E+0
4.75963104E+2	1.98514900E-1	1.13674882E+0
4.76900165E+2	1.98612000E-1	1.13670777E+0
4.77308491E+2	1.98643100E-1	1.13673518E+0
4.78079368E+2	1.98530400E-1	1.13669650E+0
4.77764437E+2	1.98693600E-1	1.13667427E+0
4.77470305E+2	1.98518700E-1	1.13670115E+0
4.77370655E+2	1.98472100E-1	1.13674421E+0
4.76558459E+2	1.98639200E-1	1.13676626E+0
4.76654597E+2	1.98705300E-1	1.13674788E+0
4.77002404E+2	1.98654800E-1	1.13676152E+0
4.77568520E+2	1.98479900E-1	1.13673056E+0
4.77452674E+2	1.98670300E-1	1.13676565E+0
4.77810027E+2	1.98604200E-1	1.13676994E+0
4.77018320E+2	1.98557600E-1	1.13675206E+0
4.76462027E+2	1.98495400E-1	1.13672236E+0
4.76130701E+2	1.98545900E-1	1.13673833E+0
4.76316402E+2	1.98654800E-1	1.13673077E+0
4.76366880E+2	1.98592600E-1	1.13674216E+0
4.76620896E+2	1.98670300E-1	1.13677087E+0
4.76764000E+2	1.98561500E-1	1.13672047E+0
4.76605496E+2	1.98530400E-1	1.13674520E+0
4.76463113E+2	1.98549800E-1	1.13673080E+0
4.76738333E+2	1.98658700E-1	1.13675530E+0
4.76708569E+2	1.98526500E-1	1.13672570E+0
4.76074600E+2	1.98584800E-1	1.13676948E+0
4.77106101E+2	1.98542100E-1	1.13673053E+0
4.77060342E+2	1.98530400E-1	1.13669618E+0
4.77300394E+2	1.98573200E-1	1.13667973E+0
4.77905770E+2	1.98499300E-1	1.13669945E+0
4.77645950E+2	1.98670300E-1	1.13670902E+0
4.78300182E+2	1.98503200E-1	1.13672147E+0
4.77390723E+2	1.98608100E-1	1.13668529E+0
4.77180158E+2	1.98658700E-1	1.13669808E+0
4.77569631E+2	1.98514900E-1	1.13670845E+0
4.78012135E+2	1.98495400E-1	1.13671091E+0
4.78648356E+2	1.98709200E-1	1.13672589E+0
4.79286108E+2	1.98514900E-1	1.13671950E+0
4.80062911E+2	1.98553700E-1	1.13671668E+0
4.79660483E+2	1.98522600E-1	1.13671574E+0
4.80083084E+2	1.98491500E-1	1.13671919E+0
4.81345439E+2	1.98511000E-1	1.13666150E+0
4.82937139E+2	1.98682000E-1	1.13670040E+0
4.83340602E+2	1.98596500E-1	1.13669055E+0
4.84266858E+2	1.98499300E-1	1.13666090E+0
4.85401914E+2	1.98631500E-1	1.13669923E+0
4.86585378E+2	1.98518700E-1	1.13667450E+0
4.88095260E+2	1.98709200E-1	1.13667293E+0
4.89728779E+2	1.98678100E-1	1.13671032E+0
4.91836577E+2	1.98511000E-1	1.13668303E+0
4.92682365E+2	1.98530400E-1	1.13668105E+0
4.93704668E+2	1.98693600E-1	1.13670922E+0
4.94837158E+2	1.98479900E-1	1.13670886E+0
4.96399138E+2	1.98623700E-1	1.13674097E+0
4.97811711E+2	1.98468200E-1	1.13673574E+0
4.99145077E+2	1.98674200E-1	1.13672098E+0
5.00492238E+2	1.98685900E-1	1.13669679E+0
5.01876713E+2	1.98538200E-1	1.13674236E+0
5.03328507E+2	1.98577000E-1	1.13673730E+0
5.04198611E+2	1.98557600E-1	1.13671821E+0
5.05049217E+2	1.98577000E-1	1.13677670E+0
5.06382764E+2	1.98600300E-1	1.13674763E+0
5.07474458E+2	1.98526500E-1	1.13680226E+0
5.08859379E+2	1.98627600E-1	1.13677145E+0
5.09377995E+2	1.98569300E-1	1.13679775E+0
5.10601490E+2	1.98647000E-1	1.13676506E+0
5.12299551E+2	1.98530400E-1	1.13680459E+0
5.13365578E+2	1.98538200E-1	1.13679359E+0
5.14296923E+2	1.98705300E-1	1.13681988E+0
5.15798385E+2	1.98538200E-1	1.13681568E+0
5.16749947E+2	1.98503200E-1	1.13676617E+0
5.18477322E+2	1.98534300E-1	1.13674757E+0
5.20059972E+2	1.98751900E-1	1.13677168E+0
5.21985837E+2	1.98499300E-1	1.13678728E+0
5.22701265E+2	1.98619800E-1	1.13675786E+0
5.24856240E+2	1.98709200E-1	1.13676287E+0
5.26132420E+2	1.98503200E-1	1.13673706E+0
5.27406123E+2	1.98522600E-1	1.13678402E+0
5.28815047E+2	1.98670300E-1	1.13678254E+0
5.30180815E+2	1.98472100E-1	1.13680776E+0
5.32328809E+2	1.98464300E-1	1.13680583E+0
5.34532776E+2	1.98615900E-1	1.13683045E+0
5.35805803E+2	1.98483800E-1	1.13680071E+0
5.37356663E+2	1.98685900E-1	1.13681981E+0
5.38649458E+2	1.98577000E-1	1.13677688E+0
5.40056712E+2	1.98542100E-1	1.13679606E+0
5.41813447E+2	1.98740300E-1	1.13676230E+0
5.44737886E+2	1.98553700E-1	1.13679553E+0
5.48023730E+2	1.98491500E-1	1.13674723E+0
5.48196824E+2	1.98530400E-1	1.13673596E+0
5.49193191E+2	1.98503200E-1	1.13671803E+0
5.50873015E+2	1.98592600E-1	1.13672040E+0
5.52138838E+2	1.98448800E-1	1.13673015E+0
5.53287359E+2	1.98518700E-1	1.13668435E+0
5.55078541E+2	1.98526500E-1	1.13667868E+0
5.56141326E+2	1.98580900E-1	1.13671789E+0
5.57832183E+2	1.98577000E-1	1.13671382E+0
5.60129451E+2	1.98549800E-1	1.13674119E+0
5.62784883E+2	1.98557600E-1	1.13672514E+0
5.64936706E+2	1.98736400E-1	1.13669594E+0
5.66345576E+2	1.98526500E-1	1.13672635E+0
5.67752008E+2	1.98627600E-1	1.13670832E+0
5.69579168E+2	1.98728600E-1	1.13675479E+0
5.71375168E+2	1.98433200E-1	1.13672796E+0
5.72431423E+2	1.98619800E-1	1.13673923E+0
5.74956179E+2	1.98728600E-1	1.13672415E+0
5.77360121E+2	1.98522600E-1	1.13670537E+0
5.79185998E+2	1.98705300E-1	1.13669343E+0
5.81682859E+2	1.98514900E-1	1.13671485E+0
5.82281931E+2	1.98549800E-1	1.13674285E+0
5.83441125E+2	1.98682000E-1	1.13671145E+0
5.85602044E+2	1.98514900E-1	1.13669853E+0
5.87623281E+2	1.98658700E-1	1.13676287E+0
5.88600060E+2	1.98530400E-1	1.13673134E+0
5.91147917E+2	1.98666400E-1	1.13671274E+0
5.92764212E+2	1.98542100E-1	1.13671072E+0
5.94738844E+2	1.98697500E-1	1.13671300E+0
5.96919620E+2	1.98514900E-1	1.13669024E+0
5.98741197E+2	1.98654800E-1	1.13673964E+0
6.00529137E+2	1.98479900E-1	1.13669790E+0
6.01686979E+2	1.98612000E-1	1.13672085E+0
6.04964304E+2	1.98647000E-1	1.13673896E+0
6.05355877E+2	1.98522600E-1	1.13667845E+0
6.07600864E+2	1.98631500E-1	1.13665547E+0
6.09812802E+2	1.98705300E-1	1.13666629E+0
6.13458658E+2	1.98503200E-1	1.10254356E+0
6.15742373E+2	1.98619800E-1	1.08343343E+0
6.17146887E+2	1.98549800E-1	1.07784411E+0
6.17550937E+2	1.98662600E-1	1.07122270E+0
6.19251872E+2	1.98623700E-1	1.06850947E+0
6.22184668E+2	1.98573200E-1	1.06499415E+0
6.24664846E+2	1.98666400E-1	1.06129838E+0
6.27099455E+2	1.98545900E-1	1.05797701E+0
6.29383034E+2	1.98573200E-1	1.05522161E+0
6.30636475E+2	1.98522600E-1	1.05273851E+0
6.31526572E+2	1.98487600E-1	1.04930816E+0
6.34047187E+2	1.98483800E-1	1.04924188E+0
6.36068302E+2	1.98713100E-1	1.04603312E+0
6.38132715E+2	1.98479900E-1	1.04589082E+0
6.40144047E+2	1.98678100E-1	1.04409734E+0
6.42409389E+2	1.98518700E-1	1.04250290E+0
6.44019778E+2	1.98557600E-1	1.04097559E+0
6.46474199E+2	1.98511000E-1	1.03945025E+0
6.49005486E+2	1.98511000E-1	1.03766720E+0
6.51964135E+2	1.98623700E-1	1.03575362E+0
6.54513764E+2	1.98542100E-1	1.03494222E+0
6.56357496E+2	1.98627600E-1	1.03397476E+0
6.58817275E+2	1.98491500E-1	1.03212198E+0
6.59963996E+2	1.98557600E-1	1.03168623E+0
6.62392165E+2	1.98483800E-1	1.03069672E+0
6.64938401E+2	1.98592600E-1	1.02953397E+0
6.67028579E+2	1.98650900E-1	1.02814207E+0
6.67860424E+2	1.98584800E-1	1.02722523E+0
6.70440928E+2	1.98682000E-1	1.02657013E+0
6.72298483E+2	1.98518700E-1	1.02544968E+0
6.73422869E+2	1.98495400E-1	1.02484113E+0
6.76605687E+2	1.98507100E-1	1.02458663E+0
6.78492646E+2	1.98526500E-1	1.02441080E+0
6.80600160E+2	1.98635300E-1	1.02420459E+0
6.82991970E+2	1.98623700E-1	1.02404494E+0
6.84773237E+2	1.98483800E-1	1.02388132E+0
6.86159288E+2	1.98615900E-1	1.02371666E+0
6.88246764E+2	1.98631500E-1	1.02336176E+0
6.90805428E+2	1.98526500E-1	1.02333368E+0
6.93613916E+2	1.98561500E-1	1.02312967E+0
6.97987257E+2	1.98573200E-1	1.02313240E+0
6.98585137E+2	1.98530400E-1	1.02308316E+0
7.02363215E+2	1.98549800E-1	1.02299180E+0
7.04183216E+2	1.98534300E-1	1.02283031E+0
7.06414786E+2	1.98503200E-1	1.02277377E+0
7.07750765E+2	1.98530400E-1	1.02266805E+0
7.10476037E+2	1.98569300E-1	1.02251359E+0
7.12334358E+2	1.98580900E-1	1.02218611E+0
7.14902793E+2	1.98526500E-1	1.02205597E+0
7.18016999E+2	1.98476000E-1	1.02191553E+0
7.21001597E+2	1.98685900E-1	1.02182582E+0
7.23481684E+2	1.98682000E-1	1.02180583E+0
7.26288370E+2	1.98468200E-1	1.02176751E+0
7.29503293E+2	1.98639200E-1	1.02166658E+0
7.31229947E+2	1.98573200E-1	1.02166103E+0
7.33103398E+2	1.98514900E-1	1.02157190E+0
7.35150572E+2	1.98580900E-1	1.02150232E+0
7.36978722E+2	1.98697500E-1	1.02144325E+0
7.39686749E+2	1.98685900E-1	1.02138127E+0
7.42464256E+2	1.98545900E-1	1.02134451E+0
7.47782955E+2	1.98503200E-1	1.02133740E+0
7.48246128E+2	1.98503200E-1	1.02133395E+0
7.49712692E+2	1.98526500E-1	1.02128767E+0
7.51356402E+2	1.98557600E-1	1.02132335E+0
7.55798505E+2	1.98678100E-1	1.02132027E+0
7.56546219E+2	1.98728600E-1	1.02134012E+0
7.58372929E+2	1.98577000E-1	1.02135068E+0
7.60569150E+2	1.98557600E-1	1.02134231E+0
7.63220259E+2	1.98530400E-1	1.02135256E+0
7.66709726E+2	1.98565400E-1	1.02133753E+0
7.71084295E+2	1.98705300E-1	1.02128217E+0
7.71452459E+2	1.98654800E-1	1.02126598E+0
7.73861365E+2	1.98689800E-1	1.02129938E+0
7.77193229E+2	1.98748100E-1	1.02133672E+0
7.79671515E+2	1.98503200E-1	1.02130962E+0
7.81991522E+2	1.98557600E-1	1.02129683E+0
7.84582021E+2	1.98724700E-1	1.02131441E+0
7.87453054E+2	1.98666400E-1	1.02131588E+0
7.89568357E+2	1.98682000E-1	1.02132899E+0
7.91513821E+2	1.98631500E-1	1.02131316E+0
7.94152411E+2	1.98553700E-1	1.02129670E+0
7.96988726E+2	1.98790800E-1	1.02127886E+0
7.99083451E+2	1.98674200E-1	1.02129594E+0
8.03930511E+2	1.98561500E-1	1.02133699E+0
8.06632007E+2	1.98685900E-1	1.02128105E+0
8.07257646E+2	1.98518700E-1	1.02128619E+0
8.10081145E+2	1.98503200E-1	1.02128941E+0
8.12749198E+2	1.98724700E-1	1.02130286E+0
8.15792828E+2	1.98701400E-1	1.02128635E+0
8.18925526E+2	1.98499300E-1	1.02125160E+0
8.22206776E+2	1.98557600E-1	1.02125031E+0
8.23868813E+2	1.98600300E-1	1.02122115E+0
8.25214968E+2	1.98608100E-1	1.02124785E+0
8.27170707E+2	1.98685900E-1	1.02126200E+0
8.29660105E+2	1.98483800E-1	1.02124433E+0
8.31543596E+2	1.98577000E-1	1.02120784E+0
8.34354469E+2	1.98623700E-1	1.02123177E+0
8.37108019E+2	1.98522600E-1	1.02121142E+0
8.39653172E+2	1.98530400E-1	1.02123338E+0
8.41661575E+2	1.98507100E-1	1.02116397E+0
8.45683019E+2	1.98495400E-1	1.02116594E+0
8.48069714E+2	1.98514900E-1	1.02116214E+0
8.50256748E+2	1.98487600E-1	1.02116675E+0
8.52938160E+2	1.98495400E-1	1.02115266E+0
8.55664197E+2	1.98635300E-1	1.02113204E+0
8.58933919E+2	1.98514900E-1	1.02109041E+0
8.62158521E+2	1.98514900E-1	1.02113075E+0
8.64766941E+2	1.98658700E-1	1.02115829E+0
8.67399497E+2	1.98561500E-1	1.02116455E+0
8.68727325E+2	1.98549800E-1	1.02114421E+0
8.70366441E+2	1.98643100E-1	1.02113177E+0
8.73125484E+2	1.98437100E-1	1.02112677E+0
8.75554371E+2	1.98511000E-1	1.02114425E+0
8.78153966E+2	1.98584800E-1	1.02117873E+0
8.80886667E+2	1.98483800E-1	1.02114246E+0
8.83088335E+2	1.98545900E-1	1.02116473E+0
8.85720891E+2	1.98460400E-1	1.02116938E+0
8.88527260E+2	1.98522600E-1	1.02113835E+0
8.91052871E+2	1.98530400E-1	1.02114859E+0
8.93781925E+2	1.98507100E-1	1.02118280E+0
8.96389939E+2	1.98511000E-1	1.02123271E+0
8.99234673E+2	1.98491500E-1	1.02118964E+0
9.01446699E+2	1.98452700E-1	1.02118611E+0
9.04926168E+2	1.98503200E-1	1.02119389E+0
9.07704574E+2	1.98495400E-1	1.02121446E+0
9.10199925E+2	1.98561500E-1	1.02122448E+0
9.12325674E+2	1.98713100E-1	1.02117363E+0
9.14985202E+2	1.98472100E-1	1.02117032E+0
9.17184260E+2	1.98623700E-1	1.02118267E+0
9.19758187E+2	1.98549800E-1	1.02117555E+0
9.22061307E+2	1.98514900E-1	1.02119022E+0
9.24307904E+2	1.98639200E-1	1.02116581E+0
9.26814934E+2	1.98615900E-1	1.02117875E+0
9.29172675E+2	1.98499300E-1	1.02116699E+0
9.31842290E+2	1.98662600E-1	1.02113886E+0
9.36456455E+2	1.98460400E-1	1.02113855E+0
9.36836098E+2	1.98514900E-1	1.02118327E+0
9.39154979E+2	1.98643100E-1	1.02113806E+0
9.41727060E+2	1.98627600E-1	1.02117012E+0
9.44087241E+2	1.98580900E-1	1.02117495E+0
9.46153506E+2	1.98538200E-1	1.02116359E+0
9.48283668E+2	1.98650900E-1	1.02116091E+0
9.50744751E+2	1.98507100E-1	1.02116619E+0
9.53084570E+2	1.98678100E-1	1.02112840E+0
9.55532550E+2	1.98545900E-1	1.02113721E+0
9.57478947E+2	1.98627600E-1	1.02116771E+0
9.60232631E+2	1.98545900E-1	1.02115018E+0
9.65021555E+2	1.98573200E-1	1.02116744E+0
9.65680741E+2	1.98619800E-1	1.02119173E+0
9.67742458E+2	1.98631500E-1	1.02122401E+0
9.69902835E+2	1.98503200E-1	1.02116758E+0
9.72260351E+2	1.98658700E-1	1.02116785E+0
9.74503626E+2	1.98460400E-1	1.02117165E+0
9.76849074E+2	1.98631500E-1	1.02113583E+0
9.81041025E+2	1.98545900E-1	1.02112313E+0
9.81442237E+2	1.98487600E-1	1.02115438E+0
9.83393407E+2	1.98604200E-1	1.02115430E+0
9.86006510E+2	1.98530400E-1	1.02111239E+0
9.88359252E+2	1.98553700E-1	1.02112299E+0
9.90531066E+2	1.98627600E-1	1.02113323E+0
9.92192922E+2	1.98565400E-1	1.02115394E+0
9.94343347E+2	1.98549800E-1	1.02115854E+0
9.96483640E+2	1.98666400E-1	1.02113820E+0
9.98695846E+2	1.98507100E-1	1.02115125E+0
1.00099725E+3	1.98456500E-1	1.02116011E+0
1.00323864E+3	1.98647000E-1	1.02115407E+0
1.00540739E+3	1.98507100E-1	1.02116243E+0
1.00955964E+3	1.98561500E-1	1.02115863E+0
1.00974332E+3	1.98569300E-1	1.02117621E+0
1.01163753E+3	1.98487600E-1	1.02118837E+0
1.01358793E+3	1.98573200E-1	1.02118336E+0
1.01571386E+3	1.98514900E-1	1.02118475E+0
1.01765512E+3	1.98615900E-1	1.02117961E+0
1.01946814E+3	1.98511000E-1	1.02117800E+0
1.02149393E+3	1.98503200E-1	1.02116928E+0
1.02311445E+3	1.98472100E-1	1.02118001E+0
1.02537967E+3	1.98685900E-1	1.02118274E+0
1.02721688E+3	1.98514900E-1	1.02117858E+0
1.02874319E+3	1.98631500E-1	1.02119105E+0
1.03070981E+3	1.98596500E-1	1.02120532E+0
1.03257389E+3	1.98701400E-1	1.02117308E+0
1.03430135E+3	1.98615900E-1	1.02118484E+0
1.03598491E+3	1.98697500E-1	1.02115210E+0
1.03767631E+3	1.98518700E-1	1.02115573E+0
1.04095049E+3	1.98561500E-1	1.02117925E+0
1.04271564E+3	1.98557600E-1	1.02118882E+0
1.04431684E+3	1.98526500E-1	1.02118511E+0
1.04445661E+3	1.98557600E-1	1.02122330E+0
1.04612428E+3	1.98553700E-1	1.02122218E+0
1.04762015E+3	1.98518700E-1	1.02119638E+0
1.04924648E+3	1.98650900E-1	1.02119021E+0
1.05073880E+3	1.98631500E-1	1.02121538E+0
1.05222621E+3	1.98600300E-1	1.02119284E+0
1.05382008E+3	1.98545900E-1	1.02118350E+0
1.05530794E+3	1.98647000E-1	1.02119595E+0
1.05670137E+3	1.98514900E-1	1.02123258E+0
1.05800488E+3	1.98701400E-1	1.02121464E+0
1.05942858E+3	1.98623700E-1	1.02120981E+0
1.06072297E+3	1.98592600E-1	1.02121169E+0
1.06213009E+3	1.98693600E-1	1.02122229E+0
1.06342252E+3	1.98503200E-1	1.02126598E+0
1.06465898E+3	1.98666400E-1	1.02122005E+0
1.06592201E+3	1.98670300E-1	1.02122265E+0
1.06711201E+3	1.98460400E-1	1.02121625E+0
1.06828448E+3	1.98662600E-1	1.02126209E+0
1.06954967E+3	1.98545900E-1	1.02124371E+0
1.07056986E+3	1.98678100E-1	1.02126437E+0
1.07172811E+3	1.98495400E-1	1.02123553E+0
1.07274816E+3	1.98573200E-1	1.02124630E+0
1.07377185E+3	1.98658700E-1	1.02127010E+0
1.07468924E+3	1.98654800E-1	1.02126084E+0
1.07570974E+3	1.98608100E-1	1.02127367E+0
1.07666162E+3	1.98608100E-1	1.02130614E+0
1.07753813E+3	1.98553700E-1	1.02127479E+0
1.07841420E+3	1.98557600E-1	1.02121531E+0
1.07917268E+3	1.98542100E-1	1.02125623E+0
1.08018760E+3	1.98685900E-1	1.02124657E+0
1.08083463E+3	1.98526500E-1	1.02123123E+0
1.08156334E+3	1.98545900E-1	1.02121929E+0
1.08289532E+3	1.98565400E-1	1.02116223E+0
1.08295035E+3	1.98514900E-1	1.02118942E+0
1.08355132E+3	1.98557600E-1	1.02118088E+0
1.08415237E+3	1.98491500E-1	1.02120646E+0
1.08473163E+3	1.98499300E-1	1.02120507E+0
1.08523686E+3	1.98518700E-1	1.02123369E+0
1.08572273E+3	1.98619800E-1	1.02119877E+0
1.08619833E+3	1.98561500E-1	1.02118951E+0
1.08663043E+3	1.98538200E-1	1.02119407E+0
1.08691499E+3	1.98658700E-1	1.02120981E+0
1.08736522E+3	1.98577000E-1	1.02118736E+0
1.08756105E+3	1.98545900E-1	1.02117404E+0
1.08761828E+3	1.98604200E-1	1.02120114E+0
1.08800531E+3	1.98596500E-1	1.02121174E+0
1.08803251E+3	1.98538200E-1	1.02120248E+0
1.08836109E+3	1.98499300E-1	1.02119036E+0
1.08841616E+3	1.98538200E-1	1.02120279E+0
1.08861235E+3	1.98600300E-1	1.02119318E+0
1.08876914E+3	1.98561500E-1	1.02116948E+0
1.08904450E+3	1.98511000E-1	1.02111908E+0
1.08918755E+3	1.98483800E-1	1.02112346E+0
1.08935641E+3	1.98561500E-1	1.02110723E+0
1.08938532E+3	1.98507100E-1	1.02110593E+0
1.08952955E+3	1.98487600E-1	1.02111183E+0
1.08979131E+3	1.98545900E-1	1.02114823E+0
1.08982499E+3	1.98557600E-1	1.02112225E+0
1.08992486E+3	1.98468200E-1	1.02108004E+0
1.09011201E+3	1.98495400E-1	1.02106939E+0
1.09013344E+3	1.98526500E-1	1.02109551E+0
1.09034632E+3	1.98596500E-1	1.02109600E+0
1.09038284E+3	1.98724700E-1	1.02109260E+0
1.09047492E+3	1.98674200E-1	1.02106752E+0
1.09065945E+3	1.98476000E-1	1.02102735E+0
1.09075563E+3	1.98479900E-1	1.02106454E+0
1.09077486E+3	1.98584800E-1	1.02102519E+0
1.09086042E+3	1.98460400E-1	1.02101969E+0
1.09093886E+3	1.98592600E-1	1.02101275E+0
1.09110803E+3	1.98623700E-1	1.02104500E+0
1.09111231E+3	1.98390500E-1	1.02106821E+0
1.09117661E+3	1.98573200E-1	1.02104692E+0
1.09127964E+3	1.98557600E-1	1.02102434E+0
1.09134561E+3	1.98596500E-1	1.02104983E+0
1.09148907E+3	1.98553700E-1	1.02103773E+0
1.09150411E+3	1.98627600E-1	1.02108473E+0
1.09157561E+3	1.98608100E-1	1.02102284E+0
1.09163253E+3	1.98503200E-1	1.02107051E+0
1.09169166E+3	1.98612000E-1	1.02103536E+0
1.09175154E+3	1.98693600E-1	1.02104842E+0
1.09187024E+3	1.98491500E-1	1.02103147E+0
1.09194621E+3	1.98479900E-1	1.02101036E+0
1.09198034E+3	1.98518700E-1	1.02101349E+0
1.09197832E+3	1.98522600E-1	1.02106159E+0
1.09209951E+3	1.98717000E-1	1.02102988E+0
1.09211748E+3	1.98487600E-1	1.02101222E+0
1.09217214E+3	1.98619800E-1	1.02105349E+0
1.09221852E+3	1.98650900E-1	1.02103816E+0
1.09226540E+3	1.98483800E-1	1.02100229E+0
1.09230534E+3	1.98596500E-1	1.02104294E+0
1.09234253E+3	1.98604200E-1	1.02104831E+0
1.09241436E+3	1.98720800E-1	1.02100949E+0
1.09243975E+3	1.98615900E-1	1.02102465E+0
1.09248131E+3	1.98631500E-1	1.02102787E+0
1.09255202E+3	1.98464300E-1	1.02101083E+0
1.09257303E+3	1.98518700E-1	1.02106964E+0
1.09265251E+3	1.98650900E-1	1.02108059E+0
1.09265751E+3	1.98580900E-1	1.02106248E+0
1.09272632E+3	1.98534300E-1	1.02102559E+0
1.09272708E+3	1.98580900E-1	1.02105125E+0
1.09276563E+3	1.98678100E-1	1.02105569E+0
1.09280674E+3	1.98503200E-1	1.02106885E+0
1.09282034E+3	1.98534300E-1	1.02104895E+0
1.09285848E+3	1.98662600E-1	1.02105249E+0
1.09292471E+3	1.98507100E-1	1.02105150E+0
1.09293890E+3	1.98674200E-1	1.02106228E+0
1.09294574E+3	1.98631500E-1	1.02108442E+0
1.09300401E+3	1.98557600E-1	1.02106626E+0
1.09301757E+3	1.98569300E-1	1.02106340E+0
1.09307358E+3	1.98483800E-1	1.02107837E+0
1.09307637E+3	1.98406000E-1	1.02112281E+0
1.09312415E+3	1.98514900E-1	1.02110778E+0
1.09313406E+3	1.98495400E-1	1.02111279E+0
1.09317278E+3	1.98483800E-1	1.02104330E+0
1.09319849E+3	1.98619800E-1	1.02106919E+0
1.09319150E+3	1.98689800E-1	1.02112263E+0
1.09326043E+3	1.98503200E-1	1.02113699E+0
1.09327560E+3	1.98619800E-1	1.02110658E+0
1.09332266E+3	1.98448800E-1	1.02113685E+0
1.09333545E+3	1.98530400E-1	1.02111946E+0
1.09333342E+3	1.98522600E-1	1.02107290E+0
1.09335738E+3	1.98468200E-1	1.02105649E+0
1.09338183E+3	1.98580900E-1	1.02105103E+0
1.09342100E+3	1.98650900E-1	1.02107424E+0
1.09342010E+3	1.98479900E-1	1.02109920E+0
1.09344149E+3	1.98666400E-1	1.02112263E+0
1.09346198E+3	1.98612000E-1	1.02109960E+0
1.09349823E+3	1.98530400E-1	1.02111235E+0
1.09349886E+3	1.98522600E-1	1.02110895E+0
1.09352011E+3	1.98701400E-1	1.02111713E+0
1.09355573E+3	1.98538200E-1	1.02111883E+0
1.09356321E+3	1.98588700E-1	1.02110501E+0
1.09356883E+3	1.98666400E-1	1.02112970E+0
1.09359635E+3	1.98491500E-1	1.02110523E+0
1.09360252E+3	1.98619800E-1	1.02107639E+0
1.09362197E+3	1.98483800E-1	1.02110604E+0
1.09366434E+3	1.98542100E-1	1.02109924E+0
1.09366497E+3	1.98596500E-1	1.02113046E+0
1.09367699E+3	1.98514900E-1	1.02108301E+0
1.09368321E+3	1.98685900E-1	1.02107603E+0
1.09370253E+3	1.98522600E-1	1.02109388E+0
1.09371712E+3	1.98565400E-1	1.02109025E+0
1.09373914E+3	1.98693600E-1	1.02109137E+0
1.09375499E+3	1.98565400E-1	1.02110005E+0
1.09376566E+3	1.98526500E-1	1.02110264E+0
1.09378376E+3	1.98495400E-1	1.02106858E+0
1.09380605E+3	1.98697500E-1	1.02105801E+0
1.09381438E+3	1.98619800E-1	1.02107639E+0
1.09383210E+3	1.98483800E-1	1.02109012E+0
1.09385741E+3	1.98526500E-1	1.02112693E+0
1.09386344E+3	1.98542100E-1	1.02114267E+0
1.09387461E+3	1.98472100E-1	1.02113095E+0
1.09389343E+3	1.98526500E-1	1.02110917E+0
1.09390194E+3	1.98627600E-1	1.02114325E+0
1.09390293E+3	1.98678100E-1	1.02109397E+0
1.09390847E+3	1.98627600E-1	1.02110009E+0
1.09394895E+3	1.98662600E-1	1.02109585E+0
1.09393667E+3	1.98542100E-1	1.02108968E+0
1.09393171E+3	1.98623700E-1	1.02110050E+0
1.09396316E+3	1.98674200E-1	1.02111168E+0
1.09397045E+3	1.98464300E-1	1.02108659E+0
1.09400620E+3	1.98518700E-1	1.02110229E+0
1.09398995E+3	1.98588700E-1	1.02112518E+0
1.09399049E+3	1.98608100E-1	1.02111812E+0
1.09401453E+3	1.98573200E-1	1.02112134E+0
1.09403079E+3	1.98503200E-1	1.02113238E+0
1.09403903E+3	1.98670300E-1	1.02112876E+0
1.09404295E+3	1.98658700E-1	1.02108637E+0
1.09405128E+3	1.98577000E-1	1.02110117E+0
1.09406519E+3	1.98518700E-1	1.02112263E+0
1.09405722E+3	1.98678100E-1	1.02108905E+0
1.09406497E+3	1.98468200E-1	1.02110975E+0
1.09408419E+3	1.98468200E-1	1.02113420E+0
1.09410473E+3	1.98476000E-1	1.02110240E+0
1.09411612E+3	1.98514900E-1	1.02110660E+0
1.09410090E+3	1.98650900E-1	1.02110531E+0
1.09410225E+3	1.98619800E-1	1.02109676E+0
1.09412405E+3	1.98631500E-1	1.02103577E+0
1.09412247E+3	1.98472100E-1	1.02103626E+0
1.09413026E+3	1.98662600E-1	1.02107087E+0
1.09415687E+3	1.98565400E-1	1.02108277E+0
1.09414904E+3	1.98693600E-1	1.02107747E+0
1.09415993E+3	1.98526500E-1	1.02109522E+0
1.09416372E+3	1.98503200E-1	1.02108435E+0
1.09417668E+3	1.98573200E-1	1.02108095E+0
1.09418524E+3	1.98577000E-1	1.02109504E+0
1.09417583E+3	1.98522600E-1	1.02112630E+0
1.09419807E+3	1.98503200E-1	1.02108100E+0
1.09421055E+3	1.98460400E-1	1.02108578E+0
1.09422302E+3	1.98631500E-1	1.02108618E+0
1.09422644E+3	1.98612000E-1	1.02109310E+0
1.09423540E+3	1.98425400E-1	1.02108724E+0
1.09424013E+3	1.98643100E-1	1.02111112E+0
1.09423964E+3	1.98545900E-1	1.02108523E+0
1.09423554E+3	1.98588700E-1	1.02107092E+0
1.09423725E+3	1.98643100E-1	1.02102776E+0
1.09425441E+3	1.98468200E-1	1.02103170E+0
1.09427143E+3	1.98569300E-1	1.02103934E+0
1.09425459E+3	1.98526500E-1	1.02105774E+0
1.09428948E+3	1.98666400E-1	1.02107559E+0
1.09426409E+3	1.98573200E-1	1.02107452E+0
1.09428895E+3	1.98612000E-1	1.02102926E+0
1.09428966E+3	1.98507100E-1	1.02102622E+0
1.09429637E+3	1.98604200E-1	1.02103852E+0
1.09429182E+3	1.98495400E-1	1.02104598E+0
1.09430511E+3	1.98499300E-1	1.02104742E+0
1.09430060E+3	1.98479900E-1	1.02102519E+0
1.09430556E+3	1.98468200E-1	1.02104203E+0
1.09431456E+3	1.98495400E-1	1.02102092E+0
1.09431659E+3	1.98464300E-1	1.02099261E+0
1.09431281E+3	1.98495400E-1	1.02101918E+0
1.09432712E+3	1.98479900E-1	1.02103818E+0
1.09432532E+3	1.98495400E-1	1.02106712E+0
1.09433001E+3	1.98526500E-1	1.02102195E+0
1.09433591E+3	1.98421600E-1	1.02097786E+0
1.09434279E+3	1.98499300E-1	1.02097177E+0
1.09435095E+3	1.98577000E-1	1.02099883E+0
1.09436004E+3	1.98545900E-1	1.02104838E+0
1.09435842E+3	1.98580900E-1	1.02100455E+0
1.09438111E+3	1.98615900E-1	1.02097508E+0
1.09437846E+3	1.98476000E-1	1.02097513E+0
1.09437035E+3	1.98441000E-1	1.02099811E+0
1.09437688E+3	1.98483800E-1	1.02098063E+0
1.09440985E+3	1.98499300E-1	1.02098756E+0
1.09440980E+3	1.98476000E-1	1.02099096E+0
1.09440404E+3	1.98553700E-1	1.02098018E+0
1.09440665E+3	1.98604200E-1	1.02101063E+0
1.09439936E+3	1.98456500E-1	1.02101108E+0
1.09440111E+3	1.98499300E-1	1.02101810E+0
1.09441467E+3	1.98650900E-1	1.02102736E+0
1.09440962E+3	1.98511000E-1	1.02102472E+0
1.09442745E+3	1.98635300E-1	1.02101725E+0
1.09440579E+3	1.98627600E-1	1.02101748E+0
1.09441291E+3	1.98460400E-1	1.02103487E+0
1.09440919E+3	1.98507100E-1	1.02102061E+0
1.09442221E+3	1.98670300E-1	1.02101810E+0
1.09442446E+3	1.98612000E-1	1.02103644E+0
1.09443004E+3	1.98534300E-1	1.02108152E+0
1.09443684E+3	1.98647000E-1	1.02109310E+0
1.09442518E+3	1.98549800E-1	1.02110786E+0
1.09442428E+3	1.98545900E-1	1.02106671E+0
1.09444342E+3	1.98693600E-1	1.02106560E+0
1.09444810E+3	1.98495400E-1	1.02108160E+0
1.09445314E+3	1.98460400E-1	1.02106752E+0
1.09446770E+3	1.98600300E-1	1.02105334E+0
1.09446931E+3	1.98565400E-1	1.02107432E+0
1.09446166E+3	1.98491500E-1	1.02102584E+0
1.09446377E+3	1.98615900E-1	1.02104051E+0
1.09447886E+3	1.98503200E-1	1.02103000E+0
1.09448525E+3	1.98557600E-1	1.02106139E+0
1.09447791E+3	1.98592600E-1	1.02108214E+0
1.09447098E+3	1.98479900E-1	1.02105527E+0
1.09449628E+3	1.98647000E-1	1.02106546E+0
1.09449363E+3	1.98662600E-1	1.02108578E+0
1.09448300E+3	1.98452700E-1	1.02110466E+0
1.09450646E+3	1.98491500E-1	1.02109759E+0
1.09449619E+3	1.98650900E-1	1.02105247E+0
1.09450191E+3	1.98600300E-1	1.02105944E+0
1.09450178E+3	1.98514900E-1	1.02106879E+0
1.09450646E+3	1.98573200E-1	1.02107232E+0
1.09450353E+3	1.98476000E-1	1.02110345E+0
1.09451290E+3	1.98495400E-1	1.02109902E+0
1.09450907E+3	1.98627600E-1	1.02108780E+0
1.09450664E+3	1.98608100E-1	1.02108225E+0
1.09450853E+3	1.98561500E-1	1.02110743E+0
1.09450852E+3	1.98499300E-1	1.02112219E+0
1.09450374E+3	1.98701400E-1	1.02106973E+0
1.09450553E+3	1.98569300E-1	1.02110846E+0
1.09450562E+3	1.98542100E-1	1.02110287E+0
1.09451373E+3	1.98526500E-1	1.02108324E+0
1.09451607E+3	1.98643100E-1	1.02107939E+0
1.09452724E+3	1.98697500E-1	1.02107058E+0
1.09453201E+3	1.98514900E-1	1.02107452E+0
1.09452575E+3	1.98460400E-1	1.02107724E+0
1.09453377E+3	1.98491500E-1	1.02107161E+0
1.09453971E+3	1.98639200E-1	1.02108641E+0
1.09453267E+3	1.98612000E-1	1.02107899E+0
1.09454784E+3	1.98654800E-1	1.02110331E+0
1.09455238E+3	1.98530400E-1	1.02108748E+0
1.09454378E+3	1.98689800E-1	1.02111767E+0
1.09455999E+3	1.98565400E-1	1.02113824E+0
1.09453798E+3	1.98561500E-1	1.02116856E+0
1.09455099E+3	1.98662600E-1	1.02115528E+0
1.09454545E+3	1.98487600E-1	1.02114893E+0
1.09455945E+3	1.98658700E-1	1.02110823E+0
1.09455635E+3	1.98437100E-1	1.02105842E+0
1.09455507E+3	1.98682000E-1	1.02108395E+0
1.09455721E+3	1.98701400E-1	1.02111257E+0
1.09456495E+3	1.98557600E-1	1.02111673E+0
1.09457085E+3	1.98534300E-1	1.02111154E+0
1.09456990E+3	1.98479900E-1	1.02109245E+0
1.09456482E+3	1.98472100E-1	1.02109710E+0
1.09457733E+3	1.98678100E-1	1.02110738E+0
1.09457211E+3	1.98674200E-1	1.02114718E+0
1.09458436E+3	1.98530400E-1	1.02112880E+0
1.09456279E+3	1.98635300E-1	1.02113985E+0
1.09456736E+3	1.98612000E-1	1.02110577E+0
1.09456605E+3	1.98670300E-1	1.02111244E+0
1.09457654E+3	1.98503200E-1	1.02113618E+0
1.09457190E+3	1.98483800E-1	1.02116087E+0
1.09459203E+3	1.98650900E-1	1.02110886E+0
1.09458739E+3	1.98678100E-1	1.02109316E+0
1.09460824E+3	1.98685900E-1	1.02112138E+0
1.09460185E+3	1.98639200E-1	1.02110193E+0
1.09457888E+3	1.98476000E-1	1.02112165E+0
1.09457677E+3	1.98604200E-1	1.02110721E+0
1.09459127E+3	1.98561500E-1	1.02111973E+0
1.09458019E+3	1.98666400E-1	1.02111839E+0
1.09457560E+3	1.98647000E-1	1.02111441E+0
1.09458010E+3	1.98503200E-1	1.02113954E+0
1.09458960E+3	1.98662600E-1	1.02113059E+0
1.09459208E+3	1.98487600E-1	1.02112688E+0
1.09459023E+3	1.98522600E-1	1.02111941E+0
1.09459302E+3	1.98487600E-1	1.02110506E+0
1.09461067E+3	1.98507100E-1	1.02112626E+0
1.09459960E+3	1.98425400E-1	1.02111557E+0
1.09459852E+3	1.98530400E-1	1.02110725E+0
1.09459789E+3	1.98476000E-1	1.02110086E+0
1.09463100E+3	1.98441000E-1	1.02110340E+0
1.09463375E+3	1.98518700E-1	1.02113390E+0
1.09460844E+3	1.98689800E-1	1.02107103E+0
1.09460615E+3	1.98565400E-1	1.02105672E+0
1.09462573E+3	1.98697500E-1	1.02102644E+0
1.09462065E+3	1.98456500E-1	1.02103771E+0
1.09462654E+3	1.98479900E-1	1.02105949E+0
1.09462488E+3	1.98503200E-1	1.02104388E+0
1.09460457E+3	1.98507100E-1	1.02104218E+0
1.09463028E+3	1.98713100E-1	1.02108373E+0
1.09462992E+3	1.98487600E-1	1.02111029E+0
1.09463769E+3	1.98495400E-1	1.02108127E+0
1.09461432E+3	1.98511000E-1	1.02108024E+0
1.09461842E+3	1.98615900E-1	1.02107000E+0
1.09463003E+3	1.98511000E-1	1.02105032E+0
1.09462801E+3	1.98658700E-1	1.02106132E+0
1.09463350E+3	1.98670300E-1	1.02105332E+0
1.09463386E+3	1.98643100E-1	1.02105193E+0
1.09463629E+3	1.98487600E-1	1.02106307E+0
1.09464786E+3	1.98534300E-1	1.02105913E+0
1.09464494E+3	1.98565400E-1	1.02105609E+0
1.09462511E+3	1.98588700E-1	1.02104746E+0
1.09464449E+3	1.98479900E-1	1.02104589E+0
1.09464206E+3	1.98495400E-1	1.02102099E+0
1.09463913E+3	1.98503200E-1	1.02102170E+0
1.09464503E+3	1.98444900E-1	1.02096898E+0
1.09464539E+3	1.98592600E-1	1.02096236E+0
1.09465345E+3	1.98464300E-1	1.02096236E+0
1.09464580E+3	1.98472100E-1	1.02095985E+0
1.09463035E+3	1.98643100E-1	1.02098074E+0
1.09464773E+3	1.98631500E-1	1.02096696E+0
1.09465669E+3	1.98635300E-1	1.02091737E+0
1.09465192E+3	1.98635300E-1	1.02090360E+0
1.09465489E+3	1.98444900E-1	1.02090266E+0
1.09465111E+3	1.98580900E-1	1.02091625E+0
1.09464989E+3	1.98491500E-1	1.02091379E+0
1.09465930E+3	1.98530400E-1	1.02090400E+0
1.09466529E+3	1.98534300E-1	1.02093696E+0
1.09464863E+3	1.98499300E-1	1.02095417E+0
1.09466372E+3	1.98483800E-1	1.02094648E+0
1.09466962E+3	1.98464300E-1	1.02094322E+0
1.09466471E+3	1.98635300E-1	1.02093438E+0
1.09467335E+3	1.98479900E-1	1.02097490E+0
1.09465835E+3	1.98464300E-1	1.02098085E+0
1.09468353E+3	1.98460400E-1	1.02092656E+0
1.09465787E+3	1.98592600E-1	1.02096833E+0
1.09464971E+3	1.98444900E-1	1.02093305E+0
1.09465408E+3	1.98514900E-1	1.02095076E+0
1.09466444E+3	1.98534300E-1	1.02098201E+0
1.09467534E+3	1.98549800E-1	1.02095603E+0
1.09465913E+3	1.98460400E-1	1.02096022E+0
1.09466439E+3	1.98565400E-1	1.02092359E+0
1.09466561E+3	1.98456500E-1	1.02091581E+0
1.09467478E+3	1.98429300E-1	1.02094103E+0
1.09467032E+3	1.98588700E-1	1.02097363E+0
1.09468175E+3	1.98444900E-1	1.02095252E+0
1.09467135E+3	1.98491500E-1	1.02098610E+0
1.09466932E+3	1.98468200E-1	1.02097032E+0
1.09467536E+3	1.98580900E-1	1.02097296E+0
1.09466568E+3	1.98476000E-1	1.02097363E+0
1.09467873E+3	1.98507100E-1	1.02094881E+0
1.09467504E+3	1.98464300E-1	1.02099272E+0
1.09468256E+3	1.98472100E-1	1.02098212E+0
1.09466829E+3	1.98553700E-1	1.02100954E+0
1.09468054E+3	1.98553700E-1	1.02102179E+0
1.09468326E+3	1.98584800E-1	1.02101240E+0
1.09468515E+3	1.98448800E-1	1.02102501E+0
1.09469619E+3	1.98476000E-1	1.02101249E+0
1.09469074E+3	1.98580900E-1	1.02100994E+0
1.09468709E+3	1.98464300E-1	1.02100659E+0
1.09468398E+3	1.98643100E-1	1.02096831E+0
1.09467808E+3	1.98584800E-1	1.02097725E+0
1.09466678E+3	1.98464300E-1	1.02098119E+0
1.09467975E+3	1.98429300E-1	1.02094371E+0
1.09468268E+3	1.98561500E-1	1.02096406E+0
1.09468317E+3	1.98452700E-1	1.02097738E+0
1.09468258E+3	1.98394300E-1	1.02097975E+0
1.09468693E+3	1.98615900E-1	1.02094434E+0
1.09470035E+3	1.98639200E-1	1.02098483E+0
1.09470611E+3	1.98444900E-1	1.02098251E+0
1.09470665E+3	1.98631500E-1	1.02094745E+0
1.09469742E+3	1.98507100E-1	1.02093542E+0
1.09471706E+3	1.98643100E-1	1.02095049E+0
1.09470652E+3	1.98596500E-1	1.02095930E+0
1.09472840E+3	1.98600300E-1	1.02096922E+0
1.09470994E+3	1.98678100E-1	1.02098819E+0
1.09470990E+3	1.98476000E-1	1.02095420E+0
1.09470679E+3	1.98433200E-1	1.02095688E+0
1.09471260E+3	1.98549800E-1	1.02096605E+0
1.09471530E+3	1.98456500E-1	1.02094423E+0
1.09469472E+3	1.98569300E-1	1.02095116E+0
1.09471395E+3	1.98468200E-1	1.02101336E+0
1.09471791E+3	1.98444900E-1	1.02098134E+0
