# Begin of measurement: 22.11.2018 11:54:26
# R-Sample[Ohm]	I-Coil[A]	U-Magnetometer[V]
# Kei2000	HP E3631A +6V : I	Kei2000
8.15151032E+2	-1.18122400E-2	-6.70567783E-2
8.14540358E+2	-1.17694900E-2	-6.70526641E-2
8.15149568E+2	-1.17150700E-2	-6.70809270E-2
8.15379310E+2	-1.18083500E-2	-6.70620553E-2
8.15718790E+2	-1.18394500E-2	-6.70763656E-2
8.16115548E+2	-1.17966900E-2	-6.70423820E-2
8.15651245E+2	-1.17383900E-2	-6.70356749E-2
8.15698977E+2	-1.16179000E-2	-6.70333047E-2
8.15561501E+2	-1.18122400E-2	-6.70607627E-2
8.14877632E+2	-1.18355600E-2	-6.70626409E-2
8.14740291E+2	-1.17228400E-2	-6.70232875E-2
8.14848836E+2	-6.85257700E-3	-6.70264626E-2
8.15134145E+2	-2.13390000E-3	-4.35989969E-2
8.15282833E+2	2.50704000E-3	-1.89544811E-2
8.15032738E+2	7.36176000E-3	3.58876519E-3
8.14557673E+2	1.18783200E-2	3.01873439E-2
8.14731128E+2	1.70750800E-2	5.44825805E-2
8.15586070E+2	2.15450000E-2	7.67146132E-2
8.15767726E+2	2.67067800E-2	1.04048532E-1
8.16857531E+2	3.10212300E-2	1.27001847E-1
8.17163059E+2	3.60081000E-2	1.55099303E-1
8.17200163E+2	4.09755400E-2	1.78509930E-1
8.18331134E+2	4.52394400E-2	2.02488769E-1
8.17459040E+2	5.02224300E-2	2.27098921E-1
8.16327079E+2	5.51160200E-2	2.48456182E-1
8.16154774E+2	5.95976000E-2	2.74508734E-1
8.15970635E+2	6.48021400E-2	3.02778525E-1
8.15425774E+2	6.97618000E-2	3.26741669E-1
8.15063508E+2	7.43755300E-2	3.54460313E-1
8.15009743E+2	7.92535700E-2	3.76533945E-1
8.14923105E+2	8.39761400E-2	4.00029094E-1
8.15415642E+2	8.87764400E-2	4.26090592E-1
8.15965134E+2	9.35573000E-2	4.46444874E-1
8.16104721E+2	9.86996600E-2	4.78188365E-1
8.16923801E+2	1.03076300E-1	5.01002204E-1
8.17144312E+2	1.07853300E-1	5.24417036E-1
8.16380921E+2	1.12781800E-1	5.47965804E-1
8.17156380E+2	1.17461600E-1	5.74818042E-1
8.17131073E+2	1.22658400E-1	6.01728639E-1
8.17350054E+2	1.27093400E-1	6.23498086E-1
8.17291155E+2	1.32084100E-1	6.50082316E-1
8.17197030E+2	1.36589000E-1	6.73016765E-1
8.17298851E+2	1.41572000E-1	6.98392794E-1
8.18122807E+2	1.46333400E-1	7.22311755E-1
8.18535010E+2	1.51048200E-1	7.46280220E-1
8.17768332E+2	1.55899000E-1	7.73136662E-1
8.16448912E+2	1.61099700E-1	7.96614280E-1
8.16412573E+2	1.65705700E-1	8.25162704E-1
8.16828424E+2	1.70249400E-1	8.51410237E-1
8.15969524E+2	1.74812600E-1	8.71957039E-1
8.15639230E+2	1.79783900E-1	8.94613597E-1
8.16128615E+2	1.84522100E-1	9.19872871E-1
8.15474916E+2	1.89302900E-1	9.44489842E-1
8.15588617E+2	1.94169300E-1	9.67388513E-1
8.16236281E+2	1.98938500E-1	9.93430690E-1
8.15575873E+2	2.03610600E-1	1.01859953E+0
8.15924227E+2	2.08492500E-1	1.04437983E+0
8.16127987E+2	2.13848600E-1	1.06970255E+0
8.16398256E+2	2.18116400E-1	1.09579678E+0
8.16478950E+2	2.22769000E-1	1.11987525E+0
8.16410684E+2	2.27581000E-1	1.14232780E+0
8.17196725E+2	2.32513400E-1	1.16529740E+0
8.17171824E+2	2.37609100E-1	1.19476835E+0
8.16432749E+2	2.42048000E-1	1.21783190E+0
8.14922157E+2	2.46704400E-1	1.24236271E+0
8.14711643E+2	2.51936200E-1	1.26641042E+0
8.14387698E+2	2.56456600E-1	1.29079518E+0
8.14953993E+2	2.61284100E-1	1.31566722E+0
8.14445831E+2	2.66065000E-1	1.34073781E+0
8.14322089E+2	2.71005200E-1	1.36491655E+0
8.13916461E+2	2.75517900E-1	1.39351531E+0
8.13710024E+2	2.80271600E-1	1.41512816E+0
8.13647760E+2	2.85114600E-1	1.43613267E+0
8.14050507E+2	2.90128700E-1	1.46181150E+0
8.15060346E+2	2.94711400E-1	1.49089875E+0
8.15062508E+2	2.99492200E-1	1.51249241E+0
8.15701436E+2	3.04428600E-1	1.53397667E+0
8.17045668E+2	3.09201700E-1	1.56223589E+0
8.15849188E+2	3.13702700E-1	1.58762851E+0
8.15804880E+2	3.18942200E-1	1.61256324E+0
8.16180211E+2	3.23330500E-1	1.63388723E+0
8.15017495E+2	3.28702200E-1	1.66239799E+0
8.14659913E+2	3.33397500E-1	1.68866453E+0
8.14762986E+2	3.38019000E-1	1.71389419E+0
8.15226073E+2	3.42590000E-1	1.73408314E+0
8.15738153E+2	3.47370900E-1	1.75745625E+0
8.15226884E+2	3.52330500E-1	1.78198496E+0
8.15133730E+2	3.57154100E-1	1.80442213E+0
8.15498291E+2	3.62001100E-1	1.83281000E+0
8.16069225E+2	3.66451600E-1	1.85664668E+0
8.16805733E+2	3.71290800E-1	1.88144116E+0
8.17048984E+2	3.76258200E-1	1.90274038E+0
8.16908086E+2	3.81373300E-1	1.93257227E+0
8.16512364E+2	3.85788800E-1	1.95481150E+0
8.16132446E+2	3.90523100E-1	1.97970571E+0
8.15925578E+2	3.95210600E-1	2.00183117E+0
8.16250198E+2	4.00030400E-1	2.02736354E+0
8.14905967E+2	4.05017200E-1	2.05257048E+0
8.14919521E+2	4.10206200E-1	2.07963330E+0
8.16150187E+2	4.14524600E-1	2.10231924E+0
8.16227098E+2	4.19118800E-1	2.12587655E+0
8.16011180E+2	4.24117400E-1	2.14946520E+0
8.14906262E+2	4.28855500E-1	2.17061711E+0
8.14678906E+2	4.33620800E-1	2.19859758E+0
8.14663686E+2	4.38502700E-1	2.22484154E+0
8.14714840E+2	4.43454600E-1	2.25165272E+0
8.15088092E+2	4.48002300E-1	2.27297434E+0
8.15589229E+2	4.52946400E-1	2.29894178E+0
8.15027482E+2	4.57676700E-1	2.32308620E+0
8.14542439E+2	4.62263300E-1	2.34815979E+0
8.14930986E+2	4.67055800E-1	2.37124950E+0
8.14901851E+2	4.71914400E-1	2.39657749E+0
8.15374259E+2	4.76940100E-1	2.42129953E+0
8.15851080E+2	4.81600500E-1	2.44492016E+0
8.16014403E+2	4.86179300E-1	2.47246936E+0
8.15487059E+2	4.91057300E-1	2.50022923E+0
8.15158296E+2	4.95888700E-1	2.52985383E+0
8.14952629E+2	5.00716200E-1	2.55753459E+0
8.16130989E+2	5.05446600E-1	2.59847337E+0
8.16571741E+2	5.10173000E-1	2.64376729E+0
8.16508249E+2	5.15144300E-1	2.70489626E+0
8.16990339E+2	5.19800900E-1	2.77649785E+0
8.17141819E+2	5.24694400E-1	2.85308181E+0
8.17301180E+2	5.29646300E-1	2.93391760E+0
8.17264525E+2	5.34333900E-1	2.99663243E+0
8.16957892E+2	5.39165300E-1	3.03904723E+0
8.16371513E+2	5.43981100E-1	3.06480377E+0
8.16050765E+2	5.48703700E-1	3.09288949E+0
8.16078009E+2	5.53655600E-1	3.11776072E+0
8.15317364E+2	5.58432600E-1	3.14655867E+0
8.16114438E+2	5.62968500E-1	3.17451849E+0
8.16673393E+2	5.67858300E-1	3.19919630E+0
8.16911499E+2	5.72794600E-1	3.22503410E+0
8.16365867E+2	5.77614300E-1	3.25345963E+0
8.16127119E+2	5.82395200E-1	3.28172663E+0
8.16012698E+2	5.87110000E-1	3.30832159E+0
8.15922413E+2	5.91921900E-1	3.33397134E+0
8.16510773E+2	5.96621200E-1	3.36190370E+0
8.17672903E+2	6.01561500E-1	3.38780160E+0
8.17281279E+2	6.06074100E-1	3.41207429E+0
8.16718891E+2	6.11002700E-1	3.44185806E+0
8.16908017E+2	6.15880700E-1	3.46680969E+0
8.17092639E+2	6.20564400E-1	3.49525887E+0
8.16952416E+2	6.25391900E-1	3.51859673E+0
8.16661703E+2	6.30056200E-1	3.54838062E+0
8.16236757E+2	6.35027600E-1	3.57575630E+0
8.15883587E+2	6.39765600E-1	3.60097307E+0
8.15753621E+2	6.44756400E-1	3.62647587E+0
8.15282644E+2	6.49478900E-1	3.65735800E+0
8.14978512E+2	6.54065400E-1	3.68284757E+0
8.14783128E+2	6.59032900E-1	3.70859137E+0
8.14691897E+2	6.63697200E-1	3.73397280E+0
8.14739359E+2	6.68470300E-1	3.76083317E+0
8.14652181E+2	6.73192800E-1	3.78668742E+0
8.15714480E+2	6.77499500E-1	3.81252576E+0
8.15294216E+2	6.82284300E-1	3.83749071E+0
8.15346349E+2	6.86925200E-1	3.86386332E+0
8.16124825E+2	6.91461100E-1	3.88922588E+0
8.15422224E+2	6.96094300E-1	3.91516412E+0
8.15555423E+2	7.00657600E-1	3.94079326E+0
8.15490129E+2	7.05306200E-1	3.96648836E+0
8.15394216E+2	7.09955000E-1	3.99252270E+0
8.14831162E+2	7.14696900E-1	4.01833286E+0
8.14282313E+2	7.19299000E-1	4.04405386E+0
8.13760642E+2	7.23955500E-1	4.07005068E+0
8.13555531E+2	7.28662500E-1	4.09838175E+0
8.13072046E+2	7.33311200E-1	4.12166051E+0
8.13869570E+2	7.38037700E-1	4.14763993E+0
8.14094404E+2	7.42581500E-1	4.17567419E+0
8.13518967E+2	7.47035900E-1	4.19915592E+0
8.13739244E+2	7.51801200E-1	4.22417234E+0
8.13776451E+2	7.56294400E-1	4.24928563E+0
8.14165058E+2	7.60939300E-1	4.27554161E+0
8.14142633E+2	7.65650200E-1	4.30061487E+0
8.14801330E+2	7.70057900E-1	4.32908024E+0
8.15669731E+2	7.74628800E-1	4.35170039E+0
8.15072770E+2	7.79425300E-1	4.37669714E+0
8.16431726E+2	7.84120600E-1	4.40590275E+0
8.16051725E+2	7.88765400E-1	4.42891161E+0
8.16165198E+2	7.93371400E-1	4.45447058E+0
8.16201267E+2	7.97930700E-1	4.48000370E+0
8.15940318E+2	8.02688200E-1	4.50607560E+0
8.16755494E+2	8.07119300E-1	4.53163122E+0
8.17142166E+2	8.11822400E-1	4.55983650E+0
8.15676308E+2	8.16576100E-1	4.58310146E+0
8.15033417E+2	8.21333700E-1	4.60908509E+0
8.15194956E+2	8.25683000E-1	4.63701588E+0
8.14340082E+2	8.30246300E-1	4.65959859E+0
8.14175137E+2	8.35003800E-1	4.68749154E+0
8.14621023E+2	8.39567000E-1	4.71309689E+0
8.14641737E+2	8.44421800E-1	4.73667391E+0
8.14765974E+2	8.48891600E-1	4.76245791E+0
8.14618051E+2	8.53489800E-1	4.79036562E+0
8.14437256E+2	8.58247400E-1	4.81355322E+0
8.14786942E+2	8.62849500E-1	4.84090806E+0
8.15582324E+2	8.67626500E-1	4.86497910E+0
8.14216928E+2	8.72286800E-1	4.89091591E+0
8.13692015E+2	8.76772300E-1	4.91620700E+0
8.14720947E+2	8.81529800E-1	4.94244375E+0
8.14565459E+2	8.86104700E-1	4.96791880E+0
8.14067879E+2	8.90827300E-1	4.99532310E+0
8.13907483E+2	8.95371100E-1	5.02069742E+0
8.14355831E+2	9.00000300E-1	5.04436495E+0
8.14188369E+2	9.04478000E-1	5.06886253E+0
8.14944511E+2	9.09130600E-1	5.09736828E+0
8.15793279E+2	9.13907600E-1	5.12038523E+0
8.15431419E+2	9.18474700E-1	5.14804558E+0
8.14813429E+2	9.23205000E-1	5.17347696E+0
8.15337216E+2	9.27807000E-1	5.19661224E+0
8.15732218E+2	9.32564600E-1	5.22574831E+0
8.15275428E+2	9.37011100E-1	5.25041444E+0
8.14632041E+2	9.41838700E-1	5.27165520E+0
8.15029790E+2	9.46390200E-1	5.30039340E+0
8.14690265E+2	9.51136100E-1	5.32790569E+0
8.14340518E+2	9.55660400E-1	5.34877675E+0
8.14227448E+2	9.60367500E-1	5.37931462E+0
8.14193405E+2	9.64934600E-1	5.40433256E+0
8.14985532E+2	9.69719300E-1	5.42747244E+0
8.14628924E+2	9.74220400E-1	5.45474204E+0
8.14328214E+2	9.78904100E-1	5.47925612E+0
8.15001186E+2	9.83307900E-1	5.50379440E+0
8.15922272E+2	9.84621600E-1	5.52965205E+0
8.16141297E+2	9.84641100E-1	5.53958615E+0
8.16119233E+2	9.84773300E-1	5.54084703E+0
8.16335016E+2	9.84781100E-1	5.54083075E+0
8.16280980E+2	9.84765400E-1	5.54082118E+0
8.15657218E+2	9.84746100E-1	5.54076077E+0
8.16013792E+2	9.84746100E-1	5.54076747E+0
8.15974833E+2	9.84769300E-1	5.54078684E+0
8.15967538E+2	9.84672200E-1	5.54076466E+0
8.15758824E+2	9.84781100E-1	5.54075536E+0
8.15807367E+2	9.84804300E-1	5.54076434E+0
8.15855098E+2	9.84761600E-1	5.54073832E+0
8.16120549E+2	9.84598400E-1	5.54075102E+0
8.15778683E+2	9.84633400E-1	5.54079350E+0
8.16310531E+2	9.84757700E-1	5.54073626E+0
8.16350652E+2	9.84699300E-1	5.54073411E+0
8.15003070E+2	9.84819900E-1	5.54072249E+0
8.14367523E+2	9.84781100E-1	5.54071985E+0
8.14734697E+2	9.84683800E-1	5.54073617E+0
8.14856323E+2	9.84843200E-1	5.54073407E+0
8.15612104E+2	9.84796600E-1	5.54071247E+0
8.15514479E+2	9.84781100E-1	5.54069946E+0
8.15210573E+2	9.84625500E-1	5.54071171E+0
8.14955704E+2	9.84648900E-1	5.54069892E+0
8.14624959E+2	9.84714900E-1	5.54066665E+0
8.14709075E+2	9.84761600E-1	5.54063613E+0
8.14953902E+2	9.84625500E-1	5.54060564E+0
8.15121098E+2	9.84664300E-1	5.54065179E+0
8.16169602E+2	9.84683800E-1	5.54061628E+0
8.15743131E+2	9.84641100E-1	5.54061869E+0
8.15656449E+2	9.84722700E-1	5.54063882E+0
8.15527528E+2	9.84738300E-1	5.54067066E+0
8.15388161E+2	9.84668400E-1	5.54065241E+0
8.15401399E+2	9.84641100E-1	5.54065943E+0
8.14702040E+2	9.84680000E-1	5.54067593E+0
8.14591807E+2	9.84594400E-1	5.54062366E+0
8.14353014E+2	9.84765400E-1	5.54065156E+0
8.15014413E+2	9.84660500E-1	5.54060286E+0
8.14865602E+2	9.84804300E-1	5.54058028E+0
8.14866943E+2	9.84652800E-1	5.54058833E+0
8.14683661E+2	9.84648900E-1	5.54057652E+0
8.14719550E+2	9.84621600E-1	5.54060903E+0
8.15417918E+2	9.84707200E-1	5.54055948E+0
8.15659233E+2	9.84648900E-1	5.54056704E+0
8.15978315E+2	9.84691600E-1	5.54052795E+0
8.15726868E+2	9.84641100E-1	5.54050313E+0
8.15388063E+2	9.84831500E-1	5.54055309E+0
8.14813212E+2	9.84773300E-1	5.54056986E+0
8.14204903E+2	9.84610000E-1	5.54053462E+0
8.13543352E+2	9.84699300E-1	5.54053350E+0
8.13591972E+2	9.84765400E-1	5.54054043E+0
8.13610795E+2	9.84711100E-1	5.54054468E+0
8.13762816E+2	9.84648900E-1	5.54051029E+0
8.14490047E+2	9.84648900E-1	5.54052661E+0
8.15488854E+2	9.84582800E-1	5.54052487E+0
8.16107699E+2	9.84718800E-1	5.54054624E+0
8.16597489E+2	9.84722700E-1	5.54052084E+0
8.17109208E+2	9.84680000E-1	5.54051874E+0
8.17304097E+2	9.84582800E-1	5.54048265E+0
8.15608769E+2	9.84617800E-1	5.54048395E+0
8.15345434E+2	9.84613900E-1	5.54042984E+0
8.15673047E+2	9.84664300E-1	5.54043498E+0
8.16146210E+2	9.84578900E-1	5.54043453E+0
8.15284204E+2	9.84578900E-1	5.54045515E+0
8.15189731E+2	9.84528400E-1	5.54043717E+0
8.14922614E+2	9.84742200E-1	5.54042801E+0
8.14644420E+2	9.84777200E-1	5.54041996E+0
8.14515904E+2	9.84784900E-1	5.54044003E+0
8.14230505E+2	9.84773300E-1	5.54045198E+0
8.14609702E+2	9.84722700E-1	5.54043628E+0
8.14677517E+2	9.84742200E-1	5.54045206E+0
