# Begin of measurement: 22.11.2018 12:02:58
# R-Sample[Ohm]	I-Coil[A]	U-Magnetometer[V]
# Kei2000	HP E3631A +6V : I	Kei2000
6.29097850E+2	-1.17772600E-2	-6.68892693E-2
6.28520839E+2	-1.17383900E-2	-6.69213780E-2
6.28260027E+2	-1.18161300E-2	-6.69197681E-2
6.28198562E+2	-1.19444000E-2	-6.69144465E-2
6.28146822E+2	-1.18355600E-2	-6.69126577E-2
6.28149209E+2	-1.18277900E-2	-6.69328263E-2
6.27715257E+2	-1.19521700E-2	-6.69331393E-2
6.27245507E+2	-1.17850300E-2	-6.69921694E-2
6.28042254E+2	-1.18588800E-2	-6.69670369E-2
6.28055628E+2	-1.18005800E-2	-6.69828677E-2
6.27532518E+2	-1.19171900E-2	-6.69589873E-2
6.26989234E+2	-6.95752300E-3	-6.69537998E-2
6.27444800E+2	-2.12612600E-3	-4.49169091E-2
6.27890414E+2	2.51092700E-3	-1.85735099E-2
6.27698227E+2	7.28790800E-3	2.91644400E-3
6.27830344E+2	1.19327300E-2	2.87458536E-2
6.28341792E+2	1.67524700E-2	5.61583646E-2
6.28840812E+2	2.13079000E-2	7.84153386E-2
6.28813388E+2	2.62248100E-2	1.02373906E-1
6.29693945E+2	3.10795300E-2	1.26325005E-1
6.29349377E+2	3.58798300E-2	1.55277983E-1
6.29061727E+2	4.03458600E-2	1.75489513E-1
6.28965589E+2	4.57136500E-2	2.02651547E-1
6.28269069E+2	5.00125400E-2	2.30992533E-1
6.27668873E+2	5.45912900E-2	2.51127457E-1
6.28642280E+2	5.96131500E-2	2.74196858E-1
6.28506831E+2	6.43240500E-2	2.99770799E-1
6.27191377E+2	6.92409600E-2	3.23953771E-1
6.27998715E+2	7.40062800E-2	3.47091996E-1
6.27878936E+2	7.91136400E-2	3.75799059E-1
6.27892310E+2	8.33892200E-2	4.03289472E-1
6.27438816E+2	8.82594900E-2	4.25066020E-1
6.27528695E+2	9.33940600E-2	4.49451842E-1
6.28478237E+2	9.78600900E-2	4.73418414E-1
6.28476841E+2	1.02994700E-1	5.00737342E-1
6.27807879E+2	1.07449000E-1	5.24977752E-1
6.28233500E+2	1.12233800E-1	5.47327656E-1
6.27731914E+2	1.17209000E-1	5.75263078E-1
6.27785786E+2	1.22063700E-1	6.01425043E-1
6.28311062E+2	1.26867900E-1	6.23205796E-1
6.28528465E+2	1.31683800E-1	6.49018766E-1
6.28211726E+2	1.36258600E-1	6.73531640E-1
6.28558365E+2	1.40919000E-1	6.99101645E-1
6.29215078E+2	1.45707600E-1	7.17343798E-1
6.28098116E+2	1.50418500E-1	7.45894655E-1
6.27617649E+2	1.55253800E-1	7.68623737E-1
6.28464249E+2	1.60124100E-1	7.94903671E-1
6.28150473E+2	1.64939900E-1	8.18501662E-1
6.28150788E+2	1.69965700E-1	8.47124920E-1
6.28707220E+2	1.74458900E-1	8.72074168E-1
6.28918950E+2	1.79752900E-1	8.93797097E-1
6.29229970E+2	1.84176100E-1	9.21833496E-1
6.28640711E+2	1.88949200E-1	9.43207430E-1
6.28928766E+2	1.93621300E-1	9.68877563E-1
6.27311407E+2	1.98437100E-1	9.90244700E-1
6.27265161E+2	2.03459000E-1	1.01895454E+0
6.27766522E+2	2.07995000E-1	1.04499178E+0
6.27780752E+2	2.13125700E-1	1.07039417E+0
6.27644942E+2	2.18065900E-1	1.09524682E+0
6.28292875E+2	2.22835100E-1	1.11948154E+0
6.28875469E+2	2.27584900E-1	1.14499586E+0
6.27794716E+2	2.32295800E-1	1.17045885E+0
6.28031797E+2	2.37480900E-1	1.19624911E+0
6.27998700E+2	2.42339500E-1	1.23079999E+0
6.28222768E+2	2.46805500E-1	1.26397122E+0
6.27396518E+2	2.51625300E-1	1.31030777E+0
6.27596090E+2	2.56717100E-1	1.39518267E+0
6.27620361E+2	2.61323000E-1	1.46105901E+0
6.27146333E+2	2.66100000E-1	1.49430957E+0
6.27622511E+2	2.70795300E-1	1.51819950E+0
6.28186730E+2	2.75700600E-1	1.54690504E+0
6.28067447E+2	2.80209400E-1	1.57555884E+0
6.28233967E+2	2.85013600E-1	1.60343246E+0
6.27867065E+2	2.90051000E-1	1.62729917E+0
6.27667088E+2	2.94827900E-1	1.65654064E+0
6.28909495E+2	2.99566100E-1	1.68619138E+0
6.28911463E+2	3.04720100E-1	1.71431208E+0
6.29056727E+2	3.09155000E-1	1.73937066E+0
6.29222346E+2	3.14207900E-1	1.76936414E+0
6.28222146E+2	3.18639000E-1	1.79627932E+0
6.27744561E+2	3.23583100E-1	1.82499636E+0
6.26789977E+2	3.28313500E-1	1.84734125E+0
6.26352648E+2	3.33300300E-1	1.87989933E+0
6.26427983E+2	3.38190000E-1	1.90794776E+0
6.27593331E+2	3.42562800E-1	1.93330700E+0
6.27457898E+2	3.47557400E-1	1.95797876E+0
6.28435943E+2	3.52427700E-1	1.98900607E+0
6.29712355E+2	3.57010300E-1	2.01387679E+0
6.29775937E+2	3.62106000E-1	2.04027483E+0
6.29354324E+2	3.66696500E-1	2.07237815E+0
6.28891734E+2	3.71356800E-1	2.09333547E+0
6.28719135E+2	3.76363100E-1	2.12102905E+0
6.28433502E+2	3.80899100E-1	2.14670195E+0
6.29564963E+2	3.85823800E-1	2.17371923E+0
6.29511873E+2	3.90429800E-1	2.20223024E+0
6.28751637E+2	3.95350600E-1	2.22999429E+0
6.28875469E+2	4.00096500E-1	2.25510869E+0
6.28754429E+2	4.05188300E-1	2.28558814E+0
6.28834087E+2	4.09774800E-1	2.31359686E+0
6.28767537E+2	4.14407900E-1	2.33567781E+0
6.30256957E+2	4.19227700E-1	2.36525785E+0
6.30455358E+2	4.24043600E-1	2.39362317E+0
6.28920836E+2	4.28738900E-1	2.42181309E+0
6.27831433E+2	4.33636400E-1	2.44299415E+0
6.27517801E+2	4.38502700E-1	2.47137350E+0
6.27477680E+2	4.43750000E-1	2.50267727E+0
6.27724578E+2	4.47909000E-1	2.53041181E+0
6.28565460E+2	4.52740400E-1	2.55044267E+0
6.27682112E+2	4.57571800E-1	2.58135568E+0
6.26697538E+2	4.62376000E-1	2.60959605E+0
6.26514762E+2	4.67296800E-1	2.63408512E+0
6.27571744E+2	4.72011600E-1	2.66054706E+0
6.28525563E+2	4.76784700E-1	2.68944982E+0
6.27534505E+2	4.81666600E-1	2.71603573E+0
6.26793999E+2	4.86490200E-1	2.74374313E+0
6.26280362E+2	4.91275000E-1	2.76884800E+0
6.26839496E+2	4.95904300E-1	2.79787540E+0
6.29195540E+2	5.00825100E-1	2.82547149E+0
6.29141955E+2	5.05501000E-1	2.84777958E+0
6.29288977E+2	5.10246900E-1	2.87714921E+0
6.30274047E+2	5.15280400E-1	2.90585722E+0
6.28613257E+2	5.19816400E-1	2.93074024E+0
6.28293980E+2	5.24624400E-1	2.95628909E+0
6.27239789E+2	5.29459700E-1	2.98746170E+0
6.27005814E+2	5.34827500E-1	3.01506323E+0
6.27025808E+2	5.39297400E-1	3.04425121E+0
6.27788341E+2	5.44027800E-1	3.06622314E+0
6.27327282E+2	5.48680400E-1	3.09349299E+0
6.26962541E+2	5.53461300E-1	3.12071522E+0
6.27622810E+2	5.58428700E-1	3.14750791E+0
6.27812635E+2	5.63252300E-1	3.17308430E+0
6.28807882E+2	5.67652200E-1	3.20161118E+0
6.27637649E+2	5.72643000E-1	3.22607419E+0
6.27484503E+2	5.77594900E-1	3.25102152E+0
6.26849809E+2	5.82224200E-1	3.28210813E+0
6.27136333E+2	5.87238300E-1	3.30713922E+0
6.27676915E+2	5.91766500E-1	3.33574370E+0
6.26932067E+2	5.96590100E-1	3.35916335E+0
6.27102369E+2	6.01825700E-1	3.38935163E+0
6.27886112E+2	6.06342300E-1	3.42010539E+0
6.27697167E+2	6.11026000E-1	3.44508657E+0
6.27688791E+2	6.15849600E-1	3.46765354E+0
6.28364958E+2	6.20568300E-1	3.49768038E+0
6.28868615E+2	6.25302500E-1	3.52273007E+0
6.27839807E+2	6.30258300E-1	3.54949965E+0
6.27513276E+2	6.35186900E-1	3.57398023E+0
6.28100419E+2	6.39695600E-1	3.60442140E+0
6.28612722E+2	6.44678600E-1	3.63123896E+0
6.29720049E+2	6.49424500E-1	3.65581444E+0
6.30053989E+2	6.54271500E-1	3.68145460E+0
6.29455499E+2	6.59091200E-1	3.70985408E+0
6.28674188E+2	6.63782600E-1	3.73734923E+0
6.28588297E+2	6.68466400E-1	3.76301382E+0
6.28623048E+2	6.73161700E-1	3.78675107E+0
6.28764081E+2	6.77592800E-1	3.81436348E+0
6.28585403E+2	6.82587400E-1	3.83879049E+0
6.28667357E+2	6.86948500E-1	3.86603212E+0
6.29465059E+2	6.91577800E-1	3.89042962E+0
6.29626040E+2	6.96739600E-1	3.91634396E+0
6.29100183E+2	7.00813000E-1	3.94648466E+0
6.28838351E+2	7.05601600E-1	3.97227169E+0
6.29592689E+2	7.10176500E-1	3.98973031E+0
6.29346917E+2	7.15132300E-1	4.02121373E+0
6.28453526E+2	7.19388400E-1	4.04794153E+0
6.28524178E+2	7.24410300E-1	4.06965770E+0
6.28262961E+2	7.28670300E-1	4.09739041E+0
6.28315465E+2	7.33567800E-1	4.12616298E+0
6.29158762E+2	7.37944400E-1	4.14612372E+0
6.28758310E+2	7.42659200E-1	4.17342242E+0
6.27821241E+2	7.47164200E-1	4.19832086E+0
6.27433400E+2	7.51941100E-1	4.22463053E+0
6.27233468E+2	7.56550900E-1	4.25053683E+0
6.27973172E+2	7.61219100E-1	4.27629851E+0
6.28778484E+2	7.65887300E-1	4.30090493E+0
6.29364546E+2	7.70089000E-1	4.32953225E+0
6.29039285E+2	7.74943600E-1	4.35664890E+0
6.27318728E+2	7.79611800E-1	4.37700639E+0
6.27175443E+2	7.84268300E-1	4.40766427E+0
6.27024909E+2	7.88913200E-1	4.43131910E+0
6.27515327E+2	7.93196500E-1	4.45517288E+0
6.27313549E+2	7.97907400E-1	4.48036966E+0
6.27187781E+2	8.02629900E-1	4.50842433E+0
6.27261540E+2	8.07601300E-1	4.53591178E+0
6.28054791E+2	8.12506500E-1	4.55813119E+0
6.27281936E+2	8.16960900E-1	4.58777687E+0
6.27654602E+2	8.21481300E-1	4.61280308E+0
6.27067459E+2	8.26118400E-1	4.63292552E+0
6.26859151E+2	8.31117000E-1	4.66480949E+0
6.27532391E+2	8.35446900E-1	4.69250999E+0
6.27989038E+2	8.40433800E-1	4.71349804E+0
6.28110933E+2	8.45245700E-1	4.74381090E+0
6.27571100E+2	8.49377500E-1	4.76756867E+0
6.27501169E+2	8.54088400E-1	4.79017361E+0
6.27880769E+2	8.58842100E-1	4.81796941E+0
6.27655080E+2	8.63479100E-1	4.84426080E+0
6.28318188E+2	8.68015100E-1	4.86707255E+0
6.27387964E+2	8.72780400E-1	4.89257190E+0
6.27239591E+2	8.77118200E-1	4.92159244E+0
6.27561136E+2	8.82155600E-1	4.94800184E+0
6.28388869E+2	8.86714900E-1	4.97199989E+0
6.28294756E+2	8.91390900E-1	4.99871749E+0
6.28609649E+2	8.96264900E-1	5.02465607E+0
6.28572365E+2	9.01294600E-1	5.05190830E+0
6.29268524E+2	9.06067800E-1	5.07828845E+0
6.29021086E+2	9.10689300E-1	5.10417793E+0
6.28026289E+2	9.15233000E-1	5.13071781E+0
6.27680691E+2	9.19874000E-1	5.15455590E+0
6.28266126E+2	9.24662600E-1	5.18270499E+0
6.30015981E+2	9.29008100E-1	5.20746887E+0
6.29770704E+2	9.34154300E-1	5.23284013E+0
6.28878486E+2	9.38220000E-1	5.25996849E+0
6.28937339E+2	9.43059300E-1	5.28313273E+0
6.28886861E+2	9.47999400E-1	5.30919188E+0
6.28619430E+2	9.52333300E-1	5.33408245E+0
6.29180140E+2	9.57017000E-1	5.35816789E+0
6.28315839E+2	9.61463500E-1	5.38393198E+0
6.28346595E+2	9.66108400E-1	5.41163655E+0
6.27790478E+2	9.70862100E-1	5.43454513E+0
6.28872722E+2	9.75503100E-1	5.46038900E+0
6.29154923E+2	9.80307200E-1	5.48817979E+0
6.28158641E+2	9.84582800E-1	5.51353160E+0
6.27108277E+2	9.84528400E-1	5.53757374E+0
6.27393995E+2	9.84602300E-1	5.54005475E+0
6.27200775E+2	9.84734300E-1	5.54000060E+0
6.26932804E+2	9.84734300E-1	5.53998213E+0
6.27437181E+2	9.84532300E-1	5.53997506E+0
6.27490361E+2	9.84571100E-1	5.53994009E+0
6.27686015E+2	9.84765400E-1	5.53992055E+0
6.28600028E+2	9.84695500E-1	5.53997126E+0
6.29202346E+2	9.84505100E-1	5.53992602E+0
6.29246025E+2	9.84703300E-1	5.53989788E+0
6.29664305E+2	9.84672200E-1	5.53989676E+0
6.28078986E+2	9.84680000E-1	5.53987221E+0
6.27885702E+2	9.84668400E-1	5.53989220E+0
6.27851554E+2	9.84563400E-1	5.53985942E+0
6.28242772E+2	9.84536100E-1	5.53987579E+0
6.27907345E+2	9.84571100E-1	5.53985844E+0
6.27900906E+2	9.84633400E-1	5.53985718E+0
6.27584573E+2	9.84637200E-1	5.53987963E+0
6.27756541E+2	9.84699300E-1	5.53986027E+0
6.27303587E+2	9.84536100E-1	5.53984610E+0
6.27345780E+2	9.84687700E-1	5.53983778E+0
6.27929005E+2	9.84687700E-1	5.53987230E+0
