# Begin of measurement: 22.11.2018 12:34:54
# R-Sample[Ohm]	I-Coil[A]	U-Magnetometer[V]
# Kei2000	HP E3631A +6V : I	Kei2000
1.09359267E+3	1.29460500E-1	6.63392955E-1
1.09362041E+3	1.29429400E-1	6.63385027E-1
1.09361735E+3	1.29382700E-1	6.63345018E-1
1.09366067E+3	1.29479900E-1	6.63335359E-1
1.09367471E+3	1.29538200E-1	6.63338757E-1
1.09368332E+3	1.29425500E-1	6.63364471E-1
1.09370517E+3	1.29417700E-1	6.63365321E-1
1.09370921E+3	1.29507100E-1	6.63345510E-1
1.09372267E+3	1.29394400E-1	6.63332497E-1
1.09372267E+3	1.29386600E-1	6.63327398E-1
1.09375266E+3	1.29542100E-1	6.63332797E-1
1.09376311E+3	1.29363300E-1	6.63338312E-1
1.09379566E+3	1.29588700E-1	6.63347211E-1
1.09379517E+3	1.29433300E-1	6.63335316E-1
1.09378931E+3	1.29472100E-1	6.63323331E-1
1.09380994E+3	1.29444900E-1	6.63314298E-1
1.09380593E+3	1.29596500E-1	6.63305309E-1
1.09383332E+3	1.29495400E-1	6.63324807E-1
1.09385656E+3	1.29413800E-1	6.63321274E-1
1.09386142E+3	1.29351600E-1	6.63336836E-1
1.09386097E+3	1.29483800E-1	6.63300658E-1
1.09383787E+3	1.29390500E-1	6.63286616E-1
1.09380572E+3	1.29553700E-1	6.63321050E-1
1.09377434E+3	1.29324400E-1	6.63315237E-1
1.09369144E+3	1.29538200E-1	6.63289478E-1
1.09358807E+3	1.29355500E-1	6.63300524E-1
1.09349725E+3	1.29518800E-1	6.63305756E-1
1.09330880E+3	1.29565400E-1	6.63251601E-1
1.09313003E+3	1.29312800E-1	6.63265732E-1
1.09291398E+3	1.29398300E-1	6.63284067E-1
1.09265412E+3	1.29565400E-1	6.63301016E-1
1.09239218E+3	1.29351600E-1	6.63301150E-1
1.09205480E+3	1.29382700E-1	6.63270115E-1
1.09171899E+3	1.29351600E-1	6.63273826E-1
1.09133651E+3	1.29479900E-1	6.63265151E-1
1.09090945E+3	1.29534300E-1	6.63306293E-1
1.09046118E+3	1.29386600E-1	6.63285006E-1
1.08997455E+3	1.29518800E-1	6.63318591E-1
1.08938475E+3	1.29581000E-1	6.63316757E-1
1.08888650E+3	1.29511000E-1	6.63293011E-1
1.08823978E+3	1.29398300E-1	6.63290775E-1
1.08765143E+3	1.29460500E-1	6.63317428E-1
1.08694577E+3	1.29542100E-1	6.63317518E-1
1.08627316E+3	1.29522700E-1	6.63323778E-1
1.08549145E+3	1.29546000E-1	6.63369840E-1
1.08469830E+3	1.29448800E-1	6.63396448E-1
1.08392119E+3	1.29433300E-1	6.63351281E-1
1.08302550E+3	1.29382700E-1	6.63345244E-1
1.08214824E+3	1.29332200E-1	6.63338267E-1
1.08120334E+3	1.29530400E-1	6.63365144E-1
1.08018536E+3	1.29530400E-1	6.63347390E-1
1.07924546E+3	1.29367200E-1	6.63382585E-1
1.07811221E+3	1.29565400E-1	6.63323957E-1
1.07711364E+3	1.29565400E-1	6.63323018E-1
1.07586483E+3	1.29406000E-1	6.63366307E-1
1.07478165E+3	1.29417700E-1	6.63364563E-1
1.07358220E+3	1.29363300E-1	6.63386520E-1
1.07233462E+3	1.29429400E-1	6.63411116E-1
1.07111022E+3	1.29437100E-1	6.63397968E-1
1.06984683E+3	1.29499300E-1	6.63385447E-1
1.06838725E+3	1.29406000E-1	6.63439647E-1
1.06699821E+3	1.29417700E-1	6.63428333E-1
1.06564814E+3	1.29495400E-1	6.63432224E-1
1.06421616E+3	1.29444900E-1	6.63407670E-1
1.06282132E+3	1.29565400E-1	6.63455207E-1
1.06137691E+3	1.29363300E-1	6.63469562E-1
1.05988806E+3	1.29573200E-1	6.63456146E-1
1.05837633E+3	1.29542100E-1	6.63482129E-1
1.05669165E+3	1.29409900E-1	6.63426453E-1
1.05522508E+3	1.29518800E-1	6.63488613E-1
1.05356485E+3	1.29429400E-1	6.63490357E-1
1.05207680E+3	1.29394400E-1	6.63494561E-1
1.05008411E+3	1.29429400E-1	6.63510794E-1
1.04846558E+3	1.29375000E-1	6.63517189E-1
1.04651053E+3	1.29441000E-1	6.63505875E-1
1.04492419E+3	1.29433300E-1	6.63506009E-1
1.04324242E+3	1.29518800E-1	6.63506411E-1
1.04136711E+3	1.29448800E-1	6.63547151E-1
1.03951230E+3	1.29413800E-1	6.63539280E-1
1.03761350E+3	1.29476000E-1	6.63515534E-1
1.03578201E+3	1.29615900E-1	6.63514640E-1
1.03406355E+3	1.29557600E-1	6.63538744E-1
1.03212112E+3	1.29402100E-1	6.63499569E-1
1.03025901E+3	1.29584800E-1	6.63543797E-1
1.02857333E+3	1.29573200E-1	6.63563161E-1
1.02651774E+3	1.29499300E-1	6.63550281E-1
1.02444418E+3	1.29444900E-1	6.63558689E-1
1.02256199E+3	1.29557600E-1	6.63561238E-1
1.02048054E+3	1.29557600E-1	6.63552115E-1
1.01840401E+3	1.29584800E-1	6.63536418E-1
1.01619725E+3	1.29433300E-1	6.63547240E-1
1.01422780E+3	1.29561500E-1	6.63526714E-1
1.01186289E+3	1.29569300E-1	6.63510660E-1
1.00986111E+3	1.29487700E-1	6.63534361E-1
1.00755051E+3	1.29600400E-1	6.63532617E-1
1.00531912E+3	1.29460500E-1	6.63598176E-1
1.00263838E+3	1.29413800E-1	6.63493040E-1
1.00046116E+3	1.29584800E-1	6.63509765E-1
9.97875489E+2	1.29444900E-1	6.63554351E-1
9.96009898E+2	1.29483800E-1	6.63585208E-1
9.93800076E+2	1.29592600E-1	6.63569690E-1
9.91343762E+2	1.29363300E-1	6.63549566E-1
9.86292264E+2	1.29413800E-1	6.63540354E-1
9.85658339E+2	1.29565400E-1	6.63521393E-1
9.83851216E+2	1.29413800E-1	6.63514729E-1
9.81503018E+2	1.29476000E-1	6.63580601E-1
9.79063256E+2	1.29557600E-1	6.63617540E-1
9.76667418E+2	1.29409900E-1	6.63581317E-1
9.74341691E+2	1.29452700E-1	6.63646295E-1
9.71830083E+2	1.29448800E-1	6.63632700E-1
9.69855540E+2	1.29542100E-1	6.63599741E-1
9.67600014E+2	1.29452700E-1	6.63552920E-1
9.64743795E+2	1.29417700E-1	6.63581585E-1
9.62441258E+2	1.29577100E-1	6.63582514E-1
9.60381790E+2	1.29448800E-1	6.63592539E-1
9.57130572E+2	1.29444900E-1	6.63578632E-1
9.53962164E+2	1.29441000E-1	6.63583998E-1
9.50892280E+2	1.29588700E-1	6.63593523E-1
9.48625451E+2	1.29483800E-1	6.63580465E-1
9.46156485E+2	1.29596500E-1	6.63571508E-1
9.43461206E+2	1.29565400E-1	6.63622504E-1
9.39726318E+2	1.29413800E-1	6.63599563E-1
9.36774456E+2	1.29503200E-1	6.63606941E-1
9.33661298E+2	1.29565400E-1	6.63617093E-1
9.31177292E+2	1.29460500E-1	6.63609490E-1
9.28880249E+2	1.29581000E-1	6.63600502E-1
9.26142007E+2	1.29530400E-1	6.63585744E-1
9.24355417E+2	1.29441000E-1	6.63559807E-1
9.22499852E+2	1.29581000E-1	6.63555961E-1
9.20435558E+2	1.29456600E-1	6.63592273E-1
9.17791158E+2	1.29437100E-1	6.63577605E-1
9.15752000E+2	1.29538200E-1	6.63574385E-1
9.12766907E+2	1.29375000E-1	6.63569053E-1
9.11083166E+2	1.29584800E-1	6.63575456E-1
9.04423219E+2	1.29577100E-1	6.63586502E-1
9.03871744E+2	1.29476000E-1	6.63589051E-1
9.01054830E+2	1.29487700E-1	6.63611411E-1
8.98406873E+2	1.29429400E-1	6.63586413E-1
8.96408105E+2	1.29437100E-1	6.63637734E-1
8.93190210E+2	1.29479900E-1	6.63631045E-1
8.89514996E+2	1.29347700E-1	6.63592631E-1
8.86921480E+2	1.29452700E-1	6.63568393E-1
8.85164475E+2	1.29573200E-1	6.63598176E-1
8.82721991E+2	1.29444900E-1	6.63593257E-1
8.79391735E+2	1.29487700E-1	6.63594375E-1
8.76164157E+2	1.29487700E-1	6.63646116E-1
8.74252206E+2	1.29421600E-1	6.63651885E-1
8.70812540E+2	1.29491600E-1	6.63615125E-1
8.67151238E+2	1.29398300E-1	6.63633549E-1
8.63863501E+2	1.29581000E-1	6.63660873E-1
8.61271712E+2	1.29565400E-1	6.63638290E-1
8.58838600E+2	1.29448800E-1	6.63650543E-1
8.56777512E+2	1.29460500E-1	6.63690120E-1
8.54275810E+2	1.29476000E-1	6.63686363E-1
8.52794791E+2	1.29549900E-1	6.63662930E-1
8.47772070E+2	1.29452700E-1	6.63647457E-1
8.47347532E+2	1.29425500E-1	6.63664227E-1
8.45298377E+2	1.29468200E-1	6.63648531E-1
8.42416414E+2	1.29456600E-1	6.63670130E-1
8.38178166E+2	1.29561500E-1	6.63636501E-1
8.35362969E+2	1.29577100E-1	6.63666821E-1
8.32289618E+2	1.29608200E-1	6.63690880E-1
8.30086281E+2	1.29542100E-1	6.63683278E-1
8.27687066E+2	1.29444900E-1	6.63664308E-1
8.24145274E+2	1.29479900E-1	6.63664855E-1
8.21727942E+2	1.29378800E-1	6.63635564E-1
8.19147106E+2	1.29476000E-1	6.63665795E-1
8.16298091E+2	1.29565400E-1	6.63670222E-1
8.12454284E+2	1.29479900E-1	6.63642764E-1
8.09834289E+2	1.29584800E-1	6.63635743E-1
8.07134636E+2	1.29441000E-1	6.63659176E-1
8.05737326E+2	1.29557600E-1	6.63631405E-1
8.03030919E+2	1.29487700E-1	6.63693118E-1
7.99914667E+2	1.29573200E-1	6.63641601E-1
7.98559281E+2	1.29476000E-1	6.63653497E-1
7.95651503E+2	1.29584800E-1	6.63677422E-1
7.93213338E+2	1.29553700E-1	6.63682222E-1
7.90794535E+2	1.29464300E-1	6.63683193E-1
7.87907741E+2	1.29495400E-1	6.63668256E-1
7.81481237E+2	1.29573200E-1	6.63695669E-1
7.81007820E+2	1.29569300E-1	6.63701483E-1
7.78727426E+2	1.29441000E-1	6.63701751E-1
7.76183035E+2	1.29499300E-1	6.63704556E-1
7.73456950E+2	1.29464300E-1	6.63745131E-1
7.70352753E+2	1.29444900E-1	6.63713828E-1
7.68285584E+2	1.29487700E-1	6.63727154E-1
7.65603358E+2	1.29499300E-1	6.63743790E-1
7.61767297E+2	1.29448800E-1	6.63746115E-1
7.59586396E+2	1.29433300E-1	6.63746652E-1
7.57222528E+2	1.29600400E-1	6.63743477E-1
7.55646767E+2	1.29596500E-1	6.63709579E-1
7.54205148E+2	1.29429400E-1	6.63705063E-1
7.50209502E+2	1.29631500E-1	6.63671344E-1
7.47065949E+2	1.29448800E-1	6.63686728E-1
7.44208198E+2	1.29448800E-1	6.63736724E-1
7.41984124E+2	1.29433300E-1	6.63734320E-1
7.38996719E+2	1.29538200E-1	6.63718838E-1
7.37336123E+2	1.29600400E-1	6.63700816E-1
7.35402918E+2	1.29588700E-1	6.63655515E-1
7.33386138E+2	1.29530400E-1	6.63689413E-1
7.30419688E+2	1.29596500E-1	6.63685164E-1
7.25521278E+2	1.29421600E-1	6.63676144E-1
7.25034884E+2	1.29557600E-1	6.63690171E-1
7.23630129E+2	1.29577100E-1	6.63703363E-1
7.23182896E+2	1.29452700E-1	6.63707791E-1
7.21964398E+2	1.29569300E-1	6.63687756E-1
7.19615255E+2	1.29464300E-1	6.63684179E-1
7.17355631E+2	1.29495400E-1	6.63667409E-1
7.14945158E+2	1.29479900E-1	6.63636060E-1
7.14074198E+2	1.29460500E-1	6.63627832E-1
7.10599605E+2	1.29487700E-1	6.63647106E-1
7.08118683E+2	1.29468200E-1	6.63670092E-1
7.05058076E+2	1.29569300E-1	6.63662892E-1
7.02715823E+2	1.29507100E-1	6.63667990E-1
6.99625811E+2	1.29608200E-1	6.63665094E-1
6.97429319E+2	1.29573200E-1	6.63709268E-1
6.94179948E+2	1.29542100E-1	6.63683868E-1
6.92004291E+2	1.29441000E-1	6.63677786E-1
6.89422209E+2	1.29417700E-1	6.63688027E-1
6.86785688E+2	1.29581000E-1	6.63728274E-1
6.84116566E+2	1.29460500E-1	6.63718419E-1
6.80415818E+2	1.29542100E-1	6.63741961E-1
6.77629393E+2	1.29452700E-1	6.63736505E-1
6.75656427E+2	1.29429400E-1	6.63767540E-1
6.73983537E+2	1.29483800E-1	6.63781314E-1
6.73439265E+2	1.29460500E-1	6.63812886E-1
6.71945953E+2	1.29464300E-1	6.63787977E-1
6.70797115E+2	1.29615900E-1	6.63809666E-1
6.68484491E+2	1.29600400E-1	6.63762666E-1
6.65029424E+2	1.29413800E-1	6.63802690E-1
6.62465626E+2	1.29592600E-1	6.63814541E-1
6.60013591E+2	1.29596500E-1	6.63820667E-1
6.56944681E+2	1.29534300E-1	6.63802198E-1
6.54834702E+2	1.29444900E-1	6.63814093E-1
6.52906675E+2	1.29581000E-1	6.63843921E-1
6.51601945E+2	1.29487700E-1	6.63850629E-1
6.49146443E+2	1.29627600E-1	6.63829835E-1
6.47597834E+2	1.29472100E-1	6.63801974E-1
6.45282283E+2	1.29429400E-1	6.63817582E-1
6.43634068E+2	1.29612000E-1	6.63833212E-1
6.41365663E+2	1.29441000E-1	6.63816287E-1
6.39249187E+2	1.29437100E-1	6.63843700E-1
6.36144990E+2	1.29433300E-1	6.63820625E-1
6.33573266E+2	1.29557600E-1	6.63821072E-1
6.30355099E+2	1.29452700E-1	6.63786861E-1
6.28556396E+2	1.29452700E-1	6.63793480E-1
6.26118905E+2	1.29398300E-1	6.63817584E-1
6.23458802E+2	1.29371100E-1	6.63820177E-1
6.21319676E+2	1.29429400E-1	6.63780690E-1
6.19877067E+2	1.29456600E-1	6.63746792E-1
6.19145743E+2	1.29584800E-1	6.63795805E-1
6.16747427E+2	1.29569300E-1	6.63810473E-1
6.13960598E+2	1.29538200E-1	6.63796834E-1
6.12865120E+2	1.29596500E-1	6.63813827E-1
6.10379178E+2	1.29600400E-1	6.63827780E-1
6.09691532E+2	1.29569300E-1	6.63807522E-1
6.08859748E+2	1.29615900E-1	6.63839541E-1
6.07057758E+2	1.29479900E-1	6.63885155E-1
6.04763280E+2	1.29514900E-1	6.63879520E-1
6.02250185E+2	1.29534300E-1	6.63907381E-1
5.99330788E+2	1.29530400E-1	6.63938774E-1
5.97560737E+2	1.29409900E-1	6.63978440E-1
5.96015865E+2	1.29444900E-1	6.64020119E-1
5.94137956E+2	1.29522700E-1	6.64023652E-1
5.92704578E+2	1.29402100E-1	6.64092435E-1
5.90715131E+2	1.29542100E-1	6.64153560E-1
5.88631888E+2	1.29394400E-1	6.64231820E-1
5.86721198E+2	1.29565400E-1	6.64353860E-1
5.85071814E+2	1.29355500E-1	6.64497902E-1
5.82136030E+2	1.29565400E-1	6.64862189E-1
5.80065304E+2	1.29565400E-1	6.66416734E-1
5.78888954E+2	1.29359400E-1	6.76954524E-1
5.77150906E+2	1.29553700E-1	7.19594469E-1
5.74390328E+2	1.29413800E-1	7.41389230E-1
5.73410082E+2	1.29409900E-1	7.41369419E-1
5.70738167E+2	1.29421600E-1	7.41362219E-1
5.68947017E+2	1.29518800E-1	7.41372907E-1
5.67617920E+2	1.29363300E-1	7.41341067E-1
5.64983829E+2	1.29421600E-1	7.41391377E-1
5.61671325E+2	1.29378800E-1	7.41357792E-1
5.61579059E+2	1.29522700E-1	7.41382656E-1
5.60229930E+2	1.29429400E-1	7.41373891E-1
5.58570098E+2	1.29456600E-1	7.41375054E-1
5.57402573E+2	1.29553700E-1	7.41396877E-1
5.55870603E+2	1.29588700E-1	7.41369106E-1
5.54347929E+2	1.29413800E-1	7.41352649E-1
5.53819778E+2	1.29456600E-1	7.41350995E-1
5.53460082E+2	1.29402100E-1	7.41355556E-1
5.52263018E+2	1.29413800E-1	7.41331765E-1
5.50419060E+2	1.29561500E-1	7.41345986E-1
5.48780797E+2	1.29359400E-1	7.41366647E-1
5.46506238E+2	1.29522700E-1	7.41394060E-1
5.44045156E+2	1.29565400E-1	7.41415480E-1
5.41345502E+2	1.29518800E-1	7.41391734E-1
5.39911853E+2	1.29549900E-1	7.41423127E-1
5.38917106E+2	1.29452700E-1	7.41418074E-1
5.36316787E+2	1.29499300E-1	7.41458098E-1
5.35500402E+2	1.29534300E-1	7.41466103E-1
5.33888705E+2	1.29421600E-1	7.41474913E-1
5.32102092E+2	1.29417700E-1	7.41457875E-1
5.30510209E+2	1.29503200E-1	7.41479161E-1
5.28782381E+2	1.29437100E-1	7.41470307E-1
5.26947924E+2	1.29402100E-1	7.41448573E-1
5.25747708E+2	1.29468200E-1	7.41419818E-1
5.24589774E+2	1.29433300E-1	7.41461899E-1
5.23566298E+2	1.29538200E-1	7.41457338E-1
5.22470985E+2	1.29557600E-1	7.41478177E-1
5.21040661E+2	1.29511000E-1	7.41497094E-1
5.19681895E+2	1.29561500E-1	7.41488418E-1
5.17258362E+2	1.29441000E-1	7.41498391E-1
5.15828676E+2	1.29429400E-1	7.41496334E-1
5.15481183E+2	1.29460500E-1	7.41507469E-1
5.14146148E+2	1.29448800E-1	7.41478267E-1
5.12358398E+2	1.29433300E-1	7.41498927E-1
5.10902186E+2	1.29468200E-1	7.41471738E-1
5.09449308E+2	1.29441000E-1	7.41482918E-1
5.07303742E+2	1.29542100E-1	7.41473929E-1
5.05748782E+2	1.29596500E-1	7.41513506E-1
5.04388846E+2	1.29375000E-1	7.41505904E-1
5.02893685E+2	1.29495400E-1	7.41506977E-1
5.02012953E+2	1.29623700E-1	7.41531304E-1
5.00477212E+2	1.29347700E-1	7.41517933E-1
4.98964896E+2	1.29448800E-1	7.41516413E-1
4.97949300E+2	1.29573200E-1	7.41502237E-1
4.97248821E+2	1.29495400E-1	7.41508095E-1
4.95435212E+2	1.29421600E-1	7.41486003E-1
4.92795762E+2	1.29409900E-1	7.41501521E-1
4.90878175E+2	1.29444900E-1	7.41505725E-1
4.90620874E+2	1.29612000E-1	7.41506306E-1
4.89505802E+2	1.29557600E-1	7.41510331E-1
4.88261051E+2	1.29409900E-1	7.41469636E-1
4.86954564E+2	1.29600400E-1	7.41457383E-1
4.86131559E+2	1.29546000E-1	7.41480503E-1
4.84869786E+2	1.29409900E-1	7.41476657E-1
4.83818122E+2	1.29444900E-1	7.41471514E-1
4.83458290E+2	1.29437100E-1	7.41424245E-1
4.83098570E+2	1.29577100E-1	7.41419192E-1
4.81773801E+2	1.29437100E-1	7.41417895E-1
4.81540458E+2	1.29538200E-1	7.41428404E-1
4.81213724E+2	1.29604300E-1	7.41461363E-1
4.80810890E+2	1.29429400E-1	7.41438779E-1
4.80699306E+2	1.29378800E-1	7.41434129E-1
4.79632512E+2	1.29600400E-1	7.41475181E-1
4.78823553E+2	1.29577100E-1	7.41480100E-1
4.78782652E+2	1.29538200E-1	7.41468920E-1
4.79067284E+2	1.29596500E-1	7.41467534E-1
4.78289669E+2	1.29573200E-1	7.41499777E-1
4.77312078E+2	1.29406000E-1	7.41476299E-1
4.76968728E+2	1.29437100E-1	7.41500761E-1
4.77260834E+2	1.29448800E-1	7.41434129E-1
4.77555402E+2	1.29448800E-1	7.41430506E-1
4.76982726E+2	1.29425500E-1	7.41468250E-1
4.77248895E+2	1.29522700E-1	7.41436007E-1
4.77023883E+2	1.29565400E-1	7.41437663E-1
4.77811449E+2	1.29581000E-1	7.41435914E-1
4.77415099E+2	1.29398300E-1	7.41464669E-1
4.78008453E+2	1.29631500E-1	7.41452818E-1
4.78970058E+2	1.29402100E-1	7.41433008E-1
4.78267505E+2	1.29448800E-1	7.41491099E-1
4.78171232E+2	1.29464300E-1	7.41421783E-1
4.78140792E+2	1.29378800E-1	7.41437793E-1
4.77709770E+2	1.29425500E-1	7.41508986E-1
4.78033802E+2	1.29542100E-1	7.41513011E-1
4.78061721E+2	1.29530400E-1	7.41474373E-1
4.78450865E+2	1.29569300E-1	7.41463954E-1
4.77622256E+2	1.29441000E-1	7.41474105E-1
4.78072812E+2	1.29460500E-1	7.41479161E-1
4.78499151E+2	1.29479900E-1	7.41501119E-1
4.78836647E+2	1.29429400E-1	7.41491549E-1
4.78097173E+2	1.29413800E-1	7.41478446E-1
4.77860543E+2	1.29479900E-1	7.41535821E-1
4.78105233E+2	1.29417700E-1	7.41539712E-1
4.78615742E+2	1.29495400E-1	7.41484525E-1
4.77934107E+2	1.29460500E-1	7.41501339E-1
4.77562884E+2	1.29499300E-1	7.41480053E-1
4.77273074E+2	1.29464300E-1	7.41507287E-1
4.77277307E+2	1.29476000E-1	7.41496599E-1
4.76920493E+2	1.29347700E-1	7.41520256E-1
4.77038380E+2	1.29569300E-1	7.41531883E-1
4.76992405E+2	1.29425500E-1	7.41492798E-1
4.77228622E+2	1.29433300E-1	7.41487297E-1
4.77230963E+2	1.29569300E-1	7.41503888E-1
4.77868535E+2	1.29433300E-1	7.41444053E-1
4.78562485E+2	1.29355500E-1	7.41438463E-1
4.78390022E+2	1.29452700E-1	7.41442309E-1
4.78297306E+2	1.29546000E-1	7.41471467E-1
4.77636904E+2	1.29409900E-1	7.41476833E-1
4.77419225E+2	1.29433300E-1	7.41496375E-1
4.77062352E+2	1.29444900E-1	7.41475178E-1
4.77469329E+2	1.29522700E-1	7.41487074E-1
4.77506568E+2	1.29394400E-1	7.41477280E-1
4.77503866E+2	1.29487700E-1	7.41459884E-1
4.77989689E+2	1.29441000E-1	7.41506840E-1
4.77470634E+2	1.29456600E-1	7.41520479E-1
4.77347839E+2	1.29386600E-1	7.41455144E-1
4.77108872E+2	1.29557600E-1	7.41495034E-1
4.77960514E+2	1.29526500E-1	7.41441996E-1
4.78350874E+2	1.29413800E-1	7.41486083E-1
4.77315017E+2	1.29448800E-1	7.41480324E-1
4.76885796E+2	1.29402100E-1	7.41490207E-1
4.77749146E+2	1.29417700E-1	7.41492577E-1
4.77666517E+2	1.29538200E-1	7.41487390E-1
4.77750401E+2	1.29409900E-1	7.41461452E-1
4.77936396E+2	1.29413800E-1	7.41469791E-1
4.77704945E+2	1.29429400E-1	7.41493379E-1
4.77727775E+2	1.29549900E-1	7.41464133E-1
4.77441793E+2	1.29390500E-1	7.41490562E-1
4.77534599E+2	1.29569300E-1	7.41481394E-1
4.77581744E+2	1.29503200E-1	7.41462836E-1
4.77222184E+2	1.29491600E-1	7.41482647E-1
4.77075884E+2	1.29429400E-1	7.41501697E-1
4.77486779E+2	1.29584800E-1	7.41497121E-1
4.77513588E+2	1.29456600E-1	7.41527363E-1
4.77386830E+2	1.29476000E-1	7.41539527E-1
4.77263765E+2	1.29588700E-1	7.41565420E-1
4.76820315E+2	1.29378800E-1	7.41553748E-1
4.76854492E+2	1.29507100E-1	7.41542702E-1
4.78194343E+2	1.29553700E-1	7.41505003E-1
4.77498008E+2	1.29511000E-1	7.41511533E-1
4.77524575E+2	1.29460500E-1	7.41493242E-1
4.77041575E+2	1.29569300E-1	7.41526827E-1
4.76799446E+2	1.29417700E-1	7.41514395E-1
4.77091011E+2	1.29588700E-1	7.41519448E-1
4.77583498E+2	1.29359400E-1	7.41521997E-1
4.76867350E+2	1.29565400E-1	7.41501381E-1
4.76487077E+2	1.29596500E-1	7.41497267E-1
4.77079619E+2	1.29448800E-1	7.41522623E-1
4.76708171E+2	1.29464300E-1	7.41498072E-1
4.76584383E+2	1.29588700E-1	7.41452905E-1
4.76329292E+2	1.29421600E-1	7.41516005E-1
4.77416032E+2	1.29460500E-1	7.41511130E-1
4.77723763E+2	1.29421600E-1	7.41509699E-1
4.77686208E+2	1.29534300E-1	7.41519182E-1
4.78092238E+2	1.29635400E-1	7.41481260E-1
4.77310708E+2	1.29534300E-1	7.41476609E-1
4.77345360E+2	1.29413800E-1	7.41500311E-1
4.77702803E+2	1.29569300E-1	7.41483362E-1
4.78622619E+2	1.29421600E-1	7.41495884E-1
4.77395748E+2	1.29472100E-1	7.41444948E-1
4.77223870E+2	1.29433300E-1	7.41482423E-1
4.76647404E+2	1.29487700E-1	7.41463238E-1
4.77070410E+2	1.29444900E-1	7.41462612E-1
4.77414624E+2	1.29409900E-1	7.41478577E-1
4.77114989E+2	1.29417700E-1	7.41425629E-1
4.77400070E+2	1.29577100E-1	7.41413242E-1
4.78016028E+2	1.29402100E-1	7.41417445E-1
4.77906787E+2	1.29382700E-1	7.41442622E-1
4.77733468E+2	1.29456600E-1	7.41476520E-1
4.77554837E+2	1.29444900E-1	7.41476117E-1
4.77590230E+2	1.29448800E-1	7.41496867E-1
4.77702022E+2	1.29441000E-1	7.41494721E-1
4.77708755E+2	1.29588700E-1	7.41468473E-1
4.77310785E+2	1.29421600E-1	7.41467400E-1
4.76966085E+2	1.29429400E-1	7.41483633E-1
4.76625753E+2	1.29398300E-1	7.41497944E-1
4.76927765E+2	1.29619800E-1	7.41483410E-1
4.76804159E+2	1.29542100E-1	7.41511181E-1
4.75964512E+2	1.29534300E-1	7.41496474E-1
4.75993829E+2	1.29468200E-1	7.41518601E-1
4.76330288E+2	1.29413800E-1	7.41571549E-1
4.76681247E+2	1.29390500E-1	7.41518735E-1
4.76128737E+2	1.29394400E-1	7.41497270E-1
4.76112616E+2	1.29441000E-1	7.41488460E-1
4.77196519E+2	1.29444900E-1	7.41468470E-1
4.77300942E+2	1.29452700E-1	7.41444411E-1
4.77470866E+2	1.29503200E-1	7.41490070E-1
4.77848164E+2	1.29596500E-1	7.41453534E-1
4.77878333E+2	1.29581000E-1	7.41440521E-1
4.77398545E+2	1.29569300E-1	7.41473792E-1
4.77432317E+2	1.29425500E-1	7.41441817E-1
4.78037152E+2	1.29479900E-1	7.41468381E-1
4.78519147E+2	1.29518800E-1	7.41490294E-1
4.79146583E+2	1.29444900E-1	7.41477325E-1
4.79196108E+2	1.29499300E-1	7.41422096E-1
4.78531159E+2	1.29581000E-1	7.41454071E-1
4.78117429E+2	1.29456600E-1	7.41485643E-1
4.78245538E+2	1.29483800E-1	7.41489444E-1
4.77188338E+2	1.29608200E-1	7.41431800E-1
4.76847285E+2	1.29429400E-1	7.41449196E-1
4.76588771E+2	1.29363300E-1	7.41461718E-1
4.76663927E+2	1.29456600E-1	7.41446021E-1
4.76743799E+2	1.29406000E-1	7.41456977E-1
4.76316785E+2	1.29476000E-1	7.41411989E-1
4.76666394E+2	1.29444900E-1	7.41430593E-1
4.77348094E+2	1.29363300E-1	7.41409530E-1
4.76551479E+2	1.29542100E-1	7.41427284E-1
4.76535538E+2	1.29553700E-1	7.41414538E-1
4.77074540E+2	1.29417700E-1	7.41337039E-1
4.77180314E+2	1.29417700E-1	7.41386410E-1
4.77173200E+2	1.29557600E-1	7.41413957E-1
4.77067426E+2	1.29468200E-1	7.41439805E-1
4.77956307E+2	1.29417700E-1	7.41442220E-1
4.79617352E+2	1.29394400E-1	7.41405952E-1
4.79932828E+2	1.29378800E-1	7.41414002E-1
4.80593050E+2	1.29433300E-1	7.41476341E-1
4.81895922E+2	1.29518800E-1	7.41463861E-1
4.83337675E+2	1.29530400E-1	7.41484790E-1
4.84511052E+2	1.29476000E-1	7.41485685E-1
4.85836718E+2	1.29390500E-1	7.41435241E-1
4.88371425E+2	1.29402100E-1	7.41404026E-1
4.89354733E+2	1.29417700E-1	7.41469094E-1
4.90373119E+2	1.29487700E-1	7.41441725E-1
4.91995763E+2	1.29452700E-1	7.41493779E-1
4.92981486E+2	1.29452700E-1	7.41477233E-1
4.94373932E+2	1.29371100E-1	7.41490872E-1
4.94838996E+2	1.29448800E-1	7.41437745E-1
4.95403079E+2	1.29437100E-1	7.41488010E-1
4.96565154E+2	1.29456600E-1	7.41478708E-1
4.97637980E+2	1.29581000E-1	7.41471330E-1
4.99208649E+2	1.29406000E-1	7.41458584E-1
5.00548734E+2	1.29433300E-1	7.41437298E-1
5.01470352E+2	1.29464300E-1	7.41429069E-1
5.02304567E+2	1.29530400E-1	7.41501426E-1
5.03169088E+2	1.29577100E-1	7.41482778E-1
5.05487114E+2	1.29417700E-1	7.41455636E-1
5.07001364E+2	1.29479900E-1	7.41444948E-1
5.09110813E+2	1.29631500E-1	7.41430101E-1
5.11012973E+2	1.29538200E-1	7.41442578E-1
5.11586880E+2	1.29507100E-1	7.41447005E-1
5.12507372E+2	1.29460500E-1	7.41474508E-1
5.13904906E+2	1.29444900E-1	7.41445531E-1
5.15524480E+2	1.29472100E-1	7.41446197E-1
5.17117217E+2	1.29429400E-1	7.41488323E-1
5.18470397E+2	1.29507100E-1	7.41483851E-1
5.18897720E+2	1.29386600E-1	7.41493421E-1
5.20627420E+2	1.29577100E-1	7.41472224E-1
5.22740247E+2	1.29448800E-1	7.41504846E-1
5.24613022E+2	1.29417700E-1	7.41467257E-1
5.26191979E+2	1.29448800E-1	7.41468957E-1
5.27957043E+2	1.29382700E-1	7.41499321E-1
5.29877594E+2	1.29604300E-1	7.41481389E-1
5.32348135E+2	1.29456600E-1	7.41462025E-1
5.33534706E+2	1.29538200E-1	7.41444714E-1
5.34928592E+2	1.29421600E-1	7.41461709E-1
5.35646767E+2	1.29538200E-1	7.41435727E-1
5.37789583E+2	1.29452700E-1	7.41469937E-1
5.39065853E+2	1.29444900E-1	7.41420478E-1
5.39927582E+2	1.29347700E-1	7.41377815E-1
5.42107997E+2	1.29553700E-1	7.41385462E-1
5.43689657E+2	1.29441000E-1	7.41368916E-1
5.45512539E+2	1.29409900E-1	7.41396374E-1
5.47179934E+2	1.29444900E-1	7.41385015E-1
5.49736886E+2	1.29526500E-1	7.41379827E-1
5.49923849E+2	1.29413800E-1	7.41366367E-1
5.51863222E+2	1.29464300E-1	7.41398073E-1
5.52758813E+2	1.29433300E-1	7.41387072E-1
5.53992484E+2	1.29522700E-1	7.41369587E-1
5.56156068E+2	1.29592600E-1	7.41384836E-1
5.57698462E+2	1.29367200E-1	7.41398923E-1
5.59027776E+2	1.29425500E-1	7.41435637E-1
5.60528878E+2	1.29600400E-1	7.41423697E-1
5.62539758E+2	1.29464300E-1	7.41365115E-1
5.65113731E+2	1.29413800E-1	7.41383807E-1
5.66284181E+2	1.29406000E-1	7.41384612E-1
5.68251267E+2	1.29437100E-1	7.41359838E-1
5.69305023E+2	1.29577100E-1	7.41403663E-1
5.71504577E+2	1.29542100E-1	7.41398386E-1
5.74172528E+2	1.29522700E-1	7.41401069E-1
5.75725009E+2	1.29464300E-1	7.41456698E-1
5.77338910E+2	1.29518800E-1	7.41395879E-1
5.78517466E+2	1.29468200E-1	7.41357330E-1
5.81150237E+2	1.29565400E-1	7.41357286E-1
5.82567243E+2	1.29511000E-1	7.41352724E-1
5.83843018E+2	1.29413800E-1	7.38898375E-1
5.84487614E+2	1.29553700E-1	7.06563062E-1
5.86104892E+2	1.29468200E-1	7.01994948E-1
5.88620643E+2	1.29588700E-1	6.97990615E-1
5.90514402E+2	1.29441000E-1	6.95637064E-1
5.93210406E+2	1.29499300E-1	6.91685769E-1
5.96174124E+2	1.29557600E-1	6.87817026E-1
5.98237591E+2	1.29398300E-1	6.84815621E-1
6.02034970E+2	1.29526500E-1	6.81490759E-1
6.02040374E+2	1.29581000E-1	6.78697032E-1
6.02534887E+2	1.29518800E-1	6.77108008E-1
6.04647579E+2	1.29553700E-1	6.75492331E-1
6.06466274E+2	1.29456600E-1	6.73852819E-1
6.07542073E+2	1.29476000E-1	6.71746120E-1
6.10660704E+2	1.29542100E-1	6.70889068E-1
6.13014079E+2	1.29402100E-1	6.69892758E-1
6.16213242E+2	1.29394400E-1	6.68576435E-1
6.17766353E+2	1.29406000E-1	6.66678846E-1
6.18489616E+2	1.29553700E-1	6.66191625E-1
6.20633693E+2	1.29491600E-1	6.66156833E-1
6.21958955E+2	1.29561500E-1	6.65813661E-1
6.24183393E+2	1.29503200E-1	6.64994392E-1
6.25998392E+2	1.29448800E-1	6.64869043E-1
6.28857583E+2	1.29413800E-1	6.64875572E-1
6.30520296E+2	1.29549900E-1	6.64819002E-1
6.31506892E+2	1.29507100E-1	6.64857416E-1
6.32935857E+2	1.29518800E-1	6.64799683E-1
6.35192870E+2	1.29429400E-1	6.64729831E-1
6.38044271E+2	1.29425500E-1	6.64763996E-1
6.40802496E+2	1.29390500E-1	6.64763236E-1
6.43414791E+2	1.29425500E-1	6.64794585E-1
6.44854698E+2	1.29437100E-1	6.64738104E-1
6.45903209E+2	1.29441000E-1	6.64754471E-1
6.50817320E+2	1.29588700E-1	6.64786446E-1
6.51069890E+2	1.29596500E-1	6.64761134E-1
6.53880630E+2	1.29429400E-1	6.64764846E-1
6.56012420E+2	1.29413800E-1	6.64755723E-1
6.58576696E+2	1.29604300E-1	6.64793914E-1
6.61394730E+2	1.29503200E-1	6.64798117E-1
6.62327155E+2	1.29542100E-1	6.64717041E-1
6.64296789E+2	1.29549900E-1	6.64758138E-1
6.67171245E+2	1.29553700E-1	6.64753934E-1
6.69397277E+2	1.29635400E-1	6.64706129E-1
6.71289336E+2	1.29573200E-1	6.64718740E-1
6.72795343E+2	1.29406000E-1	6.64729473E-1
6.74759527E+2	1.29499300E-1	6.64777342E-1
6.76144633E+2	1.29433300E-1	6.64768426E-1
6.77633937E+2	1.29507100E-1	6.64740252E-1
6.79579884E+2	1.29619800E-1	6.64793961E-1
6.82105406E+2	1.29425500E-1	6.64788371E-1
6.84413480E+2	1.29584800E-1	6.64804783E-1
6.86897860E+2	1.29639300E-1	6.64814532E-1
6.89645332E+2	1.29476000E-1	6.64829110E-1
6.91153008E+2	1.29479900E-1	6.64783541E-1
6.94116891E+2	1.29441000E-1	6.64759526E-1
6.97283767E+2	1.29406000E-1	6.64782915E-1
6.99000965E+2	1.29643100E-1	6.64763998E-1
7.00578887E+2	1.29448800E-1	6.64820122E-1
7.02280561E+2	1.29444900E-1	6.64809657E-1
7.04861191E+2	1.29608200E-1	6.64800892E-1
7.06862076E+2	1.29581000E-1	6.64841095E-1
7.08717695E+2	1.29464300E-1	6.64827948E-1
7.10476185E+2	1.29448800E-1	6.64786895E-1
7.13290392E+2	1.29596500E-1	6.64802681E-1
7.15552627E+2	1.29456600E-1	6.64765742E-1
7.18047384E+2	1.29588700E-1	6.64799998E-1
7.21286630E+2	1.29476000E-1	6.64805677E-1
7.23783964E+2	1.29472100E-1	6.64798567E-1
7.26088888E+2	1.29479900E-1	6.64821955E-1
7.28382105E+2	1.29444900E-1	6.64808092E-1
7.30631417E+2	1.29491600E-1	6.64729922E-1
7.34743239E+2	1.29425500E-1	6.64787118E-1
7.36628713E+2	1.29425500E-1	6.64777817E-1
7.39309599E+2	1.29495400E-1	6.64843376E-1
7.40999781E+2	1.29577100E-1	6.64771332E-1
7.44063586E+2	1.29514900E-1	6.64775536E-1
7.46703889E+2	1.29460500E-1	6.64835282E-1
7.47887219E+2	1.29476000E-1	6.64785464E-1
7.50532881E+2	1.29468200E-1	6.64770259E-1
7.53049173E+2	1.29491600E-1	6.64798522E-1
7.55475068E+2	1.29546000E-1	6.64784614E-1
7.58945975E+2	1.29588700E-1	6.64762031E-1
7.61728436E+2	1.29569300E-1	6.64773837E-1
7.64129588E+2	1.29437100E-1	6.64791703E-1
7.65830711E+2	1.29581000E-1	6.64764582E-1
7.68389871E+2	1.29577100E-1	6.64736319E-1
7.70604421E+2	1.29487700E-1	6.64748349E-1
7.73386376E+2	1.29596500E-1	6.64771513E-1
7.77656420E+2	1.29452700E-1	6.64756264E-1
7.79429815E+2	1.29409900E-1	6.64711813E-1
7.80955322E+2	1.29511000E-1	6.64715880E-1
7.83728912E+2	1.29425500E-1	6.64736898E-1
7.86608140E+2	1.29452700E-1	6.64740521E-1
7.88374060E+2	1.29456600E-1	6.64762836E-1
7.90117510E+2	1.29483800E-1	6.64757648E-1
7.92497384E+2	1.29623700E-1	6.64744903E-1
7.95253726E+2	1.29584800E-1	6.64733723E-1
7.98625081E+2	1.29409900E-1	6.64763193E-1
8.00656360E+2	1.29596500E-1	6.64749286E-1
8.02494282E+2	1.29472100E-1	6.64740923E-1
8.04382952E+2	1.29526500E-1	6.64734618E-1
8.07324095E+2	1.29452700E-1	6.64743919E-1
8.09839288E+2	1.29588700E-1	6.64762278E-1
8.12750109E+2	1.29600400E-1	6.64762525E-1
8.16018752E+2	1.29604300E-1	6.64794946E-1
8.18769916E+2	1.29600400E-1	6.64751345E-1
8.20989327E+2	1.29495400E-1	6.64765789E-1
8.23727928E+2	1.29456600E-1	6.64788373E-1
8.26475580E+2	1.29448800E-1	6.64821376E-1
8.29148438E+2	1.29604300E-1	6.64797091E-1
8.30958496E+2	1.29627600E-1	6.64797896E-1
8.33841461E+2	1.29511000E-1	6.64805588E-1
8.36152552E+2	1.29472100E-1	6.64761628E-1
8.38257634E+2	1.29487700E-1	6.64753534E-1
8.41051306E+2	1.29511000E-1	6.64761181E-1
8.47812071E+2	1.29619800E-1	6.64807511E-1
8.48105889E+2	1.29577100E-1	6.64771288E-1
8.50526165E+2	1.29584800E-1	6.64759750E-1
8.52998661E+2	1.29472100E-1	6.64760734E-1
8.55023140E+2	1.29530400E-1	6.64773390E-1
8.56903119E+2	1.29584800E-1	6.64775894E-1
8.59472499E+2	1.29460500E-1	6.64758302E-1
8.61741263E+2	1.29518800E-1	6.64747946E-1
8.64995676E+2	1.29456600E-1	6.64743027E-1
8.68123331E+2	1.29577100E-1	6.64695624E-1
8.70496795E+2	1.29491600E-1	6.64666646E-1
8.72640332E+2	1.29479900E-1	6.64712796E-1
8.74767793E+2	1.29565400E-1	6.64687664E-1
8.77478520E+2	1.29546000E-1	6.64688737E-1
8.79765791E+2	1.29433300E-1	6.64673354E-1
8.82563155E+2	1.29390500E-1	6.64674561E-1
8.85624301E+2	1.29581000E-1	6.64646701E-1
8.88975625E+2	1.29452700E-1	6.64624609E-1
8.90681351E+2	1.29425500E-1	6.64625817E-1
8.93721244E+2	1.29565400E-1	6.64651313E-1
8.96402252E+2	1.29546000E-1	6.64616741E-1
8.98426461E+2	1.29343900E-1	6.64630380E-1
9.00806492E+2	1.29565400E-1	6.64605382E-1
9.03211604E+2	1.29565400E-1	6.64598227E-1
9.06072145E+2	1.29479900E-1	6.64600597E-1
9.08486674E+2	1.29596500E-1	6.64606298E-1
9.13344135E+2	1.29406000E-1	6.64594737E-1
9.13793799E+2	1.29530400E-1	6.64607303E-1
9.15772708E+2	1.29581000E-1	6.64656629E-1
9.18248292E+2	1.29479900E-1	6.64614234E-1
9.20727072E+2	1.29456600E-1	6.64662442E-1
9.23442663E+2	1.29441000E-1	6.64634000E-1
9.26312062E+2	1.29542100E-1	6.64633330E-1
9.28835099E+2	1.29546000E-1	6.64629618E-1
9.30814413E+2	1.29390500E-1	6.64603636E-1
9.33523069E+2	1.29441000E-1	6.64592724E-1
9.36055884E+2	1.29441000E-1	6.64607213E-1
9.38483061E+2	1.29534300E-1	6.64638115E-1
9.40583640E+2	1.29456600E-1	6.64637276E-1
9.42393242E+2	1.29433300E-1	6.64587494E-1
9.45011110E+2	1.29526500E-1	6.64582933E-1
9.47484577E+2	1.29538200E-1	6.64598495E-1
9.50296215E+2	1.29437100E-1	6.64652382E-1
9.52596860E+2	1.29518800E-1	6.64645317E-1
9.55160926E+2	1.29573200E-1	6.64645987E-1
9.57664968E+2	1.29538200E-1	6.64659224E-1
9.59953410E+2	1.29553700E-1	6.64683418E-1
9.62440256E+2	1.29565400E-1	6.64679930E-1
9.64848111E+2	1.29483800E-1	6.64663339E-1
9.66840213E+2	1.29557600E-1	6.64717092E-1
9.69167288E+2	1.29479900E-1	6.64715839E-1
9.71396830E+2	1.29413800E-1	6.64731534E-1
9.73697519E+2	1.29476000E-1	6.64722232E-1
9.76230019E+2	1.29468200E-1	6.64702600E-1
9.78267547E+2	1.29433300E-1	6.64731400E-1
9.80581907E+2	1.29577100E-1	6.64741149E-1
9.82645787E+2	1.29460500E-1	6.64718118E-1
9.85048378E+2	1.29499300E-1	6.64689138E-1
9.87052639E+2	1.29456600E-1	6.64678718E-1
9.89523134E+2	1.29429400E-1	6.64691195E-1
9.91756009E+2	1.29526500E-1	6.64712884E-1
9.93657603E+2	1.29437100E-1	6.64688020E-1
9.95514015E+2	1.29569300E-1	6.64696785E-1
9.97794482E+2	1.29433300E-1	6.64764356E-1
9.99798427E+2	1.29615900E-1	6.64716461E-1
1.00192805E+3	1.29448800E-1	6.64723438E-1
1.00385445E+3	1.29592600E-1	6.64770975E-1
1.00605608E+3	1.29596500E-1	6.64718071E-1
1.00804035E+3	1.29557600E-1	6.64728402E-1
1.01027908E+3	1.29398300E-1	6.64774999E-1
1.01230585E+3	1.29615900E-1	6.64776565E-1
1.01438319E+3	1.29468200E-1	6.64759437E-1
1.01646094E+3	1.29433300E-1	6.64765116E-1
1.01829589E+3	1.29581000E-1	6.64732560E-1
1.02036950E+3	1.29425500E-1	6.64733231E-1
1.02213362E+3	1.29483800E-1	6.64737167E-1
1.02403440E+3	1.29460500E-1	6.64722275E-1
1.02599183E+3	1.29546000E-1	6.64767531E-1
1.02781642E+3	1.29619800E-1	6.64744143E-1
1.02959216E+3	1.29561500E-1	6.64738687E-1
1.03153743E+3	1.29573200E-1	6.64769409E-1
1.03316921E+3	1.29460500E-1	6.64777727E-1
1.03510412E+3	1.29421600E-1	6.64717848E-1
1.03677449E+3	1.29561500E-1	6.64810194E-1
1.03851559E+3	1.29495400E-1	6.64767978E-1
1.04025889E+3	1.29413800E-1	6.64763417E-1
1.04193336E+3	1.29549900E-1	6.64779427E-1
1.04362475E+3	1.29456600E-1	6.64771109E-1
1.04537577E+3	1.29503200E-1	6.64753087E-1
1.04688015E+3	1.29577100E-1	6.64720620E-1
1.04846762E+3	1.29444900E-1	6.64744858E-1
1.05011573E+3	1.29398300E-1	6.64699289E-1
1.05162797E+3	1.29476000E-1	6.64733321E-1
1.05308219E+3	1.29581000E-1	6.64755189E-1
1.05466872E+3	1.29530400E-1	6.64734931E-1
1.05600586E+3	1.29588700E-1	6.64763683E-1
1.05754493E+3	1.29456600E-1	6.64738461E-1
1.05882669E+3	1.29549900E-1	6.64732335E-1
1.06031631E+3	1.29476000E-1	6.64746779E-1
1.06147892E+3	1.29429400E-1	6.64734660E-1
1.06290798E+3	1.29612000E-1	6.64757601E-1
1.06419028E+3	1.29561500E-1	6.64784403E-1
1.06646755E+3	1.29460500E-1	6.64799595E-1
1.06668653E+3	1.29476000E-1	6.64800490E-1
1.06781038E+3	1.29615900E-1	6.64781305E-1
1.06894048E+3	1.29394400E-1	6.64785911E-1
1.07015526E+3	1.29456600E-1	6.64748481E-1
1.07123842E+3	1.29581000E-1	6.64709489E-1
1.07237875E+3	1.29557600E-1	6.64712032E-1
1.07334436E+3	1.29479900E-1	6.64676033E-1
1.07440003E+3	1.29444900E-1	6.64698795E-1
1.07535191E+3	1.29402100E-1	6.64749999E-1
1.07634728E+3	1.29588700E-1	6.64694770E-1
1.07729196E+3	1.29402100E-1	6.64684440E-1
1.07813898E+3	1.29588700E-1	6.64684127E-1
1.07898702E+3	1.29448800E-1	6.64693205E-1
1.07979949E+3	1.29433300E-1	6.64679297E-1
1.08056900E+3	1.29460500E-1	6.64610384E-1
1.08133517E+3	1.29596500E-1	6.64670085E-1
1.08202777E+3	1.29495400E-1	6.64661320E-1
1.08276850E+3	1.29569300E-1	6.64684082E-1
1.08334637E+3	1.29444900E-1	6.64721110E-1
1.08395445E+3	1.29421600E-1	6.64739669E-1
1.08457054E+3	1.29596500E-1	6.64752951E-1
1.08507901E+3	1.29472100E-1	6.64770257E-1
1.08560027E+3	1.29514900E-1	6.64763370E-1
1.08603278E+3	1.29429400E-1	6.64751385E-1
1.08645110E+3	1.29577100E-1	6.64722899E-1
1.08694367E+3	1.29615900E-1	6.64697588E-1
1.08719076E+3	1.29581000E-1	6.64709841E-1
1.08721539E+3	1.29402100E-1	6.64717577E-1
1.08747773E+3	1.29456600E-1	6.64716415E-1
1.08766627E+3	1.29511000E-1	6.64713195E-1
1.08788020E+3	1.29581000E-1	6.64735465E-1
1.08826457E+3	1.29542100E-1	6.64718785E-1
1.08828164E+3	1.29549900E-1	6.64732580E-1
1.08846415E+3	1.29460500E-1	6.64735821E-1
1.08865052E+3	1.29581000E-1	6.64722986E-1
1.08896703E+3	1.29476000E-1	6.64731796E-1
1.08898221E+3	1.29608200E-1	6.64782464E-1
1.08911121E+3	1.29588700E-1	6.64773698E-1
1.08928715E+3	1.29584800E-1	6.64755185E-1
1.08951576E+3	1.29592600E-1	6.64771731E-1
1.08965184E+3	1.29600400E-1	6.64776471E-1
1.08980346E+3	1.29584800E-1	6.64730800E-1
1.08981908E+3	1.29538200E-1	6.64784031E-1
1.08994719E+3	1.29406000E-1	6.64797268E-1
1.09007372E+3	1.29577100E-1	6.64794540E-1
1.09017927E+3	1.29596500E-1	6.64769810E-1
1.09037992E+3	1.29495400E-1	6.64799504E-1
1.09049461E+3	1.29378800E-1	6.64825128E-1
1.09051551E+3	1.29495400E-1	6.64836845E-1
1.09068230E+3	1.29499300E-1	6.64837158E-1
1.09069590E+3	1.29456600E-1	6.64807732E-1
1.09079577E+3	1.29600400E-1	6.64765159E-1
1.09089565E+3	1.29448800E-1	6.64813188E-1
1.09098143E+3	1.29406000E-1	6.64818152E-1
1.09113971E+3	1.29608200E-1	6.64802142E-1
1.09115182E+3	1.29600400E-1	6.64774595E-1
1.09121721E+3	1.29549900E-1	6.64762163E-1
1.09129096E+3	1.29577100E-1	6.64863498E-1
1.09141529E+3	1.29464300E-1	6.64869893E-1
1.09150449E+3	1.29421600E-1	6.64811972E-1
1.09151489E+3	1.29662600E-1	6.64785464E-1
1.09162301E+3	1.29526500E-1	6.64808137E-1
1.09164881E+3	1.29476000E-1	6.64820882E-1
1.09174531E+3	1.29565400E-1	6.64840514E-1
1.09174792E+3	1.29522700E-1	6.64833448E-1
1.09183550E+3	1.29495400E-1	6.64857820E-1
1.09194015E+3	1.29479900E-1	6.64822894E-1
1.09201107E+3	1.29499300E-1	6.64818825E-1
1.09201827E+3	1.29441000E-1	6.64819809E-1
1.09204439E+3	1.29421600E-1	6.64820256E-1
1.09210932E+3	1.29546000E-1	6.64839083E-1
1.09215534E+3	1.29542100E-1	6.64817707E-1
1.09220150E+3	1.29596500E-1	6.64860459E-1
1.09229034E+3	1.29452700E-1	6.64870700E-1
1.09230277E+3	1.29639300E-1	6.64837607E-1
1.09238076E+3	1.29409900E-1	6.64825443E-1
1.09238571E+3	1.29472100E-1	6.64798790E-1
1.09244403E+3	1.29476000E-1	6.64787195E-1
1.09249072E+3	1.29627600E-1	6.64800268E-1
1.09254431E+3	1.29619800E-1	6.64825311E-1
1.09258983E+3	1.29569300E-1	6.64838772E-1
1.09265918E+3	1.29577100E-1	6.64816501E-1
1.09269209E+3	1.29464300E-1	6.64832064E-1
1.09269493E+3	1.29577100E-1	6.64827145E-1
1.09274500E+3	1.29511000E-1	6.64824819E-1
1.09279962E+3	1.29425500E-1	6.64821868E-1
1.09284407E+3	1.29441000E-1	6.64797711E-1
1.09285339E+3	1.29452700E-1	6.64844140E-1
1.09288113E+3	1.29612000E-1	6.64827996E-1
1.09289779E+3	1.29654800E-1	6.64811584E-1
1.09294703E+3	1.29495400E-1	6.64805860E-1
1.09297801E+3	1.29592600E-1	6.64818203E-1
1.09303425E+3	1.29623700E-1	6.64784887E-1
1.09303988E+3	1.29413800E-1	6.64806307E-1
1.09310062E+3	1.29437100E-1	6.64796871E-1
1.09313025E+3	1.29612000E-1	6.64821190E-1
1.09313714E+3	1.29549900E-1	6.64851655E-1
1.09315101E+3	1.29495400E-1	6.64844813E-1
1.09318618E+3	1.29542100E-1	6.64820933E-1
1.09323328E+3	1.29441000E-1	6.64831889E-1
1.09324067E+3	1.29619800E-1	6.64802598E-1
1.09327889E+3	1.29596500E-1	6.64795129E-1
1.09328682E+3	1.29487700E-1	6.64813778E-1
1.09331501E+3	1.29495400E-1	6.64809395E-1
1.09334585E+3	1.29433300E-1	6.64768200E-1
1.09334288E+3	1.29608200E-1	6.64763336E-1
1.09336062E+3	1.29577100E-1	6.64834708E-1
1.09338715E+3	1.29577100E-1	6.64817134E-1
1.09344685E+3	1.29499300E-1	6.64841908E-1
1.09344839E+3	1.29433300E-1	6.64811186E-1
1.09347234E+3	1.29448800E-1	6.64862792E-1
1.09347278E+3	1.29452700E-1	6.64872765E-1
1.09349986E+3	1.29654800E-1	6.64885957E-1
1.09353471E+3	1.29441000E-1	6.64860735E-1
1.09354452E+3	1.29476000E-1	6.64838196E-1
1.09356006E+3	1.29433300E-1	6.64809173E-1
1.09357775E+3	1.29588700E-1	6.64830013E-1
1.09359383E+3	1.29623700E-1	6.64830907E-1
1.09362526E+3	1.29444900E-1	6.64858454E-1
1.09365363E+3	1.29476000E-1	6.64828045E-1
1.09366480E+3	1.29577100E-1	6.64826390E-1
1.09367970E+3	1.29444900E-1	6.64843876E-1
1.09370088E+3	1.29542100E-1	6.64857918E-1
1.09370834E+3	1.29456600E-1	6.64844726E-1
1.09369730E+3	1.29565400E-1	6.64834216E-1
1.09373616E+3	1.29495400E-1	6.64856621E-1
1.09375341E+3	1.29456600E-1	6.64854072E-1
1.09376390E+3	1.29472100E-1	6.64852641E-1
1.09376462E+3	1.29658700E-1	6.64837347E-1
1.09377899E+3	1.29511000E-1	6.64826077E-1
1.09382082E+3	1.29487700E-1	6.64831802E-1
1.09380443E+3	1.29456600E-1	6.64810202E-1
1.09383091E+3	1.29658700E-1	6.64835424E-1
1.09383721E+3	1.29542100E-1	6.64823439E-1
1.09386666E+3	1.29468200E-1	6.64832070E-1
1.09385630E+3	1.29514900E-1	6.64836050E-1
1.09389111E+3	1.29464300E-1	6.64852015E-1
1.09389030E+3	1.29538200E-1	6.64843518E-1
1.09390205E+3	1.29592600E-1	6.64846827E-1
1.09390948E+3	1.29584800E-1	6.64852909E-1
1.09393713E+3	1.29456600E-1	6.64822442E-1
1.09393794E+3	1.29650900E-1	6.64844951E-1
1.09394960E+3	1.29619800E-1	6.64826840E-1
1.09396621E+3	1.29483800E-1	6.64842179E-1
1.09397342E+3	1.29623700E-1	6.64848305E-1
1.09396428E+3	1.29460500E-1	6.64874153E-1
1.09397581E+3	1.29421600E-1	6.64860245E-1
