# Begin of measurement: 22.11.2018 12:28:23
# R-Sample[Ohm]	I-Coil[A]	U-Magnetometer[V]
# Kei2000	HP E3631A +6V : I	Kei2000
1.08911422E+3	6.43318200E-2	3.25765563E-1
1.08915168E+3	6.42268700E-2	3.25789220E-1
1.08927813E+3	6.43823500E-2	3.25784211E-1
1.08938205E+3	6.42502000E-2	3.25839708E-1
1.08949328E+3	6.43201600E-2	3.25840513E-1
1.08959511E+3	6.43551400E-2	3.25823520E-1
1.08969651E+3	6.41608000E-2	3.25811177E-1
1.08980062E+3	6.42424200E-2	3.25788325E-1
1.08989496E+3	6.43434800E-2	3.25824520E-1
1.09001411E+3	6.43201600E-2	3.25820634E-1
1.09010110E+3	6.42463200E-2	3.25798811E-1
1.09019571E+3	6.42307700E-2	3.25777569E-1
1.09027203E+3	6.42113400E-2	3.25787854E-1
1.09038425E+3	6.42113400E-2	3.25774975E-1
1.09044855E+3	6.42696300E-2	3.25764242E-1
1.09054163E+3	6.42229900E-2	3.25779715E-1
1.09062642E+3	6.43434800E-2	3.25778329E-1
1.09070639E+3	6.41530200E-2	3.25734621E-1
1.09084503E+3	6.41569100E-2	3.25733767E-1
1.09086903E+3	6.43357100E-2	3.25758229E-1
1.09097873E+3	6.43279300E-2	3.25737837E-1
1.09107811E+3	6.41180500E-2	3.25700943E-1
1.09118244E+3	6.43745900E-2	3.25701032E-1
1.09125030E+3	6.42113400E-2	3.25717355E-1
1.09131190E+3	6.42890600E-2	3.25729072E-1
1.09135427E+3	6.41918900E-2	3.25729787E-1
1.09136485E+3	6.41724600E-2	3.25715253E-1
1.09136287E+3	6.43162700E-2	3.25718071E-1
1.09132383E+3	6.42074400E-2	3.25762522E-1
1.09125683E+3	6.41724600E-2	3.25719323E-1
1.09118037E+3	6.43162700E-2	3.25713151E-1
1.09103364E+3	6.42074400E-2	3.25726478E-1
1.09086984E+3	6.42229900E-2	3.25696918E-1
1.09067657E+3	6.43007300E-2	3.25731800E-1
1.09045814E+3	6.43706900E-2	3.25730503E-1
1.09016211E+3	6.41802300E-2	3.25726702E-1
1.08985587E+3	6.41802300E-2	3.25710960E-1
1.08955795E+3	6.43434800E-2	3.25751879E-1
1.08916601E+3	6.42502000E-2	3.25728088E-1
1.08877300E+3	6.41841200E-2	3.25713330E-1
1.08829312E+3	6.43046100E-2	3.25721514E-1
1.08786484E+3	6.41141600E-2	3.25743963E-1
1.08728675E+3	6.41957800E-2	3.25732694E-1
1.08674018E+3	6.42968400E-2	3.25685246E-1
1.08616809E+3	6.42268700E-2	3.25760823E-1
1.08549282E+3	6.41646900E-2	3.25736450E-1
1.08480551E+3	6.43201600E-2	3.25724287E-1
1.08411266E+3	6.42735200E-2	3.25725941E-1
1.08337832E+3	6.42074400E-2	3.25723884E-1
1.08258049E+3	6.42113400E-2	3.25725222E-1
1.08173983E+3	6.43007300E-2	3.25773860E-1
1.08086424E+3	6.41996800E-2	3.25730213E-1
1.08000804E+3	6.41841200E-2	3.25763172E-1
1.07904317E+3	6.41452600E-2	3.25729364E-1
1.07801841E+3	6.42191100E-2	3.25690323E-1
1.07699296E+3	6.41608000E-2	3.25690950E-1
1.07603342E+3	6.42463200E-2	3.25673509E-1
1.07496172E+3	6.41724600E-2	3.25777974E-1
1.07383639E+3	6.43162700E-2	3.25738263E-1
1.07267657E+3	6.41880100E-2	3.25707675E-1
1.07151089E+3	6.43512500E-2	3.25737861E-1
1.07025757E+3	6.42968400E-2	3.25738576E-1
1.06900971E+3	6.43240500E-2	3.25788215E-1
1.06766351E+3	6.42579700E-2	3.25799484E-1
1.06631087E+3	6.41608000E-2	3.25795281E-1
1.06497881E+3	6.43668100E-2	3.25813482E-1
1.06354862E+3	6.43318200E-2	3.25798143E-1
1.06225119E+3	6.42851800E-2	3.25770730E-1
1.06073512E+3	6.43551400E-2	3.25802302E-1
1.05944612E+3	6.43123900E-2	3.25790630E-1
1.05774860E+3	6.41646900E-2	3.25781596E-1
1.05611781E+3	6.42152100E-2	3.25775783E-1
1.05457695E+3	6.41841200E-2	3.25806192E-1
1.05300906E+3	6.41608000E-2	3.25850644E-1
1.05115975E+3	6.43590400E-2	3.25856994E-1
1.04961396E+3	6.41957800E-2	3.25867056E-1
1.04814367E+3	6.41608000E-2	3.25863255E-1
1.04699384E+3	6.42579700E-2	3.25848318E-1
1.04516934E+3	6.43318200E-2	3.25867235E-1
1.04322078E+3	6.41608000E-2	3.25827971E-1
1.04142707E+3	6.43240500E-2	3.25874703E-1
1.03951260E+3	6.43279300E-2	3.25867448E-1
1.03749600E+3	6.43085000E-2	3.25830544E-1
1.03550973E+3	6.42268700E-2	3.25878394E-1
1.03353316E+3	6.42229900E-2	3.25850265E-1
1.03180605E+3	6.41763400E-2	3.25852993E-1
1.03007377E+3	6.43434800E-2	3.25805635E-1
1.02833707E+3	6.41685700E-2	3.25799106E-1
1.02632858E+3	6.41957800E-2	3.25807692E-1
1.02425636E+3	6.43357100E-2	3.25806395E-1
1.02230708E+3	6.41530200E-2	3.25762883E-1
1.02021141E+3	6.41918900E-2	3.25812432E-1
1.01822516E+3	6.43201600E-2	3.25808944E-1
1.01666768E+3	6.43007300E-2	3.25763375E-1
1.01439000E+3	6.41763400E-2	3.25796467E-1
1.01225943E+3	6.41569100E-2	3.25783409E-1
1.01045564E+3	6.41646900E-2	3.25791503E-1
1.00850037E+3	6.43395900E-2	3.25797630E-1
1.00642256E+3	6.42890600E-2	3.25744100E-1
1.00432094E+3	6.42424200E-2	3.25750719E-1
1.00145536E+3	6.43357100E-2	3.25697270E-1
9.99355181E+2	6.41802300E-2	3.25748551E-1
9.97217992E+2	6.41180500E-2	3.25719752E-1
9.94796848E+2	6.43357100E-2	3.25728606E-1
9.92113001E+2	6.41724600E-2	3.25704413E-1
9.89498110E+2	6.41374800E-2	3.25712328E-1
9.86983859E+2	6.41880100E-2	3.25739831E-1
9.84565417E+2	6.43318200E-2	3.25732587E-1
9.81848746E+2	6.42774100E-2	3.25730127E-1
9.79044672E+2	6.43240500E-2	3.25736075E-1
9.76441339E+2	6.42191100E-2	3.25703206E-1
9.74565412E+2	6.41491400E-2	3.25677760E-1
9.72691272E+2	6.42229900E-2	3.25685854E-1
9.70387868E+2	6.41880100E-2	3.25666107E-1
9.67507874E+2	6.42851800E-2	3.25685026E-1
9.64669081E+2	6.42968400E-2	3.25691465E-1
9.62059849E+2	6.42579700E-2	3.25682700E-1
9.59571295E+2	6.42968400E-2	3.25678899E-1
9.57115118E+2	6.41841200E-2	3.25696966E-1
9.54535019E+2	6.41297100E-2	3.25692941E-1
9.52376071E+2	6.41996800E-2	3.25692315E-1
9.49846696E+2	6.41724600E-2	3.25684936E-1
9.47636381E+2	6.42540800E-2	3.25638115E-1
9.45322137E+2	6.43123900E-2	3.25705373E-1
9.43189632E+2	6.42035500E-2	3.25666825E-1
9.40509840E+2	6.42035500E-2	3.25688872E-1
9.38025970E+2	6.42152100E-2	3.25672236E-1
9.34912724E+2	6.43085000E-2	3.25703987E-1
9.32735550E+2	6.42035500E-2	3.25626622E-1
9.30378484E+2	6.41763400E-2	3.25634492E-1
9.27263256E+2	6.41918900E-2	3.25700409E-1
9.24400284E+2	6.41413600E-2	3.25682342E-1
9.21393757E+2	6.43512500E-2	3.25675187E-1
9.18377910E+2	6.42812900E-2	3.25663918E-1
9.16093656E+2	6.41685700E-2	3.25658775E-1
9.13703522E+2	6.41841200E-2	3.25622597E-1
9.08852227E+2	6.42812900E-2	3.25593529E-1
9.08172687E+2	6.42113400E-2	3.25588655E-1
9.05242890E+2	6.42812900E-2	3.25618796E-1
9.01441007E+2	6.42890600E-2	3.25632077E-1
8.98069155E+2	6.43357100E-2	3.25631899E-1
8.95737213E+2	6.41335900E-2	3.25602741E-1
8.93323549E+2	6.42968400E-2	3.25631496E-1
8.91542030E+2	6.42735200E-2	3.25633598E-1
8.89462570E+2	6.41297100E-2	3.25637712E-1
8.87310431E+2	6.43046100E-2	3.25605761E-1
8.84437686E+2	6.42618600E-2	3.25595610E-1
8.81092177E+2	6.42657500E-2	3.25616315E-1
8.78181607E+2	6.41802300E-2	3.25627406E-1
8.75894775E+2	6.43279300E-2	3.25647530E-1
8.71878031E+2	6.42618600E-2	3.25617120E-1
8.69363945E+2	6.41724600E-2	3.25616871E-1
8.66450042E+2	6.41608000E-2	3.25598895E-1
8.62545354E+2	6.41025000E-2	3.25621032E-1
8.58310961E+2	6.41530200E-2	3.25599924E-1
8.55935746E+2	6.43240500E-2	3.25609539E-1
8.53271035E+2	6.42191100E-2	3.25622373E-1
8.51920020E+2	6.41957800E-2	3.25594547E-1
8.50268182E+2	6.42968400E-2	3.25583491E-1
8.46254886E+2	6.41957800E-2	3.25594268E-1
8.44237295E+2	6.43395900E-2	3.25624633E-1
8.41737754E+2	6.41491400E-2	3.25637781E-1
8.39729169E+2	6.42696300E-2	3.25606164E-1
8.33937756E+2	6.41996800E-2	3.25611396E-1
8.33341265E+2	6.41452600E-2	3.25620406E-1
8.31160267E+2	6.42929600E-2	3.25606856E-1
8.27386347E+2	6.41841200E-2	3.25633419E-1
8.24178267E+2	6.41491400E-2	3.25619467E-1
8.22648480E+2	6.41685700E-2	3.25638294E-1
8.16067828E+2	6.42890600E-2	3.25631317E-1
8.15938278E+2	6.41335900E-2	3.25641045E-1
8.13793074E+2	6.43123900E-2	3.25651733E-1
8.10324003E+2	6.41608000E-2	3.25651912E-1
8.09226634E+2	6.41258200E-2	3.25658888E-1
8.08040468E+2	6.41880100E-2	3.25641179E-1
8.06205832E+2	6.41063800E-2	3.25662511E-1
8.03559044E+2	6.41258200E-2	3.25662645E-1
8.00750241E+2	6.41880100E-2	3.25633130E-1
7.94270908E+2	6.42035500E-2	3.25690103E-1
7.93818008E+2	6.42035500E-2	3.25689164E-1
7.92583684E+2	6.43279300E-2	3.25696319E-1
7.90396692E+2	6.40986200E-2	3.25682053E-1
7.86348767E+2	6.42618600E-2	3.25672796E-1
7.83126953E+2	6.43007300E-2	3.25688001E-1
7.80752413E+2	6.42968400E-2	3.25703608E-1
7.77886422E+2	6.41646900E-2	3.25729456E-1
7.74688113E+2	6.41491400E-2	3.25705710E-1
7.72817891E+2	6.42424200E-2	3.25683663E-1
7.70010255E+2	6.41608000E-2	3.25675211E-1
7.66521101E+2	6.43434800E-2	3.25662555E-1
7.64107746E+2	6.41802300E-2	3.25678341E-1
7.61462759E+2	6.43551400E-2	3.25669487E-1
7.58230724E+2	6.41530200E-2	3.25665552E-1
7.52835257E+2	6.42812900E-2	3.25663226E-1
7.52377002E+2	6.41996800E-2	3.25628524E-1
7.50362009E+2	6.41841200E-2	3.25649286E-1
7.47831487E+2	6.41219300E-2	3.25657299E-1
7.46434356E+2	6.42152100E-2	3.25655376E-1
7.44359262E+2	6.42774100E-2	3.25645136E-1
7.42195910E+2	6.41491400E-2	3.25592992E-1
7.39124674E+2	6.42929600E-2	3.25650234E-1
7.38245338E+2	6.41646900E-2	3.25594602E-1
7.37047345E+2	6.42307700E-2	3.25628813E-1
7.34621380E+2	6.43395900E-2	3.25655511E-1
7.30183632E+2	6.41219300E-2	3.25605693E-1
7.26977350E+2	6.41063800E-2	3.25635923E-1
7.24263107E+2	6.43240500E-2	3.25620540E-1
7.21919365E+2	6.41685700E-2	3.25601131E-1
7.19121907E+2	6.42540800E-2	3.25602499E-1
7.16435251E+2	6.43318200E-2	3.25633756E-1
7.14523350E+2	6.41646900E-2	3.25617657E-1
7.11301444E+2	6.42774100E-2	3.25625349E-1
7.08740752E+2	6.43007300E-2	3.25663942E-1
7.06402866E+2	6.41763400E-2	3.25616673E-1
7.06292679E+2	6.42774100E-2	3.25605016E-1
7.04269098E+2	6.41063800E-2	3.25612624E-1
7.00229403E+2	6.42968400E-2	3.25578682E-1
6.98031433E+2	6.42774100E-2	3.25620942E-1
6.94833258E+2	6.42540800E-2	3.25620495E-1
6.92477946E+2	6.42229900E-2	3.25641290E-1
6.91257421E+2	6.41569100E-2	3.25656940E-1
6.90553025E+2	6.41608000E-2	3.25640822E-1
6.87134926E+2	6.43085000E-2	3.25652985E-1
6.83826024E+2	6.43240500E-2	3.25676195E-1
6.82115782E+2	6.41452600E-2	3.25665999E-1
6.80420359E+2	6.42074400E-2	3.25625751E-1
6.77785456E+2	6.42774100E-2	3.25670784E-1
6.75892640E+2	6.43085000E-2	3.25630804E-1
6.73323570E+2	6.43085000E-2	3.25605046E-1
6.69169371E+2	6.41413600E-2	3.25634069E-1
6.69035183E+2	6.41335900E-2	3.25653835E-1
6.67539215E+2	6.41297100E-2	3.25690908E-1
6.64217503E+2	6.42424200E-2	3.25647843E-1
6.62513090E+2	6.42890600E-2	3.25631520E-1
6.59540646E+2	6.42618600E-2	3.25647440E-1
6.57763465E+2	6.41530200E-2	3.25655490E-1
6.56379077E+2	6.41530200E-2	3.25626869E-1
6.55470877E+2	6.43007300E-2	3.25620340E-1
6.52688502E+2	6.41491400E-2	3.25639256E-1
6.51769810E+2	6.41957800E-2	3.25617970E-1
6.48806867E+2	6.41608000E-2	3.25671902E-1
6.47242181E+2	6.41918900E-2	3.25672796E-1
6.46089425E+2	6.42696300E-2	3.25683037E-1
6.44109521E+2	6.43007300E-2	3.25678341E-1
6.40825338E+2	6.41608000E-2	3.25700031E-1
6.39282491E+2	6.42851800E-2	3.25684602E-1
6.37590686E+2	6.43201600E-2	3.25677134E-1
6.33438333E+2	6.42812900E-2	3.25712686E-1
6.30236283E+2	6.43007300E-2	3.25734152E-1
6.27898891E+2	6.41180500E-2	3.25718947E-1
6.25306901E+2	6.41957800E-2	3.25712105E-1
6.23612755E+2	6.41880100E-2	3.25709914E-1
6.22593196E+2	6.42735200E-2	3.25702311E-1
6.20031737E+2	6.41530200E-2	3.25738803E-1
6.18283330E+2	6.41880100E-2	3.25741128E-1
6.16611023E+2	6.43007300E-2	3.25726013E-1
6.16314729E+2	6.42929600E-2	3.25756243E-1
6.13329721E+2	6.43279300E-2	3.25761610E-1
6.10087235E+2	6.42463200E-2	3.25743901E-1
6.08066715E+2	6.43085000E-2	3.25765032E-1
6.06182049E+2	6.43085000E-2	3.25763601E-1
6.04446963E+2	6.42191100E-2	3.25786229E-1
6.03561092E+2	6.43162700E-2	3.25791953E-1
6.02613581E+2	6.42890600E-2	3.25776078E-1
6.01035251E+2	6.41180500E-2	3.25777464E-1
5.98590373E+2	6.41763400E-2	3.25751995E-1
5.95677908E+2	6.41413600E-2	3.25802528E-1
5.92966590E+2	6.42929600E-2	3.25793942E-1
5.91351004E+2	6.43279300E-2	3.25818583E-1
5.89077669E+2	6.42851800E-2	3.25822250E-1
5.87238214E+2	6.41880100E-2	3.25864644E-1
5.84717642E+2	6.42035500E-2	3.25822865E-1
5.83607079E+2	6.42890600E-2	3.25873209E-1
5.80485319E+2	6.41802300E-2	3.25870839E-1
5.80309073E+2	6.43007300E-2	3.25898520E-1
5.79455134E+2	6.41608000E-2	3.25893154E-1
5.78039864E+2	6.42735200E-2	3.25888950E-1
5.76038622E+2	6.41918900E-2	3.25939081E-1
5.74512663E+2	6.41297100E-2	3.25953392E-1
5.72788528E+2	6.41646900E-2	3.25870347E-1
5.70069916E+2	6.41569100E-2	3.25942077E-1
5.68805713E+2	6.40791700E-2	3.25895793E-1
5.67441859E+2	6.41646900E-2	3.25942256E-1
5.64057272E+2	6.43201600E-2	3.25966003E-1
5.62394595E+2	6.42074400E-2	3.26055559E-1
5.61252151E+2	6.41724600E-2	3.26104344E-1
5.58496975E+2	6.41569100E-2	3.26310905E-1
5.56645901E+2	6.42579700E-2	3.33713583E-1
5.55250256E+2	6.42851800E-2	3.65381181E-1
5.53626852E+2	6.41880100E-2	3.65487838E-1
5.52785746E+2	6.41530200E-2	3.65485691E-1
5.50727219E+2	6.42968400E-2	3.65457428E-1
5.48434136E+2	6.42968400E-2	3.65470218E-1
5.46388040E+2	6.42657500E-2	3.65446070E-1
5.45363078E+2	6.43357100E-2	3.65410383E-1
5.43980356E+2	6.41646900E-2	3.65437260E-1
5.42318092E+2	6.42968400E-2	3.65463153E-1
5.41274623E+2	6.43240500E-2	3.65437841E-1
5.40490643E+2	6.43085000E-2	3.65447009E-1
5.38564962E+2	6.42618600E-2	3.65490387E-1
5.36096265E+2	6.43240500E-2	3.65507649E-1
5.35896829E+2	6.42890600E-2	3.65522317E-1
5.33673813E+2	6.42696300E-2	3.65469995E-1
5.32336257E+2	6.43085000E-2	3.65490815E-1
5.29486656E+2	6.41141600E-2	3.65552211E-1
5.28051116E+2	6.41530200E-2	3.65502482E-1
5.26021245E+2	6.41569100E-2	3.65527257E-1
5.25664026E+2	6.42774100E-2	3.65586913E-1
5.25311220E+2	6.42074400E-2	3.65580831E-1
5.22448874E+2	6.41646900E-2	3.65635613E-1
5.21033552E+2	6.41841200E-2	3.65578998E-1
5.20342078E+2	6.41880100E-2	3.65568399E-1
5.19517723E+2	6.41685700E-2	3.65587942E-1
5.17790601E+2	6.41880100E-2	3.65541344E-1
5.15647460E+2	6.41880100E-2	3.65551629E-1
5.13783194E+2	6.43046100E-2	3.65555431E-1
5.12374220E+2	6.41180500E-2	3.65586042E-1
5.11259965E+2	6.43357100E-2	3.65521109E-1
5.09846939E+2	6.41880100E-2	3.65555096E-1
5.07343884E+2	6.42385400E-2	3.65590917E-1
5.05809848E+2	6.43240500E-2	3.65601560E-1
5.05401077E+2	6.41491400E-2	3.65550535E-1
5.03659336E+2	6.42385400E-2	3.65575693E-1
5.02434174E+2	6.43162700E-2	3.65571082E-1
5.01434384E+2	6.41957800E-2	3.65559545E-1
5.00035677E+2	6.42385400E-2	3.65539958E-1
4.98400566E+2	6.41802300E-2	3.65576762E-1
4.97924829E+2	6.41335900E-2	3.65500202E-1
4.97308942E+2	6.43007300E-2	3.65518038E-1
4.94779860E+2	6.43668100E-2	3.65513684E-1
4.93673531E+2	6.41219300E-2	3.65557867E-1
4.92407932E+2	6.41763400E-2	3.65555139E-1
4.90415106E+2	6.42035500E-2	3.65497227E-1
4.89078451E+2	6.41608000E-2	3.65551069E-1
4.87948931E+2	6.42968400E-2	3.65524819E-1
4.86714914E+2	6.41996800E-2	3.65541410E-1
4.85340151E+2	6.42424200E-2	3.65517261E-1
4.83697250E+2	6.41841200E-2	3.65540918E-1
4.82707727E+2	6.43123900E-2	3.65567705E-1
4.81940199E+2	6.42735200E-2	3.65524327E-1
4.80665369E+2	6.41335900E-2	3.65571238E-1
4.80591746E+2	6.41608000E-2	3.65570075E-1
4.80691511E+2	6.42735200E-2	3.65584251E-1
4.80562889E+2	6.43007300E-2	3.65510106E-1
4.79888932E+2	6.41880100E-2	3.65451836E-1
4.79367176E+2	6.41802300E-2	3.65514041E-1
4.79432694E+2	6.43240500E-2	3.65447856E-1
4.79192777E+2	6.42424200E-2	3.65448214E-1
4.78901886E+2	6.42540800E-2	3.65434351E-1
4.78763421E+2	6.41880100E-2	3.65469411E-1
4.79084173E+2	6.41335900E-2	3.65428984E-1
4.78619783E+2	6.41297100E-2	3.65441238E-1
4.78588263E+2	6.43123900E-2	3.65454832E-1
4.78629915E+2	6.42696300E-2	3.65427732E-1
4.78409586E+2	6.41569100E-2	3.65431063E-1
4.78540487E+2	6.42890600E-2	3.65475514E-1
4.78098072E+2	6.42385400E-2	3.65463842E-1
4.78395088E+2	6.41530200E-2	3.65481999E-1
4.78273525E+2	6.41646900E-2	3.65462143E-1
4.78476067E+2	6.41841200E-2	3.65481238E-1
4.78029195E+2	6.41530200E-2	3.65507651E-1
4.77348304E+2	6.42890600E-2	3.65481215E-1
4.78122946E+2	6.40947200E-2	3.65451029E-1
4.77838900E+2	6.41763400E-2	3.65452907E-1
4.77429441E+2	6.41335900E-2	3.65392312E-1
4.76976704E+2	6.40947200E-2	3.65408411E-1
4.76929153E+2	6.41530200E-2	3.65426791E-1
4.77855995E+2	6.43123900E-2	3.65400183E-1
4.77742476E+2	6.40947200E-2	3.65429564E-1
4.77603965E+2	6.43085000E-2	3.65422587E-1
4.77336895E+2	6.42502000E-2	3.65364049E-1
4.77769223E+2	6.42579700E-2	3.65381848E-1
4.78268123E+2	6.41646900E-2	3.65367761E-1
4.78547107E+2	6.42540800E-2	3.65351775E-1
4.77871080E+2	6.42812900E-2	3.65356873E-1
4.78278732E+2	6.42540800E-2	3.65371407E-1
4.78475376E+2	6.41491400E-2	3.65415948E-1
4.78142743E+2	6.41802300E-2	3.65372525E-1
4.77964786E+2	6.42540800E-2	3.65391933E-1
4.77897593E+2	6.40869500E-2	3.65333054E-1
4.77422375E+2	6.41180500E-2	3.65372995E-1
4.77474429E+2	6.43085000E-2	3.65390347E-1
4.77620235E+2	6.41219300E-2	3.65363202E-1
4.77460380E+2	6.41180500E-2	3.65347818E-1
4.77154360E+2	6.41335900E-2	3.65387440E-1
4.77784502E+2	6.41219300E-2	3.65341915E-1
4.77661257E+2	6.42618600E-2	3.65333016E-1
4.77278310E+2	6.41258200E-2	3.65381895E-1
4.78809668E+2	6.41569100E-2	3.65341289E-1
4.78061008E+2	6.41608000E-2	3.65356941E-1
4.77330540E+2	6.41452600E-2	3.65336862E-1
4.77418933E+2	6.42074400E-2	3.65386098E-1
4.77179826E+2	6.41724600E-2	3.65385427E-1
4.77336754E+2	6.40986200E-2	3.65413646E-1
4.78207753E+2	6.40947200E-2	3.65412349E-1
4.77916173E+2	6.41763400E-2	3.65401840E-1
4.78395736E+2	6.42968400E-2	3.65409844E-1
4.77616456E+2	6.42696300E-2	3.65409397E-1
4.77952827E+2	6.42774100E-2	3.65400990E-1
4.78144292E+2	6.42540800E-2	3.65415971E-1
4.77464707E+2	6.41374800E-2	3.65411767E-1
4.77834894E+2	6.41763400E-2	3.65414361E-1
4.77879975E+2	6.42851800E-2	3.65403494E-1
4.77699497E+2	6.42735200E-2	3.65424513E-1
4.76990372E+2	6.42540800E-2	3.65394416E-1
4.77113213E+2	6.42268700E-2	3.65395355E-1
4.77462912E+2	6.41297100E-2	3.65330288E-1
4.77417252E+2	6.42618600E-2	3.65330646E-1
4.76844207E+2	6.40869500E-2	3.65327471E-1
4.77128838E+2	6.41180500E-2	3.65330556E-1
4.77266944E+2	6.41102700E-2	3.65321881E-1
4.77000864E+2	6.41685700E-2	3.65298850E-1
4.76540843E+2	6.40830700E-2	3.65313563E-1
4.76598751E+2	6.41219300E-2	3.65349741E-1
4.76982672E+2	6.42191100E-2	3.65376215E-1
4.77114294E+2	6.41102700E-2	3.65363873E-1
4.77656224E+2	6.41452600E-2	3.65341513E-1
4.77123119E+2	6.41763400E-2	3.65324385E-1
4.77066345E+2	6.41569100E-2	3.65334313E-1
4.77448949E+2	6.42579700E-2	3.65355397E-1
4.77205519E+2	6.41646900E-2	3.65353208E-1
4.76472979E+2	6.42812900E-2	3.65346411E-1
4.77132166E+2	6.42735200E-2	3.65342118E-1
4.77737228E+2	6.42346500E-2	3.65340463E-1
4.77569718E+2	6.43240500E-2	3.65293239E-1
4.77528741E+2	6.41646900E-2	3.65329238E-1
4.77540719E+2	6.42618600E-2	3.65345695E-1
4.77903161E+2	6.41452600E-2	3.65380263E-1
4.78074814E+2	6.42774100E-2	3.65350480E-1
4.77135048E+2	6.40791700E-2	3.65308935E-1
4.76224191E+2	6.42812900E-2	3.65321323E-1
4.76802776E+2	6.42424200E-2	3.65322486E-1
4.76669803E+2	6.41802300E-2	3.65351598E-1
4.76632567E+2	6.41413600E-2	3.65371096E-1
4.76428681E+2	6.41102700E-2	3.65391086E-1
4.76698722E+2	6.41763400E-2	3.65399672E-1
4.77097819E+2	6.42851800E-2	3.65327092E-1
4.76998529E+2	6.43123900E-2	3.65353834E-1
4.76330381E+2	6.41297100E-2	3.65335699E-1
4.76007610E+2	6.41491400E-2	3.65298805E-1
4.76178497E+2	6.42657500E-2	3.65301444E-1
4.76172958E+2	6.42463200E-2	3.65306587E-1
4.76146120E+2	6.41646900E-2	3.65357791E-1
4.76426564E+2	6.41452600E-2	3.65329841E-1
4.76165393E+2	6.42812900E-2	3.65408995E-1
4.76765321E+2	6.41763400E-2	3.65411454E-1
4.77736743E+2	6.42191100E-2	3.65410336E-1
4.77223001E+2	6.43162700E-2	3.65418788E-1
4.76711449E+2	6.43007300E-2	3.65438599E-1
4.76752394E+2	6.42191100E-2	3.65439136E-1
4.76469473E+2	6.43085000E-2	3.65415882E-1
4.76497842E+2	6.41685700E-2	3.65437997E-1
4.77078767E+2	6.43123900E-2	3.65459149E-1
4.77235785E+2	6.42113400E-2	3.65451904E-1
4.77519832E+2	6.41530200E-2	3.65487054E-1
4.76907793E+2	6.42696300E-2	3.65495774E-1
4.76820759E+2	6.43007300E-2	3.65490632E-1
4.76906405E+2	6.42851800E-2	3.65473325E-1
4.76767714E+2	6.42618600E-2	3.65471760E-1
4.77015466E+2	6.42191100E-2	3.65459149E-1
4.77100572E+2	6.41646900E-2	3.65514915E-1
4.77291632E+2	6.43046100E-2	3.65553731E-1
4.77590223E+2	6.43279300E-2	3.65509503E-1
4.76826209E+2	6.41335900E-2	3.65482940E-1
4.76765869E+2	6.41685700E-2	3.65521488E-1
4.76973140E+2	6.43473800E-2	3.65536604E-1
4.76900057E+2	6.41763400E-2	3.65477037E-1
4.76896725E+2	6.42890600E-2	3.65509280E-1
4.76906812E+2	6.43046100E-2	3.65528017E-1
4.76729531E+2	6.42929600E-2	3.65547739E-1
4.76874511E+2	6.43007300E-2	3.65560439E-1
4.76786067E+2	6.41763400E-2	3.65509503E-1
4.76617657E+2	6.42152100E-2	3.65559813E-1
4.76742434E+2	6.43162700E-2	3.65545861E-1
4.76589603E+2	6.41685700E-2	3.65536782E-1
4.76207618E+2	6.41841200E-2	3.65552524E-1
4.75980084E+2	6.41724600E-2	3.65539645E-1
4.76094909E+2	6.43007300E-2	3.65588389E-1
4.76622880E+2	6.42540800E-2	3.65541031E-1
4.76357611E+2	6.41880100E-2	3.65566700E-1
4.76587667E+2	6.41258200E-2	3.65560931E-1
4.76313167E+2	6.41335900E-2	3.65542551E-1
4.76749503E+2	6.42035500E-2	3.65526765E-1
4.77328268E+2	6.41374800E-2	3.65532758E-1
4.77946883E+2	6.42424200E-2	3.65549349E-1
4.78016253E+2	6.41880100E-2	3.65524440E-1
4.77783586E+2	6.41685700E-2	3.65516614E-1
4.77771518E+2	6.41841200E-2	3.65537319E-1
4.77615085E+2	6.41646900E-2	3.65578325E-1
4.78035391E+2	6.42113400E-2	3.65536357E-1
4.79253034E+2	6.42968400E-2	3.65527323E-1
4.79628490E+2	6.41996800E-2	3.65515383E-1
4.80067359E+2	6.42424200E-2	3.65563322E-1
4.80548762E+2	6.42968400E-2	3.65546374E-1
4.81624246E+2	6.41452600E-2	3.65556123E-1
4.82166627E+2	6.41646900E-2	3.65574368E-1
4.89832225E+2	6.43434800E-2	3.65518735E-1
4.95537194E+2	6.41646900E-2	3.65533134E-1
5.00277180E+2	6.41918900E-2	3.65521731E-1
5.13223254E+2	6.42540800E-2	3.65515291E-1
5.23405911E+2	6.41802300E-2	3.65525577E-1
5.28760235E+2	6.41957800E-2	3.65554332E-1
5.33774759E+2	6.42307700E-2	3.65506571E-1
5.43352746E+2	6.41763400E-2	3.65537428E-1
5.44056241E+2	6.40869500E-2	3.65558491E-1
5.47764330E+2	6.43085000E-2	3.65524548E-1
5.54944056E+2	6.41685700E-2	3.65543644E-1
5.55663042E+2	6.41335900E-2	3.65509701E-1
5.58558258E+2	6.41491400E-2	3.65505305E-1
5.61044381E+2	6.43162700E-2	3.65521216E-1
5.63504588E+2	6.41608000E-2	3.65519695E-1
5.65908712E+2	6.42268700E-2	3.46764519E-1
5.68378625E+2	6.43007300E-2	3.39181310E-1
5.69822810E+2	6.43046100E-2	3.35016385E-1
5.70692015E+2	6.41996800E-2	3.32117922E-1
5.72890849E+2	6.43201600E-2	3.30339330E-1
5.74800460E+2	6.43085000E-2	3.29257247E-1
5.77308450E+2	6.41918900E-2	3.28416919E-1
5.80430021E+2	6.42035500E-2	3.27030251E-1
5.82780875E+2	6.43085000E-2	3.26849717E-1
5.84352494E+2	6.41413600E-2	3.26861031E-1
5.86496979E+2	6.42463200E-2	3.26823020E-1
5.88418522E+2	6.41957800E-2	3.26820113E-1
5.89654086E+2	6.42035500E-2	3.26787512E-1
5.91455739E+2	6.43201600E-2	3.26799184E-1
5.94144568E+2	6.41180500E-2	3.26785634E-1
5.95566554E+2	6.43085000E-2	3.26735324E-1
5.98312138E+2	6.43201600E-2	3.26601612E-1
5.99874257E+2	6.41608000E-2	3.26508729E-1
6.02126767E+2	6.43162700E-2	3.26532878E-1
6.03240527E+2	6.41880100E-2	3.26547010E-1
6.05518254E+2	6.41918900E-2	3.26518747E-1
6.06895046E+2	6.43318200E-2	3.26493480E-1
6.08345618E+2	6.43590400E-2	3.26465664E-1
6.09938266E+2	6.43007300E-2	3.26452606E-1
6.13858443E+2	6.41802300E-2	3.26440040E-1
6.14444321E+2	6.43357100E-2	3.26456676E-1
6.17995256E+2	6.41608000E-2	3.26416786E-1
6.19228208E+2	6.43629200E-2	3.26161034E-1
6.20994580E+2	6.41996800E-2	3.26093194E-1
6.23658142E+2	6.41685700E-2	3.26113297E-1
6.24650547E+2	6.43318200E-2	3.26099076E-1
6.27374020E+2	6.41102700E-2	3.26097421E-1
6.28949331E+2	6.41569100E-2	3.26118708E-1
6.30936977E+2	6.41802300E-2	3.26095856E-1
6.33813325E+2	6.42579700E-2	3.26121436E-1
6.36449305E+2	6.43434800E-2	3.26087596E-1
6.39923495E+2	6.42035500E-2	3.26141938E-1
6.41741181E+2	6.42735200E-2	3.26202176E-1
6.43136960E+2	6.41646900E-2	3.26173421E-1
6.44967589E+2	6.43007300E-2	3.26139881E-1
6.46775163E+2	6.41802300E-2	3.26131653E-1
6.49202748E+2	6.43279300E-2	3.26132950E-1
6.52132187E+2	6.43162700E-2	3.26064305E-1
6.53875377E+2	6.42152100E-2	3.26070924E-1
6.54857671E+2	6.41957800E-2	3.26025488E-1
6.56938664E+2	6.41957800E-2	3.26045254E-1
6.59025195E+2	6.41646900E-2	3.26058089E-1
6.61090608E+2	6.41530200E-2	3.26032733E-1
6.62991799E+2	6.42191100E-2	3.25971109E-1
6.66194522E+2	6.41141600E-2	3.25996957E-1
6.66831509E+2	6.43201600E-2	3.26006840E-1
6.68980740E+2	6.41569100E-2	3.25951701E-1
6.71287826E+2	6.42113400E-2	3.25948839E-1
6.73094454E+2	6.41724600E-2	3.25949599E-1
6.75144016E+2	6.41180500E-2	3.25938151E-1
6.76300464E+2	6.41335900E-2	3.25955234E-1
6.79041229E+2	6.43395900E-2	3.25932337E-1
6.81305131E+2	6.40752900E-2	3.25955547E-1
6.83058073E+2	6.42812900E-2	3.25897143E-1
6.84918358E+2	6.41063800E-2	3.25939224E-1
6.87850589E+2	6.42191100E-2	3.25868030E-1
6.90222787E+2	6.41685700E-2	3.25876125E-1
6.91841282E+2	6.41335900E-2	3.25852110E-1
6.95191161E+2	6.41063800E-2	3.25861278E-1
6.97048177E+2	6.42385400E-2	3.25842764E-1
6.99677134E+2	6.41219300E-2	3.25891329E-1
7.01604126E+2	6.42035500E-2	3.25827201E-1
7.04232497E+2	6.42502000E-2	3.25836905E-1
7.07107630E+2	6.41025000E-2	3.25827604E-1
7.08363547E+2	6.42579700E-2	3.25821656E-1
7.11169245E+2	6.42618600E-2	3.25850455E-1
7.13867186E+2	6.41141600E-2	3.25824160E-1
7.16829271E+2	6.41258200E-2	3.25854033E-1
7.19819645E+2	6.41530200E-2	3.25882800E-1
7.22405862E+2	6.40986200E-2	3.25937411E-1
7.24791163E+2	6.42191100E-2	3.25902306E-1
7.25779065E+2	6.41880100E-2	3.25878560E-1
7.27911345E+2	6.42035500E-2	3.25888756E-1
7.30407509E+2	6.42191100E-2	3.25856424E-1
7.34254917E+2	6.42502000E-2	3.25849133E-1
7.35907814E+2	6.41841200E-2	3.25870713E-1
7.38047387E+2	6.41374800E-2	3.25780156E-1
7.40698948E+2	6.42735200E-2	3.25832702E-1
7.43676656E+2	6.41841200E-2	3.25839678E-1
7.45270655E+2	6.42618600E-2	3.25824876E-1
7.47405412E+2	6.41063800E-2	3.25840349E-1
7.50680630E+2	6.42346500E-2	3.25885337E-1
7.52089152E+2	6.43046100E-2	3.25888065E-1
7.54406516E+2	6.41452600E-2	3.25902733E-1
7.57259461E+2	6.42540800E-2	3.25893968E-1
7.60596551E+2	6.41258200E-2	3.25924958E-1
7.63834712E+2	6.41646900E-2	3.25908949E-1
7.66718850E+2	6.41841200E-2	3.25936528E-1
7.68592212E+2	6.41452600E-2	3.25928068E-1
7.70368625E+2	6.41413600E-2	3.25982581E-1
7.72063625E+2	6.42579700E-2	3.25976768E-1
7.74340328E+2	6.41374800E-2	3.25961697E-1
7.77458484E+2	6.41491400E-2	3.25981463E-1
7.80457763E+2	6.41258200E-2	3.25976544E-1
7.83085234E+2	6.43279300E-2	3.26013527E-1
7.85503317E+2	6.41646900E-2	3.26016702E-1
7.87883936E+2	6.41802300E-2	3.25989244E-1
7.90244742E+2	6.43162700E-2	3.26010486E-1
7.92903935E+2	6.41491400E-2	3.26028821E-1
7.95919403E+2	6.41918900E-2	3.26030029E-1
7.98978076E+2	6.41880100E-2	3.26073586E-1
8.01939891E+2	6.42774100E-2	3.26049348E-1
8.04640130E+2	6.41646900E-2	3.26103101E-1
8.07415839E+2	6.43046100E-2	3.26094559E-1
8.10238423E+2	6.42385400E-2	3.26063300E-1
8.12234040E+2	6.43240500E-2	3.26042998E-1
8.14103800E+2	6.43201600E-2	3.26086331E-1
8.15269298E+2	6.41646900E-2	3.26067415E-1
8.17328677E+2	6.43240500E-2	3.26061154E-1
8.20307739E+2	6.43434800E-2	3.26090669E-1
8.22709072E+2	6.42152100E-2	3.26117366E-1
8.25287641E+2	6.41646900E-2	3.26059812E-1
8.27770162E+2	6.43007300E-2	3.26040721E-1
8.30467376E+2	6.42191100E-2	3.26060280E-1
8.33855855E+2	6.41724600E-2	3.26086173E-1
8.37112207E+2	6.41530200E-2	3.26030944E-1
8.39855404E+2	6.41918900E-2	3.26024952E-1
8.41735971E+2	6.42929600E-2	3.26069314E-1
8.43386887E+2	6.41413600E-2	3.26065691E-1
8.45966267E+2	6.41374800E-2	3.26092947E-1
8.49112657E+2	6.43357100E-2	3.26108151E-1
8.51225720E+2	6.42540800E-2	3.26169328E-1
8.54035650E+2	6.41335900E-2	3.26124519E-1
8.56368943E+2	6.42113400E-2	3.26151082E-1
8.59945726E+2	6.41335900E-2	3.26130198E-1
8.62723595E+2	6.41957800E-2	3.26118750E-1
8.66117108E+2	6.43085000E-2	3.26142720E-1
8.68879577E+2	6.42851800E-2	3.26152066E-1
8.70852454E+2	6.43318200E-2	3.26155375E-1
8.72853069E+2	6.43279300E-2	3.26137935E-1
8.75129085E+2	6.41802300E-2	3.26142943E-1
8.77082734E+2	6.41918900E-2	3.26086596E-1
8.79459436E+2	6.42812900E-2	3.26075595E-1
8.81955781E+2	6.42191100E-2	3.26110745E-1
8.84125707E+2	6.41569100E-2	3.26122372E-1
8.86572024E+2	6.42774100E-2	3.26083421E-1
8.90031865E+2	6.42229900E-2	3.26102517E-1
8.92632453E+2	6.43085000E-2	3.26081722E-1
8.95408386E+2	6.43123900E-2	3.26089169E-1
8.97962054E+2	6.41297100E-2	3.26092613E-1
8.99798852E+2	6.43318200E-2	3.26100841E-1
9.02188477E+2	6.43007300E-2	3.26073428E-1
9.04491645E+2	6.42191100E-2	3.26056613E-1
9.06809106E+2	6.41841200E-2	3.26082730E-1
9.09252439E+2	6.41569100E-2	3.26073249E-1
9.11760897E+2	6.42385400E-2	3.26031973E-1
9.14139399E+2	6.41608000E-2	3.25991993E-1
9.16392225E+2	6.42812900E-2	3.26038278E-1
9.18911039E+2	6.42774100E-2	3.26039486E-1
9.21620554E+2	6.43085000E-2	3.26030184E-1
9.26094419E+2	6.42618600E-2	3.26028037E-1
9.26530709E+2	6.41374800E-2	3.26011894E-1
9.28867155E+2	6.43123900E-2	3.26003665E-1
9.31838605E+2	6.41297100E-2	3.25996286E-1
9.34196349E+2	6.41219300E-2	3.26001563E-1
9.36892940E+2	6.41297100E-2	3.25990920E-1
9.39721422E+2	6.41880100E-2	3.25953490E-1
9.42330026E+2	6.42890600E-2	3.25979537E-1
9.44904909E+2	6.43201600E-2	3.25948413E-1
9.47173124E+2	6.42268700E-2	3.25939513E-1
9.49204539E+2	6.42735200E-2	3.25968984E-1
9.51632844E+2	6.41452600E-2	3.25937456E-1
9.54083573E+2	6.41918900E-2	3.25965630E-1
9.56505123E+2	6.42657500E-2	3.25994640E-1
9.58828779E+2	6.41802300E-2	3.25947095E-1
9.61773920E+2	6.41297100E-2	3.25973927E-1
9.64129383E+2	6.43162700E-2	3.25962165E-1
9.66458037E+2	6.41374800E-2	3.25971780E-1
9.68677585E+2	6.42540800E-2	3.25977549E-1
9.70912443E+2	6.41802300E-2	3.25983539E-1
9.73004873E+2	6.41141600E-2	3.25984191E-1
9.75310247E+2	6.41530200E-2	3.25984370E-1
9.77467789E+2	6.41646900E-2	3.25983744E-1
9.79696571E+2	6.41180500E-2	3.26024081E-1
9.81841821E+2	6.42890600E-2	3.25995729E-1
9.84268369E+2	6.43162700E-2	3.26054535E-1
9.86599275E+2	6.41335900E-2	3.26040249E-1
9.88608490E+2	6.42696300E-2	3.26044095E-1
9.90907425E+2	6.43085000E-2	3.26054872E-1
9.92666906E+2	6.43085000E-2	3.26031752E-1
9.94885430E+2	6.41258200E-2	3.26028979E-1
9.96958042E+2	6.43085000E-2	3.26040517E-1
9.99223611E+2	6.40830700E-2	3.26063995E-1
1.00140088E+3	6.41802300E-2	3.26074459E-1
1.00359926E+3	6.42968400E-2	3.26100128E-1
1.00560555E+3	6.42929600E-2	3.26109967E-1
1.00769758E+3	6.43395900E-2	3.26083403E-1
1.00968342E+3	6.41569100E-2	3.26080273E-1
1.01148118E+3	6.42113400E-2	3.26078260E-1
1.01379236E+3	6.41569100E-2	3.26103596E-1
1.01540230E+3	6.42696300E-2	3.26076719E-1
1.01766391E+3	6.42424200E-2	3.26071800E-1
1.01940889E+3	6.41413600E-2	3.26091611E-1
1.02119391E+3	6.42890600E-2	3.26105876E-1
1.02306511E+3	6.42540800E-2	3.26090627E-1
1.02525129E+3	6.43007300E-2	3.26074662E-1
1.02698711E+3	6.43162700E-2	3.26080610E-1
1.02894652E+3	6.42113400E-2	3.26127163E-1
1.03076585E+3	6.42968400E-2	3.26077300E-1
1.03270446E+3	6.41724600E-2	3.26061649E-1
1.03430733E+3	6.42618600E-2	3.26054762E-1
1.03618033E+3	6.41646900E-2	3.26030577E-1
1.03784858E+3	6.43085000E-2	3.26026475E-1
1.03956150E+3	6.41297100E-2	3.25990028E-1
1.04122422E+3	6.42851800E-2	3.25965969E-1
1.04292160E+3	6.41258200E-2	3.25986809E-1
1.04456068E+3	6.42735200E-2	3.25988821E-1
1.04603454E+3	6.42890600E-2	3.25962166E-1
1.04787124E+3	6.41413600E-2	3.25958972E-1
1.04932552E+3	6.42035500E-2	3.25943454E-1
1.05095628E+3	6.41258200E-2	3.25968587E-1
1.05242103E+3	6.40830700E-2	3.25942739E-1
1.05389174E+3	6.41452600E-2	3.25960224E-1
1.05536033E+3	6.43007300E-2	3.25976681E-1
1.05676462E+3	6.42618600E-2	3.26005102E-1
1.05805692E+3	6.43201600E-2	3.26013912E-1
1.05966866E+3	6.43240500E-2	3.26015164E-1
1.06216379E+3	6.42152100E-2	3.26042622E-1
1.06345708E+3	6.41491400E-2	3.26060286E-1
1.06473223E+3	6.43395900E-2	3.26035601E-1
1.06494747E+3	6.41530200E-2	3.26019994E-1
1.06598684E+3	6.42812900E-2	3.26040207E-1
1.06729206E+3	6.41569100E-2	3.26020396E-1
1.06847769E+3	6.42540800E-2	3.26008366E-1
1.06961892E+3	6.41841200E-2	3.26054651E-1
1.07073299E+3	6.41491400E-2	3.26024466E-1
1.07180483E+3	6.41374800E-2	3.26001837E-1
1.07287455E+3	6.43240500E-2	3.25999825E-1
1.07389357E+3	6.41297100E-2	3.26022274E-1
1.07489052E+3	6.41219300E-2	3.26018339E-1
1.07594043E+3	6.41569100E-2	3.25971696E-1
1.07765542E+3	6.41413600E-2	3.25966240E-1
1.07782222E+3	6.41685700E-2	3.25986185E-1
1.07845238E+3	6.41724600E-2	3.25949068E-1
1.07942786E+3	6.40986200E-2	3.26005191E-1
1.08013522E+3	6.42191100E-2	3.25976034E-1
1.08104563E+3	6.43046100E-2	3.25997008E-1
1.08169032E+3	6.41491400E-2	3.25964139E-1
1.08243957E+3	6.42268700E-2	3.26030055E-1
1.08303648E+3	6.42929600E-2	3.26035680E-1
1.08370213E+3	6.41646900E-2	3.26029543E-1
1.08431439E+3	6.42579700E-2	3.26054004E-1
1.08485488E+3	6.41957800E-2	3.26064648E-1
1.08585242E+3	6.42463200E-2	3.26101139E-1
1.08594090E+3	6.41841200E-2	3.26063708E-1
1.08631884E+3	6.42968400E-2	3.26041930E-1
1.08672163E+3	6.42812900E-2	3.26085174E-1
1.08719826E+3	6.41763400E-2	3.26095772E-1
1.08723104E+3	6.41335900E-2	3.26114018E-1
1.08768282E+3	6.43668100E-2	3.26090585E-1
1.08790896E+3	6.43085000E-2	3.26101810E-1
1.08795300E+3	6.41335900E-2	3.26097695E-1
1.08814271E+3	6.41646900E-2	3.26098500E-1
1.08849011E+3	6.42890600E-2	3.26140403E-1
1.08869747E+3	6.42696300E-2	3.26146838E-1
1.08872436E+3	6.41335900E-2	3.26092040E-1
1.08890182E+3	6.41880100E-2	3.26098256E-1
1.08919073E+3	6.42657500E-2	3.26110733E-1
1.08922075E+3	6.43123900E-2	3.26097093E-1
1.08934979E+3	6.43201600E-2	3.26116412E-1
1.08948312E+3	6.43162700E-2	3.26116725E-1
1.08963451E+3	6.43434800E-2	3.26099732E-1
1.08977645E+3	6.42735200E-2	3.26086316E-1
1.09001555E+3	6.43318200E-2	3.26075181E-1
1.09013668E+3	6.42929600E-2	3.26080770E-1
1.09015348E+3	6.42851800E-2	3.26113997E-1
1.09028231E+3	6.42307700E-2	3.26089714E-1
1.09039326E+3	6.41297100E-2	3.26058545E-1
1.09049021E+3	6.42463200E-2	3.25999246E-1
1.09059945E+3	6.43240500E-2	3.26055817E-1
1.09076683E+3	6.42463200E-2	3.26058679E-1
1.09084909E+3	6.41802300E-2	3.26051837E-1
1.09087089E+3	6.43085000E-2	3.26070440E-1
1.09096640E+3	6.42035500E-2	3.26086360E-1
1.09110103E+3	6.40986200E-2	3.26038645E-1
1.09114215E+3	6.42696300E-2	3.26064671E-1
1.09120384E+3	6.42968400E-2	3.26067533E-1
1.09135703E+3	6.41763400E-2	3.26057024E-1
1.09142772E+3	6.42929600E-2	3.26070217E-1
1.09151760E+3	6.41957800E-2	3.26053983E-1
1.09152431E+3	6.41025000E-2	3.26067802E-1
1.09164621E+3	6.43007300E-2	3.26060423E-1
1.09165269E+3	6.41258200E-2	3.26047901E-1
1.09171731E+3	6.41452600E-2	3.26079518E-1
1.09178724E+3	6.42890600E-2	3.26095796E-1
1.09186037E+3	6.41996800E-2	3.26061496E-1
1.09193570E+3	6.42035500E-2	3.26074823E-1
1.09194772E+3	6.41996800E-2	3.26075941E-1
1.09202432E+3	6.41802300E-2	3.26019594E-1
1.09208254E+3	6.43318200E-2	3.26057650E-1
