# Begin of measurement: 22.11.2018 11:43:40
# R-Sample[Ohm]	I-Coil[A]	U-Magnetometer[V]
# Kei2000	HP E3631A +6V : I	Kei2000
9.17731119E+2	-1.17811500E-2	-6.84471980E-2
9.17461569E+2	-1.16295600E-2	-6.84596749E-2
9.17168739E+2	-1.17811500E-2	-6.84843603E-2
9.17398527E+2	-1.17500500E-2	-6.84776076E-2
9.17890976E+2	-1.17111800E-2	-6.84465719E-2
9.18376399E+2	-1.17345000E-2	-6.84519831E-2
9.18322633E+2	-1.16489900E-2	-6.84450962E-2
9.17898406E+2	-1.17656000E-2	-6.84373596E-2
9.17647093E+2	-1.16101200E-2	-6.84278746E-2
9.17408029E+2	-1.15790300E-2	-6.84405751E-2
9.17405687E+2	-1.15945800E-2	-6.84523811E-2
9.17070393E+2	-1.17461600E-2	-6.84547513E-2
9.16977857E+2	-1.16995200E-2	-6.84933894E-2
9.16740854E+2	-1.17383900E-2	-6.84841323E-2
9.16605244E+2	-1.17306200E-2	-6.84826119E-2
9.16696475E+2	-1.17267300E-2	-6.84569426E-2
9.17422179E+2	-1.16956300E-2	-6.84496085E-2
9.17707219E+2	-1.17617100E-2	-6.84361438E-2
9.17757563E+2	-1.16800900E-2	-6.84920881E-2
9.18025041E+2	-1.16489900E-2	-6.84890919E-2
9.18066694E+2	-1.17811500E-2	-6.84426725E-2
9.18046881E+2	-1.17383900E-2	-6.84183896E-2
9.18095063E+2	-1.17345000E-2	-6.84455346E-2
9.17819275E+2	-6.98473200E-3	-6.84757653E-2
9.17583778E+2	-2.16110800E-3	-4.74223996E-2
9.17713960E+2	2.70527100E-3	-2.15927155E-2
9.18340327E+2	7.35787200E-3	9.81555847E-4
9.18596773E+2	1.20532300E-2	2.86679493E-2
9.18437232E+2	1.67680200E-2	5.20278608E-2
9.17839098E+2	2.14245100E-2	7.62092376E-2
9.18143501E+2	2.62170300E-2	9.80182077E-2
9.18035701E+2	3.12194600E-2	1.27026812E-1
9.17844143E+2	3.56699400E-2	1.53139114E-1
9.18283681E+2	4.05168800E-2	1.74916912E-1
9.18468214E+2	4.54804300E-2	1.98517551E-1
9.18386890E+2	4.99697900E-2	2.22505601E-1
9.18026064E+2	5.48439400E-2	2.49090419E-1
9.17924477E+2	5.96092600E-2	2.71581639E-1
9.18189740E+2	6.46311100E-2	2.97863835E-1
9.17696013E+2	6.91049100E-2	3.21624169E-1
9.17822367E+2	7.39052200E-2	3.47901670E-1
9.18080749E+2	7.87910300E-2	3.71962569E-1
9.17774140E+2	8.35019400E-2	3.95199185E-1
9.17741629E+2	8.81817400E-2	4.20696229E-1
9.17837813E+2	9.30753300E-2	4.43418921E-1
9.17768331E+2	9.79961300E-2	4.69557207E-1
9.17441262E+2	1.02854700E-1	4.98546765E-1
9.17378761E+2	1.07853300E-1	5.24874799E-1
9.17492912E+2	1.12159900E-1	5.44940664E-1
9.17973742E+2	1.17076800E-1	5.68764769E-1
9.17960909E+2	1.21951000E-1	5.94389444E-1
9.18464659E+2	1.26665800E-1	6.20257710E-1
9.19682135E+2	1.31186200E-1	6.43321304E-1
9.19108858E+2	1.36126500E-1	6.68870223E-1
9.17579555E+2	1.40907300E-1	6.94266199E-1
9.17515658E+2	1.46143000E-1	7.18256843E-1
9.17588966E+2	1.50725600E-1	7.43541823E-1
9.17582932E+2	1.55370400E-1	7.68938291E-1
9.17483641E+2	1.60540000E-1	7.94863486E-1
9.17599368E+2	1.64858300E-1	8.16982947E-1
9.18621594E+2	1.69841300E-1	8.42281254E-1
9.18278893E+2	1.74552200E-1	8.67560868E-1
9.18623923E+2	1.79309700E-1	8.92085158E-1
9.18846191E+2	1.83966200E-1	9.16217207E-1
9.18669629E+2	1.89326200E-1	9.41672661E-1
9.18121253E+2	1.93644600E-1	9.67317326E-1
9.17491148E+2	1.98577000E-1	9.88031812E-1
9.17635019E+2	2.03214100E-1	1.01380831E+0
9.17995952E+2	2.08014400E-1	1.03956661E+0
9.18064484E+2	2.13125700E-1	1.06659913E+0
9.18566696E+2	2.17681100E-1	1.08829291E+0
9.18682918E+2	2.22411400E-1	1.11323220E+0
9.18910500E+2	2.27235000E-1	1.13848481E+0
9.19236787E+2	2.32031400E-1	1.16430540E+0
9.19840325E+2	2.36824000E-1	1.18525319E+0
9.19828977E+2	2.41927500E-1	1.21382434E+0
9.19994844E+2	2.46323500E-1	1.23880902E+0
9.19221223E+2	2.51104400E-1	1.26193192E+0
9.19090816E+2	2.56367200E-1	1.28683512E+0
9.18599044E+2	2.60720600E-1	1.31199685E+0
9.18638265E+2	2.65536400E-1	1.33646202E+0
9.18801769E+2	2.70348300E-1	1.36373177E+0
9.18468502E+2	2.75082600E-1	1.38403335E+0
9.18328188E+2	2.79832400E-1	1.40875034E+0
9.18301361E+2	2.84776500E-1	1.43434366E+0
9.18258223E+2	2.89825500E-1	1.46170111E+0
9.18777779E+2	2.94248800E-1	1.48418258E+0
9.18985187E+2	2.99115200E-1	1.50891294E+0
9.18767377E+2	3.03872700E-1	1.53400723E+0
9.18815649E+2	3.08634200E-1	1.55693885E+0
9.18442080E+2	3.13457800E-1	1.58232459E+0
9.18680199E+2	3.18339700E-1	1.60967228E+0
9.18842003E+2	3.23143900E-1	1.63331169E+0
9.18094459E+2	3.27917000E-1	1.65347970E+0
9.17551263E+2	3.32670700E-1	1.68248906E+0
9.18541652E+2	3.37319400E-1	1.70318680E+0
9.18117785E+2	3.42329600E-1	1.72975163E+0
9.17150360E+2	3.47227000E-1	1.75345955E+0
9.17137617E+2	3.52198400E-1	1.78122100E+0
9.17523639E+2	3.57095800E-1	1.80509630E+0
9.17711845E+2	3.61736800E-1	1.82999266E+0
9.17532085E+2	3.66626500E-1	1.85232047E+0
9.18599431E+2	3.71885400E-1	1.88127859E+0
9.18598756E+2	3.76506900E-1	1.90733311E+0
9.18088386E+2	3.80938000E-1	1.93168388E+0
9.18060152E+2	3.85683900E-1	1.95259603E+0
9.17592876E+2	3.90367600E-1	1.97578206E+0
9.16943270E+2	3.95195100E-1	2.00147113E+0
9.16664039E+2	4.00271400E-1	2.02247585E+0
9.17116366E+2	4.04881200E-1	2.04824242E+0
9.17569142E+2	4.09654300E-1	2.07371540E+0
9.18059384E+2	4.14373000E-1	2.09836656E+0
9.18208028E+2	4.19573600E-1	2.12282864E+0
9.17999463E+2	4.24323400E-1	2.15123321E+0
9.17941857E+2	4.29065400E-1	2.17557749E+0
9.18274797E+2	4.33663600E-1	2.19643052E+0
9.18614458E+2	4.38386200E-1	2.21852046E+0
9.17919915E+2	4.43194200E-1	2.24512424E+0
9.17930362E+2	4.48223800E-1	2.27081461E+0
9.18094406E+2	4.52787100E-1	2.29463321E+0
9.18348421E+2	4.57696200E-1	2.31717831E+0
9.17711301E+2	4.62337100E-1	2.34328332E+0
9.17629252E+2	4.67545600E-1	2.37018520E+0
9.17325209E+2	4.72042700E-1	2.39330501E+0
9.17903485E+2	4.76982900E-1	2.41742838E+0
9.18036954E+2	4.81857100E-1	2.44331949E+0
9.18192577E+2	4.86365800E-1	2.46698775E+0
9.18242786E+2	4.91162300E-1	2.48757142E+0
9.17783415E+2	4.95935300E-1	2.51336532E+0
9.17853763E+2	5.01194300E-1	2.54098196E+0
9.17891048E+2	5.05819700E-1	2.56777826E+0
9.18329595E+2	5.10192400E-1	2.58547015E+0
9.18115523E+2	5.15210400E-1	2.61198345E+0
9.18305819E+2	5.19929100E-1	2.63767641E+0
9.17594931E+2	5.24764300E-1	2.66231925E+0
9.16545732E+2	5.29382000E-1	2.68421855E+0
9.16531942E+2	5.34571000E-1	2.71134775E+0
9.16549665E+2	5.39600600E-1	2.73983241E+0
9.16668526E+2	5.44000600E-1	2.76309791E+0
9.17304080E+2	5.48758100E-1	2.78479275E+0
9.18329728E+2	5.53422400E-1	2.81138155E+0
9.18114035E+2	5.58145000E-1	2.83578661E+0
9.18105074E+2	5.63734300E-1	2.86198410E+0
9.18030940E+2	5.68320800E-1	2.89115826E+0
9.17959810E+2	5.73529200E-1	2.92575707E+0
9.17316415E+2	5.78418900E-1	2.96303193E+0
9.17150164E+2	5.83129800E-1	2.99759164E+0
9.17476452E+2	5.87899000E-1	3.05291159E+0
9.17658643E+2	5.92874200E-1	3.12489791E+0
9.18105746E+2	5.97604600E-1	3.20346959E+0
9.17537422E+2	6.02548700E-1	3.28622269E+0
9.17495049E+2	6.07543400E-1	3.36399925E+0
9.17706725E+2	6.12056000E-1	3.43071542E+0
9.18158893E+2	6.16856300E-1	3.47184566E+0
9.18207975E+2	6.21462300E-1	3.49641140E+0
9.17990480E+2	6.26355900E-1	3.52398314E+0
9.17402028E+2	6.31191200E-1	3.55203634E+0
9.17403694E+2	6.36321800E-1	3.58014624E+0
9.17452552E+2	6.40927800E-1	3.60463718E+0
9.17297964E+2	6.45545400E-1	3.63126647E+0
9.17881224E+2	6.50264100E-1	3.65849225E+0
9.18398213E+2	6.55184900E-1	3.68598140E+0
9.18835454E+2	6.59884100E-1	3.70941375E+0
9.18816227E+2	6.65018700E-1	3.74101706E+0
9.18421989E+2	6.69885100E-1	3.76702834E+0
9.17639863E+2	6.74397800E-1	3.79130184E+0
9.17271202E+2	6.78914300E-1	3.81841802E+0
9.17373790E+2	6.83442500E-1	3.84329980E+0
9.16979607E+2	6.88219500E-1	3.87155983E+0
9.16628013E+2	6.93159800E-1	3.89748328E+0
9.16708977E+2	6.97757900E-1	3.92795745E+0
9.17250148E+2	7.02519400E-1	3.95042511E+0
9.17444632E+2	7.07378000E-1	3.97421308E+0
9.16760221E+2	7.12050000E-1	4.00317343E+0
9.16695153E+2	7.16737600E-1	4.03206347E+0
9.16979641E+2	7.21153100E-1	4.05276673E+0
9.17030067E+2	7.25654100E-1	4.07893609E+0
9.16949013E+2	7.30271700E-1	4.10414568E+0
9.17265709E+2	7.35138100E-1	4.12920650E+0
9.19233565E+2	7.39666300E-1	4.15570652E+0
9.19404183E+2	7.44695900E-1	4.18621146E+0
9.19668014E+2	7.49282500E-1	4.21109226E+0
9.19592049E+2	7.54467500E-1	4.23739828E+0
9.19189886E+2	7.58634300E-1	4.26534782E+0
9.18924299E+2	7.63341300E-1	4.28687768E+0
9.18397448E+2	7.67838500E-1	4.31263186E+0
9.18415460E+2	7.72638800E-1	4.34305992E+0
9.18627821E+2	7.76949300E-1	4.36453608E+0
9.18633450E+2	7.81598000E-1	4.38865032E+0
9.18451619E+2	7.86242900E-1	4.41341909E+0
9.19055511E+2	7.91373500E-1	4.44217981E+0
9.19200102E+2	7.95633600E-1	4.46723747E+0
9.19388508E+2	8.00138500E-1	4.49426868E+0
9.19425567E+2	8.05106000E-1	4.52174923E+0
9.18912720E+2	8.09439800E-1	4.54321457E+0
9.18335076E+2	8.13929200E-1	4.56976441E+0
9.18544060E+2	8.18667200E-1	4.59575654E+0
9.18712832E+2	8.23358700E-1	4.62147615E+0
9.18433151E+2	8.27887000E-1	4.64422151E+0
9.18115991E+2	8.32706700E-1	4.67292230E+0
9.18121890E+2	8.37238800E-1	4.69774268E+0
9.17410370E+2	8.41926400E-1	4.72080819E+0
9.17109615E+2	8.46466300E-1	4.74775836E+0
9.16892345E+2	8.51184900E-1	4.77316176E+0
9.17401139E+2	8.55806400E-1	4.79862655E+0
9.17344717E+2	8.60509600E-1	4.82496670E+0
9.17697122E+2	8.65088300E-1	4.85037720E+0
9.18053669E+2	8.69721500E-1	4.87646428E+0
9.17878683E+2	8.74378000E-1	4.90189459E+0
9.17010234E+2	8.79353100E-1	4.92755669E+0
9.16824665E+2	8.83924100E-1	4.95664139E+0
9.16573488E+2	8.88153100E-1	4.98290932E+0
9.17024598E+2	8.92759000E-1	5.00376467E+0
9.17120647E+2	8.97388300E-1	5.02945628E+0
9.16101633E+2	9.02188600E-1	5.05729612E+0
9.16087538E+2	9.07124900E-1	5.08283197E+0
9.16123517E+2	9.11416100E-1	5.10790018E+0
9.16501229E+2	9.16231900E-1	5.13269240E+0
9.17162134E+2	9.20674600E-1	5.15772658E+0
9.17047217E+2	9.25579800E-1	5.18561579E+0
9.16750560E+2	9.30504600E-1	5.21475001E+0
9.16713116E+2	9.35370900E-1	5.23797661E+0
9.16748635E+2	9.39903100E-1	5.26833911E+0
9.16933148E+2	9.44299100E-1	5.28803956E+0
9.16931077E+2	9.49099400E-1	5.31559869E+0
9.17582120E+2	9.53619900E-1	5.33894733E+0
9.17784350E+2	9.58501700E-1	5.36921730E+0
9.18268692E+2	9.62847300E-1	5.38751233E+0
9.17520834E+2	9.67449400E-1	5.41674722E+0
9.16808775E+2	9.72051400E-1	5.44209565E+0
9.16524867E+2	9.76676800E-1	5.46481914E+0
9.16715929E+2	9.81469400E-1	5.49230945E+0
9.17245932E+2	9.84796600E-1	5.52086217E+0
9.17910754E+2	9.84808300E-1	5.53604919E+0
9.17494452E+2	9.84652800E-1	5.53961169E+0
9.16931623E+2	9.84668400E-1	5.53957194E+0
9.16473082E+2	9.84746100E-1	5.53954506E+0
9.16453449E+2	9.84827600E-1	5.53948876E+0
9.16883959E+2	9.84668400E-1	5.53946568E+0
9.16791209E+2	9.84761600E-1	5.53950933E+0
9.16629080E+2	9.84656600E-1	5.53952337E+0
9.16921865E+2	9.84777200E-1	5.53950065E+0
9.17049975E+2	9.84672200E-1	5.53952015E+0
9.17058981E+2	9.84718800E-1	5.53951782E+0
9.16925467E+2	9.84816000E-1	5.53951483E+0
9.16967120E+2	9.84656600E-1	5.53950638E+0
9.17998532E+2	9.84823800E-1	5.53948853E+0
9.18183965E+2	9.84777200E-1	5.53952561E+0
9.18173158E+2	9.84633400E-1	5.53950257E+0
9.17531686E+2	9.84645000E-1	5.53948182E+0
9.17066957E+2	9.84781100E-1	5.53947936E+0
9.17034941E+2	9.84594400E-1	5.53945414E+0
9.16825867E+2	9.84738300E-1	5.53945168E+0
9.16805873E+2	9.84621600E-1	5.53942329E+0
9.16901562E+2	9.84757700E-1	5.53941148E+0
9.17089382E+2	9.84652800E-1	5.53943478E+0
9.17488618E+2	9.84757700E-1	5.53944345E+0
9.18446946E+2	9.84757700E-1	5.53939780E+0
9.18625039E+2	9.84753800E-1	5.53937213E+0
9.18529801E+2	9.84660500E-1	5.53940799E+0
9.18250082E+2	9.84738300E-1	5.53940889E+0
9.18149142E+2	9.84816000E-1	5.53937356E+0
9.17994302E+2	9.84757700E-1	5.53936121E+0
9.18157085E+2	9.84707200E-1	5.53936135E+0
9.18434424E+2	9.84598400E-1	5.53937874E+0
9.18475717E+2	9.84792600E-1	5.53935960E+0
9.18201079E+2	9.84610000E-1	5.53933250E+0
9.18160912E+2	9.84730500E-1	5.53932504E+0
9.18259843E+2	9.84699300E-1	5.53937061E+0
9.18416728E+2	9.84734300E-1	5.53936681E+0
9.18311898E+2	9.84625500E-1	5.53937114E+0
9.18342698E+2	9.84707200E-1	5.53939422E+0
9.18271276E+2	9.84578900E-1	5.53939547E+0
9.18058486E+2	9.84660500E-1	5.53939333E+0
9.17784118E+2	9.84660500E-1	5.53937991E+0
9.17239076E+2	9.84652800E-1	5.53938112E+0
