n	ch1	ch2
0	0.0108	73.6
0.01	0.01024	73.6
0.02	0.01056	73.6
0.03	0.0108	73.6
0.04	0.01072	73.6
0.05	0.01072	73.6
0.06	0.01048	73.6
0.07	0.01016	73.6
0.08	0.01056	73.2
0.09	0.01056	73.6
0.1	0.01072	73.6
0.11	0.00992	73.6
0.12	0.01112	73.6
0.13	0.01024	73.2
0.14	0.01048	73.6
0.15	0.01024	73.6
0.16	0.01056	73.6
0.17	0.01032	73.6
0.18	0.01064	73.6
0.19	0.01056	73.6
0.2	0.01048	73.6
0.21	0.01016	73.6
0.22	0.01096	74
0.23	0.01072	73.6
0.24	0.01096	74
0.25	0.01064	74
0.26	0.01072	74
0.27	0.01016	74
0.28	0.01088	74
0.29	0.01048	74
0.3	0.01048	74
0.31	0.01072	74
0.32	0.01104	74
0.33	0.01032	74
0.34	0.0108	74
0.35	0.01048	74
0.36	0.0108	74
0.37	0.01056	74
0.38	0.01048	74
0.39	0.00992	73.6
0.4	0.01048	74
0.41	0.01024	74
0.42	0.01032	74
0.43	0.01032	74
0.44	0.01072	74
0.45	0.01104	74
0.46	0.01096	74
0.47	0.01016	74
0.48	0.0108	74
0.49	0.01056	74
0.5	0.01096	74
0.51	0.01024	74
0.52	0.01088	74
0.53	0.01024	74
0.54	0.0108	74
0.55	0.01048	73.6
0.56	0.01056	74
0.57	0.01032	74
0.58	0.01088	74.4
0.59	0.01056	74.4
0.6	0.01024	74.4
0.61	0.01016	74.4
0.62	0.01104	74
0.63	0.01	74.4
0.64	0.01088	74.8
0.65	0.00992	74
0.66	0.01072	74.4
0.67	0.01032	74
0.68	0.01096	74.4
0.69	0.01064	74.4
0.7	0.0108	74.4
0.71	0.00992	74
0.72	0.01056	74.4
0.73	0.01056	74.4
0.74	0.01064	74
0.75	0.01072	74.4
0.76	0.01024	74.4
0.77	0.01016	74.8
0.78	0.01016	74
0.79	0.01072	74.4
0.8	0.01048	74.4
0.81	0.01024	74.4
0.82	0.0108	74.4
0.83	0.0104	74.8
0.84	0.01048	74.4
0.85	0.01024	74.4
0.86	0.01024	74.4
0.87	0.01032	74.8
0.88	0.01048	74.4
0.89	0.00968	74.8
0.9	0.01104	74.4
0.91	0.01024	74.4
0.92	0.01032	75.2
0.93	0.01048	74.8
0.94	0.01008	74.8
0.95	0.00944	74.8
0.96	0.0108	75.2
0.97	0.00992	75.2
0.98	0.01072	74.8
0.99	0.00992	74.8
1	0.01048	74.8
1.01	0.00992	75.2
1.02	0.01064	74.8
1.03	0.01024	75.2
1.04	0.00984	74.8
1.05	0.00968	75.2
1.06	0.01024	74.8
1.07	0.01024	74.8
1.08	0.01024	74.8
1.09	0.01048	75.2
1.1	0.01	74.8
1.11	0.01008	74.8
1.12	0.01024	74.8
1.13	0.01024	75.2
1.14	0.01048	74.8
1.15	0.01032	75.2
1.16	0.01056	75.2
1.17	0.00992	75.2
1.18	0.01128	74.8
1.19	0.01032	75.2
1.2	0.01064	74.8
1.21	0.01024	75.2
1.22	0.01024	75.2
1.23	0.00984	75.2
1.24	0.01008	74.8
1.25	0.01008	75.2
1.26	0.01024	75.2
1.27	0.00992	75.2
1.28	0.01048	74.8
1.29	0.01032	75.2
1.3	0.01048	74.8
1.31	0.01048	75.2
1.32	0.01016	75.2
1.33	0.00992	75.2
1.34	0.01048	75.2
1.35	0.01032	75.6
1.36	0.01072	75.2
1.37	0.00992	75.6
1.38	0.01024	75.2
1.39	0.00992	75.2
1.4	0.01	75.2
1.41	0.01	75.6
1.42	0.01048	75.2
1.43	0.01016	75.2
1.44	0.01024	75.2
1.45	0.01024	75.2
1.46	0.00992	75.2
1.47	0.01016	75.2
1.48	0.01048	75.6
1.49	0.00952	75.2
1.5	0.00992	75.2
1.51	0.00976	75.2
1.52	0.01016	75.2
1.53	0.00992	75.2
1.54	0.01056	75.2
1.55	0.00992	75.6
1.56	0.0104	75.2
1.57	0.00984	75.6
1.58	0.01016	75.2
1.59	0.01032	75.2
1.6	0.0104	75.6
1.61	0.01048	75.2
1.62	0.01024	75.6
1.63	0.01048	75.2
1.64	0.01024	75.2
1.65	0.00992	75.6
1.66	0.00984	75.2
1.67	0.01	75.2
1.68	0.01056	75.2
1.69	0.01072	75.2
1.7	0.01008	75.6
1.71	0.01016	75.2
1.72	0.0108	75.2
1.73	0.01024	75.2
1.74	0.0104	75.6
1.75	0.00968	75.2
1.76	0.01024	75.2
1.77	0.01016	75.6
1.78	0.01032	75.6
1.79	0.01016	75.2
1.8	0.01072	75.6
1.81	0.01008	75.6
1.82	0.01032	75.6
1.83	0.01048	75.2
1.84	0.01056	75.6
1.85	0.00976	75.2
1.86	0.0108	75.6
1.87	0.01056	75.2
1.88	0.01024	75.6
1.89	0.00992	75.2
1.9	0.0104	75.6
1.91	0.00984	75.6
1.92	0.01	75.6
1.93	0.00984	75.6
1.94	0.01008	75.6
1.95	0.01024	75.2
1.96	0.01032	75.6
1.97	0.01	76
1.98	0.01032	75.6
1.99	0.01032	75.2
2	0.0104	76
2.01	0.01	75.6
2.02	0.01032	76
2.03	0.00976	75.6
2.04	0.01056	75.6
2.05	0.01016	75.2
2.06	0.0104	75.6
2.07	0.01048	75.6
2.08	0.0104	75.6
2.09	0.0096	75.6
2.1	0.01056	76
2.11	0.01024	75.6
2.12	0.00992	75.6
2.13	0.01048	75.6
2.14	0.01064	76
2.15	0.00968	75.2
2.16	0.01064	76
2.17	0.01008	75.6
2.18	0.01048	76
2.19	0.00984	75.2
2.2	0.01104	75.6
2.21	0.00992	75.6
2.22	0.01032	76
2.23	0.00992	75.6
2.24	0.01016	76
2.25	0.00992	75.6
2.26	0.01032	76.4
2.27	0.01024	75.6
2.28	0.01064	76.4
2.29	0.01	76
2.3	0.01112	76.4
2.31	0.00992	76
2.32	0.00968	76
2.33	0.0104	76
2.34	0.01032	76
2.35	0.01008	76
2.36	0.01024	76
2.37	0.00968	75.6
2.38	0.01056	76
2.39	0.01032	75.6
2.4	0.00992	76
2.41	0.00984	75.6
2.42	0.01024	76
2.43	0.00992	75.6
2.44	0.01024	76
2.45	0.01016	75.6
2.46	0.01064	76.4
2.47	0.01016	76
2.48	0.01072	75.6
2.49	0.01	75.6
2.5	0.01048	76
2.51	0.00976	75.2
2.52	0.01048	76
2.53	0.01016	75.6
2.54	0.01056	76.4
2.55	0.01024	75.6
2.56	0.0108	76.4
2.57	0.01016	76
2.58	0.01016	76
2.59	0.01048	76
2.6	0.01048	76
2.61	0.00992	75.6
2.62	0.01008	76
2.63	0.00976	76
2.64	0.01072	76
2.65	0.01032	75.6
2.66	0.00992	76
2.67	0.01024	75.6
2.68	0.01032	76
2.69	0.01008	76
2.7	0.01096	76.4
2.71	0.01024	75.6
2.72	0.01016	75.6
2.73	0.01	76
2.74	0.0104	76
2.75	0.01032	76
2.76	0.00992	76
2.77	0.01	76
2.78	0.01016	76
2.79	0.01056	76
2.8	0.00992	76
2.81	0.01048	75.6
2.82	0.01072	76
2.83	0.01024	75.6
2.84	0.01064	76
2.85	0.01	76
2.86	0.01	76.4
2.87	0.00936	76
2.88	0.01104	75.6
2.89	0.00968	76
2.9	0.01016	76
2.91	0.01024	76.4
2.92	0.01088	76
2.93	0.01072	76
2.94	0.01024	76
2.95	0.01016	76
2.96	0.01056	76
2.97	0.00992	76
2.98	0.01048	76
2.99	0.00992	76.4
3	0.01024	76
3.01	0.01048	76.4
3.02	0.0104	76.4
3.03	0.01024	76.4
3.04	0.01064	76
3.05	0.01	76
3.06	0.01064	76
3.07	0.00984	76
3.08	0.01024	76
3.09	0.00984	76
3.1	0.01024	76.4
3.11	0.01	76.4
3.12	0.00992	76
3.13	0.01016	76
3.14	0.01048	75.6
3.15	0.01064	76.4
3.16	0.01024	76
3.17	0.00992	76.4
3.18	0.01072	76
3.19	0.0104	76.4
3.2	0.01032	76
3.21	0.01	76.4
3.22	0.01	76.4
3.23	0.01032	76.4
3.24	0.00992	76
3.25	0.01	76.4
3.26	0.01024	75.6
3.27	0.01048	76.4
3.28	0.01008	76
3.29	0.01032	76.4
3.3	0.01032	75.6
3.31	0.00968	76.4
3.32	0.01016	76
3.33	0.01008	76
3.34	0.01024	76
3.35	0.01024	76.4
3.36	0.00992	75.6
3.37	0.01024	76
3.38	0.0104	76
3.39	0.00976	76
3.4	0.01048	75.6
3.41	0.01	76
3.42	0.00976	75.6
3.43	0.01064	76
3.44	0.01096	76
3.45	0.01	76.4
3.46	0.01024	76
3.47	0.01	76.4
3.48	0.0104	76
3.49	0.01008	76
3.5	0.01064	76
3.51	0.00968	76
3.52	0.01024	76
3.53	0.01008	75.6
3.54	0.01032	76
3.55	0.01024	76.4
3.56	0.01032	75.6
3.57	0.00992	76
3.58	0.01048	76.4
3.59	0.01024	76
3.6	0.0104	75.6
3.61	0.00976	75.6
3.62	0.01024	76
3.63	0.01016	76
3.64	0.0108	76
3.65	0.01024	76
3.66	0.01048	76
3.67	0.00984	76
3.68	0.01048	75.6
3.69	0.01024	75.6
3.7	0.01024	76
3.71	0.01016	75.6
3.72	0.01016	75.6
3.73	0.01024	75.6
3.74	0.01024	76
3.75	0.01048	75.6
3.76	0.01	75.6
3.77	0.00992	75.6
3.78	0.01056	76
3.79	0.01048	75.6
3.8	0.01024	75.6
3.81	0.01008	75.6
3.82	0.01008	75.6
3.83	0.00992	75.6
3.84	0.01032	75.6
3.85	0.01048	75.6
3.86	0.01008	76
3.87	0.01	76
3.88	0.00992	76
3.89	0.00992	75.6
3.9	0.01032	76
3.91	0.01	76
3.92	0.0104	75.6
3.93	0.00984	75.2
3.94	0.01024	75.6
3.95	0.01048	76
3.96	0.0104	75.6
3.97	0.01048	75.6
3.98	0.01048	75.6
3.99	0.00992	75.6
4	0.01032	76
4.01	0.00992	75.6
4.02	0.01048	75.2
4.03	0.00992	75.2
4.04	0.01016	75.6
4.05	0.01048	75.2
4.06	0.01064	75.2
4.07	0.01016	75.6
4.08	0.01072	75.2
4.09	0.01024	75.2
4.1	0.0108	75.6
4.11	0.01	75.2
4.12	0.01048	75.2
4.13	0.01032	75.2
4.14	0.01056	75.6
4.15	0.01024	75.2
4.16	0.01048	76
4.17	0.00992	75.2
4.18	0.01056	75.6
4.19	0.00992	75.6
4.2	0.01056	75.6
4.21	0.01024	75.6
4.22	0.01032	75.6
4.23	0.00984	75.6
4.24	0.01072	75.6
4.25	0.01024	75.2
4.26	0.01088	75.6
4.27	0.01024	75.6
4.28	0.01016	75.6
4.29	0.01024	75.6
4.3	0.01064	75.6
4.31	0.00984	75.2
4.32	0.01032	75.2
4.33	0.01024	75.2
4.34	0.01032	75.2
4.35	0.01024	75.2
4.36	0.01024	75.6
4.37	0.01024	75.2
4.38	0.01032	75.2
4.39	0.00992	75.2
4.4	0.01088	75.6
4.41	0.01032	75.2
4.42	0.01072	75.2
4.43	0.01032	75.6
4.44	0.01064	75.2
4.45	0.01016	75.2
4.46	0.01008	75.2
4.47	0.00992	75.2
4.48	0.01104	75.2
4.49	0.01064	75.2
4.5	0.01024	75.2
4.51	0.01048	74.8
4.52	0.01064	75.2
4.53	0.01064	74.8
4.54	0.01104	75.2
4.55	0.01032	74.8
4.56	0.01032	75.2
4.57	0.01024	75.2
4.58	0.01056	74.8
4.59	0.01	75.2
4.6	0.0104	75.2
4.61	0.01024	74.8
4.62	0.01056	75.2
4.63	0.01032	75.2
4.64	0.0108	75.2
4.65	0.01032	75.2
4.66	0.01032	75.2
4.67	0.01032	74.8
4.68	0.01064	75.2
4.69	0.00992	75.2
4.7	0.00992	75.2
4.71	0.00992	75.2
4.72	0.01048	75.2
4.73	0.00968	75.2
4.74	0.00992	75.2
4.75	0.00992	74.8
4.76	0.01048	75.2
4.77	0.00976	74.8
4.78	0.01048	74.8
4.79	0.01024	75.2
4.8	0.0104	74.8
4.81	0.01048	74.8
4.82	0.0104	74.8
4.83	0.01048	74.8
4.84	0.01048	74.8
4.85	0.01072	74.8
4.86	0.01048	74.8
4.87	0.00992	75.2
4.88	0.01072	74.8
4.89	0.0104	74.8
4.9	0.0108	74.8
4.91	0.01	74.8
4.92	0.01104	75.2
4.93	0.01008	74.8
4.94	0.01088	74.8
4.95	0.00992	74.8
4.96	0.0104	74.8
4.97	0.0104	74.8
4.98	0.0104	74.8
4.99	0.01048	74.8
5	0.01064	74.8
5.01	0.01048	74.4
5.02	0.0104	74.4
5.03	0.01048	74.8
5.04	0.01048	74.4
5.05	0.01072	74.8
5.06	0.01048	74.4
5.07	0.00968	74.4
5.08	0.01088	74.8
5.09	0.0104	74.8
5.1	0.01072	74.4
5.11	0.0104	74.4
5.12	0.0108	74.8
5.13	0.01	74.8
5.14	0.01048	74.4
5.15	0.01032	74.4
5.16	0.01008	74
5.17	0.01024	74.8
5.18	0.01024	74.4
5.19	0.01024	74.4
5.2	0.01024	74.8
5.21	0.00984	74.4
5.22	0.01112	74.4
5.23	0.00984	74
5.24	0.0108	74
5.25	0.00992	74.4
5.26	0.01008	74.4
5.27	0.01024	74.4
5.28	0.0104	74.4
5.29	0.01032	74.4
5.3	0.0108	74
5.31	0.00976	74.4
5.32	0.0104	74
5.33	0.01024	74
5.34	0.01064	74
5.35	0.01016	74
5.36	0.00992	74
5.37	0.0104	74.4
5.38	0.01032	74
5.39	0.01048	74
5.4	0.0108	74.4
5.41	0.01048	74.4
5.42	0.0108	74
5.43	0.01056	74
5.44	0.01064	74
5.45	0.01016	74.4
5.46	0.0104	74
5.47	0.0104	74
5.48	0.01056	74
5.49	0.01048	74
5.5	0.01064	74
5.51	0.00992	74
5.52	0.01088	74
5.53	0.00992	74
5.54	0.01072	74
5.55	0.01024	74
5.56	0.01056	74
5.57	0.01032	74
5.58	0.01032	74
5.59	0.0104	73.6
5.6	0.01024	74
5.61	0.0104	74
5.62	0.01136	74
5.63	0.01032	73.6
5.64	0.01056	74
5.65	0.01008	73.6
5.66	0.01032	73.6
5.67	0.01024	74
5.68	0.01032	74
5.69	0.01072	74
5.7	0.0104	73.6
5.71	0.00992	73.6
5.72	0.01024	74
5.73	0.01048	74
5.74	0.01112	74
5.75	0.01	73.6
5.76	0.01096	74
5.77	0.01016	73.6
5.78	0.01048	73.6
5.79	0.0104	73.6
5.8	0.0108	73.6
5.81	0.0108	73.6
5.82	0.01048	73.6
5.83	0.01016	73.6
5.84	0.01072	73.6
5.85	0.01064	74
5.86	0.01104	73.6
5.87	0.0108	73.6
5.88	0.0108	73.6
5.89	0.01048	73.6
5.9	0.01032	73.6
5.91	0.01008	73.6
5.92	0.0108	73.6
5.93	0.0104	73.2
5.94	0.01064	73.6
5.95	0.01064	73.6
5.96	0.01024	73.6
5.97	0.01032	73.6
5.98	0.0108	73.6
5.99	0.0104	73.6
6	0.0108	73.6
6.01	0.0108	73.6
6.02	0.01024	73.2
6.03	0.01048	73.6
6.04	0.0108	73.6
6.05	0.0108	73.6
6.06	0.01088	73.6
6.07	0.01104	73.6
6.08	0.0104	73.6
6.09	0.01048	73.6
6.1	0.01064	73.6
6.11	0.01056	73.2
6.12	0.01104	73.6
6.13	0.01032	73.6
6.14	0.0112	73.6
6.15	0.01064	73.6
6.16	0.01096	73.2
6.17	0.01048	73.6
6.18	0.01048	73.6
6.19	0.01008	73.6
6.2	0.01056	73.6
6.21	0.01032	73.6
6.22	0.01056	73.6
6.23	0.0108	73.2
6.24	0.01072	73.2
6.25	0.01128	73.6
6.26	0.01136	73.6
6.27	0.01064	73.6
6.28	0.0108	73.6
6.29	0.01024	73.6
6.3	0.01048	73.2
6.31	0.01064	73.6
6.32	0.0104	73.6
6.33	0.01024	73.6
6.34	0.01064	73.6
6.35	0.01024	73.6
6.36	0.01088	73.6
6.37	0.0104	73.6
6.38	0.0108	73.2
6.39	0.01016	73.6
6.4	0.01064	73.6
6.41	0.01096	73.6
6.42	0.01048	73.2
6.43	0.0104	73.6
6.44	0.01088	73.6
6.45	0.01048	74
6.46	0.01072	73.6
6.47	0.01056	74
6.48	0.0112	73.6
6.49	0.01072	73.6
6.5	0.01032	73.2
6.51	0.01032	74
6.52	0.01048	73.6
6.53	0.0108	74
6.54	0.01056	73.2
6.55	0.01056	74.8
6.56	0.01048	74
6.57	0.01024	75.6
6.58	0.0104	74
6.59	0.0104	74.4
6.6	0.01048	74
6.61	0.01048	74.8
6.62	0.01048	73.6
6.63	0.00992	74
6.64	0.01024	74
6.65	0.01064	74
6.66	0.01016	74
6.67	0.01048	75.2
6.68	0.01064	74
6.69	0.01048	76
6.7	0.0108	74.4
6.71	0.01008	76.4
6.72	0.0108	74
6.73	0.01088	75.2
6.74	0.0108	75.2
6.75	0.01048	75.2
6.76	0.01064	74.4
6.77	0.01032	76.4
6.78	0.0108	75.2
6.79	0.0104	76.4
6.8	0.0108	76.8
6.81	0.00992	76.8
6.82	0.0108	74.8
6.83	0.01008	76.4
6.84	0.01048	76
6.85	0.01016	76.4
6.86	0.01072	76
6.87	0.01008	76.8
6.88	0.0112	76.8
6.89	0.01	76.4
6.9	0.01048	76.8
6.91	0.01024	76.8
6.92	0.01056	76
6.93	0.00952	75.6
6.94	0.00992	76.8
6.95	0.00992	76.4
6.96	0.01048	76.8
6.97	0.00952	76
6.98	0.0096	76.8
6.99	0.00992	76
7	0.01008	76
7.01	0.0096	76.4
7.02	0.01056	76.4
7.03	0.00992	74.8
7.04	0.0104	74.4
7.05	0.00992	75.6
7.06	0.00992	75.2
7.07	0.00992	74.8
7.08	0.01048	75.6
7.09	0.01	74.8
7.1	0.01048	75.6
7.11	0.01072	75.2
7.12	0.00992	75.2
7.13	0.01	74.8
7.14	0.01024	74.4
7.15	0.01048	74.8
7.16	0.01024	74.8
7.17	0.0108	74.4
7.18	0.01064	74.4
7.19	0.00992	74.4
7.2	0.01072	74.4
7.21	0.01064	74.4
7.22	0.0108	74.8
7.23	0.01048	75.2
7.24	0.01096	75.2
7.25	0.01016	74.8
7.26	0.0108	75.2
7.27	0.01048	74.8
7.28	0.01064	75.6
7.29	0.01024	74.8
7.3	0.01072	75.2
7.31	0.01072	74.8
7.32	0.01096	76
7.33	0.0104	75.2
7.34	0.01096	74.8
7.35	0.01032	75.2
7.36	0.01048	75.6
7.37	0.01072	76
7.38	0.01096	75.6
7.39	0.01064	76
7.4	0.01048	77.6
7.41	0.0108	75.2
7.42	0.01048	76.8
7.43	0.01008	76.4
7.44	0.00992	77.2
7.45	0.01072	76
7.46	0.0108	76.8
7.47	0.01016	76.8
7.48	0.00992	77.6
7.49	0.01024	77.6
7.5	0.01	77.2
7.51	0.01	77.2
7.52	0.01024	77.2
7.53	0.00992	77.6
7.54	0.00992	77.6
7.55	0.01032	77.2
7.56	0.00984	77.2
7.57	0.01	77.6
7.58	0.00976	76
7.59	0.00984	77.2
7.6	0.00992	77.2
7.61	0.00992	77.6
7.62	0.00936	76.8
7.63	0.0096	77.2
7.64	0.0104	76.8
7.65	0.00992	77.2
7.66	0.00992	74.4
7.67	0.00992	76.4
7.68	0.00992	74
7.69	0.01024	75.2
7.7	0.00992	75.2
7.71	0.00992	76.8
7.72	0.01008	75.2
7.73	0.00952	76.4
7.74	0.00968	75.6
7.75	0.00944	74.8
7.76	0.01032	73.2
7.77	0.00992	73.6
7.78	0.01064	72.8
7.79	0.00992	73.2
7.8	0.01064	73.2
7.81	0.01	74.4
7.82	0.01104	72.8
7.83	0.00992	74.8
7.84	0.01016	74
7.85	0.01016	73.6
7.86	0.01104	72.4
7.87	0.01072	72.8
7.88	0.0108	72.4
7.89	0.01096	72.4
7.9	0.0108	72.8
7.91	0.01048	72.4
7.92	0.01064	72.4
7.93	0.01008	73.2
7.94	0.01	72.8
7.95	0.0108	72.4
7.96	0.0112	71.6
7.97	0.01064	72.4
7.98	0.01048	71.6
7.99	0.01056	72
8	0.01128	71.6
8.01	0.01072	71.6
8.02	0.01088	72
8.03	0.01096	72
8.04	0.01096	72
8.05	0.01048	71.2
8.06	0.01136	71.6
8.07	0.01112	71.6
8.08	0.0112	71.2
8.09	0.01048	71.6
8.1	0.01136	71.6
8.11	0.01024	71.6
8.12	0.01152	71.2
8.13	0.0108	71.6
8.14	0.01072	71.6
8.15	0.01064	71.2
8.16	0.01144	71.2
8.17	0.01096	71.2
8.18	0.01152	71.2
8.19	0.01088	71.2
8.2	0.01144	71.2
8.21	0.01096	70.8
8.22	0.0108	70.8
8.23	0.01048	71.2
8.24	0.01152	71.2
8.25	0.01072	70.8
8.26	0.01128	70.8
8.27	0.0108	70.8
8.28	0.01088	71.2
8.29	0.0108	71.2
8.3	0.01104	71.2
8.31	0.0112	71.2
8.32	0.01088	71.2
8.33	0.01136	71.2
8.34	0.01088	70.8
8.35	0.01104	71.2
8.36	0.01112	71.2
8.37	0.01104	71.2
8.38	0.01096	70.8
8.39	0.01072	71.6
8.4	0.01112	72
8.41	0.01064	72.8
8.42	0.01088	71.2
8.43	0.01104	72
8.44	0.01104	72
8.45	0.01088	72
8.46	0.0108	71.6
8.47	0.01072	71.6
8.48	0.01096	71.6
8.49	0.01048	72.8
8.5	0.0108	72.8
8.51	0.01064	72.8
8.52	0.01104	72.4
8.53	0.01024	73.2
8.54	0.0108	72.8
8.55	0.01104	72.8
8.56	0.01104	72
8.57	0.01064	72.8
8.58	0.01104	73.2
8.59	0.01064	73.2
8.6	0.01088	73.2
8.61	0.01048	72.8
8.62	0.01048	73.2
8.63	0.01088	73.2
8.64	0.01072	73.2
8.65	0.01064	72.8
8.66	0.01024	73.2
8.67	0.01072	72.8
8.68	0.01096	73.2
8.69	0.01064	72.4
8.7	0.0108	72.8
8.71	0.01088	72.8
8.72	0.01032	73.2
8.73	0.01016	72.4
8.74	0.01112	72.4
8.75	0.01048	72.8
8.76	0.01048	72.8
8.77	0.0108	72
8.78	0.01056	72
8.79	0.01072	72
8.8	0.01064	72.4
8.81	0.01104	72
8.82	0.01072	72.4
8.83	0.0112	72
8.84	0.01096	72
8.85	0.01096	72
8.86	0.01096	71.6
8.87	0.01064	71.6
8.88	0.01104	72
8.89	0.0108	72
8.9	0.01104	71.6
8.91	0.01104	72
8.92	0.01096	71.6
8.93	0.0112	72
8.94	0.01136	71.6
8.95	0.01032	72
8.96	0.01104	71.6
8.97	0.0112	72
8.98	0.0116	71.6
8.99	0.01072	71.6
9	0.01104	71.6
9.01	0.01104	71.6
9.02	0.0108	71.6
9.03	0.0108	72
9.04	0.01112	71.6
9.05	0.01136	71.6
9.06	0.0108	71.6
9.07	0.01056	72
9.08	0.01104	72
9.09	0.01048	72
9.1	0.01096	72
9.11	0.01096	71.6
9.12	0.01136	71.6
9.13	0.0108	72
9.14	0.0108	71.6
9.15	0.01096	72
9.16	0.0108	71.6
9.17	0.01088	72
9.18	0.01088	72
9.19	0.01096	72
9.2	0.0112	72
9.21	0.01024	72
9.22	0.0108	72
9.23	0.01088	72
9.24	0.01064	72
9.25	0.01048	72
9.26	0.01104	72
9.27	0.01024	72
9.28	0.01128	72.4
9.29	0.01096	72
9.3	0.01064	72
9.31	0.0108	72.4
9.32	0.01064	72.4
9.33	0.0108	72.4
9.34	0.01104	72
9.35	0.01048	72.4
9.36	0.01	72.4
9.37	0.0108	72.4
9.38	0.01048	72.4
9.39	0.01024	72.4
9.4	0.01056	72.4
9.41	0.0108	72.4
9.42	0.0108	72.8
9.43	0.0108	72.8
9.44	0.01096	72.4
9.45	0.01072	72.4
9.46	0.01088	72.8
9.47	0.01048	72.4
9.48	0.01024	72.8
9.49	0.01104	72.8
9.5	0.01048	72.4
9.51	0.01072	72.8
9.52	0.01104	72.8
9.53	0.01016	72.8
9.54	0.01048	72.8
9.55	0.0104	72.8
9.56	0.0104	72.8
9.57	0.0108	72.8
9.58	0.01024	73.2
9.59	0.01064	72.8
9.6	0.01064	72.8
9.61	0.01032	72.8
9.62	0.0108	73.2
9.63	0.01056	72.8
9.64	0.01072	72.8
9.65	0.01048	73.6
9.66	0.01104	73.6
9.67	0.01048	73.2
9.68	0.0108	73.2
9.69	0.01048	72.8
9.7	0.0108	73.2
9.71	0.0104	72.8
9.72	0.01112	73.2
9.73	0.01048	72.8
9.74	0.01104	73.2
9.75	0.01024	74
9.76	0.01104	73.6
9.77	0.01008	72.8
9.78	0.01072	73.6
9.79	0.01088	73.6
9.8	0.01104	73.6
9.81	0.01056	73.6
9.82	0.01048	74
9.83	0.0104	73.6
9.84	0.01064	74
9.85	0.01032	73.6
9.86	0.0108	74
9.87	0.01104	73.6
9.88	0.01032	74
9.89	0.0104	74
9.9	0.01104	74
9.91	0.01064	74
9.92	0.0108	74
9.93	0.01056	73.6
9.94	0.01056	74.8
9.95	0.01024	74
9.96	0.01024	74.4
9.97	0.01024	74
9.98	0.01072	74.8
9.99	0.01056	74
10	0.01104	74.4
10.01	0.01048	74
10.02	0.0104	74
10.03	0.01032	74.4
10.04	0.0108	74.8
10.05	0.01008	74.4
10.06	0.01016	74.4
10.07	0.01056	74.8
10.08	0.01016	75.2
10.09	0.01032	74.8
10.1	0.01048	75.2
10.11	0.00992	74.8
10.12	0.01008	75.2
10.13	0.01048	74.4
10.14	0.01064	75.2
10.15	0.0108	74.8
10.16	0.01024	75.2
10.17	0.01016	75.2
10.18	0.0104	75.6
10.19	0.00976	75.2
10.2	0.0104	75.6
10.21	0.00976	75.2
10.22	0.00968	75.2
10.23	0.00992	75.2
10.24	0.00984	76
10.25	0.01024	75.2
10.26	0.01016	75.6
10.27	0.01	75.6
10.28	0.01048	75.6
10.29	0.01024	75.6
10.3	0.01024	76
10.31	0.00992	76
10.32	0.01024	75.6
10.33	0.00976	76
10.34	0.0104	76.4
10.35	0.00976	76
10.36	0.01032	76.4
10.37	0.01032	76
10.38	0.01008	76.4
10.39	0.0104	76.4
10.4	0.00992	76.8
10.41	0.00984	76.4
10.42	0.00992	76.4
10.43	0.00992	76.8
10.44	0.00992	76.4
10.45	0.01016	76.4
10.46	0.01064	76.4
10.47	0.01008	76.4
10.48	0.01056	77.2
10.49	0.01048	76.8
10.5	0.00984	77.2
10.51	0.00968	76.8
10.52	0.00992	77.6
10.53	0.00984	77.2
10.54	0.00976	77.2
10.55	0.00968	77.2
10.56	0.01048	77.6
10.57	0.00936	77.2
10.58	0.01	77.2
10.59	0.0104	77.6
10.6	0.01024	77.6
10.61	0.01024	77.6
10.62	0.01072	78
10.63	0.00968	78
10.64	0.01024	78
10.65	0.01024	78
10.66	0.01	77.6
10.67	0.01	78.4
10.68	0.00984	78
10.69	0.00992	78.4
10.7	0.01048	78.4
10.71	0.01016	78.4
10.72	0.01016	78
10.73	0.00976	78.4
10.74	0.01024	78
10.75	0.01	78.4
10.76	0.01008	78.4
10.77	0.00984	78.4
10.78	0.01016	78
10.79	0.00992	78.8
10.8	0.01024	78.8
10.81	0.0096	78.8
10.82	0.00992	78.8
10.83	0.00992	79.6
10.84	0.00984	79.2
10.85	0.01	79.6
10.86	0.01016	79.2
10.87	0.00992	79.2
10.88	0.00992	78.8
10.89	0.01008	79.2
10.9	0.01024	78.8
10.91	0.00992	79.6
10.92	0.00952	79.6
10.93	0.00992	80.4
10.94	0.00976	79.2
10.95	0.01016	80
10.96	0.01016	80.4
10.97	0.00968	80.4
10.98	0.00968	79.6
10.99	0.00952	80.4
11	0.00968	80
11.01	0.00968	80
11.02	0.01032	80
11.03	0.00976	80
11.04	0.00936	80
11.05	0.00992	80.4
11.06	0.00992	80.4
11.07	0.01016	80.4
11.08	0.00992	80.4
11.09	0.00992	81.2
11.1	0.00984	80.4
11.11	0.00992	80.8
11.12	0.00992	80.8
11.13	0.0096	81.2
11.14	0.00984	80.4
11.15	0.00912	81.2
11.16	0.00952	80.8
11.17	0.00992	81.2
11.18	0.00976	80.4
11.19	0.01008	81.2
11.2	0.00976	81.2
11.21	0.00976	81.6
11.22	0.00976	81.2
11.23	0.00952	81.6
11.24	0.00944	80.8
11.25	0.00992	82.4
11.26	0.0096	81.6
11.27	0.00944	82
11.28	0.00992	82
11.29	0.00928	82.4
11.3	0.00984	82.4
11.31	0.00968	82.8
11.32	0.00944	82.8
11.33	0.00944	82.4
11.34	0.00992	82
11.35	0.00984	82.4
11.36	0.00968	82.4
11.37	0.00952	82.8
11.38	0.00952	82.4
11.39	0.00912	82.8
11.4	0.00992	82.8
11.41	0.00944	82.8
11.42	0.0096	82.8
11.43	0.01008	82.8
11.44	0.00968	82.8
11.45	0.00944	83.6
11.46	0.00968	83.2
11.47	0.00976	83.2
11.48	0.00936	83.6
11.49	0.00968	84
11.5	0.00928	82.8
11.51	0.00976	83.6
11.52	0.0092	83.6
11.53	0.00952	83.6
11.54	0.00984	83.6
11.55	0.00928	84
11.56	0.00928	84.4
11.57	0.00992	84
11.58	0.00984	84
11.59	0.00968	84.8
11.6	0.00968	84.4
11.61	0.00944	84.8
11.62	0.01008	84.4
11.63	0.00936	84.4
11.64	0.00968	85.2
11.65	0.0096	85.2
11.66	0.00944	84.8
11.67	0.00976	84.8
11.68	0.00968	85.2
11.69	0.0096	84.8
11.7	0.00944	85.2
11.71	0.00928	85.2
11.72	0.00952	85.2
11.73	0.00968	84.8
11.74	0.00968	85.6
11.75	0.0096	86
11.76	0.00944	85.6
11.77	0.00968	85.6
11.78	0.00944	85.2
11.79	0.00936	86
11.8	0.00928	86.4
11.81	0.00952	86.4
11.82	0.00944	86.4
11.83	0.00968	86.4
11.84	0.00928	87.2
11.85	0.00944	86.8
11.86	0.00944	86.8
11.87	0.00928	86.4
11.88	0.00912	86.8
11.89	0.00992	86.8
11.9	0.00936	86.4
11.91	0.00992	86.8
11.92	0.0096	86.8
11.93	0.00904	87.2
11.94	0.00936	87.2
11.95	0.0096	86.8
11.96	0.00936	87.6
11.97	0.00992	86.8
11.98	0.00984	88
11.99	0.00944	87.2
12	0.00928	87.6
12.01	0.00952	87.6
12.02	0.00952	87.6
12.03	0.00936	87.6
12.04	0.00936	87.6
12.05	0.00936	87.6
12.06	0.0092	87.6
12.07	0.00888	87.2
12.08	0.00944	88
12.09	0.00904	88
12.1	0.00944	88.4
12.11	0.00928	87.6
12.12	0.00904	88.4
12.13	0.00928	88.4
12.14	0.00944	88.8
12.15	0.00912	88
12.16	0.00944	88.8
12.17	0.00888	89.6
12.18	0.00928	89.2
12.19	0.0096	88.8
12.2	0.00968	89.2
12.21	0.00976	89.2
12.22	0.0092	89.2
12.23	0.00912	88.4
12.24	0.00968	89.2
12.25	0.0092	88.8
12.26	0.00968	89.2
12.27	0.0092	89.6
12.28	0.00944	89.6
12.29	0.00904	89.6
12.3	0.00904	89.6
12.31	0.00944	89.2
12.32	0.00968	90
12.33	0.00912	90
12.34	0.00944	90.4
12.35	0.00888	89.6
12.36	0.00928	90
12.37	0.00912	90.4
12.38	0.0092	90.8
12.39	0.0092	90
12.4	0.00888	90.8
12.41	0.00936	90.8
12.42	0.00944	90.4
12.43	0.00928	90
12.44	0.00952	90.4
12.45	0.00904	90.8
12.46	0.00928	90.8
12.47	0.0092	90.8
12.48	0.00912	91.2
12.49	0.00888	90.8
12.5	0.00968	91.2
12.51	0.00912	91.2
12.52	0.00896	91.6
12.53	0.00944	91.6
12.54	0.00944	91.2
12.55	0.00912	91.2
12.56	0.00912	92
12.57	0.00904	92.4
12.58	0.00944	91.6
12.59	0.00912	92
12.6	0.00912	92
12.61	0.00928	92
12.62	0.00904	92
12.63	0.00888	92
12.64	0.0088	92
12.65	0.00912	91.6
12.66	0.00872	92.8
12.67	0.00968	92.4
12.68	0.00936	92.4
12.69	0.00928	92.4
12.7	0.00912	92.8
12.71	0.00832	92.8
12.72	0.00896	92.8
12.73	0.00912	93.2
12.74	0.00928	92.8
12.75	0.00944	92.8
12.76	0.00944	93.6
12.77	0.00912	93.2
12.78	0.00912	93.6
12.79	0.00888	93.6
12.8	0.00936	93.2
12.81	0.0092	93.2
12.82	0.00928	93.6
12.83	0.00896	93.6
12.84	0.00912	92.8
12.85	0.00936	94
12.86	0.00904	94
12.87	0.00888	93.6
12.88	0.00904	94
12.89	0.00912	94
12.9	0.00928	94
12.91	0.00856	94
12.92	0.00904	94.4
12.93	0.00904	94.4
12.94	0.00888	94.4
12.95	0.00928	94.8
12.96	0.00976	80.8
12.97	0.00984	80.8
12.98	0.00968	80.8
12.99	0.00888	81.2
13	0.00952	80.8
13.01	0.0092	80.4
13.02	0.00984	81.2
13.03	0.00968	80.8
13.04	0.01016	80.4
13.05	0.00992	81.2
13.06	0.0096	81.2
13.07	0.00952	80.4
13.08	0.00944	80.4
13.09	0.0096	81.2
13.1	0.00992	80.8
13.11	0.00968	80.8
13.12	0.00968	80.8
13.13	0.00976	81.6
13.14	0.00976	81.2
13.15	0.00992	81.6
13.16	0.00936	80.8
13.17	0.00936	81.2
13.18	0.00944	81.2
13.19	0.00968	81.6
13.2	0.0096	81.2
13.21	0.00944	81.6
13.22	0.00968	80.8
13.23	0.00968	81.2
13.24	0.00944	80.4
13.25	0.00952	81.6
13.26	0.0096	81.2
13.27	0.00968	81.6
13.28	0.00968	81.2
13.29	0.00984	82
13.3	0.00968	81.2
13.31	0.0092	81.6
13.32	0.0096	81.2
13.33	0.00984	81.6
13.34	0.0092	82
13.35	0.00904	82.4
13.36	0.00976	82
13.37	0.00952	81.6
13.38	0.00984	81.6
13.39	0.00944	82
13.4	0.00912	81.6
13.41	0.00928	82
13.42	0.0096	81.6
13.43	0.00912	81.6
13.44	0.00944	82
13.45	0.00944	82
13.46	0.00912	82
13.47	0.0096	82
13.48	0.00968	82
13.49	0.00888	82
13.5	0.00912	82
13.51	0.01	82.8
13.52	0.00992	82.4
13.53	0.00984	82.4
13.54	0.00944	81.6
13.55	0.00936	82.8
13.56	0.00944	82.4
13.57	0.0096	82
13.58	0.00968	82.4
13.59	0.00928	82.8
13.6	0.00912	82
13.61	0.00928	82.8
13.62	0.00952	82.4
13.63	0.00952	82.8
13.64	0.00944	82.4
13.65	0.00928	82.4
13.66	0.00952	82
13.67	0.00896	82.8
13.68	0.0096	82.8
13.69	0.0096	82.8
13.7	0.00984	82.8
13.71	0.00904	82.8
13.72	0.0096	82.8
13.73	0.00928	82.8
13.74	0.00968	82.8
13.75	0.00944	83.2
13.76	0.00992	82.8
13.77	0.00968	83.6
13.78	0.00984	83.6
13.79	0.00888	84
13.8	0.00904	83.2
13.81	0.01032	83.6
13.82	0.00928	84
13.83	0.00968	84
13.84	0.00944	83.2
13.85	0.0092	84
13.86	0.00904	84
13.87	0.00968	83.6
13.88	0.00936	83.6
13.89	0.00928	84
13.9	0.00928	84
13.91	0.00944	84
13.92	0.00984	84
13.93	0.00912	84
13.94	0.00944	84.4
13.95	0.00912	84
13.96	0.00944	84
13.97	0.00856	84
13.98	0.00968	84.4
13.99	0.00944	84
14	0.00992	84.4
14.01	0.00944	84.4
14.02	0.00968	84.4
14.03	0.00904	84.8
14.04	0.00912	84.8
14.05	0.00944	84.4
14.06	0.00944	84.8
14.07	0.0092	84.4
14.08	0.00936	84.4
14.09	0.00896	84.4
14.1	0.00976	85.2
14.11	0.00904	85.2
14.12	0.00912	84.8
14.13	0.0096	84.8
14.14	0.00952	85.2
14.15	0.00944	84.8
14.16	0.00944	85.2
14.17	0.00904	85.2
14.18	0.0092	85.2
14.19	0.00928	84.8
14.2	0.00944	85.2
14.21	0.00912	85.2
14.22	0.0092	85.6
14.23	0.00888	85.6
14.24	0.00912	85.6
14.25	0.0092	85.2
14.26	0.00888	85.6
14.27	0.00928	85.2
14.28	0.00944	85.6
14.29	0.00904	85.2
14.3	0.00968	85.6
14.31	0.00928	85.2
14.32	0.00912	85.6
14.33	0.00912	85.6
14.34	0.00984	85.6
14.35	0.00936	85.6
14.36	0.00848	86
14.37	0.00952	85.6
14.38	0.00968	86
14.39	0.0092	85.6
14.4	0.00944	86
14.41	0.00912	85.6
14.42	0.00904	86.4
14.43	0.00856	86.4
14.44	0.00896	86.4
14.45	0.00928	86.4
14.46	0.0092	86.8
14.47	0.00912	86.8
14.48	0.00896	86.4
14.49	0.0096	86.4
14.5	0.00912	86.4
14.51	0.00896	86.4
14.52	0.00944	86.4
14.53	0.00944	86.4
14.54	0.00968	86.8
14.55	0.00896	86.8
14.56	0.00896	86.8
14.57	0.00832	86.8
14.58	0.00944	86.8
14.59	0.00896	86.4
14.6	0.00936	87.2
14.61	0.0088	86.8
14.62	0.0092	86.8
14.63	0.00936	86.8
14.64	0.00952	87.2
14.65	0.00848	87.2
14.66	0.00896	87.6
14.67	0.00864	87.6
14.68	0.00888	87.6
14.69	0.00944	87.2
14.7	0.00936	87.6
14.71	0.0088	87.2
14.72	0.00872	87.6
14.73	0.00856	87.2
14.74	0.00912	87.6
14.75	0.00968	87.6
14.76	0.00856	87.6
14.77	0.00888	87.6
14.78	0.0088	88
14.79	0.00912	88
14.8	0.00864	87.6
14.81	0.0092	88
14.82	0.00912	88.4
14.83	0.00912	88
14.84	0.00936	88
14.85	0.00944	88
14.86	0.00912	88
14.87	0.00944	88
14.88	0.00896	88.4
14.89	0.00888	88.4
14.9	0.00888	88.4
14.91	0.00848	88.4
14.92	0.00888	88.8
14.93	0.00904	88.4
14.94	0.00912	88.4
14.95	0.00912	88.8
14.96	0.00888	88.4
14.97	0.00832	88
14.98	0.00944	88.8
14.99	0.00888	89.2
15	0.00904	89.2
15.01	0.00912	88.8
15.02	0.00936	89.2
15.03	0.00888	88.8
15.04	0.00904	89.2
15.05	0.00936	89.2
15.06	0.0092	89.2
15.07	0.00888	89.2
15.08	0.00968	89.6
15.09	0.00824	89.6
15.1	0.0088	89.2
15.11	0.00864	89.2
15.12	0.00896	89.2
15.13	0.00888	89.6
15.14	0.00928	89.6
15.15	0.00888	89.6
15.16	0.00888	89.6
15.17	0.00872	89.6
15.18	0.00848	90
15.19	0.00888	90
15.2	0.00888	89.6
15.21	0.0092	89.6
15.22	0.00856	90
15.23	0.00912	90.4
15.24	0.00888	90
15.25	0.00888	90
15.26	0.00888	90
15.27	0.00912	90
15.28	0.00888	90.4
15.29	0.00904	90.4
15.3	0.0088	90.4
15.31	0.00944	90.4
15.32	0.00912	90.4
15.33	0.0088	90.8
15.34	0.00896	90.4
15.35	0.00904	90.8
15.36	0.00872	90.4
15.37	0.0092	90.8
15.38	0.00832	90.4
15.39	0.00896	90.4
15.4	0.00848	90.4
15.41	0.00888	90.8
15.42	0.00928	90.8
15.43	0.00904	91.2
15.44	0.00936	91.2
15.45	0.00928	90.8
15.46	0.00856	90.8
15.47	0.00904	91.6
15.48	0.00888	91.2
15.49	0.00912	91.2
15.5	0.0092	90.8
15.51	0.0088	91.2
15.52	0.00856	91.2
15.53	0.0088	91.6
15.54	0.00904	91.6
15.55	0.00888	91.6
15.56	0.00888	91.6
15.57	0.00912	91.6
15.58	0.00888	91.2
15.59	0.0088	91.6
15.6	0.00888	91.6
15.61	0.00872	91.6
15.62	0.00896	91.6
15.63	0.00872	91.6
15.64	0.00848	91.6
15.65	0.00912	91.6
15.66	0.00912	91.2
15.67	0.00904	92
15.68	0.00912	92
15.69	0.00888	92
15.7	0.00912	91.6
15.71	0.00864	91.6
15.72	0.0092	92
15.73	0.00904	92
15.74	0.00848	92
15.75	0.0088	92.4
15.76	0.00864	92
15.77	0.00904	92.4
15.78	0.00872	92.4
15.79	0.0088	92.8
15.8	0.00872	92.4
15.81	0.00888	92.8
15.82	0.00912	92.4
15.83	0.00832	92.4
15.84	0.00888	92.4
15.85	0.00904	92.4
15.86	0.00904	92.4
15.87	0.00856	92.8
15.88	0.00912	92.4
15.89	0.00856	92.8
15.9	0.0088	92.8
15.91	0.00856	93.2
15.92	0.00912	92.8
15.93	0.0088	92.8
15.94	0.00872	92.8
15.95	0.00832	92.8
15.96	0.00912	93.2
15.97	0.00856	93.2
15.98	0.00856	92.8
15.99	0.00856	93.2
16	0.00896	93.2
16.01	0.00872	93.2
16.02	0.0088	92.8
16.03	0.00896	93.2
16.04	0.00832	93.2
16.05	0.00864	93.2
16.06	0.00832	93.2
16.07	0.00856	94
16.08	0.00936	93.2
16.09	0.00832	93.2
16.1	0.00888	93.6
16.11	0.00856	93.6
16.12	0.00864	93.6
16.13	0.00856	94
16.14	0.00848	93.6
16.15	0.0088	94
16.16	0.00904	94
16.17	0.00888	94
16.18	0.00856	94
16.19	0.00888	94
16.2	0.00856	94
16.21	0.00912	94
16.22	0.00856	94
16.23	0.00856	94.4
16.24	0.00848	94.4
16.25	0.00864	94
16.26	0.00864	94
16.27	0.00856	94.4
16.28	0.00872	94
16.29	0.00872	94.4
16.3	0.00848	94.4
16.31	0.00888	94
16.32	0.00848	94.4
16.33	0.00864	94.4
16.34	0.00912	94.4
16.35	0.00856	94.8
16.36	0.00904	94.8
16.37	0.00864	94.4
16.38	0.00888	94.8
16.39	0.00824	94.8
16.4	0.00872	94.8
16.41	0.0084	94.8
16.42	0.00856	94.8
16.43	0.00856	94.8
16.44	0.00912	94.8
16.45	0.0084	94.8
16.46	0.00912	94.8
16.47	0.00816	94.4
16.48	0.00824	94.8
16.49	0.00856	94.8
16.5	0.00856	94.8
16.51	0.00864	94.8
16.52	0.00856	95.2
16.53	0.00816	94.8
16.54	0.0088	95.2
16.55	0.00864	95.2
16.56	0.00856	95.2
16.57	0.00888	95.2
16.58	0.00856	95.2
16.59	0.00824	95.2
16.6	0.00904	95.2
16.61	0.00816	95.2
16.62	0.00832	95.2
16.63	0.00888	95.2
16.64	0.00832	95.2
16.65	0.00816	95.2
16.66	0.00832	95.6
16.67	0.00864	95.2
16.68	0.00848	95.2
16.69	0.00856	95.6
16.7	0.00888	95.6
16.71	0.00856	95.2
16.72	0.00816	95.6
16.73	0.00832	95.6
16.74	0.00848	96
16.75	0.0088	95.6
16.76	0.00856	95.6
16.77	0.00896	95.6
16.78	0.00856	96
16.79	0.00856	96
16.8	0.00904	96
16.81	0.00848	95.6
16.82	0.00856	96
16.83	0.00816	95.6
16.84	0.00872	96
16.85	0.00848	96
16.86	0.00816	96
16.87	0.00872	95.6
16.88	0.00832	96
16.89	0.00888	96
16.9	0.0084	96.4
16.91	0.00888	96
16.92	0.00896	96.4
16.93	0.00824	96.4
16.94	0.00864	96
16.95	0.0088	95.6
16.96	0.00912	96.4
16.97	0.00904	96
16.98	0.00888	96.4
16.99	0.00872	96.4
17	0.00856	96.4
17.01	0.00856	96
17.02	0.00856	96.4
17.03	0.0084	96
17.04	0.00888	96.4
17.05	0.00848	96.4
17.06	0.00856	96.4
17.07	0.00896	96.4
17.08	0.0088	96.4
17.09	0.00856	96.4
17.1	0.00832	96.4
17.11	0.00856	96.4
17.12	0.00912	96.4
17.13	0.0088	96.4
17.14	0.00848	96.4
17.15	0.00864	96.4
17.16	0.00864	96.8
17.17	0.00784	96.8
17.18	0.00864	96.8
17.19	0.00832	96.4
17.2	0.00848	96.8
17.21	0.0084	96.8
17.22	0.00888	96.8
17.23	0.00872	96.8
17.24	0.0084	96.8
17.25	0.0084	96.8
17.26	0.00872	96.8
17.27	0.0084	96.8
17.28	0.00832	96.8
17.29	0.00896	96.8
17.3	0.0088	96.8
17.31	0.00848	96.8
17.32	0.00888	96.8
17.33	0.00856	96.8
17.34	0.00856	96.8
17.35	0.00848	96.8
17.36	0.00872	97.2
17.37	0.00856	97.2
17.38	0.00832	96.8
17.39	0.00856	96.8
17.4	0.0088	97.2
17.41	0.0084	97.2
17.42	0.00832	96.8
17.43	0.00848	97.2
17.44	0.00864	97.2
17.45	0.00856	97.2
17.46	0.00872	97.2
17.47	0.00824	97.2
17.48	0.00856	97.2
17.49	0.0084	97.2
17.5	0.00856	97.2
17.51	0.00856	97.2
17.52	0.00832	96.8
17.53	0.0084	97.2
17.54	0.00816	97.2
17.55	0.00832	97.2
17.56	0.00848	97.2
17.57	0.00848	97.2
17.58	0.0084	97.2
17.59	0.00816	97.2
17.6	0.00816	97.2
17.61	0.008	97.6
17.62	0.00872	97.6
17.63	0.00816	97.6
17.64	0.00832	97.6
17.65	0.00888	97.2
17.66	0.00816	97.2
17.67	0.00856	97.6
17.68	0.0084	97.6
17.69	0.00864	97.6
17.7	0.00832	97.2
17.71	0.00848	97.6
17.72	0.00888	97.2
17.73	0.00872	97.6
17.74	0.00848	97.6
17.75	0.00864	97.2
17.76	0.00888	97.2
17.77	0.00816	97.6
17.78	0.0092	97.2
17.79	0.00816	97.6
17.8	0.0084	97.2
17.81	0.00808	97.6
17.82	0.0084	97.2
17.83	0.00888	97.6
17.84	0.00896	97.6
17.85	0.00832	97.6
17.86	0.00856	97.6
17.87	0.00832	97.6
17.88	0.00792	97.6
17.89	0.00832	97.2
17.9	0.00832	97.2
17.91	0.00872	97.6
17.92	0.0084	97.2
17.93	0.00824	97.2
17.94	0.0084	97.6
17.95	0.00784	97.6
17.96	0.00824	97.6
17.97	0.00888	97.2
17.98	0.00856	97.6
17.99	0.008	97.6
18	0.00848	97.2
18.01	0.00864	97.6
18.02	0.00904	97.2
18.03	0.00856	97.2
18.04	0.00824	97.2
18.05	0.00824	97.6
18.06	0.00824	97.2
18.07	0.00856	97.6
18.08	0.00848	97.6
18.09	0.00856	97.6
18.1	0.00856	97.2
18.11	0.00792	97.6
18.12	0.00848	97.6
18.13	0.00912	97.2
18.14	0.00824	97.2
18.15	0.00864	97.6
18.16	0.00816	97.6
18.17	0.0088	97.6
18.18	0.0084	97.6
18.19	0.008	98
18.2	0.008	97.6
18.21	0.0084	97.6
18.22	0.00872	97.6
18.23	0.0088	97.6
18.24	0.00856	97.2
18.25	0.0084	97.6
18.26	0.00872	97.2
18.27	0.00816	97.6
18.28	0.00912	97.2
18.29	0.00856	97.2
18.3	0.00824	97.2
18.31	0.00864	97.6
18.32	0.00816	97.2
18.33	0.00824	97.2
18.34	0.00824	97.2
18.35	0.00864	97.6
18.36	0.00824	97.6
18.37	0.00832	97.2
18.38	0.00872	97.6
18.39	0.00832	97.6
18.4	0.0084	97.2
18.41	0.00912	97.2
18.42	0.00872	97.6
18.43	0.00848	97.2
18.44	0.00856	97.2
18.45	0.00888	97.6
18.46	0.00856	97.2
18.47	0.00856	97.2
18.48	0.0088	97.6
18.49	0.00848	97.6
18.5	0.00856	97.2
18.51	0.00816	97.2
18.52	0.00848	97.2
18.53	0.00832	97.2
18.54	0.00824	97.6
18.55	0.00848	97.6
18.56	0.00816	97.2
18.57	0.00872	97.6
18.58	0.00872	97.6
18.59	0.00848	97.2
18.6	0.00848	97.2
18.61	0.00856	97.6
18.62	0.00856	97.6
18.63	0.008	97.6
18.64	0.0088	97.6
18.65	0.00832	97.6
18.66	0.00816	97.2
18.67	0.00872	97.2
18.68	0.00824	97.6
18.69	0.00832	97.2
18.7	0.00904	97.2
18.71	0.0084	97.6
18.72	0.00824	97.6
18.73	0.00808	97.2
18.74	0.00856	97.6
18.75	0.00856	97.6
18.76	0.00816	97.2
18.77	0.00856	97.2
18.78	0.00864	97.6
18.79	0.00912	97.6
18.8	0.00888	97.6
18.81	0.00816	97.2
18.82	0.00856	97.6
18.83	0.00872	97.2
18.84	0.00888	97.2
18.85	0.00912	97.6
18.86	0.00832	97.6
18.87	0.0084	97.2
18.88	0.008	97.6
18.89	0.00832	97.2
18.9	0.00888	97.2
18.91	0.00864	97.2
18.92	0.00816	97.2
18.93	0.00784	97.2
18.94	0.008	97.6
18.95	0.0088	97.2
18.96	0.00832	97.2
18.97	0.00888	97.6
18.98	0.00872	97.6
18.99	0.0084	97.2
19	0.00856	97.2
19.01	0.00824	97.6
19.02	0.00856	97.2
19.03	0.00888	97.2
19.04	0.00824	97.2
19.05	0.00832	97.6
19.06	0.00896	97.2
19.07	0.008	97.6
19.08	0.00864	97.2
19.09	0.00816	97.6
19.1	0.00888	97.6
19.11	0.0084	97.2
19.12	0.00832	97.6
19.13	0.00848	97.2
19.14	0.00816	97.6
19.15	0.00872	97.6
19.16	0.00864	97.6
19.17	0.00856	97.6
19.18	0.00872	97.6
19.19	0.00872	97.2
19.2	0.00888	97.2
19.21	0.00824	97.2
19.22	0.00888	97.6
19.23	0.00832	97.2
19.24	0.00864	97.6
19.25	0.008	98
19.26	0.0084	97.6
19.27	0.00832	97.2
19.28	0.0084	97.6
19.29	0.00808	97.2
19.3	0.0084	97.2
19.31	0.00848	97.6
19.32	0.0084	97.6
19.33	0.00808	97.6
19.34	0.00904	97.6
19.35	0.00848	97.2
19.36	0.00848	97.2
19.37	0.00856	97.6
19.38	0.0084	97.6
19.39	0.00832	97.2
19.4	0.00824	97.6
19.41	0.00824	97.6
19.42	0.00824	97.2
19.43	0.0084	97.2
19.44	0.00832	97.6
19.45	0.00856	97.2
19.46	0.00864	97.6
19.47	0.00832	97.6
19.48	0.00824	98
19.49	0.00856	97.2
19.5	0.0084	97.2
19.51	0.00832	97.6
19.52	0.00824	97.6
19.53	0.00848	97.6
19.54	0.00856	97.6
19.55	0.00864	97.6
19.56	0.00864	97.2
19.57	0.00832	97.6
19.58	0.00848	97.2
19.59	0.00832	97.2
19.6	0.0088	97.2
19.61	0.00832	97.6
19.62	0.00856	97.2
19.63	0.00816	97.2
19.64	0.00856	97.6
19.65	0.0084	97.6
19.66	0.00816	97.2
19.67	0.0084	97.6
19.68	0.00888	97.6
19.69	0.00816	97.6
19.7	0.00904	97.2
19.71	0.00832	97.6
19.72	0.0084	97.6
19.73	0.00832	97.2
19.74	0.00808	98
19.75	0.00816	97.2
19.76	0.00872	97.2
19.77	0.00784	97.6
19.78	0.00832	97.2
19.79	0.00816	97.6
19.8	0.00904	97.6
19.81	0.00872	97.6
19.82	0.0084	97.6
19.83	0.00888	97.2
19.84	0.00856	97.6
19.85	0.008	97.6
19.86	0.00864	97.2
19.87	0.00816	97.6
19.88	0.00912	97.6
19.89	0.00848	97.6
19.9	0.00848	96.8
19.91	0.00816	97.6
19.92	0.00864	97.2
19.93	0.00912	97.6
19.94	0.00824	97.6
19.95	0.0084	97.6
19.96	0.00824	97.2
19.97	0.00872	97.2
19.98	0.0084	97.2
19.99	0.008	97.6
20	0.008	97.6
20.01	0.00816	98
20.02	0.0088	97.6
20.03	0.00872	97.6
20.04	0.0084	97.2
20.05	0.0088	97.6
20.06	0.00856	97.2
20.07	0.00752	97.6
20.08	0.00856	97.2
20.09	0.00816	97.6
20.1	0.00864	97.6
20.11	0.00856	97.2
20.12	0.00832	97.6
20.13	0.00856	97.6
20.14	0.00832	97.6
20.15	0.00856	97.6
20.16	0.00848	97.6
20.17	0.00816	97.2
20.18	0.00776	97.2
20.19	0.00816	98
20.2	0.0084	97.6
20.21	0.00768	97.6
20.22	0.00888	97.2
20.23	0.00816	97.6
20.24	0.00816	97.2
20.25	0.008	97.6
20.26	0.00808	97.6
20.27	0.0084	97.6
20.28	0.00816	97.2
20.29	0.008	97.6
20.3	0.00832	97.2
20.31	0.0084	97.2
20.32	0.00792	97.6
20.33	0.00848	97.6
20.34	0.00848	97.6
20.35	0.00832	97.2
20.36	0.00808	97.6
20.37	0.00856	97.6
20.38	0.00888	97.6
20.39	0.0088	98
20.4	0.00888	97.6
20.41	0.00832	97.6
20.42	0.0084	97.2
20.43	0.00864	97.6
20.44	0.00832	97.6
20.45	0.00832	97.6
20.46	0.00832	97.6
20.47	0.00856	97.6
20.48	0.0084	97.6
20.49	0.00832	97.2
20.5	0.0088	97.2
20.51	0.00816	97.2
20.52	0.00832	97.6
20.53	0.0084	97.2
20.54	0.00816	97.6
20.55	0.00824	97.6
20.56	0.00856	97.2
20.57	0.008	97.6
20.58	0.008	97.6
20.59	0.00872	97.6
20.6	0.0084	97.2
20.61	0.00832	97.6
20.62	0.0088	97.2
20.63	0.00832	97.6
20.64	0.00832	97.6
20.65	0.00824	97.6
20.66	0.00848	98
20.67	0.0088	97.6
20.68	0.00856	97.2
20.69	0.008	97.6
20.7	0.00848	97.6
20.71	0.00832	97.6
20.72	0.00856	97.6
20.73	0.00872	97.6
20.74	0.00824	97.2
20.75	0.00808	97.6
20.76	0.00888	97.2
20.77	0.00856	97.2
20.78	0.00896	97.6
20.79	0.00896	97.6
20.8	0.00856	97.6
20.81	0.00832	97.6
20.82	0.0084	97.6
20.83	0.00832	97.6
20.84	0.00872	97.2
20.85	0.008	97.6
20.86	0.0088	97.6
20.87	0.00808	97.6
20.88	0.00864	97.2
20.89	0.00856	97.6
20.9	0.00856	97.6
20.91	0.00848	97.2
20.92	0.00832	97.6
20.93	0.00888	97.6
20.94	0.008	97.6
20.95	0.00864	97.2
20.96	0.00832	97.6
20.97	0.00816	97.6
20.98	0.00832	97.6
20.99	0.00856	97.2
21	0.00864	97.6
21.01	0.00832	97.6
21.02	0.0088	97.6
21.03	0.00872	97.6
21.04	0.00856	97.2
21.05	0.0084	97.6
21.06	0.00856	97.2
21.07	0.00832	97.2
21.08	0.00856	97.6
21.09	0.00832	97.6
21.1	0.00824	97.2
21.11	0.00816	97.6
21.12	0.0088	97.6
21.13	0.00864	97.6
21.14	0.00832	97.6
21.15	0.00856	97.2
21.16	0.00872	98
21.17	0.00856	97.6
21.18	0.00832	97.6
21.19	0.00848	97.2
21.2	0.00904	97.6
21.21	0.00856	97.6
21.22	0.00856	97.6
21.23	0.00856	97.2
21.24	0.00832	98
21.25	0.00832	97.6
21.26	0.00888	97.6
21.27	0.00912	97.6
21.28	0.00856	97.6
21.29	0.00888	97.2
21.3	0.00872	97.2
21.31	0.00816	97.2
21.32	0.00888	97.6
21.33	0.00832	97.2
21.34	0.0084	97.6
21.35	0.00872	97.6
21.36	0.0088	97.6
21.37	0.00832	97.6
21.38	0.00832	97.2
21.39	0.0084	97.6
21.4	0.00856	97.6
21.41	0.00824	97.2
21.42	0.00864	97.2
21.43	0.00856	97.6
21.44	0.00832	97.6
21.45	0.00888	97.6
21.46	0.0084	97.6
21.47	0.00832	97.6
21.48	0.00896	97.6
21.49	0.0088	97.2
21.5	0.0088	97.6
21.51	0.00856	98
21.52	0.00872	98
21.53	0.00816	97.2
21.54	0.00856	97.6
21.55	0.00912	97.6
21.56	0.00864	97.6
21.57	0.008	98
21.58	0.00904	98
21.59	0.00856	97.2
21.6	0.0084	97.6
21.61	0.00832	97.6
21.62	-0.00312	0.4
21.63	-0.00312	0.4
21.64	-0.00312	0.4
21.65	-0.00312	0.4
21.66	-0.00312	0.4
21.67	-0.00312	0.4
21.68	-0.00312	0.4
21.69	-0.00312	0.4
21.7	-0.00312	0.4
21.71	-0.00312	0.4
21.72	-0.00312	0.4
21.73	-0.00312	0.4
21.74	-0.00312	0.4
21.75	-0.00312	0.4
21.76	-0.00312	0.4
21.77	-0.00312	0.4
21.78	-0.00312	0.4
21.79	-0.00312	0.4
21.8	-0.00312	0.4
21.81	-0.00312	0.4
21.82	-0.00312	0.4
21.83	-0.00312	0.4
21.84	-0.00312	0.4
21.85	-0.00312	0.4
21.86	-0.00312	0.4
21.87	-0.00312	0.4
21.88	-0.00312	0.4
21.89	-0.00312	0.4
21.9	-0.00312	0.4
21.91	-0.00312	0.4
21.92	-0.00312	0.4
21.93	-0.00312	0.4
21.94	-0.00312	0.4
21.95	-0.00312	0.4
21.96	-0.00312	0.4
21.97	-0.00312	0.4
21.98	-0.00312	0.4
21.99	-0.00312	0.4
22	-0.00312	0.4
22.01	-0.00312	0.4
22.02	-0.00312	0.4
22.03	-0.00312	0.4
22.04	-0.00312	0.4
22.05	-0.00312	0.4
22.06	-0.00312	0.4
22.07	-0.00312	0.4
22.08	-0.00312	0.4
22.09	-0.00312	0.4
22.1	-0.00312	0.4
22.11	-0.00312	0.4
22.12	-0.00312	0.4
22.13	-0.00312	0.4
22.14	-0.00312	0.4
22.15	-0.00312	0.4
22.16	-0.00312	0.4
22.17	-0.00312	0.4
22.18	-0.00312	0.4
22.19	-0.00312	0.4
22.2	-0.00312	0.4
22.21	-0.00312	0.4
22.22	-0.00312	0.4
22.23	-0.00312	0.4
22.24	-0.00312	0.4
22.25	-0.00312	0.4
22.26	-0.00312	0.4
22.27	-0.00312	0.4
22.28	-0.00312	0.4
22.29	-0.00312	0.4
22.3	-0.00312	0.4
22.31	-0.00312	0.4
22.32	-0.00312	0.4
22.33	-0.00312	0.4
22.34	-0.00312	0.4
22.35	-0.00312	0.4
22.36	-0.00312	0.4
22.37	-0.00312	0.4
22.38	-0.00312	0.4
22.39	-0.00312	0.4
22.4	-0.00312	0.4
22.41	-0.00312	0.4
22.42	-0.00312	0.4
22.43	-0.00312	0.4
22.44	-0.00312	0.4
22.45	-0.00312	0.4
22.46	-0.00312	0.4
22.47	-0.00312	0.4
22.48	-0.00312	0.4
22.49	-0.00312	0.4
22.5	-0.00312	0.4
22.51	-0.00312	0.4
22.52	-0.00312	0.4
22.53	-0.00312	0.4
22.54	-0.00312	0.4
22.55	-0.00312	0.4
22.56	-0.00312	0.4
22.57	-0.00312	0.4
22.58	-0.00312	0.4
22.59	-0.00312	0.4
22.6	-0.00312	0.4
22.61	-0.00312	0.4
22.62	-0.00312	0.4
22.63	-0.00312	0.4
22.64	-0.00312	0.4
22.65	-0.00312	0.4
22.66	-0.00312	0.4
22.67	-0.00312	0.4
22.68	-0.00312	0.4
22.69	-0.00312	0.4
22.7	-0.00312	0.4
22.71	-0.00312	0.4
22.72	-0.00312	0.4
22.73	-0.00312	0.4
22.74	-0.00312	0.4
22.75	-0.00312	0.4
22.76	-0.00312	0.4
22.77	-0.00312	0.4
22.78	-0.00312	0.4
22.79	-0.00312	0.4
22.8	-0.00312	0.4
22.81	-0.00312	0.4
22.82	-0.00312	0.4
22.83	-0.00312	0.4
22.84	-0.00312	0.4
22.85	-0.00312	0.4
22.86	-0.00312	0.4
22.87	-0.00312	0.4
22.88	-0.00312	0.4
22.89	-0.00312	0.4
22.9	-0.00312	0.4
22.91	-0.00312	0.4
22.92	-0.00312	0.4
22.93	-0.00312	0.4
22.94	-0.00312	0.4
22.95	-0.00312	0.4
22.96	-0.00312	0.4
22.97	-0.00312	0.4
22.98	-0.00312	0.4
22.99	-0.00312	0.4
23	-0.00312	0.4
23.01	-0.00312	0.4
23.02	-0.00312	0.4
23.03	-0.00312	0.4
23.04	-0.00312	0.4
23.05	-0.00312	0.4
23.06	-0.00312	0.4
23.07	-0.00312	0.4
23.08	-0.00312	0.4
23.09	-0.00312	0.4
23.1	-0.00312	0.4
23.11	-0.00312	0.4
23.12	-0.00312	0.4
23.13	-0.00312	0.4
23.14	-0.00312	0.4
23.15	-0.00312	0.4
23.16	-0.00312	0.4
23.17	-0.00312	0.4
23.18	-0.00312	0.4
23.19	-0.00312	0.4
23.2	-0.00312	0.4
23.21	-0.00312	0.4
23.22	-0.00312	0.4
23.23	-0.00312	0.4
23.24	-0.00312	0.4
23.25	-0.00312	0.4
23.26	-0.00312	0.4
23.27	-0.00312	0.4
23.28	-0.00312	0.4
23.29	-0.00312	0.4
23.3	-0.00312	0.4
23.31	-0.00312	0.4
23.32	-0.00312	0.4
23.33	-0.00312	0.4
23.34	-0.00312	0.4
23.35	-0.00312	0.4
23.36	-0.00312	0.4
23.37	-0.00312	0.4
23.38	-0.00312	0.4
23.39	-0.00312	0.4
23.4	-0.00312	0.4
23.41	-0.00312	0.4
23.42	-0.00312	0.4
23.43	-0.00312	0.4
23.44	-0.00312	0.4
23.45	-0.00312	0.4
23.46	-0.00312	0.4
23.47	-0.00312	0.4
23.48	-0.00312	0.4
23.49	-0.00312	0.4
23.5	-0.00312	0.4
23.51	-0.00312	0.4
23.52	-0.00312	0.4
23.53	-0.00312	0.4
23.54	-0.00312	0.4
23.55	-0.00312	0.4
23.56	-0.00312	0.4
23.57	-0.00312	0.4
23.58	-0.00312	0.4
23.59	-0.00312	0.4
23.6	-0.00312	0.4
23.61	-0.00312	0.4
23.62	-0.00312	0.4
23.63	-0.00312	0.4
23.64	-0.00312	0.4
23.65	-0.00312	0.4
23.66	-0.00312	0.4
23.67	-0.00312	0.4
23.68	-0.00312	0.4
23.69	-0.00312	0.4
23.7	-0.00312	0.4
23.71	-0.00312	0.4
23.72	-0.00312	0.4
23.73	-0.00312	0.4
23.74	-0.00312	0.4
23.75	-0.00312	0.4
23.76	-0.00312	0.4
23.77	-0.00312	0.4
23.78	-0.00312	0.4
23.79	-0.00312	0.4
23.8	-0.00312	0.4
23.81	-0.00312	0.4
23.82	-0.00312	0.4
23.83	-0.00312	0.4
23.84	-0.00312	0.4
23.85	-0.00312	0.4
23.86	-0.00312	0.4
23.87	-0.00312	0.4
23.88	-0.00312	0.4
23.89	-0.00312	0.4
23.9	-0.00312	0.4
23.91	-0.00312	0.4
23.92	-0.00312	0.4
23.93	-0.00312	0.4
23.94	-0.00312	0.4
23.95	-0.00312	0.4
23.96	-0.00312	0.4
23.97	-0.00312	0.4
23.98	-0.00312	0.4
23.99	-0.00312	0.4
24	-0.00312	0.4
24.01	-0.00312	0.4
24.02	-0.00312	0.4
24.03	-0.00312	0.4
24.04	-0.00312	0.4
24.05	-0.00312	0.4
24.06	-0.00312	0.4
24.07	-0.00312	0.4
24.08	-0.00312	0.4
24.09	-0.00312	0.4
24.1	-0.00312	0.4
24.11	-0.00312	0.4
24.12	0.01048	76
24.13	0.01024	76
24.14	0.00992	76.4
24.15	0.01056	75.2
24.16	0.01056	76.8
24.17	0.01104	76
24.18	0.01096	76.8
24.19	0.01072	74.8
24.2	0.01104	76.8
24.21	0.01024	76.4
24.22	0.01104	76.4
24.23	0.01008	75.6
24.24	0.0108	76.4
24.25	0.01064	76.4
24.26	0.01032	76.8
24.27	0.01024	74.8
24.28	0.01056	76.8
24.29	0.01096	75.2
24.3	0.0108	76.8
24.31	0.01032	75.2
24.32	0.01024	74.8
24.33	0.01064	74.8
24.34	0.01064	75.2
24.35	0.01008	74
24.36	0.01104	74.8
24.37	0.0108	75.2
24.38	0.01136	74.4
24.39	0.01072	74
24.4	0.0108	75.2
24.41	0.01072	74.4
24.42	0.01104	74.4
24.43	0.01048	74
24.44	0.01112	75.2
24.45	0.00992	74.4
24.46	0.01096	74
24.47	0.0104	74
24.48	0.01056	73.6
24.49	0.01048	74
24.5	0.01096	73.6
24.51	0.01008	73.6
24.52	0.0108	73.6
24.53	0.01048	74
24.54	0.01072	73.6
24.55	0.0108	73.6
24.56	0.01024	73.6
24.57	0.01024	74
24.58	0.01048	73.2
24.59	0.01008	74
24.6	0.01048	73.6
24.61	0.01064	74
24.62	0.01072	73.6
24.63	0.01008	73.6
24.64	0.0108	73.6
24.65	0.01056	74
24.66	0.01072	73.6
24.67	0.0108	73.6
24.68	0.0108	73.2
24.69	0.01048	73.6
24.7	0.01104	73.2
24.71	0.01032	73.6
24.72	0.01048	73.6
24.73	0.01008	73.6
24.74	0.01048	73.2
24.75	0.01048	73.2
24.76	0.01024	73.2
24.77	0.01048	73.6
24.78	0.01112	73.2
24.79	0.0108	73.6
24.8	0.01032	73.6
24.81	0.01048	73.2
24.82	0.01032	73.6
24.83	0.01064	73.6
24.84	0.01032	73.2
24.85	0.01	73.2
24.86	0.01112	73.6
24.87	0.01048	73.6
24.88	0.0108	73.6
24.89	0.01016	73.6
24.9	0.0108	73.6
24.91	0.01032	73.6
24.92	0.01096	73.6
24.93	0.01	73.6
24.94	0.01016	73.6
24.95	0.01032	73.6
24.96	0.01088	73.6
24.97	0.01128	73.6
24.98	0.01048	73.6
24.99	0.01016	73.6
