&a / °	I1 / %
2,736	16,8
2,733	14,5
2,731	18,0
2,728	15,2
2,725	18,2
2,723	15,2
2,720	18,2
2,717	15,2
2,715	18,2
2,712	15,2
2,709	18,3
2,707	15,3
2,704	18,4
2,701	15,3
2,699	18,1
2,696	15,1
2,693	18,1
2,691	15,1
2,688	18,0
2,685	15,0
2,683	18,1
2,680	15,1
2,677	18,4
2,675	15,2
2,672	18,4
2,669	15,2
2,667	18,4
2,664	15,2
2,661	18,0
2,659	15,0
2,656	17,9
2,653	14,9
2,651	17,8
2,648	14,9
2,645	18,1
2,643	15,0
2,640	18,1
2,637	15,1
2,635	18,3
2,632	15,1
2,629	18,2
2,627	15,0
2,624	18,1
2,621	15,0
2,619	17,8
2,616	14,9
2,613	17,8
2,610	14,9
2,608	17,6
2,605	14,8
2,602	17,8
2,600	14,9
2,597	18,0
2,594	15,0
2,592	17,9
2,589	14,9
2,586	17,9
2,584	14,9
2,581	17,3
2,578	14,6
2,576	17,2
2,573	14,5
2,570	17,1
2,568	14,4
2,565	17,9
2,562	14,8
2,560	18,1
2,557	15,0
2,554	18,2
2,552	15,0
2,549	18,1
2,546	14,9
2,544	17,7
2,541	14,8
2,538	17,7
2,536	14,7
2,533	17,7
2,530	14,7
2,528	17,8
2,525	14,8
2,522	18,1
2,520	14,9
2,517	18,1
2,514	14,9
2,512	17,9
2,509	14,8
2,506	17,5
2,504	14,6
2,501	17,5
2,498	14,5
2,496	17,3
2,493	14,5
2,490	17,7
2,488	14,7
2,485	17,6
2,482	14,7
2,480	17,8
2,477	14,7
2,474	17,8
2,472	14,7
2,469	17,4
2,466	14,5
2,464	16,8
2,461	14,2
2,458	16,7
2,456	14,2
2,453	17,5
2,450	14,5
2,448	17,8
2,445	14,7
2,442	17,8
2,440	14,7
2,437	17,7
2,434	14,6
2,432	17,4
2,429	14,5
2,426	17,4
2,424	14,5
2,421	17,4
2,418	14,5
2,416	17,5
2,413	14,5
2,410	17,5
2,408	14,5
2,405	17,4
2,402	14,4
2,400	17,3
2,397	14,4
2,394	17,3
2,392	14,4
2,389	17,3
2,386	14,4
2,384	17,3
2,381	14,4
2,378	17,3
2,376	14,3
2,373	17,5
2,370	14,5
2,368	17,5
2,365	14,4
2,362	17,4
2,360	14,4
2,357	16,7
2,354	14,0
2,352	17,1
2,349	14,3
2,346	16,9
2,344	14,1
2,341	16,6
2,338	14,0
2,336	17,3
2,333	14,3
2,330	17,6
2,328	14,4
2,325	17,5
2,322	14,4
2,320	17,5
2,317	14,4
2,314	17,3
2,312	14,3
2,309	17,3
2,306	14,3
2,304	17,2
2,301	14,2
2,298	17,1
2,296	14,2
2,293	17,1
2,290	14,2
2,288	17,3
2,285	14,3
2,282	17,3
2,280	14,2
2,277	17,4
2,274	14,3
2,272	17,1
2,269	14,1
2,266	17,1
2,264	14,1
2,261	17,4
2,258	14,3
2,256	17,4
2,253	14,2
2,250	17,1
2,248	14,1
2,245	17,2
2,242	14,1
2,240	17,2
2,237	14,1
2,234	17,3
2,231	14,1
2,229	17,1
2,226	14,0
2,223	17,0
2,221	14,0
2,218	17,0
2,215	14,0
2,213	16,9
2,210	14,0
2,207	17,0
2,205	13,9
2,202	17,2
2,199	14,2
2,197	17,4
2,194	14,1
2,191	17,3
2,189	14,1
2,186	17,2
2,183	14,1
2,181	16,7
2,178	13,9
2,175	16,8
2,173	13,9
2,170	16,7
2,167	13,8
2,165	16,7
2,162	13,9
2,159	16,8
2,157	13,9
2,154	16,8
2,151	13,9
2,149	16,9
2,146	13,9
2,143	17,1
2,141	14,1
2,138	17,1
2,135	14,0
2,133	17,0
2,130	13,9
2,127	16,9
2,125	13,9
2,122	16,9
2,119	13,9
2,117	16,9
2,114	13,9
2,111	16,7
2,109	13,8
2,106	17,0
2,103	14,0
2,101	17,0
2,098	13,9
2,095	16,7
2,093	13,7
2,090	17,1
2,087	14,0
2,085	17,3
2,082	14,1
2,079	17,2
2,077	14,1
2,074	17,2
2,071	14,0
2,069	17,0
2,066	14,0
2,063	17,1
2,061	14,0
2,058	16,9
2,055	13,9
2,053	16,7
2,050	13,8
2,047	16,7
2,045	13,8
2,042	16,8
2,039	13,8
2,037	16,7
2,034	13,7
2,031	17,0
2,029	13,9
2,026	17,1
2,023	14,0
2,021	17,0
2,018	13,9
2,015	16,8
2,013	13,8
2,010	16,6
2,007	13,7
2,005	16,4
2,002	13,6
1,999	16,4
1,997	13,5
1,994	16,6
1,991	13,7
1,989	16,7
1,986	13,7
1,983	16,7
1,980	13,7
1,978	16,6
1,975	13,6
1,972	16,5
1,970	13,6
1,967	16,6
1,964	13,6
1,962	16,5
1,959	13,6
1,956	16,9
1,954	13,8
1,951	17,0
1,948	13,8
1,946	17,0
1,943	13,8
1,940	16,6
1,938	13,6
1,935	16,6
1,932	13,6
1,930	16,5
1,927	13,6
1,924	16,6
1,922	13,6
1,919	16,9
1,916	13,7
1,914	16,9
1,911	13,7
1,908	16,8
1,906	13,7
1,903	16,3
1,900	13,4
1,898	16,4
1,895	13,5
1,892	16,4
1,890	13,5
1,887	16,4
1,884	13,5
1,882	16,5
1,879	13,5
1,876	16,7
1,874	13,6
1,871	16,5
1,868	13,5
1,866	16,5
1,863	13,5
1,860	16,1
1,858	13,3
1,855	15,9
1,852	13,1
1,850	15,7
1,847	13,1
1,844	16,5
1,842	13,5
1,839	16,6
1,836	13,5
1,834	16,6
1,831	13,5
1,828	16,6
1,826	13,5
1,823	16,4
1,820	13,4
1,818	16,3
1,815	13,4
1,812	16,3
1,810	13,4
1,807	16,6
1,804	13,5
1,802	16,8
1,799	13,6
1,796	16,9
1,794	13,6
1,791	16,7
1,788	13,6
1,786	16,6
1,783	13,5
1,780	16,2
1,778	13,3
1,775	16,3
1,772	13,3
1,769	16,5
1,767	13,5
1,764	16,6
1,761	13,5
1,759	16,6
1,756	13,5
1,753	16,5
1,751	13,4
1,748	15,9
1,745	13,2
1,743	15,6
1,740	13,0
1,737	15,6
1,735	13,0
1,732	16,2
1,729	13,3
1,727	16,5
1,724	13,5
1,721	16,6
1,719	13,5
1,716	16,6
1,713	13,5
1,711	16,5
1,708	13,5
1,705	16,4
1,703	13,4
1,700	16,3
1,697	13,3
1,695	16,4
1,692	13,4
1,689	16,2
1,687	13,3
1,684	16,4
1,681	13,4
1,679	16,4
1,676	13,5
1,673	16,4
1,671	13,4
1,668	16,3
1,665	13,4
1,663	16,3
1,660	13,4
1,657	16,3
1,655	13,4
1,652	16,5
1,649	13,5
1,647	16,6
1,644	13,5
1,641	16,6
1,639	13,5
1,636	16,5
1,633	13,5
1,631	16,5
1,628	13,5
1,625	16,6
1,623	13,5
1,620	16,6
1,617	13,5
1,615	16,6
1,612	13,5
1,609	16,6
1,607	13,5
1,604	16,6
1,601	13,5
1,599	16,6
1,596	13,5
1,593	16,5
1,591	13,5
1,588	16,3
1,585	13,3
1,582	16,3
1,580	13,3
1,577	16,1
1,574	13,3
1,572	16,5
1,569	13,5
1,566	16,3
1,564	13,4
1,561	16,5
1,558	13,5
1,556	16,4
1,553	13,4
1,550	16,4
1,548	13,4
1,545	16,4
1,542	13,4
1,540	16,6
1,537	13,5
1,534	16,5
1,532	13,5
1,529	16,5
1,526	13,4
1,524	16,5
1,521	13,5
1,518	16,5
1,516	13,5
1,513	16,6
1,510	13,6
1,508	16,7
1,505	13,6
1,502	16,7
1,500	13,6
1,497	16,5
1,494	13,5
1,492	16,6
1,489	13,5
1,486	16,5
1,484	13,5
1,481	16,7
1,478	13,6
1,476	16,9
1,473	13,6
1,470	16,8
1,468	13,7
1,465	16,6
1,462	13,5
1,460	16,5
1,457	13,5
1,454	16,3
1,452	13,4
1,449	16,3
1,446	13,4
1,444	16,7
1,441	13,6
1,438	16,7
1,436	13,6
1,433	16,7
1,430	13,6
1,428	16,5
1,425	13,5
1,422	16,6
1,419	13,6
1,417	16,7
1,414	13,6
1,411	16,6
1,409	13,5
1,406	16,7
1,403	13,6
1,401	16,8
1,398	13,7
1,395	16,7
1,393	13,6
1,390	16,7
1,387	13,6
1,385	16,6
1,382	13,6
1,379	16,5
1,377	13,5
1,374	16,5
1,371	13,5
1,369	12,8
1,366	11,7
1,363	15,6
1,361	13,1
1,358	16,4
1,355	13,4
1,353	16,4
1,350	13,4
1,347	16,6
1,345	13,5
1,342	16,7
1,339	13,6
1,337	16,5
1,334	13,4
1,331	16,4
1,329	13,4
1,326	16,4
1,323	13,4
1,321	15,9
1,318	13,1
1,315	15,7
1,313	13,1
1,310	15,7
1,307	13,0
1,305	16,3
1,302	13,3
1,299	16,3
1,297	13,3
1,294	16,2
1,291	13,3
1,289	16,5
1,286	13,4
1,283	16,7
1,281	13,6
1,278	16,8
1,275	13,6
1,273	16,8
1,270	13,6
1,267	16,5
1,265	13,4
1,262	16,4
1,259	13,4
1,256	16,5
1,254	13,5
1,251	16,7
1,248	13,6
1,246	16,8
1,243	13,6
1,240	16,5
1,238	13,4
1,235	16,5
1,232	13,5
1,230	16,5
1,227	13,4
1,224	16,5
1,222	13,4
1,219	16,2
1,216	13,3
1,214	16,4
1,211	13,3
1,208	16,5
1,206	13,5
1,203	16,6
1,200	13,4
1,198	16,5
1,195	13,4
1,192	16,6
1,190	13,4
1,187	16,6
1,184	13,4
1,182	16,4
1,179	13,3
1,176	16,4
1,174	13,3
1,171	16,0
1,168	13,1
1,166	16,1
1,163	13,2
1,160	16,2
1,158	13,2
1,155	16,0
1,152	13,1
1,150	16,0
1,147	13,1
1,144	16,0
1,142	13,1
1,139	15,9
1,136	13,0
1,134	16,1
1,131	13,1
1,128	16,2
1,126	13,2
1,123	16,4
1,120	13,3
1,118	16,3
1,115	13,2
1,112	16,0
1,109	13,2
1,107	16,3
1,104	13,2
1,101	16,1
1,099	13,2
1,096	16,4
1,093	13,3
1,091	16,5
1,088	13,3
1,085	16,4
1,083	13,3
1,080	16,5
1,077	13,3
1,075	16,4
1,072	13,3
1,069	16,4
1,067	13,2
1,064	16,2
1,061	13,2
1,059	16,0
1,056	13,0
1,053	15,9
1,051	13,1
1,048	16,0
1,045	13,0
1,043	15,9
1,040	12,9
1,037	15,9
1,035	13,0
1,032	16,0
1,029	13,0
1,027	15,8
1,024	12,9
1,021	16,0
1,019	13,0
1,016	15,8
1,013	12,9
1,011	15,5
1,008	12,7
1,005	15,8
1,003	12,9
1,000	15,8
0,997	12,8
0,995	15,7
0,992	12,8
0,989	15,8
0,987	12,8
0,984	15,7
0,981	12,7
0,979	15,9
0,976	12,9
0,973	16,0
0,970	12,9
0,968	16,0
0,965	12,9
0,962	15,5
0,960	12,7
0,957	15,4
0,954	12,7
0,952	15,0
0,949	12,4
0,946	15,2
0,944	12,5
0,941	15,6
0,938	12,7
0,936	15,6
0,933	12,7
0,930	15,7
0,928	12,7
0,925	15,7
0,922	12,7
0,920	15,6
0,917	12,7
0,914	15,6
0,912	12,6
0,909	15,5
0,906	12,6
0,904	15,7
0,901	12,7
0,898	15,7
0,896	12,7
0,893	15,6
0,890	12,7
0,888	15,7
0,885	12,7
0,882	15,7
0,880	12,7
0,877	15,5
0,874	12,6
0,872	15,6
0,869	12,6
0,866	15,8
0,864	12,8
0,861	15,8
0,858	12,7
0,856	15,8
0,853	12,7
0,850	15,8
0,848	12,7
0,845	15,5
0,842	12,6
0,840	15,3
0,837	12,4
0,834	15,5
0,831	12,5
0,829	15,3
0,826	12,4
0,823	15,5
0,821	12,6
0,818	15,4
0,815	12,4
0,813	15,2
0,810	12,3
0,807	15,7
0,805	12,6
0,802	15,8
0,799	12,7
0,797	15,8
0,794	12,7
0,791	15,7
0,789	12,6
0,786	15,5
0,783	12,5
0,781	15,5
0,778	12,4
0,775	15,5
0,773	12,4
0,770	15,5
0,767	12,5
0,765	15,4
0,762	12,4
0,759	15,5
0,757	12,4
0,754	15,5
0,751	12,4
0,749	15,7
0,746	12,6
0,743	15,7
0,741	12,5
0,738	15,6
0,735	12,5
0,733	15,5
0,730	12,4
0,727	15,4
0,725	12,3
0,722	14,8
0,719	12,0
0,717	15,0
0,714	12,1
0,711	15,4
0,709	12,4
0,706	15,4
0,703	12,3
0,701	15,5
0,698	12,3
0,695	15,6
0,692	12,5
0,690	15,7
0,687	12,5
0,684	15,7
0,682	12,5
0,679	15,6
0,676	12,4
0,674	15,6
0,671	12,5
0,668	15,7
0,666	12,5
0,663	15,6
0,660	12,5
0,658	15,3
0,655	12,3
0,652	15,4
0,650	12,3
0,647	15,3
0,644	12,3
0,642	15,3
0,639	12,3
0,636	15,4
0,634	12,4
0,631	15,6
0,628	12,5
0,626	15,9
0,623	14,1
0,620	18,5
0,618	16,0
0,615	18,4
0,612	14,5
0,610	17,1
0,607	17,9
0,604	31,8
0,602	49,6
0,599	52,0
0,596	44,6
0,594	36,3
0,591	23,9
0,588	21,6
0,586	15,6
0,583	17,2
0,580	13,3
0,578	15,5
0,575	12,5
0,572	15,0
0,570	12,1
0,567	15,1
0,564	12,2
0,561	15,4
0,559	12,3
0,556	15,6
0,553	12,4
0,551	15,6
0,548	12,3
0,545	15,3
0,543	12,2
0,540	15,3
0,537	12,2
0,535	15,2
0,532	12,1
0,529	15,1
0,527	12,0
0,524	15,2
0,521	12,1
0,519	15,2
0,516	12,1
0,513	15,3
0,511	12,1
0,508	14,9
0,505	11,9
0,503	15,1
0,500	12,0
0,497	15,0
0,495	11,9
0,492	15,1
0,489	12,0
0,487	15,2
0,484	12,1
0,481	15,2
0,479	12,1
0,476	15,3
0,473	12,1
0,471	15,1
0,468	12,0
0,465	14,9
0,463	11,9
0,460	15,2
0,457	12,0
0,455	15,2
0,452	12,0
0,449	15,1
0,447	12,0
0,444	14,9
0,441	11,9
0,438	14,9
0,436	11,9
0,433	14,7
0,430	11,8
0,428	14,8
0,425	11,8
0,422	14,8
0,420	11,8
0,417	14,7
0,414	11,7
0,412	14,8
0,409	11,8
0,406	14,9
0,404	12,0
0,401	15,2
0,398	12,0
0,396	14,7
0,393	11,7
0,390	15,0
0,388	11,9
0,385	15,0
0,382	11,9
0,380	15,1
0,377	12,0
0,374	15,1
0,372	11,9
0,369	15,1
0,366	12,0
0,364	15,2
0,361	12,0
0,358	15,1
0,356	11,9
0,353	15,0
0,350	11,8
0,348	14,9
0,345	11,9
0,342	15,0
0,340	11,9
0,337	14,6
0,334	11,6
0,332	14,7
0,329	11,7
0,326	14,7
0,324	11,7
0,321	14,7
0,318	11,7
0,316	15,0
0,313	11,8
0,310	14,9
0,307	11,8
0,305	14,8
0,302	11,7
0,299	14,8
0,297	11,7
0,294	14,5
0,291	11,6
0,289	14,8
0,286	11,7
0,283	14,3
0,281	11,5
0,278	14,7
0,275	11,7
0,273	14,8
0,270	11,8
0,267	14,9
0,265	11,8
0,262	14,8
0,259	11,7
0,257	14,9
0,254	11,9
0,251	15,1
0,249	11,9
0,246	15,0
0,243	11,8
0,241	14,7
0,238	11,6
0,235	14,6
0,233	11,6
0,230	14,9
0,227	11,7
0,225	14,6
0,222	11,6
0,219	14,4
0,217	11,5
0,214	14,3
0,211	11,4
0,209	14,2
0,206	11,3
0,203	14,7
0,201	11,6
0,198	14,8
0,195	11,7
0,193	14,9
0,190	11,7
0,187	14,8
0,184	11,7
0,182	14,3
0,179	11,4
0,176	14,2
0,174	11,4
0,171	14,6
0,168	11,5
0,166	14,7
0,163	11,6
0,160	14,8
0,158	11,7
0,155	14,8
0,152	11,6
0,150	14,6
0,147	11,5
0,144	14,7
0,142	11,5
0,139	14,7
0,136	11,5
0,134	14,7
0,131	11,6
0,128	14,8
0,126	11,6
0,123	14,3
0,120	11,3
0,118	14,3
0,115	11,3
0,112	14,4
0,110	11,4
0,107	13,9
0,104	11,1
0,102	14,2
0,099	11,3
0,096	14,1
0,094	11,2
0,091	13,8
0,088	11,1
0,086	14,4
0,083	11,4
0,080	14,7
0,078	11,5
0,075	14,6
0,072	11,5
0,070	14,5
0,067	11,4
0,064	14,4
0,061	11,4
0,059	14,4
0,056	11,3
0,053	14,3
0,051	11,2
0,048	14,4
0,045	11,3
0,043	14,4
0,040	11,3
0,037	14,3
0,035	11,2
0,032	14,0
0,029	11,0
0,027	14,1
0,024	11,1
0,021	14,0
0,019	11,0
0,016	14,1
0,013	11,0
0,011	14,2
0,008	11,1
0,005	14,3
0,003	11,1
0,000	10,4
-0,003	9,2
-0,005	13,3
-0,008	10,7
-0,011	13,9
-0,013	10,9
-0,016	13,5
-0,019	10,7
-0,021	13,6
-0,024	10,7
-0,027	13,6
-0,029	10,8
-0,032	13,7
-0,035	10,8
-0,037	13,8
-0,040	10,9
-0,043	13,6
-0,045	10,7
-0,048	13,4
-0,051	10,5
-0,053	13,4
-0,056	10,6
-0,059	13,4
-0,061	10,5
-0,064	13,5
-0,067	10,6
-0,070	11,9
-0,072	9,7
-0,075	13,1
-0,078	10,4
-0,080	13,4
-0,083	10,5
-0,086	13,5
-0,088	10,6
-0,091	13,5
-0,094	10,5
-0,096	13,4
-0,099	10,6
-0,102	13,4
-0,104	10,5
-0,107	13,6
-0,110	10,6
-0,112	13,5
-0,115	10,5
-0,118	13,5
-0,120	10,5
-0,123	13,5
-0,126	10,5
-0,128	13,5
-0,131	10,5
-0,134	13,2
-0,136	10,4
-0,139	13,3
-0,142	10,4
-0,144	13,5
-0,147	10,5
-0,150	13,3
-0,152	10,5
-0,155	13,2
-0,158	10,4
-0,160	13,1
-0,163	10,3
-0,166	13,4
-0,168	10,4
-0,171	13,3
-0,174	10,4
-0,176	13,3
-0,179	10,3
-0,182	13,5
-0,184	10,4
-0,187	13,7
-0,190	10,5
-0,193	13,7
-0,195	10,5
-0,198	13,6
-0,201	10,5
-0,203	13,5
-0,206	10,4
-0,209	13,3
-0,211	10,3
-0,214	13,3
-0,217	10,3
-0,219	13,3
-0,222	10,3
-0,225	13,6
-0,227	10,5
-0,230	13,7
-0,233	10,5
-0,235	13,6
-0,238	10,4
-0,241	12,9
-0,243	10,1
-0,246	13,3
-0,249	10,2
-0,251	13,2
-0,254	10,2
-0,257	13,3
-0,259	10,2
-0,262	13,3
-0,265	10,2
-0,267	13,0
-0,270	10,1
-0,273	12,9
-0,275	10,0
-0,278	13,2
-0,281	10,1
-0,283	13,0
-0,286	10,0
-0,289	13,0
-0,291	10,0
-0,294	13,3
-0,297	10,2
-0,299	13,4
-0,302	10,2
-0,305	13,2
-0,307	10,1
-0,310	13,2
-0,313	10,0
-0,316	12,9
-0,318	9,8
-0,321	12,8
-0,324	9,9
-0,326	13,0
-0,329	9,9
-0,332	13,2
-0,334	10,0
-0,337	13,2
-0,340	10,0
-0,342	13,2
-0,345	10,0
-0,348	13,2
-0,350	10,0
-0,353	13,2
-0,356	10,0
-0,358	12,9
-0,361	9,8
-0,364	13,0
-0,366	9,8
-0,369	12,8
-0,372	9,7
-0,374	12,7
-0,377	9,7
-0,380	12,6
-0,382	9,6
-0,385	12,7
-0,388	9,6
-0,390	12,7
-0,393	9,6
-0,396	12,9
-0,398	9,8
-0,401	12,7
-0,404	9,7
-0,406	12,8
-0,409	9,7
-0,412	12,2
-0,414	9,3
-0,417	12,3
-0,420	9,4
-0,422	12,5
-0,425	9,5
-0,428	12,3
-0,430	9,4
-0,433	12,1
-0,436	9,3
-0,438	12,5
-0,441	9,5
-0,444	12,6
-0,447	9,5
-0,449	12,3
-0,452	9,3
-0,455	12,5
-0,457	9,4
-0,460	12,6
-0,463	9,4
-0,465	12,7
-0,468	9,5
-0,471	12,3
-0,473	9,3
-0,476	12,2
-0,479	9,2
-0,481	12,3
-0,484	9,3
-0,487	12,3
-0,489	9,3
-0,492	12,3
-0,495	9,3
-0,497	12,3
-0,500	9,3
-0,503	12,4
-0,505	9,3
-0,508	12,2
-0,511	9,2
-0,513	12,2
-0,516	9,2
-0,519	12,3
-0,521	9,2
-0,524	12,2
-0,527	9,2
-0,529	12,2
-0,532	9,2
-0,535	11,9
-0,537	9,0
-0,540	11,8
-0,543	9,0
-0,545	12,0
-0,548	9,1
-0,551	12,1
-0,553	9,1
-0,556	12,0
-0,559	9,0
-0,561	12,0
-0,564	9,0
-0,567	12,1
-0,570	9,1
-0,572	12,1
-0,575	9,1
-0,578	12,3
-0,580	9,1
-0,583	12,3
-0,586	9,1
-0,588	12,0
-0,591	8,9
-0,594	11,9
-0,596	8,9
-0,599	12,1
-0,602	9,0
-0,604	12,1
-0,607	8,9
-0,610	11,8
-0,612	8,8
-0,615	11,8
-0,618	8,8
-0,620	11,9
-0,623	8,9
-0,626	12,0
-0,628	8,9
-0,631	11,9
-0,634	8,8
-0,636	11,6
-0,639	8,7
-0,642	11,7
-0,644	8,7
-0,647	11,7
-0,650	8,7
-0,652	11,6
-0,655	8,6
-0,658	11,6
-0,660	8,6
-0,663	11,9
-0,666	8,8
-0,668	11,8
-0,671	8,7
-0,674	11,9
-0,676	8,7
-0,679	11,7
-0,682	8,6
-0,684	11,4
-0,687	8,5
-0,690	11,4
-0,692	8,4
-0,695	11,6
-0,698	8,5
-0,701	11,7
-0,703	8,6
-0,706	11,7
-0,709	8,5
-0,711	11,7
-0,714	8,5
-0,717	11,4
-0,719	8,4
-0,722	11,5
-0,725	8,4
-0,727	11,5
-0,730	8,4
-0,733	11,5
-0,735	8,4
-0,738	11,3
-0,741	8,3
-0,743	11,2
-0,746	8,2
-0,749	11,5
-0,751	8,3
-0,754	11,2
-0,757	8,2
-0,759	11,2
-0,762	8,2
-0,765	11,4
-0,767	8,3
-0,770	11,3
-0,773	8,2
-0,775	11,0
-0,778	8,1
-0,781	11,0
-0,783	8,0
-0,786	11,3
-0,789	8,2
-0,791	11,4
-0,794	8,2
-0,797	11,4
-0,799	8,2
-0,802	11,4
-0,805	8,2
-0,807	11,3
-0,810	8,1
-0,813	11,1
-0,815	8,1
-0,818	10,9
-0,821	8,0
-0,823	11,1
-0,826	8,1
-0,829	11,3
-0,831	8,1
-0,834	11,3
-0,837	8,1
-0,840	11,2
-0,842	8,0
-0,845	11,2
-0,848	8,1
-0,850	11,1
-0,853	8,0
-0,856	11,1
-0,858	8,0
-0,861	11,2
-0,864	8,0
-0,866	11,2
-0,869	8,0
-0,872	11,2
-0,874	8,0
-0,877	11,1
-0,880	7,9
-0,882	10,9
-0,885	7,8
-0,888	11,0
-0,890	7,8
-0,893	11,1
-0,896	7,9
-0,898	11,1
-0,901	7,9
-0,904	10,9
-0,906	7,7
-0,909	10,7
-0,912	7,7
-0,914	10,8
-0,917	7,7
-0,920	10,8
-0,922	7,7
-0,925	11,0
-0,928	7,7
-0,930	10,8
-0,933	7,7
-0,936	10,9
-0,938	7,7
-0,941	10,9
-0,944	7,6
-0,946	10,8
-0,949	7,7
-0,952	10,9
-0,954	7,6
-0,957	10,8
-0,960	7,6
-0,962	10,5
-0,965	7,4
-0,968	10,6
-0,970	7,5
-0,973	10,5
-0,976	7,4
-0,979	10,5
-0,981	7,4
-0,984	10,2
-0,987	7,3
-0,989	10,1
-0,992	7,2
-0,995	10,2
-0,997	7,2
-1,000	10,5
-1,003	7,4
-1,005	10,1
-1,008	7,2
-1,011	10,0
-1,013	7,1
-1,016	10,3
-1,019	7,3
-1,021	9,9
-1,024	7,0
-1,027	9,8
-1,029	7,0
-1,032	10,3
-1,035	7,3
-1,037	10,4
-1,040	7,3
-1,043	10,3
-1,045	7,3
-1,048	10,3
-1,051	7,3
-1,053	10,1
-1,056	7,2
-1,059	10,5
-1,061	7,4
-1,064	10,5
-1,067	7,4
-1,069	10,5
-1,072	7,3
-1,075	10,6
-1,077	7,4
-1,080	10,6
-1,083	7,4
-1,085	10,6
-1,088	7,4
-1,091	10,6
-1,093	7,4
-1,096	10,6
-1,099	7,4
-1,101	10,6
-1,104	7,5
-1,107	10,7
-1,109	7,4
-1,112	10,6
-1,115	7,4
-1,118	10,6
-1,120	7,4
-1,123	10,5
-1,126	7,4
-1,128	10,6
-1,131	7,4
-1,134	10,3
-1,136	7,2
-1,139	10,4
-1,142	7,3
-1,144	10,5
-1,147	7,3
-1,150	10,4
-1,152	7,3
-1,155	10,1
-1,158	7,1
-1,160	10,0
-1,163	7,0
-1,166	10,1
-1,168	7,0
-1,171	10,0
-1,174	6,9
-1,176	9,7
-1,179	6,8
-1,182	10,2
-1,184	7,1
-1,187	10,2
-1,190	7,1
-1,192	9,6
-1,195	6,8
-1,198	9,9
-1,200	7,0
-1,203	10,0
-1,206	7,0
-1,208	10,3
-1,211	7,1
-1,214	9,9
-1,216	6,9
-1,219	10,0
-1,222	6,9
-1,224	9,9
-1,227	6,9
-1,230	9,8
-1,232	6,8
-1,235	9,5
-1,238	6,7
-1,240	9,7
-1,243	6,8
-1,246	9,9
-1,248	6,9
-1,251	10,2
-1,254	7,0
-1,256	10,3
-1,259	7,1
-1,262	10,2
-1,265	7,0
-1,267	10,0
-1,270	6,9
-1,273	10,2
-1,275	7,0
-1,278	10,1
-1,281	7,0
-1,283	10,2
-1,286	7,0
-1,289	10,0
-1,291	6,9
-1,294	10,2
-1,297	7,0
-1,299	10,2
-1,302	7,0
-1,305	10,0
-1,307	6,9
-1,310	10,2
-1,313	7,0
-1,315	10,2
-1,318	7,0
-1,321	10,2
-1,323	7,0
-1,326	10,0
-1,329	7,0
-1,331	10,1
-1,334	7,0
-1,337	10,2
-1,339	7,0
-1,342	10,2
-1,345	7,0
-1,347	10,1
-1,350	7,0
-1,353	10,1
-1,355	6,9
-1,358	10,1
-1,361	7,0
-1,363	9,5
-1,366	6,7
-1,369	6,6
-1,371	5,2
-1,374	8,9
-1,377	6,4
-1,379	9,6
-1,382	6,7
-1,385	9,8
-1,387	6,8
-1,390	10,0
-1,393	7,0
-1,395	10,2
-1,398	7,0
-1,401	10,1
-1,403	6,9
-1,406	9,7
-1,409	6,7
-1,411	10,0
-1,414	6,9
-1,417	10,1
-1,419	6,9
-1,422	10,1
-1,425	6,9
-1,428	9,4
-1,430	6,5
-1,433	9,8
-1,436	6,8
-1,438	10,0
-1,441	6,9
-1,444	10,1
-1,446	6,9
-1,449	9,9
-1,452	6,9
-1,454	9,8
-1,457	6,7
-1,460	9,9
-1,462	6,8
-1,465	9,7
-1,468	6,7
-1,470	9,8
-1,473	6,8
-1,476	9,8
-1,478	6,7
-1,481	10,0
-1,484	6,8
-1,486	9,7
-1,489	6,7
-1,492	9,8
-1,494	6,7
-1,497	9,9
-1,500	6,8
-1,502	9,8
-1,505	6,7
-1,508	9,8
-1,510	6,8
-1,513	9,9
-1,516	6,7
-1,518	9,9
-1,521	6,7
-1,524	9,1
-1,526	6,4
-1,529	9,7
-1,532	6,7
-1,534	9,7
-1,537	6,6
-1,540	9,9
-1,542	6,7
-1,545	9,9
-1,548	6,7
-1,550	9,9
-1,553	6,7
-1,556	9,9
-1,558	6,7
-1,561	9,9
-1,564	6,7
-1,566	9,9
-1,569	6,7
-1,572	9,9
-1,574	6,7
-1,577	9,9
-1,580	6,7
-1,582	9,9
-1,585	6,7
-1,588	9,9
-1,591	6,7
-1,593	9,8
-1,596	6,7
-1,599	9,9
-1,601	6,7
-1,604	9,9
-1,607	6,7
-1,609	9,8
-1,612	6,6
-1,615	9,8
-1,617	6,6
-1,620	9,7
-1,623	6,6
-1,625	9,8
-1,628	6,6
-1,631	9,7
-1,633	6,6
-1,636	9,8
-1,639	6,6
-1,641	9,8
-1,644	6,6
-1,647	9,8
-1,649	6,6
-1,652	9,8
-1,655	6,6
-1,657	9,4
-1,660	6,4
-1,663	9,1
-1,665	6,3
-1,668	9,5
-1,671	6,5
-1,673	8,9
-1,676	6,2
-1,679	9,2
-1,681	6,4
-1,684	9,7
-1,687	6,6
-1,689	9,8
-1,692	6,6
-1,695	9,8
-1,697	6,7
-1,700	9,7
-1,703	6,6
-1,705	9,8
-1,708	6,6
-1,711	8,7
-1,713	6,0
-1,716	9,3
-1,719	6,4
-1,721	9,7
-1,724	6,5
-1,727	9,7
-1,729	6,6
-1,732	9,8
-1,735	6,6
-1,737	9,8
-1,740	6,6
-1,743	9,8
-1,745	6,6
-1,748	9,7
-1,751	6,5
-1,753	9,7
-1,756	6,6
-1,759	9,7
-1,761	6,5
-1,764	9,7
-1,767	6,5
-1,769	9,5
-1,772	6,4
-1,775	9,6
-1,778	6,4
-1,780	9,6
-1,783	6,5
-1,786	9,7
-1,788	6,5
-1,791	9,7
-1,794	6,5
-1,796	9,7
-1,799	6,5
-1,802	9,7
-1,804	6,5
-1,807	9,7
-1,810	6,5
-1,812	9,5
-1,815	6,4
-1,818	9,5
-1,820	6,4
-1,823	9,6
-1,826	6,5
-1,828	9,7
-1,831	6,5
-1,834	9,7
-1,836	6,5
-1,839	9,5
-1,842	6,4
-1,844	9,0
-1,847	6,1
-1,850	8,9
-1,852	6,0
-1,855	9,1
-1,858	6,1
-1,860	9,1
-1,863	6,1
-1,866	8,4
-1,868	5,8
-1,871	8,7
-1,874	5,9
-1,876	9,1
-1,879	6,1
-1,882	8,4
-1,884	5,8
-1,887	8,7
-1,890	5,9
-1,892	8,9
-1,895	6,0
-1,898	9,1
-1,900	6,1
-1,903	9,2
-1,906	6,1
-1,908	9,3
-1,911	6,2
-1,914	9,3
-1,916	6,2
-1,919	9,5
-1,922	6,3
-1,924	9,5
-1,927	6,3
-1,930	9,3
-1,932	6,2
-1,935	9,3
-1,938	6,2
-1,940	9,4
-1,943	6,3
-1,946	9,5
-1,948	6,3
-1,951	9,5
-1,954	6,3
-1,956	9,5
-1,959	6,3
-1,962	9,3
-1,964	6,2
-1,967	9,4
-1,970	6,2
-1,972	9,4
-1,975	6,2
-1,978	9,2
-1,980	6,1
-1,983	9,1
-1,986	6,1
-1,989	9,2
-1,991	6,1
-1,994	9,1
-1,997	6,1
-1,999	9,2
-2,002	6,1
-2,005	9,3
-2,007	6,1
-2,010	9,4
-2,013	6,2
-2,015	9,2
-2,018	6,1
-2,021	9,1
-2,023	6,1
-2,026	9,2
-2,029	6,1
-2,031	9,4
-2,034	6,2
-2,037	9,0
-2,039	6,0
-2,042	9,3
-2,045	6,2
-2,047	9,0
-2,050	6,0
-2,053	8,9
-2,055	6,0
-2,058	8,8
-2,061	5,9
-2,063	9,0
-2,066	6,0
-2,069	9,2
-2,071	6,1
-2,074	8,7
-2,077	5,9
-2,079	8,4
-2,082	5,7
-2,085	8,5
-2,087	5,8
-2,090	8,5
-2,093	5,8
-2,095	8,4
-2,098	5,7
-2,101	8,5
-2,103	5,7
-2,106	8,5
-2,109	5,7
-2,111	9,0
-2,114	6,0
-2,117	9,2
-2,119	6,1
-2,122	9,2
-2,125	6,1
-2,127	8,8
-2,130	5,9
-2,133	9,1
-2,135	6,0
-2,138	9,3
-2,141	6,1
-2,143	9,3
-2,146	6,2
-2,149	9,2
-2,151	6,1
-2,154	9,3
-2,157	6,1
-2,159	9,3
-2,162	6,1
-2,165	9,3
-2,167	6,1
-2,170	9,3
-2,173	6,1
-2,175	9,3
-2,178	6,1
-2,181	9,3
-2,183	6,1
-2,186	9,3
-2,189	6,1
-2,191	9,3
-2,194	6,1
-2,197	9,3
-2,199	6,1
-2,202	9,3
-2,205	6,1
-2,207	9,1
-2,210	6,0
-2,213	9,2
-2,215	6,1
-2,218	9,3
-2,221	6,1
-2,223	9,0
-2,226	5,9
-2,229	8,6
-2,231	5,7
-2,234	8,5
-2,237	5,7
-2,240	8,9
-2,242	5,9
-2,245	8,8
-2,248	5,9
-2,250	9,0
-2,253	5,9
-2,256	9,0
-2,258	5,9
-2,261	8,6
-2,264	5,7
-2,266	8,3
-2,269	5,5
-2,272	8,7
-2,274	5,7
-2,277	8,9
-2,280	5,8
-2,282	8,4
-2,285	5,5
-2,288	8,8
-2,290	5,8
-2,293	8,9
-2,296	5,8
-2,298	9,1
-2,301	5,9
-2,304	9,1
-2,306	5,9
-2,309	9,1
-2,312	5,9
-2,314	9,1
-2,317	5,9
-2,320	8,9
-2,322	5,8
-2,325	8,9
-2,328	5,8
-2,330	9,0
-2,333	5,8
-2,336	9,1
-2,338	5,9
-2,341	8,9
-2,344	5,8
-2,346	8,8
-2,349	5,7
-2,352	8,6
-2,354	5,6
-2,357	8,8
-2,360	5,7
-2,362	9,0
-2,365	5,8
-2,368	9,0
-2,370	5,8
-2,373	9,0
-2,376	5,8
-2,378	9,0
-2,381	5,9
-2,384	9,1
-2,386	5,9
-2,389	9,1
-2,392	5,9
-2,394	9,1
-2,397	5,9
-2,400	9,1
-2,402	5,9
-2,405	9,1
-2,408	5,9
-2,410	9,1
-2,413	5,9
-2,416	8,2
-2,418	5,4
-2,421	8,4
-2,424	5,5
-2,426	8,8
-2,429	5,7
-2,432	8,0
-2,434	5,3
-2,437	8,5
-2,440	5,6
-2,442	8,9
-2,445	5,7
-2,448	9,0
-2,450	5,8
-2,453	9,0
-2,456	5,8
-2,458	9,0
-2,461	5,8
-2,464	8,9
-2,466	5,8
-2,469	8,9
-2,472	5,7
-2,474	8,5
-2,477	5,5
-2,480	8,8
-2,482	5,7
-2,485	8,9
-2,488	5,8
-2,490	8,9
-2,493	5,7
-2,496	8,8
-2,498	5,7
-2,501	9,0
-2,504	5,8
-2,506	9,0
-2,509	5,8
-2,512	8,8
-2,514	5,7
-2,517	8,8
-2,520	5,7
-2,522	9,0
-2,525	5,8
-2,528	8,6
-2,530	5,6
-2,533	8,8
-2,536	5,7
-2,538	8,7
-2,541	5,7
-2,544	8,8
-2,546	5,7
-2,549	8,8
-2,552	5,7
-2,554	9,0
-2,557	5,8
-2,560	9,0
-2,562	5,8
-2,565	8,9
-2,568	5,7
-2,570	8,7
-2,573	5,6
-2,576	8,6
-2,578	5,6
-2,581	8,7
-2,584	5,6
-2,586	8,7
-2,589	5,6
-2,592	8,7
-2,594	5,7
-2,597	8,6
-2,600	5,6
-2,602	8,7
-2,605	5,6
-2,608	8,7
-2,610	5,6
-2,613	8,7
-2,616	5,6
-2,619	8,4
-2,621	5,4
-2,624	8,0
-2,627	5,2
-2,629	8,2
-2,632	5,3
-2,635	8,3
-2,637	5,4
-2,640	8,5
-2,643	5,5
-2,645	8,0
-2,648	5,2
-2,651	7,7
-2,653	5,0
-2,656	8,1
-2,659	5,2
-2,661	8,3
-2,664	5,3
-2,667	8,2
-2,669	5,3
-2,672	8,1
-2,675	5,2
-2,677	8,3
-2,680	5,3
-2,683	8,5
-2,685	5,4
-2,688	8,7
-2,691	5,5
-2,693	8,6
-2,696	5,5
-2,699	8,7
-2,701	5,5
-2,704	8,7
-2,707	5,5
-2,709	8,6
-2,712	5,4
-2,715	8,4
-2,717	5,4
-2,720	8,1
-2,723	5,2
-2,725	8,2
-2,728	5,3
-2,731	8,1
-2,733	5,2
