&a / °	I1 / %
2,736	13,6
2,733	12,8
2,731	17,0
2,728	14,5
2,725	17,6
2,723	14,8
2,720	18,2
2,717	15,1
2,715	18,3
2,712	15,2
2,709	17,9
2,707	14,9
2,704	18,2
2,701	15,1
2,699	18,2
2,696	15,1
2,693	18,0
2,691	15,0
2,688	17,2
2,685	14,5
2,683	17,5
2,680	14,6
2,677	17,9
2,675	14,8
2,672	18,1
2,669	14,9
2,667	17,8
2,664	14,7
2,661	17,5
2,659	14,6
2,656	17,4
2,653	14,6
2,651	17,7
2,648	14,7
2,645	17,8
2,643	14,7
2,640	17,5
2,637	14,7
2,635	17,8
2,632	14,7
2,629	17,7
2,627	14,7
2,624	16,1
2,621	13,8
2,619	16,8
2,616	14,2
2,613	17,5
2,610	14,6
2,608	17,0
2,605	14,2
2,602	17,7
2,600	14,7
2,597	17,8
2,594	14,7
2,592	17,9
2,589	14,8
2,586	18,0
2,584	14,8
2,581	17,7
2,578	14,7
2,576	17,9
2,573	14,7
2,570	17,8
2,568	14,7
2,565	17,4
2,562	14,4
2,560	17,7
2,557	14,7
2,554	17,7
2,552	14,6
2,549	17,8
2,546	14,7
2,544	17,8
2,541	14,7
2,538	17,4
2,536	14,5
2,533	17,7
2,530	14,6
2,528	17,0
2,525	14,2
2,522	17,6
2,520	14,6
2,517	17,5
2,514	14,4
2,512	17,3
2,509	14,3
2,506	17,7
2,504	14,6
2,501	17,8
2,498	14,6
2,496	17,7
2,493	14,6
2,490	17,3
2,488	14,3
2,485	17,4
2,482	14,4
2,480	17,1
2,477	14,2
2,474	17,5
2,472	14,4
2,469	17,2
2,466	14,3
2,464	17,6
2,461	14,5
2,458	17,6
2,456	14,5
2,453	17,4
2,450	14,3
2,448	17,1
2,445	14,2
2,442	17,5
2,440	14,4
2,437	17,4
2,434	14,3
2,432	17,5
2,429	14,4
2,426	17,4
2,424	14,3
2,421	17,6
2,418	14,4
2,416	17,6
2,413	14,4
2,410	17,6
2,408	14,4
2,405	17,4
2,402	14,3
2,400	16,8
2,397	14,0
2,394	16,7
2,392	13,9
2,389	17,1
2,386	14,2
2,384	17,2
2,381	14,2
2,378	17,2
2,376	14,2
2,373	17,5
2,370	14,3
2,368	17,1
2,365	14,1
2,362	17,0
2,360	14,1
2,357	17,1
2,354	14,2
2,352	17,2
2,349	14,1
2,346	16,9
2,344	13,9
2,341	17,0
2,338	14,0
2,336	17,1
2,333	14,1
2,330	17,1
2,328	14,1
2,325	17,1
2,322	14,1
2,320	17,1
2,317	14,1
2,314	17,1
2,312	14,1
2,309	17,3
2,306	14,2
2,304	17,1
2,301	14,0
2,298	17,0
2,296	14,0
2,293	16,8
2,290	13,8
2,288	16,6
2,285	13,8
2,282	16,2
2,280	13,6
2,277	17,0
2,274	14,0
2,272	16,8
2,269	13,9
2,266	16,7
2,264	13,8
2,261	16,6
2,258	13,8
2,256	16,4
2,253	13,6
2,250	16,1
2,248	13,4
2,245	16,2
2,242	13,5
2,240	16,5
2,237	13,6
2,234	16,8
2,231	13,8
2,229	16,8
2,226	13,8
2,223	16,8
2,221	13,8
2,218	16,8
2,215	13,8
2,213	16,8
2,210	13,8
2,207	17,0
2,205	13,8
2,202	16,4
2,199	13,5
2,197	16,7
2,194	13,7
2,191	16,9
2,189	13,8
2,186	15,6
2,183	13,2
2,181	15,5
2,178	13,2
2,175	16,2
2,173	13,4
2,170	16,5
2,167	13,5
2,165	16,3
2,162	13,5
2,159	16,4
2,157	13,5
2,154	16,8
2,151	13,8
2,149	16,5
2,146	13,6
2,143	17,0
2,141	13,9
2,138	17,0
2,135	13,8
2,133	16,8
2,130	13,7
2,127	16,7
2,125	13,8
2,122	16,5
2,119	13,6
2,117	16,8
2,114	13,7
2,111	16,5
2,109	13,5
2,106	16,6
2,103	13,6
2,101	16,8
2,098	13,7
2,095	16,9
2,093	13,7
2,090	16,9
2,087	13,8
2,085	16,7
2,082	13,7
2,079	16,6
2,077	13,6
2,074	16,7
2,071	13,6
2,069	16,4
2,066	13,5
2,063	16,6
2,061	13,6
2,058	16,6
2,055	13,6
2,053	15,9
2,050	13,2
2,047	16,4
2,045	13,5
2,042	16,5
2,039	13,4
2,037	16,5
2,034	13,5
2,031	16,5
2,029	13,5
2,026	16,7
2,023	13,6
2,021	16,8
2,018	13,7
2,015	16,3
2,013	13,4
2,010	16,5
2,007	13,5
2,005	16,2
2,002	13,4
1,999	16,7
1,997	13,6
1,994	16,6
1,991	13,5
1,989	16,7
1,986	13,6
1,983	16,8
1,980	13,6
1,978	16,5
1,975	13,4
1,972	16,5
1,970	13,4
1,967	16,7
1,964	13,5
1,962	16,3
1,959	13,3
1,956	16,2
1,954	13,4
1,951	16,4
1,948	13,4
1,946	16,6
1,943	13,5
1,940	16,5
1,938	13,4
1,935	16,4
1,932	13,4
1,930	16,4
1,927	13,4
1,924	16,4
1,922	13,4
1,919	16,4
1,916	13,4
1,914	16,6
1,911	13,5
1,908	16,2
1,906	13,3
1,903	16,5
1,900	13,4
1,898	15,5
1,895	12,9
1,892	15,6
1,890	13,0
1,887	15,2
1,884	12,7
1,882	15,8
1,879	13,0
1,876	16,4
1,874	13,3
1,871	16,5
1,868	13,3
1,866	15,8
1,863	13,0
1,860	16,1
1,858	13,2
1,855	15,8
1,852	13,0
1,850	15,7
1,847	12,9
1,844	16,0
1,842	13,1
1,839	16,4
1,836	13,3
1,834	16,2
1,831	13,2
1,828	15,7
1,826	12,9
1,823	16,3
1,820	13,3
1,818	16,5
1,815	13,3
1,812	16,5
1,810	13,3
1,807	15,6
1,804	12,8
1,802	16,0
1,799	13,2
1,796	16,2
1,794	13,2
1,791	16,2
1,788	13,2
1,786	15,0
1,783	12,6
1,780	15,2
1,778	12,7
1,775	15,5
1,772	12,8
1,769	15,5
1,767	12,9
1,764	16,3
1,761	13,3
1,759	15,8
1,756	13,0
1,753	15,8
1,751	13,0
1,748	15,9
1,745	13,0
1,743	16,3
1,740	13,3
1,737	16,5
1,735	13,3
1,732	15,8
1,729	13,0
1,727	16,0
1,724	13,1
1,721	15,7
1,719	12,9
1,716	16,1
1,713	13,2
1,711	16,4
1,708	13,3
1,705	16,5
1,703	13,3
1,700	16,5
1,697	13,4
1,695	16,6
1,692	13,4
1,689	16,3
1,687	13,2
1,684	15,8
1,681	13,0
1,679	16,2
1,676	13,2
1,673	15,9
1,671	13,0
1,668	15,9
1,665	13,0
1,663	15,9
1,660	13,0
1,657	16,1
1,655	13,1
1,652	16,4
1,649	13,3
1,647	16,3
1,644	13,2
1,641	16,0
1,639	13,1
1,636	16,3
1,633	13,2
1,631	16,0
1,628	13,0
1,625	15,7
1,623	12,9
1,620	16,2
1,617	13,2
1,615	15,8
1,612	12,9
1,609	15,6
1,607	12,9
1,604	15,9
1,601	13,0
1,599	15,1
1,596	12,6
1,593	15,2
1,591	12,7
1,588	15,5
1,585	12,8
1,582	15,8
1,580	13,0
1,577	15,8
1,574	13,0
1,572	15,4
1,569	12,8
1,566	16,0
1,564	13,1
1,561	15,7
1,558	12,9
1,556	15,8
1,553	13,0
1,550	15,7
1,548	12,9
1,545	15,9
1,542	13,0
1,540	15,7
1,537	13,0
1,534	15,8
1,532	13,0
1,529	15,4
1,526	12,8
1,524	15,8
1,521	13,0
1,518	15,6
1,516	12,9
1,513	15,9
1,510	13,0
1,508	16,2
1,505	13,2
1,502	16,0
1,500	13,1
1,497	16,2
1,494	13,3
1,492	16,2
1,489	13,2
1,486	16,5
1,484	13,3
1,481	15,1
1,478	12,7
1,476	16,0
1,473	13,1
1,470	15,9
1,468	13,1
1,465	15,9
1,462	13,0
1,460	15,7
1,457	13,0
1,454	15,9
1,452	13,1
1,449	16,0
1,446	13,1
1,444	15,3
1,441	12,8
1,438	15,6
1,436	12,9
1,433	15,0
1,430	12,6
1,428	15,8
1,425	13,0
1,422	15,1
1,419	12,7
1,417	14,9
1,414	12,6
1,411	15,0
1,409	12,6
1,406	15,0
1,403	12,6
1,401	16,0
1,398	13,1
1,395	15,7
1,393	12,9
1,390	15,4
1,387	12,7
1,385	15,5
1,382	12,9
1,379	16,0
1,377	13,0
1,374	16,3
1,371	13,2
1,369	11,2
1,366	10,7
1,363	14,7
1,361	12,4
1,358	15,6
1,355	12,9
1,353	16,2
1,350	13,2
1,347	16,3
1,345	13,1
1,342	15,6
1,339	12,8
1,337	15,9
1,334	13,0
1,331	15,8
1,329	13,0
1,326	16,0
1,323	13,0
1,321	16,3
1,318	13,2
1,315	16,1
1,313	13,1
1,310	16,0
1,307	13,0
1,305	15,7
1,302	12,9
1,299	16,2
1,297	13,2
1,294	16,0
1,291	13,0
1,289	16,0
1,286	13,0
1,283	15,3
1,281	12,7
1,278	15,2
1,275	12,7
1,273	15,8
1,270	13,0
1,267	15,2
1,265	12,6
1,262	15,1
1,259	12,6
1,256	15,5
1,254	12,8
1,251	15,6
1,248	12,9
1,246	15,4
1,243	12,8
1,240	16,0
1,238	13,0
1,235	16,1
1,232	13,1
1,230	15,5
1,227	12,6
1,224	15,5
1,222	12,8
1,219	15,3
1,216	12,6
1,214	15,7
1,211	12,7
1,208	15,7
1,206	12,9
1,203	16,1
1,200	13,0
1,198	16,1
1,195	13,0
1,192	16,1
1,190	13,0
1,187	15,8
1,184	12,9
1,182	16,1
1,179	13,0
1,176	15,1
1,174	12,5
1,171	15,8
1,168	12,8
1,166	16,0
1,163	12,9
1,160	16,0
1,158	12,9
1,155	16,0
1,152	12,9
1,150	15,5
1,147	12,6
1,144	15,4
1,142	12,6
1,139	15,6
1,136	12,6
1,134	15,6
1,131	12,6
1,128	15,7
1,126	12,8
1,123	15,7
1,120	12,7
1,118	15,9
1,115	12,8
1,112	15,6
1,109	12,7
1,107	15,0
1,104	12,4
1,101	15,5
1,099	12,7
1,096	15,6
1,093	12,7
1,091	15,7
1,088	12,8
1,085	15,7
1,083	12,7
1,080	15,0
1,077	12,4
1,075	15,4
1,072	12,6
1,069	15,9
1,067	12,7
1,064	15,8
1,061	12,7
1,059	15,6
1,056	12,6
1,053	15,8
1,051	12,8
1,048	15,9
1,045	12,8
1,043	15,7
1,040	12,6
1,037	14,6
1,035	12,2
1,032	15,2
1,029	12,4
1,027	15,4
1,024	12,5
1,021	15,3
1,019	12,4
1,016	15,0
1,013	12,3
1,011	15,4
1,008	12,5
1,005	15,4
1,003	12,5
1,000	15,2
0,997	12,3
0,995	15,4
0,992	12,4
0,989	15,2
0,987	12,3
0,984	15,4
0,981	12,3
0,979	15,2
0,976	12,3
0,973	15,1
0,970	12,3
0,968	15,3
0,965	12,3
0,962	15,6
0,960	12,5
0,957	15,7
0,954	12,5
0,952	15,1
0,949	12,2
0,946	15,1
0,944	12,2
0,941	15,3
0,938	12,3
0,936	15,1
0,933	12,2
0,930	15,1
0,928	12,2
0,925	14,1
0,922	11,7
0,920	14,6
0,917	12,0
0,914	14,9
0,912	12,1
0,909	14,7
0,906	12,0
0,904	14,6
0,901	12,0
0,898	14,9
0,896	12,1
0,893	14,8
0,890	12,0
0,888	14,2
0,885	11,7
0,882	15,0
0,880	12,1
0,877	15,1
0,874	12,2
0,872	15,2
0,869	12,2
0,866	14,8
0,864	12,1
0,861	14,9
0,858	12,1
0,856	14,7
0,853	12,0
0,850	15,1
0,848	12,2
0,845	15,0
0,842	12,1
0,840	14,9
0,837	12,0
0,834	14,9
0,831	12,1
0,829	15,0
0,826	12,0
0,823	14,8
0,821	12,0
0,818	15,1
0,815	12,1
0,813	14,6
0,810	11,8
0,807	14,7
0,805	11,9
0,802	14,3
0,799	11,7
0,797	14,7
0,794	11,9
0,791	14,3
0,789	11,6
0,786	14,9
0,783	11,9
0,781	14,7
0,778	11,8
0,775	14,5
0,773	11,7
0,770	14,4
0,767	11,7
0,765	14,8
0,762	11,8
0,759	14,6
0,757	11,8
0,754	13,0
0,751	11,0
0,749	13,3
0,746	11,2
0,743	13,9
0,741	11,4
0,738	14,0
0,735	11,4
0,733	13,8
0,730	11,3
0,727	13,7
0,725	11,3
0,722	13,9
0,719	11,4
0,717	13,5
0,714	11,2
0,711	13,9
0,709	11,4
0,706	14,0
0,703	11,4
0,701	13,3
0,698	11,0
0,695	12,4
0,692	10,6
0,690	14,1
0,687	11,4
0,684	14,6
0,682	11,8
0,679	14,8
0,676	11,8
0,674	13,7
0,671	11,3
0,668	14,1
0,666	11,4
0,663	13,2
0,660	11,1
0,658	14,2
0,655	11,5
0,652	13,1
0,650	11,0
0,647	13,7
0,644	11,2
0,642	13,1
0,639	10,9
0,636	13,6
0,634	11,2
0,631	14,3
0,628	11,6
0,626	14,6
0,623	11,7
0,620	13,8
0,618	11,2
0,615	14,3
0,612	11,5
0,610	14,0
0,607	11,3
0,604	14,1
0,602	11,4
0,599	14,1
0,596	11,5
0,594	14,4
0,591	11,6
0,588	13,9
0,586	11,4
0,583	13,5
0,580	11,2
0,578	13,9
0,575	11,9
0,572	15,7
0,570	15,3
0,567	17,5
0,564	14,4
0,561	15,5
0,559	13,2
0,556	21,6
0,553	34,1
0,551	44,7
0,548	48,7
0,545	43,3
0,543	29,8
0,540	24,5
0,537	16,9
0,535	17,0
0,532	13,0
0,529	14,6
0,527	11,7
0,524	14,0
0,521	11,4
0,519	14,4
0,516	11,6
0,513	14,2
0,511	11,5
0,508	14,5
0,505	11,5
0,503	14,3
0,500	11,4
0,497	14,7
0,495	11,6
0,492	13,5
0,489	11,0
0,487	14,3
0,484	11,4
0,481	14,3
0,479	11,4
0,476	13,8
0,473	11,1
0,471	14,1
0,468	11,3
0,465	14,2
0,463	11,4
0,460	14,4
0,457	11,4
0,455	13,6
0,452	11,0
0,449	13,8
0,447	11,1
0,444	13,9
0,441	11,2
0,438	14,1
0,436	11,3
0,433	13,7
0,430	11,0
0,428	14,2
0,425	11,3
0,422	13,4
0,420	10,9
0,417	13,0
0,414	10,7
0,412	13,3
0,409	10,9
0,406	13,7
0,404	11,1
0,401	13,5
0,398	11,0
0,396	13,5
0,393	10,9
0,390	13,7
0,388	11,1
0,385	14,2
0,382	11,3
0,380	14,1
0,377	11,3
0,374	12,5
0,372	10,4
0,369	13,7
0,366	11,0
0,364	13,1
0,361	10,6
0,358	13,0
0,356	10,6
0,353	13,2
0,350	10,8
0,348	12,9
0,345	10,6
0,342	13,2
0,340	10,7
0,337	14,1
0,334	11,2
0,332	14,0
0,329	11,2
0,326	14,2
0,324	11,2
0,321	14,2
0,318	11,2
0,316	13,5
0,313	10,8
0,310	13,8
0,307	11,0
0,305	13,9
0,302	11,0
0,299	13,6
0,297	10,9
0,294	13,8
0,291	11,1
0,289	13,7
0,286	10,9
0,283	13,6
0,281	10,9
0,278	13,6
0,275	10,9
0,273	13,8
0,270	11,0
0,267	13,4
0,265	10,7
0,262	14,0
0,259	11,0
0,257	13,9
0,254	11,0
0,251	14,1
0,249	11,0
0,246	13,4
0,243	10,7
0,241	13,0
0,238	10,6
0,235	13,7
0,233	10,9
0,230	13,5
0,227	10,8
0,225	13,8
0,222	10,9
0,219	13,8
0,217	11,0
0,214	13,4
0,211	10,7
0,209	13,7
0,206	10,9
0,203	14,1
0,201	11,0
0,198	13,1
0,195	10,6
0,193	12,9
0,190	10,4
0,187	12,6
0,184	10,4
0,182	13,2
0,179	10,6
0,176	13,2
0,174	10,6
0,171	12,9
0,168	10,4
0,166	13,8
0,163	10,9
0,160	13,6
0,158	10,9
0,155	13,0
0,152	10,4
0,150	13,0
0,147	10,5
0,144	13,6
0,142	10,7
0,139	13,3
0,136	10,6
0,134	13,0
0,131	10,4
0,128	13,6
0,126	10,7
0,123	12,8
0,120	10,4
0,118	12,8
0,115	10,3
0,112	12,4
0,110	10,2
0,107	12,9
0,104	10,4
0,102	13,4
0,099	10,6
0,096	13,5
0,094	10,6
0,091	12,9
0,088	10,3
0,086	13,3
0,083	10,6
0,080	12,6
0,078	10,2
0,075	12,8
0,072	10,3
0,070	11,9
0,067	9,8
0,064	12,8
0,061	10,3
0,059	12,6
0,056	10,2
0,053	12,2
0,051	10,0
0,048	12,1
0,045	10,0
0,043	12,3
0,040	10,1
0,037	12,8
0,035	10,3
0,032	13,2
0,029	10,4
0,027	12,5
0,024	10,1
0,021	12,1
0,019	9,8
0,016	12,2
0,013	9,9
0,011	11,8
0,008	9,7
0,005	12,8
0,003	10,2
0,000	8,2
-0,003	8,0
-0,005	12,4
-0,008	10,0
-0,011	13,4
-0,013	10,5
-0,016	13,4
-0,019	10,6
-0,021	13,5
-0,024	10,5
-0,027	13,6
-0,029	10,6
-0,032	13,0
-0,035	10,3
-0,037	13,3
-0,040	10,5
-0,043	13,1
-0,045	10,3
-0,048	13,3
-0,051	10,4
-0,053	13,3
-0,056	10,3
-0,059	13,5
-0,061	10,5
-0,064	13,6
-0,067	10,5
-0,070	13,1
-0,072	10,2
-0,075	13,5
-0,078	10,4
-0,080	13,6
-0,083	10,4
-0,086	13,4
-0,088	10,3
-0,091	13,5
-0,094	10,4
-0,096	13,6
-0,099	10,5
-0,102	13,4
-0,104	10,3
-0,107	13,5
-0,110	10,4
-0,112	13,1
-0,115	10,2
-0,118	13,3
-0,120	10,3
-0,123	13,5
-0,126	10,4
-0,128	13,3
-0,131	10,3
-0,134	13,3
-0,136	10,4
-0,139	13,1
-0,142	10,2
-0,144	13,2
-0,147	10,2
-0,150	13,5
-0,152	10,4
-0,155	12,9
-0,158	10,1
-0,160	12,7
-0,163	9,9
-0,166	12,8
-0,168	9,9
-0,171	13,3
-0,174	10,2
-0,176	13,4
-0,179	10,3
-0,182	13,4
-0,184	10,2
-0,187	13,4
-0,190	10,2
-0,193	13,4
-0,195	10,2
-0,198	13,4
-0,201	10,2
-0,203	12,9
-0,206	10,0
-0,209	13,0
-0,211	10,0
-0,214	13,2
-0,217	10,1
-0,219	13,1
-0,222	10,0
-0,225	12,6
-0,227	9,8
-0,230	13,1
-0,233	10,0
-0,235	13,3
-0,238	10,1
-0,241	13,1
-0,243	10,0
-0,246	13,2
-0,249	10,1
-0,251	13,2
-0,254	10,0
-0,257	12,7
-0,259	9,8
-0,262	12,9
-0,265	9,8
-0,267	12,9
-0,270	9,8
-0,273	12,6
-0,275	9,7
-0,278	12,6
-0,281	9,6
-0,283	12,5
-0,286	9,7
-0,289	13,0
-0,291	9,9
-0,294	13,1
-0,297	9,9
-0,299	11,9
-0,302	9,3
-0,305	12,3
-0,307	9,6
-0,310	12,5
-0,313	9,5
-0,316	12,8
-0,318	9,7
-0,321	12,4
-0,324	9,5
-0,326	12,6
-0,329	9,6
-0,332	12,6
-0,334	9,6
-0,337	12,1
-0,340	9,3
-0,342	12,0
-0,345	9,3
-0,348	12,4
-0,350	9,4
-0,353	12,0
-0,356	9,2
-0,358	12,2
-0,361	9,4
-0,364	12,2
-0,366	9,3
-0,369	11,9
-0,372	9,2
-0,374	11,6
-0,377	9,0
-0,380	12,0
-0,382	9,2
-0,385	11,7
-0,388	9,0
-0,390	12,0
-0,393	9,2
-0,396	12,5
-0,398	9,4
-0,401	12,6
-0,404	9,4
-0,406	11,9
-0,409	9,1
-0,412	12,4
-0,414	9,3
-0,417	12,5
-0,420	9,4
-0,422	12,3
-0,425	9,2
-0,428	12,0
-0,430	9,1
-0,433	12,1
-0,436	9,1
-0,438	12,4
-0,441	9,2
-0,444	12,2
-0,447	9,1
-0,449	11,7
-0,452	8,9
-0,455	12,0
-0,457	9,0
-0,460	11,4
-0,463	8,7
-0,465	10,8
-0,468	8,4
-0,471	11,3
-0,473	8,6
-0,476	12,1
-0,479	9,0
-0,481	12,0
-0,484	9,0
-0,487	12,0
-0,489	9,0
-0,492	12,0
-0,495	9,0
-0,497	12,2
-0,500	9,1
-0,503	11,6
-0,505	8,7
-0,508	11,4
-0,511	8,6
-0,513	11,6
-0,516	8,8
-0,519	11,7
-0,521	8,8
-0,524	11,9
-0,527	8,8
-0,529	12,1
-0,532	9,0
-0,535	12,2
-0,537	9,0
-0,540	12,1
-0,543	8,9
-0,545	11,4
-0,548	8,6
-0,551	11,7
-0,553	8,8
-0,556	11,8
-0,559	8,7
-0,561	11,7
-0,564	8,7
-0,567	11,5
-0,570	8,6
-0,572	11,7
-0,575	8,6
-0,578	11,4
-0,580	8,6
-0,583	11,4
-0,586	8,5
-0,588	11,4
-0,591	8,5
-0,594	11,8
-0,596	8,7
-0,599	11,5
-0,602	8,5
-0,604	11,1
-0,607	8,3
-0,610	11,3
-0,612	8,4
-0,615	11,3
-0,618	8,4
-0,620	11,0
-0,623	8,3
-0,626	11,2
-0,628	8,3
-0,631	11,0
-0,634	8,2
-0,636	10,9
-0,639	8,2
-0,642	11,3
-0,644	8,3
-0,647	11,1
-0,650	8,2
-0,652	10,9
-0,655	8,1
-0,658	11,3
-0,660	8,3
-0,663	11,1
-0,666	8,2
-0,668	11,5
-0,671	8,4
-0,674	10,7
-0,676	8,0
-0,679	9,5
-0,682	7,3
-0,684	10,8
-0,687	8,1
-0,690	11,4
-0,692	8,2
-0,695	10,8
-0,698	7,9
-0,701	10,8
-0,703	8,0
-0,706	10,8
-0,709	8,0
-0,711	10,8
-0,714	7,9
-0,717	10,3
-0,719	7,7
-0,722	11,1
-0,725	8,1
-0,727	10,6
-0,730	7,8
-0,733	10,6
-0,735	7,8
-0,738	10,9
-0,741	7,9
-0,743	11,2
-0,746	8,1
-0,749	11,0
-0,751	8,0
-0,754	11,2
-0,757	8,0
-0,759	11,0
-0,762	7,9
-0,765	11,1
-0,767	8,0
-0,770	10,5
-0,773	7,7
-0,775	11,0
-0,778	7,9
-0,781	10,9
-0,783	7,8
-0,786	10,9
-0,789	7,8
-0,791	10,8
-0,794	7,7
-0,797	10,7
-0,799	7,8
-0,802	10,6
-0,805	7,6
-0,807	10,7
-0,810	7,7
-0,813	10,0
-0,815	7,3
-0,818	10,5
-0,821	7,6
-0,823	10,7
-0,826	7,6
-0,829	10,7
-0,831	7,6
-0,834	10,4
-0,837	7,5
-0,840	10,6
-0,842	7,5
-0,845	10,8
-0,848	7,7
-0,850	10,4
-0,853	7,4
-0,856	10,7
-0,858	7,6
-0,861	10,8
-0,864	7,6
-0,866	10,8
-0,869	7,5
-0,872	10,2
-0,874	7,3
-0,877	10,1
-0,880	7,3
-0,882	10,3
-0,885	7,3
-0,888	10,1
-0,890	7,1
-0,893	10,5
-0,896	7,4
-0,898	10,4
-0,901	7,3
-0,904	10,5
-0,906	7,4
-0,909	10,1
-0,912	7,2
-0,914	10,5
-0,917	7,3
-0,920	10,3
-0,922	7,3
-0,925	10,1
-0,928	7,1
-0,930	10,4
-0,933	7,4
-0,936	10,6
-0,938	7,3
-0,941	10,3
-0,944	7,2
-0,946	10,4
-0,949	7,3
-0,952	10,5
-0,954	7,3
-0,957	10,5
-0,960	7,3
-0,962	9,5
-0,965	6,8
-0,968	9,3
-0,970	6,7
-0,973	9,7
-0,976	6,8
-0,979	9,6
-0,981	6,8
-0,984	10,0
-0,987	7,0
-0,989	10,1
-0,992	7,1
-0,995	10,1
-0,997	7,1
-1,000	10,3
-1,003	7,1
-1,005	9,9
-1,008	6,9
-1,011	9,6
-1,013	6,7
-1,016	9,6
-1,019	6,8
-1,021	9,7
-1,024	6,8
-1,027	9,5
-1,029	6,7
-1,032	9,9
-1,035	6,9
-1,037	9,3
-1,040	6,6
-1,043	9,6
-1,045	6,7
-1,048	9,4
-1,051	6,6
-1,053	9,1
-1,056	6,5
-1,059	7,7
-1,061	5,8
-1,064	9,4
-1,067	6,6
-1,069	9,8
-1,072	6,8
-1,075	10,1
-1,077	6,9
-1,080	9,4
-1,083	6,6
-1,085	9,5
-1,088	6,6
-1,091	9,6
-1,093	6,6
-1,096	9,5
-1,099	6,6
-1,101	9,3
-1,104	6,6
-1,107	9,5
-1,109	6,6
-1,112	9,8
-1,115	6,8
-1,118	9,6
-1,120	6,6
-1,123	8,8
-1,126	6,3
-1,128	9,3
-1,131	6,5
-1,134	9,0
-1,136	6,3
-1,139	9,1
-1,142	6,4
-1,144	9,4
-1,147	6,6
-1,150	9,0
-1,152	6,3
-1,155	8,9
-1,158	6,3
-1,160	9,5
-1,163	6,6
-1,166	9,2
-1,168	6,4
-1,171	9,4
-1,174	6,5
-1,176	9,9
-1,179	6,8
-1,182	8,9
-1,184	6,2
-1,187	9,0
-1,190	6,4
-1,192	8,9
-1,195	6,3
-1,198	8,6
-1,200	6,2
-1,203	9,4
-1,206	6,6
-1,208	9,6
-1,211	6,6
-1,214	9,4
-1,216	6,5
-1,219	9,4
-1,222	6,5
-1,224	9,4
-1,227	6,5
-1,230	9,3
-1,232	6,5
-1,235	9,0
-1,238	6,3
-1,240	9,7
-1,243	6,6
-1,246	9,6
-1,248	6,6
-1,251	9,7
-1,254	6,6
-1,256	9,7
-1,259	6,6
-1,262	9,5
-1,265	6,5
-1,267	8,6
-1,270	6,1
-1,273	9,1
-1,275	6,4
-1,278	9,3
-1,281	6,4
-1,283	9,5
-1,286	6,5
-1,289	9,3
-1,291	6,5
-1,294	9,3
-1,297	6,5
-1,299	9,0
-1,302	6,3
-1,305	8,5
-1,307	6,0
-1,310	9,0
-1,313	6,3
-1,315	8,5
-1,318	6,0
-1,321	8,6
-1,323	6,1
-1,326	9,1
-1,329	6,4
-1,331	9,5
-1,334	6,6
-1,337	9,5
-1,339	6,6
-1,342	9,4
-1,345	6,4
-1,347	9,2
-1,350	6,4
-1,353	9,0
-1,355	6,2
-1,358	8,1
-1,361	5,8
-1,363	9,0
-1,366	6,3
-1,369	4,0
-1,371	3,8
-1,374	8,3
-1,377	5,9
-1,379	9,1
-1,382	6,3
-1,385	9,3
-1,387	6,4
-1,390	9,2
-1,393	6,4
-1,395	9,2
-1,398	6,3
-1,401	9,5
-1,403	6,4
-1,406	9,6
-1,409	6,4
-1,411	9,6
-1,414	6,5
-1,417	9,6
-1,419	6,4
-1,422	9,2
-1,425	6,2
-1,428	9,3
-1,430	6,3
-1,433	9,5
-1,436	6,4
-1,438	9,6
-1,441	6,4
-1,444	8,9
-1,446	6,1
-1,449	9,4
-1,452	6,5
-1,454	9,6
-1,457	6,5
-1,460	9,2
-1,462	6,2
-1,465	8,6
-1,468	5,9
-1,470	8,7
-1,473	6,0
-1,476	9,1
-1,478	6,2
-1,481	9,5
-1,484	6,4
-1,486	8,9
-1,489	6,1
-1,492	9,2
-1,494	6,2
-1,497	9,3
-1,500	6,3
-1,502	9,3
-1,505	6,3
-1,508	9,5
-1,510	6,4
-1,513	9,6
-1,516	6,4
-1,518	9,1
-1,521	6,2
-1,524	9,3
-1,526	6,3
-1,529	9,3
-1,532	6,3
-1,534	9,3
-1,537	6,2
-1,540	8,8
-1,542	6,0
-1,545	8,9
-1,548	6,1
-1,550	9,4
-1,553	6,3
-1,556	9,0
-1,558	6,1
-1,561	8,9
-1,564	6,1
-1,566	9,4
-1,569	6,3
-1,572	9,5
-1,574	6,4
-1,577	9,3
-1,580	6,2
-1,582	9,4
-1,585	6,3
-1,588	9,5
-1,591	6,3
-1,593	9,3
-1,596	6,3
-1,599	9,2
-1,601	6,2
-1,604	9,2
-1,607	6,2
-1,609	9,5
-1,612	6,3
-1,615	9,5
-1,617	6,4
-1,620	9,3
-1,623	6,3
-1,625	9,3
-1,628	6,2
-1,631	9,4
-1,633	6,2
-1,636	9,0
-1,639	6,0
-1,641	9,3
-1,644	6,2
-1,647	9,1
-1,649	6,1
-1,652	9,1
-1,655	6,0
-1,657	8,9
-1,660	6,0
-1,663	9,1
-1,665	6,1
-1,668	9,3
-1,671	6,2
-1,673	8,5
-1,676	5,8
-1,679	9,2
-1,681	6,2
-1,684	9,4
-1,687	6,2
-1,689	9,2
-1,692	6,1
-1,695	9,4
-1,697	6,2
-1,700	9,0
-1,703	6,0
-1,705	9,3
-1,708	6,1
-1,711	9,1
-1,713	6,0
-1,716	8,8
-1,719	6,0
-1,721	9,0
-1,724	6,0
-1,727	9,0
-1,729	6,1
-1,732	8,8
-1,735	5,9
-1,737	9,2
-1,740	6,1
-1,743	8,6
-1,745	5,8
-1,748	9,1
-1,751	6,0
-1,753	9,2
-1,756	6,1
-1,759	9,0
-1,761	5,9
-1,764	9,0
-1,767	5,9
-1,769	9,1
-1,772	6,0
-1,775	9,2
-1,778	6,0
-1,780	9,2
-1,783	6,0
-1,786	9,2
-1,788	6,0
-1,791	8,7
-1,794	5,8
-1,796	8,4
-1,799	5,6
-1,802	9,0
-1,804	5,9
-1,807	9,2
-1,810	6,0
-1,812	9,2
-1,815	6,0
-1,818	8,8
-1,820	5,8
-1,823	8,9
-1,826	5,9
-1,828	8,7
-1,831	5,8
-1,834	8,4
-1,836	5,6
-1,839	8,7
-1,842	5,8
-1,844	8,9
-1,847	5,9
-1,850	8,7
-1,852	5,8
-1,855	8,4
-1,858	5,5
-1,860	8,7
-1,863	5,7
-1,866	9,0
-1,868	5,9
-1,871	8,3
-1,874	5,5
-1,876	8,3
-1,879	5,6
-1,882	8,3
-1,884	5,5
-1,887	8,5
-1,890	5,7
-1,892	8,6
-1,895	5,7
-1,898	8,4
-1,900	5,6
-1,903	8,1
-1,906	5,4
-1,908	8,4
-1,911	5,6
-1,914	8,6
-1,916	5,7
-1,919	8,8
-1,922	5,8
-1,924	8,9
-1,927	5,8
-1,930	8,2
-1,932	5,5
-1,935	8,7
-1,938	5,7
-1,940	8,8
-1,943	5,9
-1,946	8,7
-1,948	5,7
-1,951	9,0
-1,954	5,9
-1,956	9,2
-1,959	6,0
-1,962	8,7
-1,964	5,8
-1,967	9,1
-1,970	5,9
-1,972	8,3
-1,975	5,5
-1,978	8,2
-1,980	5,4
-1,983	8,9
-1,986	5,8
-1,989	8,8
-1,991	5,8
-1,994	8,3
-1,997	5,5
-1,999	8,6
-2,002	5,7
-2,005	8,8
-2,007	5,8
-2,010	8,8
-2,013	5,8
-2,015	8,1
-2,018	5,4
-2,021	8,9
-2,023	5,8
-2,026	9,1
-2,029	5,9
-2,031	8,9
-2,034	5,8
-2,037	8,6
-2,039	5,7
-2,042	8,8
-2,045	5,8
-2,047	8,6
-2,050	5,7
-2,053	7,6
-2,055	5,1
-2,058	8,7
-2,061	5,7
-2,063	9,0
-2,066	5,8
-2,069	8,7
-2,071	5,7
-2,074	8,0
-2,077	5,4
-2,079	8,6
-2,082	5,7
-2,085	9,0
-2,087	5,8
-2,090	8,1
-2,093	5,3
-2,095	8,5
-2,098	5,7
-2,101	8,5
-2,103	5,6
-2,106	8,7
-2,109	5,7
-2,111	8,9
-2,114	5,8
-2,117	8,5
-2,119	5,6
-2,122	8,7
-2,125	5,7
-2,127	8,4
-2,130	5,5
-2,133	8,8
-2,135	5,8
-2,138	8,1
-2,141	5,3
-2,143	8,0
-2,146	5,3
-2,149	8,2
-2,151	5,4
-2,154	8,1
-2,157	5,3
-2,159	8,2
-2,162	5,4
-2,165	8,0
-2,167	5,3
-2,170	8,2
-2,173	5,4
-2,175	8,3
-2,178	5,4
-2,181	8,5
-2,183	5,5
-2,186	8,3
-2,189	5,4
-2,191	7,5
-2,194	5,0
-2,197	8,3
-2,199	5,4
-2,202	8,0
-2,205	5,2
-2,207	8,1
-2,210	5,3
-2,213	8,0
-2,215	5,2
-2,218	7,9
-2,221	5,2
-2,223	7,4
-2,226	4,9
-2,229	8,2
-2,231	5,4
-2,234	8,5
-2,237	5,4
-2,240	7,8
-2,242	5,1
-2,245	8,1
-2,248	5,3
-2,250	8,7
-2,253	5,5
-2,256	8,3
-2,258	5,3
-2,261	7,7
-2,264	5,0
-2,266	8,1
-2,269	5,3
-2,272	8,2
-2,274	5,3
-2,277	8,0
-2,280	5,2
-2,282	8,6
-2,285	5,5
-2,288	7,7
-2,290	5,0
-2,293	8,1
-2,296	5,3
-2,298	7,9
-2,301	5,2
-2,304	7,7
-2,306	5,0
-2,309	8,1
-2,312	5,2
-2,314	8,1
-2,317	5,3
-2,320	7,9
-2,322	5,2
-2,325	7,7
-2,328	5,0
-2,330	8,2
-2,333	5,3
-2,336	8,2
-2,338	5,3
-2,341	7,7
-2,344	5,1
-2,346	8,1
-2,349	5,2
-2,352	8,6
-2,354	5,5
-2,357	8,5
-2,360	5,5
-2,362	8,5
-2,365	5,5
-2,368	8,5
-2,370	5,4
-2,373	8,2
-2,376	5,3
-2,378	8,0
-2,381	5,2
-2,384	8,1
-2,386	5,2
-2,389	8,3
-2,392	5,3
-2,394	8,3
-2,397	5,3
-2,400	8,6
-2,402	5,5
-2,405	8,5
-2,408	5,4
-2,410	8,2
-2,413	5,3
-2,416	7,2
-2,418	4,8
-2,421	7,2
-2,424	4,8
-2,426	7,8
-2,429	5,0
-2,432	7,7
-2,434	5,0
-2,437	7,7
-2,440	5,0
-2,442	8,2
-2,445	5,2
-2,448	8,3
-2,450	5,2
-2,453	8,5
-2,456	5,4
-2,458	7,7
-2,461	5,0
-2,464	7,9
-2,466	5,1
-2,469	8,0
-2,472	5,1
-2,474	8,0
-2,477	5,2
-2,480	7,6
-2,482	4,9
-2,485	7,9
-2,488	5,0
-2,490	7,9
-2,493	5,0
-2,496	7,7
-2,498	5,0
-2,501	8,1
-2,504	5,2
-2,506	7,8
-2,509	5,0
-2,512	7,9
-2,514	5,1
-2,517	8,0
-2,520	5,1
-2,522	8,0
-2,525	5,1
-2,528	7,7
-2,530	5,0
-2,533	8,0
-2,536	5,1
-2,538	8,0
-2,541	5,1
-2,544	7,7
-2,546	4,9
-2,549	8,3
-2,552	5,3
-2,554	7,6
-2,557	4,9
-2,560	7,5
-2,562	4,9
-2,565	7,8
-2,568	5,0
-2,570	7,4
-2,573	4,8
-2,576	7,7
-2,578	4,9
-2,581	7,1
-2,584	4,6
-2,586	7,7
-2,589	4,9
-2,592	8,1
-2,594	5,1
-2,597	7,9
-2,600	5,0
-2,602	7,6
-2,605	4,8
-2,608	8,0
-2,610	5,0
-2,613	8,1
-2,616	5,0
-2,619	7,9
-2,621	4,9
-2,624	8,1
-2,627	5,1
-2,629	7,9
-2,632	5,0
-2,635	7,8
-2,637	5,0
-2,640	7,8
-2,643	4,9
-2,645	8,0
-2,648	5,0
-2,651	8,1
-2,653	5,1
-2,656	7,9
-2,659	5,0
-2,661	7,8
-2,664	5,0
-2,667	7,8
-2,669	4,9
-2,672	7,8
-2,675	4,9
-2,677	7,8
-2,680	4,9
-2,683	7,8
-2,685	4,9
-2,688	7,8
-2,691	4,9
-2,693	8,0
-2,696	5,0
-2,699	8,3
-2,701	5,2
-2,704	8,4
-2,707	5,2
-2,709	8,2
-2,712	5,1
-2,715	8,1
-2,717	5,1
-2,720	7,9
-2,723	5,0
-2,725	7,8
-2,728	4,9
-2,731	7,8
-2,733	4,9
