&a / °	I1 / %
2.736	14.7
2.733	14.5
2.731	14.9
2.728	14.6
2.725	15.0
2.723	14.7
2.720	15.1
2.717	14.6
2.715	14.6
2.712	14.4
2.709	14.9
2.707	14.6
2.704	14.5
2.701	14.4
2.699	14.7
2.696	14.4
2.693	14.7
2.691	14.4
2.688	14.7
2.685	14.3
2.683	14.6
2.680	14.3
2.677	14.3
2.675	14.2
2.672	14.4
2.669	14.2
2.667	14.1
2.664	14.1
2.661	15.1
2.659	14.5
2.656	15.4
2.653	14.7
2.651	15.5
2.648	14.7
2.645	15.5
2.643	14.7
2.640	14.7
2.637	14.3
2.635	14.7
2.632	14.3
2.629	14.7
2.627	14.4
2.624	14.3
2.621	14.1
2.619	14.2
2.616	14.1
2.613	14.3
2.610	14.1
2.608	14.1
2.605	14.0
2.602	14.3
2.600	14.1
2.597	14.3
2.594	14.1
2.592	14.4
2.589	14.2
2.586	14.3
2.584	14.1
2.581	14.4
2.578	14.2
2.576	14.6
2.573	14.3
2.570	14.6
2.568	14.3
2.565	14.3
2.562	14.1
2.560	14.0
2.557	13.9
2.554	14.0
2.552	13.9
2.549	14.2
2.546	14.0
2.544	15.2
2.541	14.4
2.538	15.4
2.536	14.6
2.533	15.3
2.530	14.6
2.528	14.6
2.525	14.1
2.522	14.4
2.520	14.1
2.517	14.7
2.514	14.2
2.512	14.6
2.509	14.1
2.506	14.1
2.504	13.9
2.501	14.0
2.498	13.9
2.496	14.3
2.493	14.0
2.490	14.1
2.488	13.9
2.485	14.1
2.482	13.9
2.480	14.1
2.477	13.9
2.474	14.2
2.472	13.9
2.469	14.2
2.466	13.9
2.464	14.2
2.461	14.0
2.458	14.3
2.456	14.0
2.453	13.9
2.450	13.8
2.448	13.9
2.445	13.8
2.442	13.9
2.440	13.8
2.437	13.9
2.434	13.7
2.432	13.8
2.429	13.7
2.426	13.8
2.424	13.7
2.421	13.8
2.418	13.7
2.416	13.8
2.413	13.7
2.410	14.2
2.408	13.9
2.405	14.3
2.402	13.9
2.400	14.4
2.397	14.0
2.394	14.1
2.392	13.8
2.389	14.3
2.386	13.9
2.384	14.1
2.381	13.8
2.378	14.1
2.376	13.8
2.373	13.9
2.370	13.7
2.368	13.8
2.365	13.7
2.362	13.8
2.360	13.6
2.357	13.9
2.354	13.6
2.352	14.0
2.349	13.7
2.346	13.9
2.344	13.6
2.341	14.0
2.338	13.6
2.336	13.8
2.333	13.6
2.330	13.6
2.328	13.5
2.325	13.5
2.322	13.5
2.320	13.7
2.317	13.5
2.314	13.6
2.312	13.5
2.309	13.5
2.306	13.4
2.304	13.5
2.301	13.3
2.298	13.7
2.296	13.5
2.293	14.0
2.290	13.6
2.288	14.0
2.285	13.6
2.282	13.8
2.280	13.5
2.277	13.8
2.274	13.6
2.272	13.8
2.269	13.5
2.266	13.8
2.264	13.5
2.261	13.8
2.258	13.5
2.256	13.9
2.253	13.5
2.250	14.1
2.248	13.6
2.245	13.8
2.242	13.4
2.240	13.4
2.237	13.3
2.234	13.3
2.231	13.1
2.229	13.2
2.226	13.1
2.223	13.3
2.221	13.1
2.218	13.5
2.215	13.3
2.213	13.4
2.210	13.1
2.207	13.6
2.205	13.3
2.202	13.1
2.199	13.0
2.197	13.0
2.194	13.0
2.191	12.9
2.189	13.0
2.186	13.5
2.183	13.2
2.181	13.7
2.178	13.3
2.175	13.7
2.173	13.3
2.170	13.9
2.167	13.4
2.165	13.6
2.162	13.2
2.159	13.7
2.157	13.3
2.154	13.7
2.151	13.3
2.149	13.5
2.146	13.2
2.143	13.5
2.141	13.3
2.138	13.5
2.135	13.2
2.133	13.5
2.130	13.2
2.127	13.2
2.125	13.1
2.122	13.1
2.119	13.0
2.117	13.2
2.114	13.1
2.111	13.3
2.109	13.0
2.106	13.3
2.103	13.1
2.101	13.3
2.098	13.0
2.095	13.2
2.093	13.1
2.090	12.9
2.087	12.9
2.085	12.9
2.082	12.9
2.079	12.9
2.077	12.9
2.074	14.2
2.071	13.5
2.069	14.4
2.066	13.6
2.063	14.4
2.061	13.6
2.058	14.4
2.055	13.6
2.053	14.3
2.050	13.5
2.047	14.4
2.045	13.6
2.042	14.4
2.039	13.6
2.037	14.4
2.034	13.6
2.031	13.7
2.029	13.2
2.026	13.5
2.023	13.2
2.021	13.4
2.018	13.1
2.015	13.0
2.013	12.9
2.010	13.2
2.007	13.0
2.005	13.1
2.002	12.9
1.999	13.1
1.997	13.0
1.994	13.0
1.991	12.9
1.989	13.1
1.986	13.0
1.983	13.0
1.980	12.9
1.978	13.1
1.975	12.9
1.972	13.4
1.970	13.1
1.967	13.2
1.964	13.0
1.962	13.1
1.959	12.9
1.956	12.8
1.954	12.8
1.951	12.8
1.948	12.7
1.946	12.7
1.943	12.7
1.940	14.0
1.938	13.3
1.935	14.2
1.932	13.5
1.930	14.3
1.927	13.5
1.924	14.5
1.922	13.6
1.919	13.6
1.916	13.1
1.914	13.3
1.911	13.0
1.908	13.3
1.906	13.0
1.903	13.8
1.900	13.2
1.898	13.5
1.895	13.1
1.892	13.0
1.890	12.8
1.887	12.9
1.884	12.8
1.882	13.1
1.879	12.9
1.876	13.2
1.874	12.9
1.871	13.0
1.868	12.8
1.866	13.3
1.863	12.9
1.860	13.2
1.858	12.9
1.855	13.4
1.852	13.0
1.850	13.2
1.847	12.9
1.844	12.9
1.842	12.8
1.839	12.8
1.836	12.8
1.834	12.8
1.831	12.7
1.828	12.8
1.826	12.7
1.823	13.0
1.820	12.8
1.818	12.9
1.815	12.7
1.812	12.8
1.810	12.7
1.807	13.1
1.804	12.9
1.802	13.2
1.799	12.9
1.796	13.2
1.794	12.9
1.791	13.2
1.788	12.9
1.786	12.9
1.783	12.8
1.780	13.0
1.778	12.8
1.775	12.8
1.772	12.7
1.769	12.9
1.767	12.8
1.764	13.0
1.761	12.8
1.759	13.1
1.756	12.8
1.753	13.0
1.751	12.8
1.748	13.3
1.745	12.9
1.743	13.2
1.740	12.9
1.737	13.2
1.735	12.9
1.732	13.4
1.729	13.0
1.727	12.9
1.724	12.8
1.721	12.8
1.719	12.7
1.716	12.8
1.713	12.7
1.711	12.8
1.708	12.7
1.705	12.8
1.703	12.7
1.700	12.8
1.697	12.7
1.695	12.8
1.692	12.7
1.689	13.2
1.687	12.9
1.684	13.3
1.681	13.0
1.679	13.3
1.676	13.0
1.673	13.2
1.671	12.9
1.668	13.2
1.665	12.9
1.663	13.2
1.660	12.9
1.657	13.2
1.655	12.9
1.652	13.1
1.649	12.9
1.647	13.1
1.644	12.8
1.641	13.1
1.639	12.9
1.636	12.9
1.633	12.7
1.631	12.8
1.628	12.7
1.625	12.8
1.623	12.7
1.620	12.8
1.617	12.7
1.615	12.7
1.612	12.7
1.609	12.7
1.607	12.7
1.604	12.8
1.601	12.7
1.599	12.8
1.596	12.7
1.593	12.8
1.591	12.7
1.588	12.8
1.585	12.7
1.582	12.8
1.580	12.7
1.577	13.2
1.574	12.9
1.572	13.3
1.569	13.0
1.566	13.3
1.564	13.0
1.561	13.8
1.558	13.2
1.556	13.4
1.553	13.0
1.550	13.2
1.548	12.9
1.545	13.2
1.542	12.9
1.540	13.2
1.537	12.9
1.534	13.2
1.532	12.9
1.529	13.2
1.526	12.9
1.524	13.3
1.521	13.0
1.518	12.9
1.516	12.8
1.513	12.8
1.510	12.7
1.508	12.8
1.505	12.7
1.502	12.9
1.500	12.8
1.497	13.0
1.494	12.8
1.492	13.0
1.489	12.8
1.486	13.1
1.484	12.9
1.481	12.7
1.478	12.7
1.476	12.6
1.473	12.6
1.470	12.6
1.468	12.6
1.465	13.8
1.462	13.2
1.460	14.1
1.457	13.4
1.454	14.2
1.452	13.4
1.449	14.3
1.446	13.4
1.444	13.4
1.441	13.0
1.438	13.2
1.436	12.9
1.433	13.2
1.430	12.9
1.428	13.4
1.425	13.0
1.422	13.2
1.419	13.0
1.417	13.2
1.414	12.9
1.411	13.2
1.409	12.9
1.406	12.9
1.403	12.8
1.401	12.9
1.398	12.7
1.395	12.8
1.393	12.7
1.390	13.2
1.387	12.9
1.385	13.1
1.382	12.8
1.379	13.0
1.377	12.8
1.374	13.0
1.371	12.8
1.369	12.9
1.366	12.8
1.363	13.7
1.361	13.2
1.358	13.3
1.355	13.0
1.353	13.1
1.350	12.9
1.347	13.2
1.345	12.9
1.342	12.9
1.339	12.8
1.337	13.0
1.334	12.8
1.331	12.9
1.329	12.8
1.326	13.3
1.323	13.0
1.321	12.8
1.318	12.8
1.315	12.7
1.313	12.7
1.310	12.8
1.307	12.7
1.305	12.7
1.302	12.6
1.299	12.6
1.297	12.6
1.294	12.6
1.291	12.6
1.289	12.6
1.286	12.6
1.283	12.9
1.281	12.8
1.278	13.0
1.275	12.8
1.273	13.0
1.270	12.8
1.267	13.2
1.265	12.9
1.262	13.3
1.259	13.0
1.256	13.6
1.254	13.1
1.251	13.7
1.248	13.1
1.246	13.3
1.243	12.9
1.240	13.0
1.238	12.8
1.235	13.1
1.232	12.8
1.230	13.1
1.227	12.8
1.224	13.1
1.222	12.8
1.219	12.8
1.216	12.7
1.214	12.7
1.211	12.6
1.208	13.1
1.206	12.8
1.203	13.3
1.200	12.9
1.198	13.5
1.195	13.0
1.192	13.6
1.190	13.0
1.187	13.1
1.184	12.8
1.182	13.0
1.179	12.8
1.176	13.0
1.174	12.7
1.171	12.7
1.168	12.5
1.166	12.6
1.163	12.5
1.160	12.6
1.158	12.5
1.155	12.7
1.152	12.5
1.150	13.4
1.147	12.8
1.144	13.6
1.142	12.9
1.139	13.5
1.136	12.9
1.134	12.9
1.131	12.6
1.128	12.7
1.126	12.5
1.123	12.9
1.120	12.6
1.118	12.8
1.115	12.6
1.112	12.6
1.109	12.5
1.107	12.7
1.104	12.5
1.101	12.8
1.099	12.5
1.096	12.9
1.093	12.6
1.091	13.2
1.088	12.8
1.085	13.1
1.083	12.7
1.080	13.2
1.077	12.7
1.075	12.9
1.072	12.6
1.069	12.9
1.067	12.6
1.064	12.8
1.061	12.5
1.059	12.4
1.056	12.3
1.053	12.5
1.051	12.4
1.048	12.4
1.045	12.3
1.043	12.4
1.040	12.3
1.037	13.1
1.035	12.6
1.032	13.3
1.029	12.7
1.027	13.3
1.024	12.7
1.021	13.3
1.019	12.7
1.016	13.0
1.013	12.6
1.011	12.9
1.008	12.5
1.005	13.0
1.003	12.5
1.000	12.6
0.997	12.3
0.995	12.6
0.992	12.3
0.989	12.7
0.987	12.4
0.984	12.6
0.981	12.2
0.979	12.7
0.976	12.3
0.973	12.4
0.970	12.1
0.968	12.6
0.965	12.3
0.962	12.1
0.960	12.0
0.957	11.9
0.954	11.9
0.952	11.9
0.949	11.9
0.946	11.9
0.944	11.9
0.941	12.0
0.938	11.9
0.936	12.1
0.933	12.0
0.930	12.1
0.928	11.9
0.925	12.8
0.922	12.3
0.920	13.0
0.917	12.4
0.914	13.0
0.912	12.4
0.909	13.0
0.906	12.4
0.904	12.8
0.901	12.3
0.898	12.8
0.896	12.3
0.893	12.7
0.890	12.2
0.888	12.4
0.885	12.1
0.882	12.4
0.880	12.1
0.877	12.4
0.874	12.1
0.872	12.5
0.869	12.2
0.866	12.3
0.864	12.0
0.861	12.3
0.858	12.1
0.856	12.2
0.853	12.0
0.850	12.3
0.848	12.0
0.845	11.8
0.842	11.8
0.840	11.7
0.837	11.7
0.834	11.8
0.831	11.7
0.829	11.7
0.826	11.6
0.823	11.6
0.821	11.6
0.818	11.6
0.815	11.6
0.813	11.6
0.810	11.6
0.807	11.9
0.805	11.7
0.802	12.0
0.799	11.7
0.797	11.9
0.794	11.7
0.791	12.2
0.789	11.8
0.786	12.3
0.783	11.9
0.781	12.5
0.778	12.0
0.775	12.7
0.773	12.1
0.770	12.1
0.767	11.8
0.765	12.2
0.762	11.8
0.759	11.9
0.757	11.6
0.754	11.7
0.751	11.5
0.749	11.8
0.746	11.6
0.743	11.8
0.741	11.6
0.738	11.8
0.735	11.6
0.733	11.5
0.730	11.4
0.727	11.4
0.725	11.4
0.722	11.5
0.719	11.4
0.717	11.4
0.714	11.4
0.711	11.5
0.709	11.5
0.706	11.4
0.703	11.4
0.701	11.4
0.698	11.3
0.695	11.6
0.692	11.5
0.690	11.7
0.687	11.5
0.684	11.4
0.682	11.4
0.679	12.0
0.676	11.7
0.674	11.8
0.671	11.6
0.668	11.7
0.666	11.5
0.663	11.7
0.660	11.5
0.658	11.9
0.655	11.5
0.652	12.0
0.650	11.6
0.647	12.1
0.644	11.6
0.642	12.0
0.639	11.5
0.636	11.6
0.634	11.4
0.631	11.6
0.628	11.4
0.626	11.7
0.623	11.4
0.620	11.4
0.618	11.3
0.615	11.4
0.612	11.3
0.610	11.4
0.607	11.2
0.604	11.3
0.602	11.2
0.599	11.7
0.596	11.4
0.594	12.0
0.591	11.6
0.588	11.9
0.586	11.5
0.583	11.6
0.580	11.3
0.578	11.7
0.575	11.4
0.572	11.7
0.570	11.3
0.567	11.6
0.564	11.3
0.561	11.6
0.559	11.3
0.556	11.5
0.553	11.3
0.551	11.4
0.548	11.2
0.545	11.7
0.543	11.3
0.540	11.7
0.537	11.4
0.535	11.7
0.532	11.2
0.529	11.6
0.527	11.2
0.524	11.3
0.521	11.1
0.519	11.3
0.516	11.1
0.513	11.3
0.511	11.1
0.508	11.2
0.505	11.0
0.503	11.3
0.500	11.1
0.497	11.1
0.495	11.0
0.492	11.1
0.489	11.0
0.487	11.5
0.484	11.2
0.481	11.6
0.479	11.3
0.476	11.6
0.473	11.2
0.471	11.6
0.468	11.2
0.465	11.4
0.463	11.1
0.460	11.4
0.457	11.1
0.455	11.4
0.452	11.1
0.449	11.1
0.447	10.9
0.444	11.0
0.441	10.9
0.438	11.0
0.436	10.9
0.433	10.9
0.430	10.8
0.428	11.6
0.425	11.1
0.422	11.8
0.420	11.2
0.417	11.9
0.414	11.3
0.412	11.5
0.409	11.1
0.406	11.5
0.404	11.1
0.401	11.5
0.398	11.1
0.396	11.5
0.393	11.1
0.390	11.3
0.388	11.0
0.385	11.2
0.382	10.9
0.380	11.2
0.377	10.9
0.374	11.9
0.372	11.3
0.369	11.5
0.366	11.1
0.364	11.5
0.361	11.0
0.358	11.4
0.356	11.0
0.353	11.3
0.350	10.9
0.348	11.2
0.345	11.0
0.342	11.3
0.340	11.0
0.337	11.6
0.334	11.2
0.332	11.9
0.329	13.2
0.326	14.8
0.324	15.0
0.321	14.4
0.318	13.5
0.316	15.0
0.313	21.1
0.310	35.4
0.307	49.2
0.305	52.1
0.302	44.4
0.299	32.8
0.297	23.2
0.294	17.2
0.291	14.1
0.289	12.5
0.286	11.6
0.283	11.1
0.281	11.0
0.278	10.9
0.275	10.8
0.273	10.9
0.270	10.8
0.267	10.7
0.265	10.6
0.262	10.9
0.259	10.6
0.257	10.8
0.254	10.6
0.251	11.1
0.249	10.8
0.246	10.9
0.243	10.6
0.241	10.8
0.238	10.6
0.235	10.9
0.233	10.6
0.230	10.9
0.227	10.6
0.225	10.8
0.222	10.5
0.219	10.8
0.217	10.6
0.214	10.9
0.211	10.6
0.209	10.7
0.206	10.5
0.203	11.1
0.201	10.6
0.198	10.7
0.195	10.5
0.193	10.7
0.190	10.4
0.187	10.6
0.184	10.4
0.182	10.3
0.179	10.3
0.176	10.3
0.174	10.2
0.171	10.2
0.168	10.2
0.166	10.7
0.163	10.4
0.160	10.5
0.158	10.3
0.155	10.4
0.152	10.2
0.150	10.5
0.147	10.3
0.144	10.4
0.142	10.3
0.139	10.5
0.136	10.3
0.134	10.4
0.131	10.3
0.128	10.4
0.126	10.2
0.123	10.4
0.120	10.2
0.118	10.4
0.115	10.3
0.112	10.4
0.110	10.2
0.107	10.4
0.104	10.2
0.102	10.4
0.099	10.2
0.096	10.4
0.094	10.2
0.091	10.4
0.088	10.2
0.086	10.4
0.083	10.2
0.080	10.4
0.078	10.2
0.075	10.4
0.072	10.2
0.070	10.7
0.067	10.3
0.064	10.8
0.061	10.4
0.059	10.8
0.056	10.4
0.053	10.8
0.051	10.4
0.048	10.7
0.045	10.4
0.043	10.8
0.040	10.3
0.037	10.7
0.035	10.3
0.032	10.3
0.029	10.1
0.027	10.3
0.024	10.1
0.021	10.4
0.019	10.1
0.016	10.3
0.013	10.1
0.011	10.6
0.008	10.2
0.005	10.6
0.003	10.3
0.000	10.0
-0.003	10.0
-0.005	10.5
-0.008	10.2
-0.011	10.5
-0.013	10.2
-0.016	10.5
-0.019	10.2
-0.021	10.5
-0.024	10.2
-0.027	10.3
-0.029	10.1
-0.032	10.8
-0.035	10.3
-0.037	10.8
-0.040	10.3
-0.043	10.8
-0.045	10.3
-0.048	11.0
-0.051	10.4
-0.053	10.5
-0.056	10.1
-0.059	10.3
-0.061	10.0
-0.064	10.2
-0.067	9.9
-0.070	13.6
-0.072	11.6
-0.075	10.9
-0.078	10.4
-0.080	10.3
-0.083	10.0
-0.086	10.3
-0.088	10.0
-0.091	10.6
-0.094	10.2
-0.096	10.4
-0.099	10.1
-0.102	10.4
-0.104	10.0
-0.107	10.3
-0.110	10.0
-0.112	10.3
-0.115	10.0
-0.118	10.3
-0.120	10.1
-0.123	10.3
-0.126	10.0
-0.128	10.2
-0.131	9.9
-0.134	10.3
-0.136	10.0
-0.139	10.2
-0.142	10.0
-0.144	10.5
-0.147	10.1
-0.150	10.8
-0.152	10.3
-0.155	10.7
-0.158	10.2
-0.160	10.6
-0.163	10.2
-0.166	10.1
-0.168	9.9
-0.171	10.0
-0.174	9.8
-0.176	10.2
-0.179	9.9
-0.182	10.0
-0.184	9.8
-0.187	10.0
-0.190	9.8
-0.193	10.0
-0.195	9.8
-0.198	10.1
-0.201	9.8
-0.203	10.3
-0.206	9.9
-0.209	10.2
-0.211	9.9
-0.214	10.3
-0.217	9.9
-0.219	10.2
-0.222	9.9
-0.225	10.0
-0.227	9.8
-0.230	10.1
-0.233	9.8
-0.235	10.0
-0.238	9.8
-0.241	11.9
-0.243	10.7
-0.246	10.2
-0.249	9.9
-0.251	9.9
-0.254	9.6
-0.257	9.7
-0.259	9.5
-0.262	9.7
-0.265	9.5
-0.267	9.7
-0.270	9.6
-0.273	9.6
-0.275	9.5
-0.278	9.6
-0.281	9.4
-0.283	9.5
-0.286	9.4
-0.289	9.7
-0.291	9.5
-0.294	9.7
-0.297	9.5
-0.299	9.7
-0.302	9.5
-0.305	9.7
-0.307	9.5
-0.310	9.6
-0.313	9.4
-0.316	9.6
-0.318	9.3
-0.321	9.6
-0.324	9.4
-0.326	9.7
-0.329	9.4
-0.332	9.7
-0.334	9.5
-0.337	9.6
-0.340	9.3
-0.342	9.7
-0.345	9.5
-0.348	9.5
-0.350	9.3
-0.353	9.5
-0.356	9.3
-0.358	9.3
-0.361	9.2
-0.364	9.5
-0.366	9.3
-0.369	9.3
-0.372	9.1
-0.374	9.2
-0.377	9.1
-0.380	9.2
-0.382	9.1
-0.385	9.2
-0.388	9.1
-0.390	9.3
-0.393	9.1
-0.396	9.1
-0.398	9.1
-0.401	9.1
-0.404	9.0
-0.406	9.2
-0.409	9.0
-0.412	9.8
-0.414	9.3
-0.417	9.2
-0.420	9.1
-0.422	9.2
-0.425	9.0
-0.428	9.1
-0.430	8.9
-0.433	9.5
-0.436	9.1
-0.438	9.7
-0.441	9.3
-0.444	9.6
-0.447	9.2
-0.449	9.8
-0.452	9.3
-0.455	9.6
-0.457	9.2
-0.460	9.6
-0.463	9.1
-0.465	9.5
-0.468	9.1
-0.471	9.4
-0.473	9.0
-0.476	9.3
-0.479	9.0
-0.481	9.3
-0.484	8.9
-0.487	9.2
-0.489	8.9
-0.492	8.9
-0.495	8.7
-0.497	8.8
-0.500	8.7
-0.503	8.8
-0.505	8.6
-0.508	8.7
-0.511	8.6
-0.513	8.7
-0.516	8.6
-0.519	8.7
-0.521	8.6
-0.524	8.7
-0.527	8.6
-0.529	8.7
-0.532	8.6
-0.535	8.7
-0.537	8.6
-0.540	8.7
-0.543	8.6
-0.545	9.2
-0.548	8.8
-0.551	9.4
-0.553	8.9
-0.556	9.3
-0.559	8.9
-0.561	9.4
-0.564	8.9
-0.567	9.3
-0.570	8.9
-0.572	9.2
-0.575	8.8
-0.578	9.2
-0.580	8.8
-0.583	9.0
-0.586	8.7
-0.588	9.0
-0.591	8.7
-0.594	9.0
-0.596	8.7
-0.599	9.0
-0.602	8.7
-0.604	8.8
-0.607	8.6
-0.610	8.7
-0.612	8.5
-0.615	8.7
-0.618	8.5
-0.620	8.7
-0.623	8.5
-0.626	9.1
-0.628	8.6
-0.631	9.2
-0.634	8.7
-0.636	9.2
-0.639	8.7
-0.642	8.8
-0.644	8.4
-0.647	8.6
-0.650	8.3
-0.652	8.5
-0.655	8.3
-0.658	8.5
-0.660	8.3
-0.663	8.5
-0.666	8.3
-0.668	8.5
-0.671	8.2
-0.674	8.4
-0.676	8.2
-0.679	8.7
-0.682	8.3
-0.684	8.9
-0.687	8.4
-0.690	8.9
-0.692	8.4
-0.695	8.9
-0.698	8.4
-0.701	8.7
-0.703	8.3
-0.706	8.8
-0.709	8.4
-0.711	8.7
-0.714	8.3
-0.717	8.5
-0.719	8.2
-0.722	8.6
-0.725	8.3
-0.727	8.5
-0.730	8.1
-0.733	8.4
-0.735	8.1
-0.738	8.2
-0.741	8.0
-0.743	8.2
-0.746	7.9
-0.749	8.1
-0.751	7.9
-0.754	8.5
-0.757	8.1
-0.759	8.7
-0.762	8.2
-0.765	8.7
-0.767	8.2
-0.770	8.6
-0.773	8.1
-0.775	8.1
-0.778	7.9
-0.781	8.0
-0.783	7.8
-0.786	8.0
-0.789	7.8
-0.791	8.0
-0.794	7.8
-0.797	8.0
-0.799	7.8
-0.802	8.0
-0.805	7.8
-0.807	8.0
-0.810	7.7
-0.813	8.0
-0.815	7.8
-0.818	8.1
-0.821	7.8
-0.823	8.1
-0.826	7.8
-0.829	8.4
-0.831	7.8
-0.834	7.9
-0.837	7.7
-0.840	7.8
-0.842	7.6
-0.845	7.7
-0.848	7.5
-0.850	7.6
-0.853	7.4
-0.856	7.5
-0.858	7.4
-0.861	7.4
-0.864	7.3
-0.866	7.7
-0.869	7.4
-0.872	8.0
-0.874	7.6
-0.877	8.1
-0.880	7.7
-0.882	8.2
-0.885	7.7
-0.888	7.7
-0.890	7.4
-0.893	7.6
-0.896	7.4
-0.898	7.5
-0.901	7.3
-0.904	7.5
-0.906	7.3
-0.909	7.5
-0.912	7.3
-0.914	7.5
-0.917	7.2
-0.920	7.4
-0.922	7.2
-0.925	7.4
-0.928	7.1
-0.930	7.5
-0.933	7.2
-0.936	7.5
-0.938	7.1
-0.941	7.4
-0.944	7.0
-0.946	7.5
-0.949	7.2
-0.952	7.5
-0.954	7.0
-0.957	7.2
-0.960	6.9
-0.962	8.5
-0.965	7.5
-0.968	7.7
-0.970	7.2
-0.973	7.5
-0.976	7.0
-0.979	7.3
-0.981	7.0
-0.984	7.0
-0.987	6.8
-0.989	7.3
-0.992	6.9
-0.995	6.9
-0.997	6.7
-1.000	6.8
-1.003	6.6
-1.005	7.0
-1.008	6.8
-1.011	7.2
-1.013	6.8
-1.016	7.2
-1.019	6.8
-1.021	7.0
-1.024	6.7
-1.027	7.0
-1.029	6.7
-1.032	7.1
-1.035	6.8
-1.037	7.2
-1.040	6.8
-1.043	7.3
-1.045	6.9
-1.048	7.4
-1.051	6.9
-1.053	7.4
-1.056	6.9
-1.059	6.8
-1.061	6.6
-1.064	6.9
-1.067	6.7
-1.069	7.3
-1.072	6.8
-1.075	7.1
-1.077	6.7
-1.080	6.7
-1.083	6.5
-1.085	6.6
-1.088	6.5
-1.091	6.6
-1.093	6.5
-1.096	6.6
-1.099	6.5
-1.101	6.6
-1.104	6.5
-1.107	6.6
-1.109	6.5
-1.112	6.7
-1.115	6.5
-1.118	6.7
-1.120	6.5
-1.123	6.7
-1.126	6.5
-1.128	6.7
-1.131	6.5
-1.134	6.5
-1.136	6.4
-1.139	6.5
-1.142	6.4
-1.144	6.5
-1.147	6.4
-1.150	6.5
-1.152	6.4
-1.155	7.0
-1.158	6.5
-1.160	7.1
-1.163	6.6
-1.166	7.1
-1.168	6.6
-1.171	7.1
-1.174	6.6
-1.176	6.8
-1.179	6.5
-1.182	6.7
-1.184	6.5
-1.187	6.9
-1.190	6.5
-1.192	6.6
-1.195	6.4
-1.198	6.6
-1.200	6.4
-1.203	6.6
-1.206	6.3
-1.208	6.4
-1.211	6.3
-1.214	6.4
-1.216	6.3
-1.219	6.3
-1.222	6.2
-1.224	6.4
-1.227	6.3
-1.230	6.7
-1.232	6.4
-1.235	6.9
-1.238	6.5
-1.240	7.0
-1.243	6.5
-1.246	6.7
-1.248	6.4
-1.251	6.4
-1.254	6.2
-1.256	6.3
-1.259	6.2
-1.262	6.3
-1.265	6.1
-1.267	6.8
-1.270	6.4
-1.273	6.9
-1.275	6.5
-1.278	7.0
-1.281	6.5
-1.283	7.3
-1.286	6.6
-1.289	7.0
-1.291	6.6
-1.294	6.9
-1.297	6.5
-1.299	7.0
-1.302	6.5
-1.305	6.5
-1.307	6.2
-1.310	6.4
-1.313	6.2
-1.315	6.4
-1.318	6.2
-1.321	6.4
-1.323	6.2
-1.326	6.4
-1.329	6.2
-1.331	6.4
-1.334	6.2
-1.337	6.2
-1.339	6.1
-1.342	6.2
-1.345	6.1
-1.347	6.5
-1.350	6.2
-1.353	6.5
-1.355	6.3
-1.358	6.8
-1.361	6.4
-1.363	6.7
-1.366	6.3
-1.369	6.0
-1.371	5.9
-1.374	6.5
-1.377	6.2
-1.379	6.5
-1.382	6.2
-1.385	6.4
-1.387	6.1
-1.390	6.3
-1.393	6.1
-1.395	6.3
-1.398	6.1
-1.401	6.2
-1.403	6.0
-1.406	7.5
-1.409	6.6
-1.411	6.2
-1.414	6.1
-1.417	5.9
-1.419	5.9
-1.422	5.9
-1.425	5.9
-1.428	6.1
-1.430	5.9
-1.433	6.0
-1.436	5.9
-1.438	6.2
-1.441	6.0
-1.444	6.1
-1.446	5.9
-1.449	6.9
-1.452	6.3
-1.454	7.1
-1.457	6.4
-1.460	7.1
-1.462	6.4
-1.465	6.3
-1.468	6.0
-1.470	6.3
-1.473	6.0
-1.476	6.3
-1.478	6.0
-1.481	6.4
-1.484	6.0
-1.486	6.3
-1.489	5.9
-1.492	6.3
-1.494	6.0
-1.497	6.3
-1.500	5.9
-1.502	5.9
-1.505	5.8
-1.508	5.7
-1.510	5.7
-1.513	5.7
-1.516	5.7
-1.518	5.6
-1.521	5.6
-1.524	6.2
-1.526	5.9
-1.529	6.4
-1.532	6.0
-1.534	6.4
-1.537	6.0
-1.540	5.9
-1.542	5.8
-1.545	5.8
-1.548	5.7
-1.550	5.8
-1.553	5.7
-1.556	5.8
-1.558	5.7
-1.561	6.5
-1.564	6.1
-1.566	6.6
-1.569	6.1
-1.572	6.6
-1.574	6.1
-1.577	6.4
-1.580	6.0
-1.582	6.4
-1.585	6.0
-1.588	6.7
-1.591	6.1
-1.593	6.3
-1.596	5.9
-1.599	6.0
-1.601	5.8
-1.604	6.0
-1.607	5.8
-1.609	6.0
-1.612	5.8
-1.615	6.0
-1.617	5.8
-1.620	5.7
-1.623	5.6
-1.625	5.6
-1.628	5.6
-1.631	5.7
-1.633	5.6
-1.636	6.0
-1.639	5.8
-1.641	6.3
-1.644	5.9
-1.647	6.4
-1.649	6.0
-1.652	6.7
-1.655	6.1
-1.657	6.4
-1.660	6.0
-1.663	6.3
-1.665	5.9
-1.668	6.4
-1.671	6.0
-1.673	6.5
-1.676	6.0
-1.679	6.4
-1.681	6.0
-1.684	6.5
-1.687	6.0
-1.689	6.5
-1.692	6.0
-1.695	5.9
-1.697	5.7
-1.700	5.8
-1.703	5.6
-1.705	5.7
-1.708	5.6
-1.711	6.2
-1.713	5.8
-1.716	6.0
-1.719	5.7
-1.721	6.0
-1.724	5.8
-1.727	6.4
-1.729	5.9
-1.732	6.2
-1.735	5.8
-1.737	6.3
-1.740	5.9
-1.743	6.2
-1.745	5.9
-1.748	6.0
-1.751	5.7
-1.753	5.8
-1.756	5.6
-1.759	6.0
-1.761	5.7
-1.764	6.1
-1.767	5.7
-1.769	6.1
-1.772	5.7
-1.775	6.4
-1.778	5.9
-1.780	6.5
-1.783	5.9
-1.786	6.5
-1.788	5.9
-1.791	6.5
-1.794	6.0
-1.796	6.4
-1.799	5.9
-1.802	6.5
-1.804	5.9
-1.807	5.7
-1.810	5.5
-1.812	5.5
-1.815	5.4
-1.818	5.5
-1.820	5.4
-1.823	5.6
-1.826	5.5
-1.828	5.5
-1.831	5.4
-1.834	5.6
-1.836	5.4
-1.839	5.6
-1.842	5.4
-1.844	5.9
-1.847	5.6
-1.850	6.0
-1.852	5.6
-1.855	6.1
-1.858	5.7
-1.860	6.6
-1.863	5.9
-1.866	6.3
-1.868	5.8
-1.871	6.1
-1.874	5.6
-1.876	6.0
-1.879	5.6
-1.882	6.7
-1.884	6.0
-1.887	6.2
-1.890	5.7
-1.892	5.9
-1.895	5.5
-1.898	6.1
-1.900	5.6
-1.903	5.7
-1.906	5.5
-1.908	5.6
-1.911	5.4
-1.914	5.6
-1.916	5.4
-1.919	5.9
-1.922	5.6
-1.924	6.6
-1.927	5.9
-1.930	7.0
-1.932	6.1
-1.935	6.2
-1.938	5.7
-1.940	5.7
-1.943	5.5
-1.946	6.0
-1.948	5.6
-1.951	6.3
-1.954	5.7
-1.956	5.8
-1.959	5.5
-1.962	5.8
-1.964	5.4
-1.967	5.8
-1.970	5.5
-1.972	6.2
-1.975	5.7
-1.978	6.2
-1.980	5.7
-1.983	6.3
-1.986	5.7
-1.989	6.2
-1.991	5.7
-1.994	5.7
-1.997	5.5
-1.999	5.6
-2.002	5.4
-2.005	5.7
-2.007	5.5
-2.010	6.8
-2.013	6.0
-2.015	6.7
-2.018	6.0
-2.021	6.6
-2.023	5.9
-2.026	6.8
-2.029	6.0
-2.031	6.3
-2.034	5.7
-2.037	6.6
-2.039	5.9
-2.042	6.7
-2.045	6.0
-2.047	7.2
-2.050	6.2
-2.053	7.6
-2.055	6.3
-2.058	7.3
-2.061	6.2
-2.063	7.1
-2.066	6.1
-2.069	6.2
-2.071	5.6
-2.074	5.5
-2.077	5.3
-2.079	5.5
-2.082	5.3
-2.085	5.6
-2.087	5.3
-2.090	5.7
-2.093	5.4
-2.095	5.6
-2.098	5.3
-2.101	5.7
-2.103	5.4
-2.106	5.7
-2.109	5.4
-2.111	6.1
-2.114	5.6
-2.117	6.5
-2.119	5.8
-2.122	5.8
-2.125	5.4
-2.127	5.4
-2.130	5.3
-2.133	5.3
-2.135	5.2
-2.138	5.5
-2.141	5.3
-2.143	5.7
-2.146	5.4
-2.149	5.5
-2.151	5.3
-2.154	5.6
-2.157	5.3
-2.159	5.7
-2.162	5.4
-2.165	5.6
-2.167	5.3
-2.170	5.9
-2.173	5.4
-2.175	5.9
-2.178	5.4
-2.181	5.6
-2.183	5.3
-2.186	5.4
-2.189	5.1
-2.191	5.3
-2.194	5.1
-2.197	5.5
-2.199	5.2
-2.202	5.5
-2.205	5.2
-2.207	5.3
-2.210	5.1
-2.213	5.3
-2.215	5.1
-2.218	5.6
-2.221	5.2
-2.223	5.7
-2.226	5.3
-2.229	5.7
-2.231	5.3
-2.234	5.7
-2.237	5.2
-2.240	5.6
-2.242	5.3
-2.245	5.8
-2.248	5.3
-2.250	5.8
-2.253	5.3
-2.256	5.2
-2.258	5.0
-2.261	5.1
-2.264	5.0
-2.266	5.3
-2.269	5.1
-2.272	5.6
-2.274	5.2
-2.277	5.3
-2.280	5.1
-2.282	5.2
-2.285	5.0
-2.288	5.2
-2.290	5.0
-2.293	5.6
-2.296	5.2
-2.298	5.6
-2.301	5.2
-2.304	5.9
-2.306	5.4
-2.309	6.0
-2.312	5.4
-2.314	5.7
-2.317	5.3
-2.320	5.3
-2.322	5.1
-2.325	5.2
-2.328	5.0
-2.330	5.3
-2.333	5.1
-2.336	5.7
-2.338	5.3
-2.341	5.6
-2.344	5.2
-2.346	5.7
-2.349	5.2
-2.352	5.1
-2.354	5.0
-2.357	5.0
-2.360	4.9
-2.362	5.0
-2.365	4.9
-2.368	4.8
-2.370	4.8
-2.373	4.8
-2.376	4.8
-2.378	4.9
-2.381	4.9
-2.384	5.0
-2.386	4.9
-2.389	5.3
-2.392	5.0
-2.394	5.5
-2.397	5.1
-2.400	5.6
-2.402	5.2
-2.405	6.0
-2.408	5.4
-2.410	5.9
-2.413	5.3
-2.416	5.4
-2.418	5.1
-2.421	5.4
-2.424	5.1
-2.426	5.5
-2.429	5.1
-2.432	5.6
-2.434	5.2
-2.437	5.6
-2.440	5.2
-2.442	5.7
-2.445	5.3
-2.448	5.4
-2.450	5.1
-2.453	5.5
-2.456	5.1
-2.458	5.5
-2.461	5.2
-2.464	5.8
-2.466	5.3
-2.469	5.9
-2.472	5.3
-2.474	5.9
-2.477	5.3
-2.480	5.7
-2.482	5.2
-2.485	5.1
-2.488	4.9
-2.490	5.1
-2.493	4.9
-2.496	5.1
-2.498	4.9
-2.501	5.2
-2.504	5.0
-2.506	5.3
-2.509	5.0
-2.512	5.4
-2.514	5.1
-2.517	5.6
-2.520	5.2
-2.522	5.4
-2.525	5.0
-2.528	5.0
-2.530	4.9
-2.533	4.9
-2.536	4.8
-2.538	4.8
-2.541	4.7
-2.544	4.8
-2.546	4.7
-2.549	4.7
-2.552	4.7
-2.554	4.9
-2.557	4.8
-2.560	4.7
-2.562	4.7
-2.565	4.8
-2.568	4.8
-2.570	4.9
-2.573	4.8
-2.576	4.8
-2.578	4.7
-2.581	4.8
-2.584	4.8
-2.586	4.7
-2.589	4.7
-2.592	5.2
-2.594	4.9
-2.597	5.2
-2.600	4.9
-2.602	5.5
-2.605	5.1
-2.608	5.1
-2.610	4.9
-2.613	5.6
-2.616	5.1
-2.619	5.6
-2.621	5.1
-2.624	5.6
-2.627	5.0
-2.629	5.3
-2.632	4.9
-2.635	5.6
-2.637	5.1
-2.640	5.9
-2.643	5.2
-2.645	6.1
-2.648	5.3
-2.651	5.8
-2.653	5.1
-2.656	5.1
-2.659	4.8
-2.661	4.9
-2.664	4.7
-2.667	4.9
-2.669	4.7
-2.672	4.8
-2.675	4.6
-2.677	4.7
-2.680	4.6
-2.683	4.7
-2.685	4.6
-2.688	4.6
-2.691	4.5
-2.693	4.6
-2.696	4.5
-2.699	4.6
-2.701	4.5
-2.704	4.5
-2.707	4.4
-2.709	4.6
-2.712	4.5
-2.715	4.6
-2.717	4.5
-2.720	4.6
-2.723	4.5
-2.725	4.6
-2.728	4.5
-2.731	4.5
-2.733	4.4
