&a / °	I1 / %
2.736	12.5
2.733	12.2
2.731	13.6
2.728	12.7
2.725	13.6
2.723	12.8
2.720	13.9
2.717	12.8
2.715	13.8
2.712	12.9
2.709	14.1
2.707	12.9
2.704	14.1
2.701	13.0
2.699	13.5
2.696	12.6
2.693	13.9
2.691	12.9
2.688	13.8
2.685	12.8
2.683	13.6
2.680	12.7
2.677	13.7
2.675	12.7
2.672	13.9
2.669	12.8
2.667	13.8
2.664	12.8
2.661	13.1
2.659	12.4
2.656	13.2
2.653	12.5
2.651	13.5
2.648	12.6
2.645	13.6
2.643	12.6
2.640	13.4
2.637	12.5
2.635	13.6
2.632	12.6
2.629	13.4
2.627	12.5
2.624	12.7
2.621	12.1
2.619	13.2
2.616	12.4
2.613	13.3
2.610	12.4
2.608	13.5
2.605	12.5
2.602	13.5
2.600	12.5
2.597	13.5
2.594	12.5
2.592	13.5
2.589	12.5
2.586	13.4
2.584	12.4
2.581	13.4
2.578	12.5
2.576	13.5
2.573	12.4
2.570	13.4
2.568	12.4
2.565	13.2
2.562	12.3
2.560	13.3
2.557	12.4
2.554	13.2
2.552	12.3
2.549	13.1
2.546	12.2
2.544	13.3
2.541	12.4
2.538	13.4
2.536	12.4
2.533	13.3
2.530	12.3
2.528	12.9
2.525	12.1
2.522	13.2
2.520	12.3
2.517	13.3
2.514	12.3
2.512	13.2
2.509	12.2
2.506	13.3
2.504	12.3
2.501	13.2
2.498	12.2
2.496	13.1
2.493	12.2
2.490	12.8
2.488	12.0
2.485	13.2
2.482	12.2
2.480	13.2
2.477	12.2
2.474	13.2
2.472	12.2
2.469	13.0
2.466	12.1
2.464	13.2
2.461	12.2
2.458	13.2
2.456	12.2
2.453	12.8
2.450	11.9
2.448	13.0
2.445	12.1
2.442	13.1
2.440	12.1
2.437	13.1
2.434	12.1
2.432	13.1
2.429	12.1
2.426	13.1
2.424	12.1
2.421	13.2
2.418	12.2
2.416	13.0
2.413	12.0
2.410	12.9
2.408	12.0
2.405	12.8
2.402	11.9
2.400	13.0
2.397	12.0
2.394	12.7
2.392	11.8
2.389	13.0
2.386	12.0
2.384	12.9
2.381	12.0
2.378	13.1
2.376	12.1
2.373	13.0
2.370	12.0
2.368	13.0
2.365	12.0
2.362	13.0
2.360	12.0
2.357	12.7
2.354	11.8
2.352	12.9
2.349	12.0
2.346	13.2
2.344	12.1
2.341	13.2
2.338	12.1
2.336	12.9
2.333	12.0
2.330	13.0
2.328	12.0
2.325	13.0
2.322	12.0
2.320	12.6
2.317	11.8
2.314	12.7
2.312	11.8
2.309	12.8
2.306	11.8
2.304	12.9
2.301	11.8
2.298	12.3
2.296	11.6
2.293	12.5
2.290	11.6
2.288	12.5
2.285	11.7
2.282	12.0
2.280	11.4
2.277	12.3
2.274	11.5
2.272	12.6
2.269	11.7
2.266	12.6
2.264	11.6
2.261	12.4
2.258	11.6
2.256	12.2
2.253	11.5
2.250	12.4
2.248	11.6
2.245	12.2
2.242	11.4
2.240	12.3
2.237	11.5
2.234	12.6
2.231	11.6
2.229	12.4
2.226	11.5
2.223	12.2
2.221	11.4
2.218	12.5
2.215	11.6
2.213	12.4
2.210	11.5
2.207	12.4
2.205	11.5
2.202	12.4
2.199	11.5
2.197	12.5
2.194	11.6
2.191	12.6
2.189	11.6
2.186	11.9
2.183	11.2
2.181	12.1
2.178	11.4
2.175	12.3
2.173	11.4
2.170	12.3
2.167	11.4
2.165	12.3
2.162	11.5
2.159	12.3
2.157	11.4
2.154	12.5
2.151	11.5
2.149	12.0
2.146	11.3
2.143	12.0
2.141	11.3
2.138	12.3
2.135	11.4
2.133	12.1
2.130	11.3
2.127	12.2
2.125	11.4
2.122	12.4
2.119	11.4
2.117	12.3
2.114	11.4
2.111	11.8
2.109	11.1
2.106	12.1
2.103	11.3
2.101	12.1
2.098	11.3
2.095	12.2
2.093	11.3
2.090	12.2
2.087	11.3
2.085	12.1
2.082	11.3
2.079	12.2
2.077	11.3
2.074	12.1
2.071	11.3
2.069	12.1
2.066	11.3
2.063	12.2
2.061	11.3
2.058	12.1
2.055	11.2
2.053	11.8
2.050	11.1
2.047	12.5
2.045	11.4
2.042	12.4
2.039	11.3
2.037	12.5
2.034	11.4
2.031	12.2
2.029	11.3
2.026	12.4
2.023	11.4
2.021	12.3
2.018	11.3
2.015	12.2
2.013	11.2
2.010	12.5
2.007	11.4
2.005	12.5
2.002	11.4
1.999	12.5
1.997	11.4
1.994	12.4
1.991	11.4
1.989	12.5
1.986	11.4
1.983	12.5
1.980	11.4
1.978	12.1
1.975	11.2
1.972	12.4
1.970	11.4
1.967	12.4
1.964	11.3
1.962	12.4
1.959	11.3
1.956	12.3
1.954	11.3
1.951	12.2
1.948	11.2
1.946	12.1
1.943	11.2
1.940	11.6
1.938	10.9
1.935	11.9
1.932	11.1
1.930	12.0
1.927	11.1
1.924	12.4
1.922	11.2
1.919	12.3
1.916	11.2
1.914	12.2
1.911	11.2
1.908	12.2
1.906	11.2
1.903	12.5
1.900	11.3
1.898	12.1
1.895	11.1
1.892	12.1
1.890	11.1
1.887	12.1
1.884	11.1
1.882	12.1
1.879	11.1
1.876	12.3
1.874	11.2
1.871	12.1
1.868	11.1
1.866	12.4
1.863	11.2
1.860	12.1
1.858	11.1
1.855	12.3
1.852	11.2
1.850	12.1
1.847	11.1
1.844	11.9
1.842	11.0
1.839	12.1
1.836	11.1
1.834	12.2
1.831	11.1
1.828	12.2
1.826	11.1
1.823	12.1
1.820	11.1
1.818	12.4
1.815	11.2
1.812	12.2
1.810	11.2
1.807	11.6
1.804	10.9
1.802	12.0
1.799	11.1
1.796	12.0
1.794	11.1
1.791	11.9
1.788	11.0
1.786	11.9
1.783	11.0
1.780	12.0
1.778	11.1
1.775	11.8
1.772	11.0
1.769	11.6
1.767	10.8
1.764	11.7
1.761	10.9
1.759	12.0
1.756	11.0
1.753	12.0
1.751	11.0
1.748	12.1
1.745	11.1
1.743	12.1
1.740	11.1
1.737	12.3
1.735	11.2
1.732	12.4
1.729	11.2
1.727	12.2
1.724	11.2
1.721	12.0
1.719	11.1
1.716	12.0
1.713	11.1
1.711	12.1
1.708	11.1
1.705	12.3
1.703	11.2
1.700	12.1
1.697	11.1
1.695	12.3
1.692	11.2
1.689	12.3
1.687	11.2
1.684	12.2
1.681	11.1
1.679	11.9
1.676	11.0
1.673	11.6
1.671	10.9
1.668	12.0
1.665	11.1
1.663	12.2
1.660	11.2
1.657	12.1
1.655	11.1
1.652	12.1
1.649	11.1
1.647	11.9
1.644	11.0
1.641	12.1
1.639	11.2
1.636	11.7
1.633	11.0
1.631	12.2
1.628	11.2
1.625	12.1
1.623	11.1
1.620	12.0
1.617	11.1
1.615	11.4
1.612	10.9
1.609	11.6
1.607	10.9
1.604	11.6
1.601	10.9
1.599	11.0
1.596	10.6
1.593	11.4
1.591	10.9
1.588	11.6
1.585	10.9
1.582	11.6
1.580	11.0
1.577	11.7
1.574	11.0
1.572	11.7
1.569	11.0
1.566	11.6
1.564	11.0
1.561	12.4
1.558	11.4
1.556	12.0
1.553	11.2
1.550	11.6
1.548	11.0
1.545	11.7
1.542	11.1
1.540	11.4
1.537	10.9
1.534	11.6
1.532	11.0
1.529	11.6
1.526	11.0
1.524	11.8
1.521	11.1
1.518	11.9
1.516	11.3
1.513	12.2
1.510	11.4
1.508	12.1
1.505	11.5
1.502	11.8
1.500	11.3
1.497	12.1
1.494	11.3
1.492	12.1
1.489	11.3
1.486	12.0
1.484	11.4
1.481	12.3
1.478	11.7
1.476	12.2
1.473	11.5
1.470	12.3
1.468	11.5
1.465	11.6
1.462	11.0
1.460	11.7
1.457	11.1
1.454	11.5
1.452	11.0
1.449	11.8
1.446	11.0
1.444	11.8
1.441	11.1
1.438	11.7
1.436	11.0
1.433	11.7
1.430	11.0
1.428	11.7
1.425	11.0
1.422	11.4
1.419	10.9
1.417	11.5
1.414	10.9
1.411	11.6
1.409	10.9
1.406	11.8
1.403	11.0
1.401	11.5
1.398	10.9
1.395	11.5
1.393	10.9
1.390	11.8
1.387	11.0
1.385	11.7
1.382	11.0
1.379	11.6
1.377	10.9
1.374	11.7
1.371	11.0
1.369	10.5
1.366	10.4
1.363	11.9
1.361	11.2
1.358	12.3
1.355	11.4
1.353	12.3
1.350	11.3
1.347	12.3
1.345	11.3
1.342	12.1
1.339	11.2
1.337	12.3
1.334	11.4
1.331	12.3
1.329	11.3
1.326	12.5
1.323	11.4
1.321	12.4
1.318	11.4
1.315	12.5
1.313	11.4
1.310	12.4
1.307	11.4
1.305	12.2
1.302	11.3
1.299	12.4
1.297	11.4
1.294	12.2
1.291	11.2
1.289	12.3
1.286	11.3
1.283	12.0
1.281	11.2
1.278	12.2
1.275	11.3
1.273	12.1
1.270	11.2
1.267	11.8
1.265	11.0
1.262	12.2
1.259	11.3
1.256	12.4
1.254	11.4
1.251	12.3
1.248	11.3
1.246	12.1
1.243	11.3
1.240	12.2
1.238	11.3
1.235	12.4
1.232	11.4
1.230	12.2
1.227	11.2
1.224	12.2
1.222	11.3
1.219	12.3
1.216	11.3
1.214	12.2
1.211	11.2
1.208	11.9
1.206	11.1
1.203	12.1
1.200	11.2
1.198	12.0
1.195	11.2
1.192	12.1
1.190	11.2
1.187	12.0
1.184	11.1
1.182	12.3
1.179	11.3
1.176	12.1
1.174	11.1
1.171	11.6
1.168	10.9
1.166	12.0
1.163	11.1
1.160	12.0
1.158	11.1
1.155	12.2
1.152	11.2
1.150	12.1
1.147	11.2
1.144	12.2
1.142	11.2
1.139	12.3
1.136	11.3
1.134	11.6
1.131	10.9
1.128	12.1
1.126	11.2
1.123	12.1
1.120	11.1
1.118	12.0
1.115	11.0
1.112	11.9
1.109	11.0
1.107	12.0
1.104	11.1
1.101	11.9
1.099	11.0
1.096	11.5
1.093	10.8
1.091	11.8
1.088	11.0
1.085	11.7
1.083	10.8
1.080	11.6
1.077	10.8
1.075	11.8
1.072	11.0
1.069	12.0
1.067	11.0
1.064	11.9
1.061	11.0
1.059	11.4
1.056	10.7
1.053	12.0
1.051	11.1
1.048	12.2
1.045	11.1
1.043	12.0
1.040	11.0
1.037	11.8
1.035	10.9
1.032	11.8
1.029	10.9
1.027	11.9
1.024	11.0
1.021	12.2
1.019	11.1
1.016	11.9
1.013	11.0
1.011	12.1
1.008	11.1
1.005	11.9
1.003	10.9
1.000	11.6
0.997	10.8
0.995	11.8
0.992	10.9
0.989	11.9
0.987	10.9
0.984	11.8
0.981	10.8
0.979	11.8
0.976	10.9
0.973	11.9
0.970	10.9
0.968	11.9
0.965	10.9
0.962	11.5
0.960	10.7
0.957	11.8
0.954	10.9
0.952	11.7
0.949	10.8
0.946	11.8
0.944	10.8
0.941	11.6
0.938	10.7
0.936	11.6
0.933	10.7
0.930	11.7
0.928	10.7
0.925	11.3
0.922	10.5
0.920	11.5
0.917	10.6
0.914	11.5
0.912	10.6
0.909	11.5
0.906	10.6
0.904	11.4
0.901	10.6
0.898	11.3
0.896	10.5
0.893	11.7
0.890	10.7
0.888	11.0
0.885	10.4
0.882	11.4
0.880	10.6
0.877	11.5
0.874	10.6
0.872	11.3
0.869	10.5
0.866	11.3
0.864	10.5
0.861	11.6
0.858	10.7
0.856	11.6
0.853	10.6
0.850	11.6
0.848	10.7
0.845	11.6
0.842	10.7
0.840	11.7
0.837	10.7
0.834	11.4
0.831	10.5
0.829	11.3
0.826	10.5
0.823	11.2
0.821	10.5
0.818	11.6
0.815	10.6
0.813	11.5
0.810	10.5
0.807	11.5
0.805	10.6
0.802	11.2
0.799	10.4
0.797	11.4
0.794	10.5
0.791	11.0
0.789	10.3
0.786	11.4
0.783	10.6
0.781	11.5
0.778	10.6
0.775	11.6
0.773	10.6
0.770	11.3
0.767	10.5
0.765	11.3
0.762	10.5
0.759	11.1
0.757	10.4
0.754	10.6
0.751	10.0
0.749	10.9
0.746	10.3
0.743	10.8
0.741	10.2
0.738	10.7
0.735	10.1
0.733	10.8
0.730	10.2
0.727	10.9
0.725	10.2
0.722	10.8
0.719	10.2
0.717	10.4
0.714	9.9
0.711	10.7
0.709	10.1
0.706	10.9
0.703	10.2
0.701	10.7
0.698	10.0
0.695	10.4
0.692	9.9
0.690	10.6
0.687	10.0
0.684	10.7
0.682	10.1
0.679	11.3
0.676	10.3
0.674	10.8
0.671	10.2
0.668	10.9
0.666	10.2
0.663	10.8
0.660	10.1
0.658	11.0
0.655	10.2
0.652	10.9
0.650	10.1
0.647	10.8
0.644	10.0
0.642	10.9
0.639	10.0
0.636	10.7
0.634	10.0
0.631	10.7
0.628	10.0
0.626	11.0
0.623	10.2
0.620	10.7
0.618	10.0
0.615	11.1
0.612	10.2
0.610	10.9
0.607	10.1
0.604	10.9
0.602	10.1
0.599	10.6
0.596	10.0
0.594	10.7
0.591	10.0
0.588	10.7
0.586	10.0
0.583	10.2
0.580	9.7
0.578	10.6
0.575	9.9
0.572	10.6
0.570	9.9
0.567	10.5
0.564	9.9
0.561	10.3
0.559	9.7
0.556	10.6
0.553	9.9
0.551	10.6
0.548	9.8
0.545	10.1
0.543	9.5
0.540	10.4
0.537	9.7
0.535	10.5
0.532	9.7
0.529	10.7
0.527	9.8
0.524	10.4
0.521	9.7
0.519	10.2
0.516	9.6
0.513	10.4
0.511	9.7
0.508	10.9
0.505	9.9
0.503	10.6
0.500	9.8
0.497	10.5
0.495	9.7
0.492	10.4
0.489	9.7
0.487	10.1
0.484	9.5
0.481	10.5
0.479	9.8
0.476	10.3
0.473	9.5
0.471	10.2
0.468	9.5
0.465	10.3
0.463	9.6
0.460	10.4
0.457	9.6
0.455	10.5
0.452	9.7
0.449	10.1
0.447	9.4
0.444	10.3
0.441	9.5
0.438	10.1
0.436	9.4
0.433	10.4
0.430	9.6
0.428	10.3
0.425	9.6
0.422	10.3
0.420	9.5
0.417	10.0
0.414	9.4
0.412	9.6
0.409	9.2
0.406	9.9
0.404	9.4
0.401	10.2
0.398	9.5
0.396	10.1
0.393	9.4
0.390	10.0
0.388	9.5
0.385	10.2
0.382	9.5
0.380	10.2
0.377	9.5
0.374	9.8
0.372	9.3
0.369	10.3
0.366	9.6
0.364	10.1
0.361	9.4
0.358	10.2
0.356	9.4
0.353	10.1
0.350	9.4
0.348	10.1
0.345	9.5
0.342	10.2
0.340	9.5
0.337	10.7
0.334	9.7
0.332	10.4
0.329	9.6
0.326	10.2
0.324	9.4
0.321	10.2
0.318	9.4
0.316	10.0
0.313	9.3
0.310	9.9
0.307	9.2
0.305	10.1
0.302	9.4
0.299	10.2
0.297	9.4
0.294	10.3
0.291	9.5
0.289	10.1
0.286	9.4
0.283	10.1
0.281	9.4
0.278	9.8
0.275	9.2
0.273	10.2
0.270	9.5
0.267	10.0
0.265	9.3
0.262	10.0
0.259	9.3
0.257	9.9
0.254	9.3
0.251	10.0
0.249	9.3
0.246	9.9
0.243	9.2
0.241	9.5
0.238	9.0
0.235	9.9
0.233	9.2
0.230	10.0
0.227	9.2
0.225	9.9
0.222	9.2
0.219	9.8
0.217	9.1
0.214	10.0
0.211	9.2
0.209	10.0
0.206	9.2
0.203	10.1
0.201	9.3
0.198	10.1
0.195	9.3
0.193	10.0
0.190	9.2
0.187	9.6
0.184	9.0
0.182	9.5
0.179	8.9
0.176	9.6
0.174	9.1
0.171	9.6
0.168	9.0
0.166	10.0
0.163	9.2
0.160	9.7
0.158	9.1
0.155	9.8
0.152	9.1
0.150	9.7
0.147	9.0
0.144	9.6
0.142	9.0
0.139	9.7
0.136	9.0
0.134	9.7
0.131	9.0
0.128	9.6
0.126	8.9
0.123	9.7
0.120	9.1
0.118	9.7
0.115	9.0
0.112	9.8
0.110	9.1
0.107	9.4
0.104	8.8
0.102	9.8
0.099	9.0
0.096	9.5
0.094	8.9
0.091	9.7
0.088	9.0
0.086	9.3
0.083	8.9
0.080	9.8
0.078	9.1
0.075	9.4
0.072	8.8
0.070	9.1
0.067	8.7
0.064	9.2
0.061	8.8
0.059	9.4
0.056	8.8
0.053	9.4
0.051	8.7
0.048	9.3
0.045	8.7
0.043	9.3
0.040	8.7
0.037	9.4
0.035	8.8
0.032	9.9
0.029	9.0
0.027	9.6
0.024	8.9
0.021	9.7
0.019	8.9
0.016	9.6
0.013	8.9
0.011	9.2
0.008	8.7
0.005	9.5
0.003	8.9
0.000	8.3
-0.003	8.3
-0.005	9.4
-0.008	8.8
-0.011	10.1
-0.013	9.1
-0.016	10.2
-0.019	9.1
-0.021	10.0
-0.024	9.1
-0.027	10.1
-0.029	9.1
-0.032	9.5
-0.035	8.8
-0.037	9.9
-0.040	9.1
-0.043	10.0
-0.045	9.1
-0.048	10.1
-0.051	9.1
-0.053	10.0
-0.056	9.1
-0.059	10.2
-0.061	9.2
-0.064	10.2
-0.067	9.1
-0.070	9.8
-0.072	8.9
-0.075	9.8
-0.078	9.0
-0.080	9.9
-0.083	9.0
-0.086	10.0
-0.088	9.1
-0.091	9.9
-0.094	9.1
-0.096	10.0
-0.099	9.1
-0.102	10.0
-0.104	9.1
-0.107	9.9
-0.110	9.0
-0.112	9.9
-0.115	9.1
-0.118	9.7
-0.120	9.0
-0.123	9.8
-0.126	9.1
-0.128	9.8
-0.131	9.0
-0.134	10.0
-0.136	9.2
-0.139	10.1
-0.142	9.2
-0.144	10.2
-0.147	9.2
-0.150	10.0
-0.152	9.2
-0.155	10.1
-0.158	9.2
-0.160	9.9
-0.163	9.1
-0.166	9.8
-0.168	9.0
-0.171	10.0
-0.174	9.1
-0.176	10.1
-0.179	9.2
-0.182	10.3
-0.184	9.3
-0.187	10.3
-0.190	9.4
-0.193	10.2
-0.195	9.4
-0.198	10.3
-0.201	9.4
-0.203	9.8
-0.206	9.2
-0.209	10.3
-0.211	9.5
-0.214	10.7
-0.217	9.7
-0.219	10.8
-0.222	9.8
-0.225	10.6
-0.227	9.8
-0.230	10.9
-0.233	10.0
-0.235	11.0
-0.238	10.1
-0.241	11.1
-0.243	10.2
-0.246	11.2
-0.249	10.3
-0.251	11.3
-0.254	10.3
-0.257	11.5
-0.259	10.6
-0.262	11.5
-0.265	10.6
-0.267	11.5
-0.270	11.0
-0.273	12.2
-0.275	12.0
-0.278	13.6
-0.281	13.7
-0.283	16.1
-0.286	17.9
-0.289	22.9
-0.291	29.8
-0.294	40.1
-0.297	53.2
-0.299	62.5
-0.302	71.6
-0.305	69.7
-0.307	68.5
-0.310	63.2
-0.313	60.8
-0.316	62.0
-0.318	71.1
-0.321	74.8
-0.324	85.2
-0.326	82.9
-0.329	89.9
-0.332	86.3
-0.334	92.1
-0.337	87.1
-0.340	92.4
-0.342	88.9
-0.345	91.3
-0.348	84.4
-0.350	77.8
-0.353	69.5
-0.356	50.6
-0.358	38.8
-0.361	29.3
-0.364	24.2
-0.366	20.7
-0.369	19.3
-0.372	18.0
-0.374	17.5
-0.377	16.9
-0.380	17.0
-0.382	16.3
-0.385	16.7
-0.388	15.1
-0.390	15.3
-0.393	13.8
-0.396	13.7
-0.398	12.5
-0.401	12.5
-0.404	11.7
-0.406	12.4
-0.409	11.6
-0.412	12.1
-0.414	11.3
-0.417	11.9
-0.420	11.2
-0.422	11.7
-0.425	10.8
-0.428	11.2
-0.430	10.4
-0.433	10.7
-0.436	10.1
-0.438	10.7
-0.441	9.8
-0.444	10.4
-0.447	9.5
-0.449	10.0
-0.452	9.2
-0.455	9.6
-0.457	8.9
-0.460	9.6
-0.463	8.9
-0.465	9.5
-0.468	8.8
-0.471	9.0
-0.473	8.6
-0.476	9.5
-0.479	8.8
-0.481	9.5
-0.484	8.7
-0.487	9.4
-0.489	8.6
-0.492	9.2
-0.495	8.5
-0.497	9.1
-0.500	8.4
-0.503	8.9
-0.505	8.3
-0.508	8.6
-0.511	8.0
-0.513	8.8
-0.516	8.2
-0.519	8.9
-0.521	8.2
-0.524	8.7
-0.527	8.1
-0.529	8.7
-0.532	8.1
-0.535	8.7
-0.537	8.1
-0.540	8.8
-0.543	8.1
-0.545	8.4
-0.548	7.9
-0.551	8.6
-0.553	7.9
-0.556	8.6
-0.559	7.9
-0.561	8.7
-0.564	7.9
-0.567	8.5
-0.570	7.9
-0.572	8.7
-0.575	7.9
-0.578	8.8
-0.580	8.0
-0.583	8.6
-0.586	7.8
-0.588	8.6
-0.591	7.9
-0.594	8.3
-0.596	7.6
-0.599	8.3
-0.602	7.6
-0.604	8.1
-0.607	7.5
-0.610	8.2
-0.612	7.5
-0.615	8.2
-0.618	7.5
-0.620	8.0
-0.623	7.4
-0.626	8.0
-0.628	7.4
-0.631	7.9
-0.634	7.3
-0.636	7.8
-0.639	7.2
-0.642	7.7
-0.644	7.2
-0.647	7.9
-0.650	7.3
-0.652	8.0
-0.655	7.3
-0.658	8.0
-0.660	7.3
-0.663	7.9
-0.666	7.3
-0.668	7.8
-0.671	7.2
-0.674	7.6
-0.676	7.2
-0.679	7.5
-0.682	7.1
-0.684	7.8
-0.687	7.2
-0.690	8.1
-0.692	7.4
-0.695	7.9
-0.698	7.2
-0.701	8.0
-0.703	7.3
-0.706	8.0
-0.709	7.3
-0.711	8.2
-0.714	7.4
-0.717	7.8
-0.719	7.1
-0.722	7.9
-0.725	7.2
-0.727	8.0
-0.730	7.3
-0.733	8.0
-0.735	7.2
-0.738	7.9
-0.741	7.2
-0.743	8.0
-0.746	7.2
-0.749	8.1
-0.751	7.3
-0.754	7.8
-0.757	7.2
-0.759	8.1
-0.762	7.3
-0.765	7.9
-0.767	7.2
-0.770	7.8
-0.773	7.1
-0.775	7.8
-0.778	7.1
-0.781	7.9
-0.783	7.1
-0.786	8.1
-0.789	7.3
-0.791	8.1
-0.794	7.3
-0.797	8.1
-0.799	7.3
-0.802	7.6
-0.805	7.0
-0.807	7.5
-0.810	6.9
-0.813	7.5
-0.815	6.9
-0.818	7.7
-0.821	7.0
-0.823	7.9
-0.826	7.1
-0.829	7.9
-0.831	7.1
-0.834	7.8
-0.837	7.0
-0.840	7.8
-0.842	7.0
-0.845	7.4
-0.848	6.8
-0.850	7.3
-0.853	6.7
-0.856	7.4
-0.858	6.8
-0.861	7.7
-0.864	7.0
-0.866	7.9
-0.869	7.0
-0.872	7.8
-0.874	7.0
-0.877	7.8
-0.880	7.0
-0.882	7.6
-0.885	6.9
-0.888	7.5
-0.890	6.8
-0.893	7.6
-0.896	6.9
-0.898	7.5
-0.901	6.8
-0.904	7.8
-0.906	6.8
-0.909	7.5
-0.912	6.8
-0.914	7.5
-0.917	6.7
-0.920	7.6
-0.922	6.8
-0.925	7.2
-0.928	6.6
-0.930	7.5
-0.933	6.8
-0.936	7.4
-0.938	6.7
-0.941	7.4
-0.944	6.7
-0.946	7.2
-0.949	6.6
-0.952	7.4
-0.954	6.7
-0.957	7.3
-0.960	6.7
-0.962	7.4
-0.965	6.7
-0.968	7.1
-0.970	6.5
-0.973	7.3
-0.976	6.6
-0.979	7.2
-0.981	6.6
-0.984	7.1
-0.987	6.5
-0.989	7.4
-0.992	6.7
-0.995	7.2
-0.997	6.6
-1.000	7.4
-1.003	6.6
-1.005	7.4
-1.008	6.7
-1.011	7.5
-1.013	6.7
-1.016	7.2
-1.019	6.5
-1.021	6.8
-1.024	6.3
-1.027	7.1
-1.029	6.5
-1.032	7.1
-1.035	6.4
-1.037	7.1
-1.040	6.4
-1.043	7.0
-1.045	6.4
-1.048	7.1
-1.051	6.4
-1.053	7.3
-1.056	6.6
-1.059	6.8
-1.061	6.3
-1.064	7.0
-1.067	6.4
-1.069	7.2
-1.072	6.5
-1.075	7.3
-1.077	6.5
-1.080	7.1
-1.083	6.4
-1.085	7.1
-1.088	6.4
-1.091	7.2
-1.093	6.4
-1.096	6.8
-1.099	6.2
-1.101	6.9
-1.104	6.3
-1.107	7.1
-1.109	6.3
-1.112	7.0
-1.115	6.3
-1.118	6.9
-1.120	6.3
-1.123	7.1
-1.126	6.4
-1.128	6.8
-1.131	6.2
-1.134	6.9
-1.136	6.2
-1.139	6.9
-1.142	6.3
-1.144	6.8
-1.147	6.2
-1.150	7.0
-1.152	6.3
-1.155	6.8
-1.158	6.2
-1.160	7.1
-1.163	6.4
-1.166	6.8
-1.168	6.2
-1.171	7.0
-1.174	6.2
-1.176	6.7
-1.179	6.2
-1.182	7.1
-1.184	6.3
-1.187	6.9
-1.190	6.3
-1.192	6.8
-1.195	6.2
-1.198	6.8
-1.200	6.2
-1.203	7.0
-1.206	6.3
-1.208	6.8
-1.211	6.1
-1.214	7.0
-1.216	6.3
-1.219	6.9
-1.222	6.2
-1.224	6.9
-1.227	6.2
-1.230	6.6
-1.232	6.1
-1.235	6.8
-1.238	6.2
-1.240	6.8
-1.243	6.1
-1.246	6.9
-1.248	6.2
-1.251	6.9
-1.254	6.2
-1.256	6.9
-1.259	6.2
-1.262	6.9
-1.265	6.2
-1.267	6.6
-1.270	6.0
-1.273	6.8
-1.275	6.2
-1.278	6.9
-1.281	6.2
-1.283	6.6
-1.286	6.0
-1.289	6.7
-1.291	6.1
-1.294	6.8
-1.297	6.1
-1.299	6.6
-1.302	6.0
-1.305	6.5
-1.307	5.9
-1.310	6.6
-1.313	6.0
-1.315	6.6
-1.318	5.9
-1.321	6.5
-1.323	5.9
-1.326	6.6
-1.329	6.0
-1.331	6.9
-1.334	6.1
-1.337	6.6
-1.339	6.0
-1.342	6.7
-1.345	6.0
-1.347	6.8
-1.350	6.1
-1.353	6.5
-1.355	5.9
-1.358	6.4
-1.361	5.8
-1.363	6.2
-1.366	5.8
-1.369	5.4
-1.371	5.3
-1.374	6.7
-1.377	6.0
-1.379	6.8
-1.382	6.0
-1.385	6.8
-1.387	6.0
-1.390	6.8
-1.393	6.1
-1.395	6.9
-1.398	6.1
-1.401	6.5
-1.403	5.9
-1.406	7.0
-1.409	6.1
-1.411	6.8
-1.414	6.0
-1.417	6.9
-1.419	6.1
-1.422	6.8
-1.425	6.0
-1.428	6.6
-1.430	5.9
-1.433	6.8
-1.436	6.0
-1.438	6.8
-1.441	6.0
-1.444	6.9
-1.446	6.0
-1.449	6.8
-1.452	6.0
-1.454	6.7
-1.457	5.9
-1.460	6.6
-1.462	5.9
-1.465	6.2
-1.468	5.6
-1.470	6.5
-1.473	5.8
-1.476	6.4
-1.478	5.8
-1.481	6.8
-1.484	6.0
-1.486	6.6
-1.489	5.9
-1.492	6.6
-1.494	5.8
-1.497	6.7
-1.500	5.9
-1.502	6.6
-1.505	5.8
-1.508	6.5
-1.510	5.9
-1.513	6.8
-1.516	6.0
-1.518	6.8
-1.521	5.9
-1.524	6.7
-1.526	6.0
-1.529	6.7
-1.532	5.9
-1.534	6.6
-1.537	5.9
-1.540	6.4
-1.542	5.7
-1.545	6.4
-1.548	5.8
-1.550	6.4
-1.553	5.8
-1.556	6.6
-1.558	5.8
-1.561	6.4
-1.564	5.8
-1.566	6.5
-1.569	5.8
-1.572	6.5
-1.574	5.8
-1.577	6.5
-1.580	5.8
-1.582	6.7
-1.585	5.9
-1.588	6.6
-1.591	5.9
-1.593	6.7
-1.596	5.9
-1.599	6.8
-1.601	6.0
-1.604	6.6
-1.607	5.9
-1.609	6.6
-1.612	5.9
-1.615	6.4
-1.617	5.8
-1.620	6.7
-1.623	5.9
-1.625	6.4
-1.628	5.7
-1.631	6.5
-1.633	5.8
-1.636	6.4
-1.639	5.8
-1.641	6.6
-1.644	5.9
-1.647	6.3
-1.649	5.7
-1.652	6.5
-1.655	5.8
-1.657	6.4
-1.660	5.8
-1.663	6.4
-1.665	5.7
-1.668	6.6
-1.671	5.8
-1.673	6.4
-1.676	5.7
-1.679	6.3
-1.681	5.7
-1.684	6.4
-1.687	5.8
-1.689	6.4
-1.692	5.7
-1.695	6.5
-1.697	5.8
-1.700	6.4
-1.703	5.7
-1.705	6.3
-1.708	5.7
-1.711	6.4
-1.713	5.7
-1.716	6.4
-1.719	5.7
-1.721	6.4
-1.724	5.7
-1.727	6.7
-1.729	5.8
-1.732	6.5
-1.735	5.7
-1.737	6.5
-1.740	5.7
-1.743	6.2
-1.745	5.6
-1.748	6.4
-1.751	5.6
-1.753	6.6
-1.756	5.8
-1.759	6.6
-1.761	5.7
-1.764	6.4
-1.767	5.7
-1.769	6.6
-1.772	5.8
-1.775	6.4
-1.778	5.7
-1.780	6.6
-1.783	5.8
-1.786	6.4
-1.788	5.6
-1.791	6.5
-1.794	5.7
-1.796	6.3
-1.799	5.6
-1.802	6.3
-1.804	5.5
-1.807	6.1
-1.810	5.5
-1.812	6.3
-1.815	5.6
-1.818	6.3
-1.820	5.6
-1.823	6.1
-1.826	5.4
-1.828	6.2
-1.831	5.5
-1.834	6.4
-1.836	5.6
-1.839	6.5
-1.842	5.7
-1.844	6.3
-1.847	5.6
-1.850	6.3
-1.852	5.6
-1.855	6.6
-1.858	5.7
-1.860	6.5
-1.863	5.7
-1.866	6.4
-1.868	5.7
-1.871	6.2
-1.874	5.5
-1.876	6.3
-1.879	5.6
-1.882	6.6
-1.884	5.7
-1.887	6.4
-1.890	5.6
-1.892	6.2
-1.895	5.5
-1.898	6.3
-1.900	5.6
-1.903	6.4
-1.906	5.6
-1.908	6.2
-1.911	5.5
-1.914	6.3
-1.916	5.6
-1.919	6.0
-1.922	5.4
-1.924	6.2
-1.927	5.6
-1.930	6.4
-1.932	5.6
-1.935	6.4
-1.938	5.6
-1.940	6.6
-1.943	5.7
-1.946	6.5
-1.948	5.6
-1.951	6.3
-1.954	5.6
-1.956	5.9
-1.959	5.4
-1.962	6.3
-1.964	5.6
-1.967	6.2
-1.970	5.5
-1.972	6.2
-1.975	5.5
-1.978	6.1
-1.980	5.4
-1.983	6.2
-1.986	5.5
-1.989	6.1
-1.991	5.5
-1.994	6.1
-1.997	5.5
-1.999	6.1
-2.002	5.5
-2.005	6.3
-2.007	5.6
-2.010	6.2
-2.013	5.5
-2.015	6.1
-2.018	5.4
-2.021	6.0
-2.023	5.4
-2.026	6.1
-2.029	5.4
-2.031	6.2
-2.034	5.5
-2.037	6.1
-2.039	5.5
-2.042	6.1
-2.045	5.4
-2.047	6.0
-2.050	5.4
-2.053	6.2
-2.055	5.5
-2.058	6.3
-2.061	5.5
-2.063	6.0
-2.066	5.4
-2.069	6.4
-2.071	5.6
-2.074	6.2
-2.077	5.5
-2.079	6.3
-2.082	5.5
-2.085	6.3
-2.087	5.5
-2.090	6.2
-2.093	5.4
-2.095	6.2
-2.098	5.4
-2.101	6.3
-2.103	5.5
-2.106	6.3
-2.109	5.5
-2.111	6.3
-2.114	5.5
-2.117	6.1
-2.119	5.5
-2.122	6.2
-2.125	5.4
-2.127	6.2
-2.130	5.5
-2.133	6.2
-2.135	5.5
-2.138	6.0
-2.141	5.3
-2.143	6.4
-2.146	5.6
-2.149	6.2
-2.151	5.5
-2.154	6.3
-2.157	5.5
-2.159	6.2
-2.162	5.4
-2.165	6.0
-2.167	5.4
-2.170	6.1
-2.173	5.4
-2.175	5.9
-2.178	5.3
-2.181	6.2
-2.183	5.4
-2.186	6.2
-2.189	5.4
-2.191	6.1
-2.194	5.4
-2.197	6.0
-2.199	5.3
-2.202	5.8
-2.205	5.2
-2.207	6.0
-2.210	5.4
-2.213	5.9
-2.215	5.3
-2.218	5.9
-2.221	5.3
-2.223	6.0
-2.226	5.4
-2.229	6.2
-2.231	5.4
-2.234	5.9
-2.237	5.3
-2.240	5.9
-2.242	5.3
-2.245	5.9
-2.248	5.3
-2.250	5.8
-2.253	5.2
-2.256	5.8
-2.258	5.2
-2.261	5.9
-2.264	5.3
-2.266	6.1
-2.269	5.3
-2.272	6.0
-2.274	5.4
-2.277	5.9
-2.280	5.3
-2.282	6.1
-2.285	5.4
-2.288	6.0
-2.290	5.3
-2.293	5.9
-2.296	5.2
-2.298	5.9
-2.301	5.2
-2.304	6.0
-2.306	5.3
-2.309	5.8
-2.312	5.2
-2.314	6.1
-2.317	5.3
-2.320	5.8
-2.322	5.2
-2.325	5.9
-2.328	5.2
-2.330	5.7
-2.333	5.1
-2.336	5.6
-2.338	5.1
-2.341	5.8
-2.344	5.2
-2.346	5.7
-2.349	5.1
-2.352	5.9
-2.354	5.2
-2.357	5.9
-2.360	5.2
-2.362	6.0
-2.365	5.3
-2.368	5.8
-2.370	5.2
-2.373	5.8
-2.376	5.2
-2.378	6.1
-2.381	5.3
-2.384	5.8
-2.386	5.2
-2.389	5.8
-2.392	5.2
-2.394	5.8
-2.397	5.2
-2.400	5.8
-2.402	5.2
-2.405	5.8
-2.408	5.1
-2.410	5.7
-2.413	5.1
-2.416	6.0
-2.418	5.3
-2.421	5.8
-2.424	5.2
-2.426	5.8
-2.429	5.1
-2.432	5.8
-2.434	5.2
-2.437	5.9
-2.440	5.2
-2.442	6.0
-2.445	5.3
-2.448	5.6
-2.450	5.1
-2.453	5.7
-2.456	5.2
-2.458	5.8
-2.461	5.2
-2.464	5.9
-2.466	5.2
-2.469	5.8
-2.472	5.2
-2.474	5.8
-2.477	5.2
-2.480	5.9
-2.482	5.2
-2.485	5.9
-2.488	5.2
-2.490	5.7
-2.493	5.1
-2.496	5.9
-2.498	5.2
-2.501	5.6
-2.504	5.0
-2.506	5.6
-2.509	5.1
-2.512	5.8
-2.514	5.1
-2.517	5.7
-2.520	5.0
-2.522	5.6
-2.525	5.0
-2.528	5.8
-2.530	5.1
-2.533	5.7
-2.536	5.1
-2.538	5.8
-2.541	5.1
-2.544	5.5
-2.546	5.0
-2.549	5.8
-2.552	5.1
-2.554	5.8
-2.557	5.1
-2.560	5.6
-2.562	5.0
-2.565	5.7
-2.568	5.1
-2.570	5.8
-2.573	5.1
-2.576	5.7
-2.578	5.1
-2.581	5.8
-2.584	5.1
-2.586	5.8
-2.589	5.1
-2.592	5.8
-2.594	5.1
-2.597	5.6
-2.600	5.0
-2.602	5.8
-2.605	5.1
-2.608	5.8
-2.610	5.1
-2.613	5.9
-2.616	5.1
-2.619	5.5
-2.621	5.0
-2.624	5.8
-2.627	5.1
-2.629	5.8
-2.632	5.1
-2.635	5.8
-2.637	5.1
-2.640	5.5
-2.643	5.0
-2.645	5.5
-2.648	5.0
-2.651	5.6
-2.653	5.0
-2.656	5.6
-2.659	5.0
-2.661	5.7
-2.664	5.0
-2.667	5.7
-2.669	5.1
-2.672	5.6
-2.675	5.0
-2.677	5.7
-2.680	5.1
-2.683	5.7
-2.685	5.0
-2.688	5.7
-2.691	5.0
-2.693	5.5
-2.696	4.9
-2.699	5.6
-2.701	5.0
-2.704	5.6
-2.707	5.0
-2.709	5.4
-2.712	4.9
-2.715	5.6
-2.717	5.0
-2.720	5.7
-2.723	5.1
-2.725	5.8
-2.728	5.0
-2.731	5.6
-2.733	5.0
