0	-3	-3	1	-3.52941	-3.52941	1.17647	
1	-4	-6	2	-3.33333	-5	1.66667	
2	-6	-4	2	-5	-3.33333	1.66667	
3	4	-6	2	3.33333	-5	1.66667	
4	3	-3	1	3.52941	-3.52941	1.17647	
5	6	-4	2	5	-3.33333	1.66667	
6	6	4	2	5	3.33333	1.66667	
7	3	3	1	3.52941	3.52941	1.17647	
8	4	6	2	3.33333	5	1.66667	
9	-4	6	2	-3.33333	5	1.66667	
10	-3	3	1	-3.52941	3.52941	1.17647	
11	-6	4	2	-5	3.33333	1.66667	
12	-3	1	1	-6.66667	2.22222	2.22222	
13	-6	0	2	-7.5	0	2.5	
14	-3	-1	1	-6.66667	-2.22222	2.22222	
15	-1	-3	1	-2.22222	-6.66667	2.22222	
16	0	-6	2	0	-7.5	2.5	
17	1	-3	1	2.22222	-6.66667	2.22222	
18	3	-1	1	6.66667	-2.22222	2.22222	
19	6	0	2	7.5	0	2.5	
20	3	1	1	6.66667	2.22222	2.22222	
21	1	3	1	2.22222	6.66667	2.22222	
22	0	6	2	0	7.5	2.5	
23	-1	3	1	-2.22222	6.66667	2.22222	
24	-4	4	2	-5.71429	5.71429	2.85714	
25	-4	-4	2	-5.71429	-5.71429	2.85714	
26	4	-4	2	5.71429	-5.71429	2.85714	
27	4	4	2	5.71429	5.71429	2.85714	
28	2	4	2	5	10	5	
29	0	4	2	0	13.3333	6.66667	
30	-2	4	2	-5	10	5	
31	-4	2	2	-10	5	5	
32	-4	0	2	-13.3333	0	6.66667	
33	-4	-2	2	-10	-5	5	
34	-2	-4	2	-5	-10	5	
35	0	-4	2	0	-13.3333	6.66667	
36	2	-4	2	5	-10	5	
37	4	-2	2	10	-5	5	
38	4	0	2	13.3333	0	6.66667	
39	4	2	2	10	5	5	
40	-3	5	3	-7.2	12	7.2	
41	-4	6	4	-8.88889	13.3333	8.88889	
42	-6	4	4	-13.3333	8.88889	8.88889	
43	-5	3	3	-12	7.2	7.2	
44	-6	2	4	-20	6.66667	13.3333	
45	-6	0	4	-24	0	16	
46	-6	-2	4	-20	-6.66667	13.3333	
47	-6	-4	4	-13.3333	-8.88889	8.88889	
48	-5	-3	3	-12	-7.2	7.2	
49	-2	-6	4	-6.66667	-20	13.3333	
50	2	-6	4	6.66667	-20	13.3333	
51	-4	-6	4	-8.88889	-13.3333	8.88889	
52	-3	-5	3	-7.2	-12	7.2	
53	3	-5	3	7.2	-12	7.2	
54	4	-6	4	8.88889	-13.3333	8.88889	
55	6	-4	4	13.3333	-8.88889	8.88889	
56	5	-3	3	12	-7.2	7.2	
57	
58	6	-2	4	20	-6.66667	13.3333	
59	
60	
61	6	2	4	20	6.66667	13.3333	
62	6	0	4	24	0	16	
63	6	4	4	13.3333	8.88889	8.88889	
64	5	3	3	12	7.2	7.2	
65	5	5	3	7.31707	7.31707	4.39024	
66	6	6	4	8.57143	8.57143	5.71429	
67	3	5	3	7.2	12	7.2	
68	4	6	4	8.88889	13.3333	8.88889	
69	
70	
71	
72	
73	-5	5	3	-7.31707	7.31707	4.39024	
74	-6	6	4	-8.57143	8.57143	5.71429	
75	
76	
77	
78	
79	
80	
81	
82	
83	-6	-6	4	-8.57143	-8.57143	5.71429	
84	-5	-5	3	-7.31707	-7.31707	4.39024	
85	5	-5	3	7.31707	-7.31707	4.39024	
86	6	-6	4	8.57143	-8.57143	5.71429	
