1	2
1	2
2	0
3	0
4	2
5	0
6	1
7	2
8	0
9	2
10	1
11	0
12	2
13	0
14	2
15	0
16	2
17	0
18	3
19	1
20	1
21	1
22	3
23	1
24	4
25	1
26	0
27	1
28	1
29	2
30	4
31	1
32	2
33	1
34	3
35	4
36	1
37	0
38	0
39	1
40	1
41	0
42	2
43	0
44	0
45	2
46	2
47	3
48	2
49	0
50	3
51	3
52	2
53	0
54	1
55	1
56	2
57	2
58	0
59	2
60	1
61	1
62	1
63	2
64	4
65	0
66	1
67	2
68	2
69	1
70	2
71	0
72	5
73	5
74	2
75	1
76	0
77	1
78	4
79	1
80	1
81	3
82	2
83	1
84	0
85	1
86	0
87	1
88	1
89	0
90	1
91	2
92	1
93	2
94	1
95	4
96	1
97	1
98	1
99	0
100	1
101	1
102	1
103	0
104	2
105	0
106	2
107	2
108	4
109	1
110	1
111	0
112	1
113	1
114	0
115	1
116	1
117	1
118	0
119	3
120	1
121	0
122	0
123	2
124	1
125	0
126	2
127	0
128	1
129	0
130	1
131	1
132	0
133	3
134	3
135	3
136	1
137	1
138	0
139	1
140	0
141	1
142	2
143	0
144	2
145	1
146	3
147	0
148	1
149	0
150	2
151	0
152	2
153	0
154	0
155	2
156	1
157	2
158	0
159	2
160	1
161	1
162	2
163	1
164	1
165	5
166	3
167	0
168	2
169	1
170	1
171	1
172	0
173	1
174	1
175	2
176	0
177	0
178	0
179	1
180	4
181	0
182	1
183	1
184	3
185	3
186	0
187	1
188	3
189	2
190	3
191	1
192	1
193	1
194	1
195	4
196	2
197	2
198	0
199	3
200	1
201	4
202	0
203	3
204	0
205	2
206	1
207	1
208	2
209	2
210	1
211	1
212	0
213	1
214	1
215	5
216	3
217	0
218	2
219	0
220	0
221	0
222	2
223	2
224	1
225	2
226	1
227	1
228	0
229	1
230	3
231	1
232	2
233	0
234	1
235	2
236	1
237	4
238	1
239	0
240	1
241	0
242	1
243	2
244	0
245	0
246	0
247	6
248	0
249	1
250	0
251	4
252	2
253	2
254	2
255	1
256	0
257	1
258	1
259	1
260	0
261	1
262	1
263	1
264	1
265	0
266	4
267	1
268	2
269	0
270	1
271	1
272	1
273	1
274	2
275	1
276	0
277	0
278	3
279	0
280	0
281	1
282	2
283	0
284	1
285	2
286	0
287	2
288	1
289	1
290	1
291	5
292	1
293	3
294	2
295	1
296	1
297	1
298	2
299	1
300	5
301	0
302	1
303	2
304	1
305	2
306	2
307	2
308	1
309	2
310	0
311	3
312	3
313	0
314	0
315	0
316	1
317	0
318	0
319	2
320	1
321	0
322	2
323	1
324	2
325	1
326	4
327	1
328	1
329	1
330	3
331	0
332	2
333	1
334	0
335	0
336	2
337	1
338	3
339	2
340	3
341	0
342	2
343	0
344	1
345	0
346	0
347	1
348	1
349	2
350	2
351	2
352	1
353	2
354	1
355	0
356	0
357	0
358	1
359	1
360	2
361	0
362	1
363	2
364	1
365	2
366	0
367	2
368	1
369	0
370	1
371	3
372	0
373	0
374	1
375	0
376	0
377	1
378	1
379	0
380	0
381	0
382	3
383	0
384	1
385	1
386	0
387	1
388	0
389	0
390	1
391	2
392	0
393	1
394	0
395	0
396	1
397	3
398	0
399	0
400	1
401	1
402	0
403	0
404	1
405	3
406	2
407	2
408	1
409	0
410	1
411	1
412	2
413	1
414	1
415	1
416	1
417	4
418	4
419	2
420	0
421	0
422	3
423	1
424	2
425	2
426	1
427	5
428	1
429	3
430	1
431	1
432	0
433	1
434	2
435	1
436	1
437	2
438	1
439	1
440	0
441	0
442	1
443	0
444	2
445	2
446	1
447	1
448	2
449	0
450	0
451	0
452	1
453	1
454	3
455	2
456	0
457	1
458	1
459	2
460	1
461	0
462	0
463	2
464	0
465	2
466	3
467	0
468	0
469	0
470	0
471	0
472	1
473	0
474	2
475	0
476	0
477	0
478	3
479	2
480	1
481	2
482	2
483	2
484	4
485	0
486	0
487	0
488	1
489	0
490	1
491	0
492	1
493	0
494	3
495	1
496	0
497	1
498	1
499	0
500	1
501	0
502	1
503	0
504	1
505	2
506	1
507	1
508	0
509	0
510	3
511	1
512	0
513	1
514	2
515	2
516	1
517	2
518	1
519	1
520	0
521	4
522	0
523	1
524	1
525	1
526	0
527	1
528	1
529	0
530	3
531	0
532	1
533	3
534	2
535	0
536	2
537	2
538	1
539	1
540	0
541	3
542	1
543	1
544	0
545	0
546	1
547	4
548	2
549	2
550	0
551	1
552	2
553	1
554	2
555	1
556	2
557	0
558	1
559	1
560	0
561	0
562	2
563	3
564	1
565	0
566	0
567	2
568	0
569	1
570	2
571	0
572	0
573	3
574	3
575	1
576	4
577	1
578	2
579	0
580	2
581	5
582	2
583	0
584	1
585	0
586	3
587	2
588	0
589	3
590	2
591	2
592	2
593	2
594	2
595	0
596	0
597	0
598	2
599	0
600	0
601	0
602	1
603	4
604	0
605	1
606	2
607	1
608	0
609	1
610	1
611	0
612	1
613	0
614	0
615	0
616	0
617	1
618	4
619	3
620	1
621	5
622	4
623	2
624	1
625	2
626	0
627	0
628	2
629	2
630	3
631	1
632	1
633	0
634	1
635	2
636	0
637	0
638	1
639	0
640	0
641	2
642	1
643	0
644	0
645	0
646	0
647	1
648	1
649	2
650	0
651	2
652	2
653	0
654	0
655	0
656	1
657	3
658	1
659	1
660	2
661	1
662	2
663	0
664	1
665	1
666	0
667	3
668	0
669	4
670	1
671	1
672	0
673	4
674	0
675	4
676	1
677	1
678	2
679	3
680	0
681	0
682	0
683	2
684	2
685	0
686	2
687	1
688	0
689	3
690	0
691	3
692	0
693	1
694	0
695	3
696	1
697	1
698	0
699	1
700	1
701	1
702	1
703	1
704	0
705	2
706	0
707	0
708	0
709	1
710	0
711	1
712	1
713	3
714	0
715	0
716	2
717	1
718	1
719	2
720	2
721	2
722	4
723	3
724	1
725	1
726	2
727	0
728	0
729	2
730	2
731	1
732	0
733	1
734	2
735	0
736	1
737	0
738	1
739	0
740	2
741	1
742	4
743	2
744	1
745	3
746	1
747	2
748	1
749	1
750	2
751	1
752	1
753	0
754	1
755	1
756	0
757	0
758	1
759	1
760	3
761	1
762	1
763	1
764	2
765	0
766	3
767	0
768	1
769	2
770	2
771	0
772	1
773	0
774	2
775	2
776	2
777	1
778	1
779	1
780	1
781	2
782	3
783	2
784	0
785	1
786	3
787	0
788	3
789	0
790	2
791	2
792	1
793	2
794	3
795	0
796	3
797	6
798	0
799	3
800	3
801	3
802	0
803	0
804	0
805	3
806	2
807	8
808	1
809	1
810	1
811	1
812	6
813	2
814	3
815	3
816	3
817	2
818	4
819	2
820	9
821	6
822	7
823	5
824	7
825	6
826	7
827	3
828	7
829	9
830	11
831	17
832	6
833	10
834	8
835	10
836	20
837	18
838	19
839	19
840	18
841	21
842	26
843	22
844	22
845	31
846	36
847	26
848	34
849	39
850	29
851	35
852	30
853	52
854	54
855	55
856	38
857	44
858	50
859	48
860	60
861	75
862	78
863	77
864	64
865	77
866	91
867	111
868	120
869	102
870	109
871	108
872	140
873	131
874	140
875	152
876	163
877	170
878	176
879	182
880	206
881	200
882	219
883	223
884	247
885	256
886	298
887	258
888	293
889	339
890	328
891	329
892	390
893	396
894	416
895	439
896	447
897	491
898	478
899	457
900	536
901	565
902	620
903	628
904	583
905	671
906	644
907	751
908	740
909	816
910	859
911	898
912	897
913	885
914	977
915	1030
916	1030
917	1088
918	1153
919	1168
920	1170
921	1272
922	1350
923	1457
924	1389
925	1477
926	1507
927	1608
928	1639
929	1722
930	1786
931	1849
932	1900
933	1951
934	2080
935	2127
936	2201
937	2225
938	2409
939	2461
940	2475
941	2446
942	2722
943	2642
944	2804
945	2868
946	3035
947	2996
948	3083
949	3328
950	3314
951	3362
952	3456
953	3594
954	3637
955	3810
956	3941
957	3946
958	4133
959	4341
960	4361
961	4438
962	4588
963	4645
964	4737
965	4886
966	5010
967	5082
968	5293
969	5281
970	5419
971	5470
972	5560
973	5824
974	5757
975	5932
976	6078
977	6226
978	6400
979	6456
980	6624
981	6680
982	6835
983	6979
984	7073
985	7161
986	7421
987	7448
988	7471
989	7633
990	7668
991	7843
992	8087
993	8264
994	8245
995	8397
996	8432
997	8635
998	8617
999	8756
1000	8911
1001	9013
1002	9180
1003	9180
1004	9268
1005	9272
1006	9595
1007	9343
1008	9623
1009	9744
1010	9617
1011	9911
1012	10005
1013	10091
1014	10078
1015	10136
1016	10240
1017	10526
1018	10397
1019	10399
1020	10568
1021	10745
1022	10494
1023	10786
1024	10575
1025	10691
1026	10713
1027	10928
1028	10849
1029	11032
1030	10900
1031	11301
1032	11115
1033	11112
1034	11163
1035	11078
1036	11177
1037	11227
1038	11215
1039	11083
1040	11079
1041	11069
1042	11299
1043	11146
1044	10980
1045	10921
1046	11210
1047	11079
1048	11214
1049	11167
1050	11138
1051	11051
1052	11146
1053	11054
1054	10903
1055	11014
1056	10894
1057	10673
1058	10680
1059	10806
1060	10786
1061	10594
1062	10618
1063	10594
1064	10431
1065	10445
1066	10501
1067	10451
1068	10128
1069	10258
1070	10108
1071	10188
1072	9989
1073	9976
1074	9808
1075	9783
1076	9644
1077	9678
1078	9572
1079	9521
1080	9520
1081	9478
1082	9320
1083	9280
1084	9209
1085	9156
1086	8974
1087	9020
1088	8925
1089	8842
1090	8669
1091	8713
1092	8454
1093	8567
1094	8250
1095	8229
1096	8222
1097	8122
1098	7870
1099	7926
1100	7846
1101	7770
1102	7694
1103	7647
1104	7485
1105	7479
1106	7331
1107	7357
1108	7133
1109	7182
1110	7015
1111	6878
1112	6797
1113	6749
1114	6598
1115	6737
1116	6518
1117	6388
1118	6203
1119	6343
1120	6185
1121	6042
1122	6190
1123	6059
1124	5899
1125	5930
1126	5728
1127	5576
1128	5650
1129	5608
1130	5519
1131	5436
1132	5393
1133	5179
1134	5165
1135	5082
1136	5087
1137	4964
1138	4880
1139	4879
1140	4798
1141	4666
1142	4700
1143	4632
1144	4586
1145	4354
1146	4420
1147	4467
1148	4277
1149	4281
1150	4252
1151	4105
1152	4205
1153	4073
1154	4039
1155	3933
1156	3923
1157	3765
1158	3750
1159	3691
1160	3693
1161	3601
1162	3714
1163	3446
1164	3440
1165	3353
1166	3325
1167	3273
1168	3221
1169	3253
1170	3353
1171	3115
1172	3131
1173	3024
1174	2978
1175	2993
1176	2873
1177	2851
1178	2842
1179	2829
1180	2764
1181	2555
1182	2704
1183	2658
1184	2532
1185	2595
1186	2574
1187	2484
1188	2469
1189	2407
1190	2393
1191	2402
1192	2279
1193	2292
1194	2250
1195	2244
1196	2147
1197	2167
1198	2184
1199	2185
1200	2118
1201	1996
1202	2134
1203	1956
1204	1996
1205	1916
1206	1877
1207	1930
1208	1802
1209	1754
1210	1794
1211	1683
1212	1756
1213	1682
1214	1694
1215	1685
1216	1706
1217	1649
1218	1533
1219	1590
1220	1561
1221	1604
1222	1501
1223	1506
1224	1488
1225	1452
1226	1418
1227	1451
1228	1437
1229	1439
1230	1360
1231	1307
1232	1337
1233	1366
1234	1276
1235	1261
1236	1262
1237	1227
1238	1213
1239	1115
1240	1191
1241	1150
1242	1148
1243	1082
1244	1138
1245	1084
1246	1036
1247	1040
1248	1031
1249	1032
1250	995
1251	969
1252	994
1253	983
1254	946
1255	978
1256	971
1257	941
1258	924
1259	881
1260	901
1261	889
1262	872
1263	869
1264	856
1265	812
1266	826
1267	804
1268	856
1269	814
1270	809
1271	749
1272	727
1273	735
1274	726
1275	699
1276	703
1277	676
1278	687
1279	690
1280	677
1281	641
1282	631
1283	661
1284	624
1285	643
1286	633
1287	593
1288	596
1289	585
1290	609
1291	587
1292	575
1293	559
1294	582
1295	568
1296	530
1297	567
1298	514
1299	539
1300	496
1301	543
1302	478
1303	530
1304	497
1305	507
1306	500
1307	469
1308	483
1309	431
1310	415
1311	434
1312	414
1313	437
1314	426
1315	395
1316	401
1317	420
1318	428
1319	441
1320	357
1321	397
1322	383
1323	385
1324	363
1325	334
1326	354
1327	336
1328	377
1329	354
1330	342
1331	317
1332	339
1333	297
1334	305
1335	269
1336	315
1337	319
1338	303
1339	301
1340	276
1341	295
1342	282
1343	292
1344	286
1345	240
1346	265
1347	274
1348	288
1349	231
1350	263
1351	273
1352	216
1353	261
1354	237
1355	250
1356	227
1357	280
1358	200
1359	244
1360	237
1361	208
1362	214
1363	220
1364	202
1365	216
1366	221
1367	223
1368	214
1369	203
1370	223
1371	184
1372	197
1373	196
1374	172
1375	180
1376	179
1377	189
1378	194
1379	155
1380	186
1381	152
1382	174
1383	154
1384	168
1385	174
1386	173
1387	169
1388	178
1389	128
1390	150
1391	132
1392	147
1393	142
1394	148
1395	143
1396	153
1397	158
1398	134
1399	136
1400	108
1401	132
1402	137
1403	120
1404	118
1405	117
1406	124
1407	99
1408	115
1409	112
1410	137
1411	137
1412	111
1413	103
1414	128
1415	108
1416	106
1417	135
1418	107
1419	95
1420	92
1421	101
1422	106
1423	91
1424	119
1425	108
1426	86
1427	113
1428	82
1429	82
1430	81
1431	96
1432	91
1433	107
1434	83
1435	87
1436	73
1437	79
1438	87
1439	84
1440	78
1441	96
1442	73
1443	68
1444	94
1445	80
1446	72
1447	67
1448	52
1449	70
1450	57
1451	55
1452	71
1453	61
1454	74
1455	65
1456	55
1457	63
1458	49
1459	61
1460	59
1461	51
1462	60
1463	54
1464	55
1465	56
1466	71
1467	53
1468	67
1469	46
1470	37
1471	48
1472	46
1473	51
1474	55
1475	56
1476	43
1477	45
1478	58
1479	53
1480	37
1481	42
1482	53
1483	42
1484	49
1485	46
1486	35
1487	53
1488	39
1489	41
1490	52
1491	49
1492	35
1493	40
1494	45
1495	36
1496	31
1497	32
1498	35
1499	33
1500	31
1501	29
1502	37
1503	45
1504	37
1505	39
1506	32
1507	36
1508	44
1509	33
1510	33
1511	35
1512	35
1513	29
1514	25
1515	29
1516	36
1517	23
1518	30
1519	29
1520	39
1521	33
1522	25
1523	25
1524	23
1525	22
1526	24
1527	18
1528	32
1529	23
1530	22
1531	33
1532	27
1533	28
1534	23
1535	29
1536	20
1537	18
1538	28
1539	23
1540	22
1541	20
1542	20
1543	26
1544	19
1545	23
1546	22
1547	20
1548	24
1549	27
1550	19
1551	15
1552	18
1553	23
1554	16
1555	18
1556	15
1557	19
1558	18
1559	16
1560	23
1561	11
1562	24
1563	18
1564	15
1565	17
1566	16
1567	12
1568	13
1569	13
1570	13
1571	18
1572	17
1573	13
1574	12
1575	16
1576	18
1577	12
1578	18
1579	8
1580	9
1581	15
1582	17
1583	13
1584	9
1585	12
1586	15
1587	17
1588	16
1589	6
1590	8
1591	15
1592	15
1593	15
1594	16
1595	13
1596	11
1597	5
1598	13
1599	16
1600	9
1601	6
1602	9
1603	9
1604	12
1605	10
1606	11
1607	14
1608	5
1609	9
1610	7
1611	7
1612	11
1613	7
1614	11
1615	9
1616	14
1617	8
1618	5
1619	12
1620	15
1621	9
1622	5
1623	9
1624	5
1625	10
1626	17
1627	6
1628	4
1629	14
1630	5
1631	8
1632	6
1633	7
1634	8
1635	13
1636	8
1637	8
1638	12
1639	6
1640	5
1641	3
1642	5
1643	5
1644	5
1645	3
1646	5
1647	4
1648	5
1649	7
1650	6
1651	5
1652	6
1653	3
1654	6
1655	5
1656	12
1657	2
1658	4
1659	7
1660	5
1661	5
1662	6
1663	5
1664	2
1665	7
1666	6
1667	8
1668	4
1669	6
1670	4
1671	6
1672	3
1673	6
1674	4
1675	3
1676	3
1677	6
1678	3
1679	5
1680	3
1681	5
1682	4
1683	3
1684	6
1685	4
1686	1
1687	5
1688	2
1689	3
1690	0
1691	2
1692	1
1693	6
1694	7
1695	6
1696	6
1697	2
1698	8
1699	5
1700	4
1701	7
1702	5
1703	5
1704	1
1705	4
1706	9
1707	7
1708	3
1709	4
1710	1
1711	4
1712	3
1713	3
1714	5
1715	1
1716	6
1717	1
1718	1
1719	0
1720	5
1721	1
1722	6
1723	4
1724	2
1725	1
1726	3
1727	2
1728	2
1729	3
1730	3
1731	0
1732	4
1733	2
1734	1
1735	2
1736	3
1737	3
1738	5
1739	2
1740	3
1741	3
1742	6
1743	4
1744	2
1745	2
1746	4
1747	3
1748	3
1749	2
1750	3
1751	0
1752	3
1753	3
1754	6
1755	3
1756	0
1757	3
1758	3
1759	5
1760	3
1761	3
1762	1
1763	2
1764	2
1765	3
1766	0
1767	1
1768	6
1769	2
1770	0
1771	2
1772	2
1773	1
1774	3
1775	3
1776	2
1777	4
1778	1
1779	0
1780	0
1781	1
1782	5
1783	3
1784	3
1785	2
1786	1
1787	2
1788	3
1789	1
1790	2
1791	2
1792	2
1793	3
1794	0
1795	2
1796	3
1797	3
1798	4
1799	3
1800	1
1801	1
1802	3
1803	2
1804	0
1805	2
1806	1
1807	2
1808	0
1809	3
1810	0
1811	3
1812	3
1813	0
1814	1
1815	3
1816	3
1817	3
1818	1
1819	3
1820	1
1821	3
1822	0
1823	4
1824	5
1825	2
1826	2
1827	3
1828	0
1829	2
1830	3
1831	2
1832	1
1833	0
1834	3
1835	1
1836	1
1837	1
1838	0
1839	2
1840	2
1841	0
1842	1
1843	3
1844	0
1845	1
1846	5
1847	2
1848	2
1849	2
1850	0
1851	1
1852	3
1853	2
1854	0
1855	2
1856	4
1857	2
1858	3
1859	5
1860	2
1861	1
1862	2
1863	0
1864	2
1865	2
1866	1
1867	2
1868	2
1869	1
1870	1
1871	0
1872	0
1873	0
1874	0
1875	0
1876	0
1877	1
1878	1
1879	2
1880	2
1881	5
1882	1
1883	4
1884	1
1885	1
1886	5
1887	2
1888	1
1889	1
1890	1
1891	2
1892	2
1893	1
1894	1
1895	3
1896	3
1897	3
1898	1
1899	3
1900	3
1901	0
1902	0
1903	3
1904	1
1905	0
1906	0
1907	2
1908	2
1909	0
1910	2
1911	1
1912	1
1913	1
1914	2
1915	5
1916	1
1917	2
1918	2
1919	1
1920	1
1921	3
1922	0
1923	2
1924	2
1925	1
1926	0
1927	0
1928	2
1929	3
1930	0
1931	3
1932	1
1933	0
1934	1
1935	2
1936	0
1937	0
1938	4
1939	2
1940	1
1941	4
1942	5
1943	0
1944	2
1945	4
1946	0
1947	4
1948	1
1949	1
1950	2
1951	0
1952	0
1953	1
1954	0
1955	2
1956	2
1957	2
1958	0
1959	2
1960	1
1961	1
1962	2
1963	1
1964	1
1965	2
1966	3
1967	0
1968	1
1969	1
1970	2
1971	0
1972	2
1973	1
1974	1
1975	2
1976	2
1977	1
1978	2
1979	0
1980	1
1981	2
1982	1
1983	4
1984	0
1985	0
1986	2
1987	2
1988	0
1989	3
1990	0
1991	0
1992	1
1993	0
1994	0
1995	3
1996	1
1997	1
1998	3
1999	0
2000	0
2001	1
2002	8
2003	2
2004	0
2005	0
2006	1
2007	2
2008	2
2009	3
2010	1
2011	0
2012	1
2013	0
2014	2
2015	0
2016	0
2017	1
2018	0
2019	2
2020	0
2021	0
2022	0
2023	1
2024	1
2025	2
2026	0
2027	2
2028	1
2029	1
2030	1
2031	3
2032	1
2033	4
2034	1
2035	2
2036	1
2037	0
2038	1
2039	1
2040	2
2041	0
2042	1
2043	0
2044	2
2045	1
2046	1
2047	2
2048	0
2049	1
2050	1
2051	0
2052	1
2053	3
2054	0
2055	3
2056	1
2057	3
2058	1
2059	0
2060	2
2061	1
2062	0
2063	0
2064	3
2065	2
2066	2
2067	0
2068	1
2069	0
2070	0
2071	2
2072	2
2073	0
2074	1
2075	4
2076	1
2077	2
2078	1
2079	2
2080	2
2081	3
2082	0
2083	0
2084	0
2085	0
2086	1
2087	2
2088	1
2089	1
2090	1
2091	3
2092	2
2093	1
2094	1
2095	1
2096	2
2097	2
2098	2
2099	1
2100	0
2101	2
2102	2
2103	1
2104	3
2105	1
2106	1
2107	0
2108	0
2109	1
2110	1
2111	0
2112	1
2113	1
2114	0
2115	4
2116	4
2117	1
2118	2
2119	2
2120	1
2121	1
2122	0
2123	2
2124	0
2125	0
2126	2
2127	1
2128	0
2129	1
2130	0
2131	0
2132	1
2133	2
2134	1
2135	1
2136	0
2137	2
2138	2
2139	0
2140	2
2141	0
2142	1
2143	0
2144	2
2145	4
2146	0
2147	3
2148	0
2149	2
2150	0
2151	0
2152	1
2153	2
2154	1
2155	0
2156	1
2157	2
2158	2
2159	3
2160	1
2161	2
2162	1
2163	3
2164	1
2165	0
2166	2
2167	0
2168	1
2169	1
2170	1
2171	0
2172	4
2173	0
2174	2
2175	1
2176	0
2177	1
2178	1
2179	2
2180	0
2181	2
2182	0
2183	0
2184	0
2185	1
2186	2
2187	0
2188	3
2189	0
2190	1
2191	1
2192	1
2193	3
2194	2
2195	0
2196	0
2197	0
2198	2
2199	0
2200	1
2201	1
2202	1
2203	0
2204	0
2205	0
2206	0
2207	1
2208	1
2209	3
2210	0
2211	0
2212	3
2213	1
2214	2
2215	0
2216	0
2217	1
2218	1
2219	0
2220	1
2221	1
2222	0
2223	2
2224	0
2225	1
2226	1
2227	4
2228	1
2229	1
2230	2
2231	2
2232	2
2233	0
2234	1
2235	0
2236	2
2237	0
2238	1
2239	2
2240	2
2241	1
2242	1
2243	1
2244	1
2245	1
2246	2
2247	2
2248	0
2249	0
2250	3
2251	1
2252	0
2253	3
2254	0
2255	2
2256	1
2257	1
2258	0
2259	1
2260	0
2261	1
2262	3
2263	3
2264	1
2265	0
2266	5
2267	0
2268	2
2269	2
2270	0
2271	4
2272	0
2273	0
2274	1
2275	2
2276	2
2277	0
2278	1
2279	3
2280	1
2281	0
2282	1
2283	0
2284	0
2285	4
2286	4
2287	2
2288	0
2289	3
2290	2
2291	2
2292	2
2293	0
2294	1
2295	5
2296	1
2297	0
2298	0
2299	0
2300	2
2301	0
2302	0
2303	1
2304	1
2305	0
2306	1
2307	1
2308	1
2309	0
2310	3
2311	4
2312	2
2313	1
2314	0
2315	2
2316	1
2317	0
2318	1
2319	2
2320	1
2321	2
2322	0
2323	2
2324	0
2325	0
2326	0
2327	1
2328	3
2329	1
2330	0
2331	2
2332	0
2333	1
2334	2
2335	1
2336	2
2337	2
2338	1
2339	0
2340	1
2341	4
2342	1
2343	0
2344	0
2345	4
2346	2
2347	1
2348	0
2349	1
2350	0
2351	0
2352	0
2353	2
2354	5
2355	0
2356	2
2357	0
2358	1
2359	0
2360	2
2361	1
2362	2
2363	1
2364	1
2365	0
2366	0
2367	2
2368	1
2369	0
2370	0
2371	1
2372	2
2373	1
2374	0
2375	1
2376	0
2377	2
2378	2
2379	1
2380	1
2381	0
2382	2
2383	2
2384	0
2385	0
2386	1
2387	1
2388	1
2389	1
2390	0
2391	0
2392	3
2393	3
2394	1
2395	1
2396	1
2397	0
2398	0
2399	1
2400	0
2401	0
2402	1
2403	1
2404	2
2405	0
2406	1
2407	0
2408	1
2409	1
2410	0
2411	1
2412	3
2413	3
2414	2
2415	1
2416	1
2417	1
2418	0
2419	1
2420	2
2421	3
2422	1
2423	3
2424	1
2425	2
2426	1
2427	0
2428	1
2429	1
2430	1
2431	1
2432	0
2433	3
2434	3
2435	0
2436	0
2437	2
2438	0
2439	0
2440	1
2441	0
2442	2
2443	2
2444	1
2445	0
2446	0
2447	3
2448	0
2449	1
2450	0
2451	3
2452	1
2453	0
2454	0
2455	1
2456	0
2457	1
2458	2
2459	1
2460	1
2461	1
2462	2
2463	3
2464	3
2465	1
2466	2
2467	0
2468	1
2469	2
2470	1
2471	1
2472	2
2473	2
2474	2
2475	3
2476	3
2477	2
2478	0
2479	1
2480	1
2481	1
2482	2
2483	5
2484	1
2485	0
2486	1
2487	2
2488	0
2489	1
2490	2
2491	1
2492	2
2493	0
2494	1
2495	2
2496	1
2497	1
2498	2
2499	0
2500	0
2501	1
2502	2
2503	2
2504	1
2505	0
2506	4
2507	1
2508	1
2509	1
2510	0
2511	0
2512	1
2513	0
2514	1
2515	0
2516	1
2517	3
2518	1
2519	1
2520	1
2521	1
2522	0
2523	3
2524	0
2525	0
2526	2
2527	0
2528	1
2529	0
2530	1
2531	0
2532	2
2533	2
2534	1
2535	3
2536	2
2537	2
2538	3
2539	2
2540	2
2541	0
2542	1
2543	1
2544	1
2545	1
2546	1
2547	1
2548	2
2549	1
2550	1
2551	1
2552	2
2553	2
2554	0
2555	1
2556	0
2557	1
2558	2
2559	0
2560	1
2561	3
2562	2
2563	1
2564	1
2565	3
2566	2
2567	1
2568	4
2569	1
2570	0
2571	1
2572	0
2573	4
2574	0
2575	1
2576	1
2577	1
2578	4
2579	3
2580	1
2581	2
2582	3
2583	2
2584	0
2585	0
2586	5
2587	1
2588	3
2589	0
2590	0
2591	0
2592	3
2593	2
2594	1
2595	3
2596	2
2597	2
2598	1
2599	0
2600	1
2601	3
2602	2
2603	1
2604	2
2605	0
2606	0
2607	0
2608	0
2609	0
2610	2
2611	1
2612	1
2613	2
2614	0
2615	0
2616	1
2617	2
2618	3
2619	1
2620	2
2621	1
2622	2
2623	0
2624	2
2625	0
2626	1
2627	0
2628	2
2629	1
2630	1
2631	2
2632	3
2633	3
2634	2
2635	0
2636	0
2637	1
2638	0
2639	1
2640	1
2641	2
2642	2
2643	2
2644	1
2645	1
2646	1
2647	3
2648	4
2649	0
2650	3
2651	2
2652	0
2653	2
2654	1
2655	2
2656	1
2657	0
2658	1
2659	1
2660	1
2661	1
2662	6
2663	0
2664	2
2665	0
2666	2
2667	3
2668	1
2669	1
2670	0
2671	3
2672	1
2673	2
2674	1
2675	2
2676	1
2677	0
2678	1
2679	2
2680	2
2681	2
2682	2
2683	2
2684	2
2685	0
2686	2
2687	1
2688	1
2689	1
2690	0
2691	2
2692	0
2693	1
2694	1
2695	1
2696	3
2697	0
2698	3
2699	0
2700	2
2701	1
2702	2
2703	1
2704	1
2705	2
2706	2
2707	2
2708	5
2709	3
2710	1
2711	2
2712	3
2713	1
2714	1
2715	2
2716	1
2717	1
2718	2
2719	1
2720	1
2721	2
2722	3
2723	2
2724	2
2725	0
2726	3
2727	1
2728	4
2729	1
2730	0
2731	1
2732	1
2733	3
2734	1
2735	3
2736	2
2737	0
2738	1
2739	1
2740	0
2741	1
2742	2
2743	2
2744	1
2745	2
2746	1
2747	0
2748	4
2749	2
2750	0
2751	2
2752	1
2753	0
2754	1
2755	1
2756	0
2757	2
2758	2
2759	0
2760	0
2761	1
2762	1
2763	0
2764	2
2765	0
2766	2
2767	2
2768	0
2769	1
2770	0
2771	1
2772	1
2773	2
2774	2
2775	3
2776	0
2777	0
2778	2
2779	1
2780	1
2781	1
2782	0
2783	3
2784	3
2785	0
2786	3
2787	1
2788	1
2789	2
2790	2
2791	0
2792	1
2793	1
2794	0
2795	0
2796	0
2797	0
2798	3
2799	1
2800	1
2801	0
2802	0
2803	1
2804	1
2805	2
2806	0
2807	0
2808	1
2809	3
2810	1
2811	0
2812	3
2813	0
2814	0
2815	3
2816	1
2817	0
2818	2
2819	2
2820	3
2821	1
2822	1
2823	3
2824	0
2825	3
2826	4
2827	0
2828	0
2829	5
2830	2
2831	3
2832	3
2833	0
2834	0
2835	2
2836	0
2837	0
2838	1
2839	0
2840	1
2841	3
2842	2
2843	1
2844	2
2845	1
2846	1
2847	2
2848	0
2849	0
2850	1
2851	0
2852	0
2853	0
2854	2
2855	1
2856	1
2857	0
2858	2
2859	0
2860	0
2861	0
2862	1
2863	1
2864	2
2865	3
2866	2
2867	0
2868	5
2869	0
2870	1
2871	1
2872	2
2873	1
2874	0
2875	1
2876	0
2877	1
2878	1
2879	2
2880	2
2881	1
2882	1
2883	0
2884	0
2885	0
2886	1
2887	0
2888	0
2889	3
2890	2
2891	0
2892	2
2893	0
2894	0
2895	1
2896	2
2897	2
2898	1
2899	1
2900	0
2901	2
2902	2
2903	1
2904	0
2905	0
2906	1
2907	2
2908	2
2909	1
2910	3
2911	0
2912	1
2913	1
2914	1
2915	4
2916	0
2917	2
2918	0
2919	0
2920	3
2921	0
2922	0
2923	0
2924	1
2925	0
2926	0
2927	0
2928	2
2929	1
2930	2
2931	1
2932	0
2933	0
2934	0
2935	3
2936	4
2937	1
2938	2
2939	2
2940	0
2941	2
2942	0
2943	1
2944	2
2945	0
2946	2
2947	4
2948	0
2949	1
2950	1
2951	1
2952	0
2953	0
2954	0
2955	6
2956	1
2957	2
2958	0
2959	2
2960	2
2961	0
2962	3
2963	0
2964	0
2965	0
2966	2
2967	0
2968	1
2969	1
2970	3
2971	0
2972	0
2973	0
2974	2
2975	3
2976	1
2977	0
2978	1
2979	1
2980	1
2981	2
2982	2
2983	3
2984	0
2985	2
2986	1
2987	0
2988	1
2989	0
2990	2
2991	1
2992	3
2993	0
2994	1
2995	3
2996	1
2997	3
2998	0
2999	1
3000	1
3001	1
3002	2
3003	0
3004	1
3005	1
3006	0
3007	1
3008	4
3009	1
3010	0
3011	2
3012	4
3013	1
3014	1
3015	1
3016	0
3017	0
3018	1
3019	1
3020	2
3021	2
3022	2
3023	0
3024	1
3025	0
3026	1
3027	3
3028	1
3029	1
3030	1
3031	2
3032	0
3033	0
3034	0
3035	0
3036	1
3037	2
3038	1
3039	1
3040	5
3041	2
3042	1
3043	3
3044	1
3045	0
3046	1
3047	0
3048	1
3049	0
3050	2
3051	1
3052	0
3053	1
3054	2
3055	4
3056	2
3057	2
3058	0
3059	1
3060	1
3061	0
3062	3
3063	2
3064	1
3065	1
3066	3
3067	0
3068	2
3069	2
3070	2
3071	2
3072	6
3073	1
3074	1
3075	1
3076	3
3077	2
3078	0
3079	0
3080	2
3081	2
3082	1
3083	0
3084	0
3085	0
3086	2
3087	5
3088	0
3089	0
3090	1
3091	0
3092	0
3093	1
3094	0
3095	1
3096	1
3097	2
3098	2
3099	2
3100	4
3101	2
3102	3
3103	0
3104	4
3105	1
3106	0
3107	2
3108	1
3109	2
3110	0
3111	0
3112	2
3113	0
3114	0
3115	1
3116	2
3117	0
3118	1
3119	1
3120	2
3121	0
3122	1
3123	2
3124	1
3125	0
3126	1
3127	0
3128	1
3129	1
3130	3
3131	1
3132	0
3133	0
3134	0
3135	1
3136	2
3137	2
3138	2
3139	2
3140	0
3141	3
3142	1
3143	0
3144	1
3145	1
3146	2
3147	2
3148	1
3149	1
3150	0
3151	1
3152	2
3153	2
3154	1
3155	4
3156	3
3157	2
3158	2
3159	4
3160	0
3161	1
3162	0
3163	2
3164	2
3165	0
3166	2
3167	4
3168	1
3169	0
3170	1
3171	4
3172	0
3173	0
3174	4
3175	1
3176	1
3177	1
3178	0
3179	1
3180	2
3181	1
3182	2
3183	0
3184	2
3185	0
3186	1
3187	1
3188	0
3189	0
3190	3
3191	1
3192	1
3193	2
3194	2
3195	4
3196	3
3197	2
3198	1
3199	0
3200	0
3201	1
3202	2
3203	0
3204	3
3205	4
3206	0
3207	1
3208	1
3209	1
3210	3
3211	0
3212	0
3213	2
3214	2
3215	1
3216	0
3217	1
3218	0
3219	1
3220	1
3221	3
3222	1
3223	3
3224	0
3225	1
3226	1
3227	1
3228	4
3229	1
3230	4
3231	1
3232	2
3233	2
3234	2
3235	1
3236	0
3237	1
3238	2
3239	0
3240	3
3241	1
3242	1
3243	1
3244	0
3245	1
3246	1
3247	2
3248	0
3249	0
3250	1
3251	1
3252	2
3253	0
3254	4
3255	1
3256	1
3257	3
3258	0
3259	1
3260	3
3261	0
3262	2
3263	2
3264	1
3265	2
3266	0
3267	1
3268	4
3269	1
3270	4
3271	0
3272	2
3273	3
3274	1
3275	0
3276	1
3277	0
3278	0
3279	0
3280	2
3281	0
3282	1
3283	2
3284	0
3285	1
3286	1
3287	0
3288	2
3289	2
3290	1
3291	1
3292	0
3293	3
3294	1
3295	0
3296	2
3297	0
3298	1
3299	0
3300	1
3301	1
3302	2
3303	1
3304	1
3305	2
3306	2
3307	1
3308	1
3309	0
3310	1
3311	0
3312	1
3313	4
3314	0
3315	1
3316	0
3317	1
3318	1
3319	1
3320	0
3321	1
3322	3
3323	1
3324	0
3325	0
3326	1
3327	0
3328	0
3329	1
3330	3
3331	1
3332	2
3333	1
3334	0
3335	1
3336	3
3337	2
3338	0
3339	2
3340	1
3341	1
3342	0
3343	0
3344	0
3345	3
3346	2
3347	3
3348	2
3349	0
3350	0
3351	2
3352	0
3353	0
3354	3
3355	0
3356	0
3357	3
3358	1
3359	1
3360	0
3361	1
3362	0
3363	2
3364	1
3365	0
3366	3
3367	0
3368	2
3369	1
3370	2
3371	1
3372	2
3373	2
3374	2
3375	3
3376	4
3377	0
3378	3
3379	0
3380	0
3381	0
3382	1
3383	2
3384	2
3385	2
3386	3
3387	1
3388	2
3389	1
3390	0
3391	2
3392	0
3393	1
3394	0
3395	1
3396	0
3397	2
3398	2
3399	1
3400	2
3401	0
3402	2
3403	1
3404	0
3405	1
3406	2
3407	1
3408	0
3409	3
3410	0
3411	1
3412	0
3413	1
3414	0
3415	1
3416	3
3417	0
3418	1
3419	1
3420	1
3421	2
3422	4
3423	1
3424	2
3425	1
3426	2
3427	1
3428	2
3429	1
3430	2
3431	0
3432	3
3433	2
3434	0
3435	1
3436	1
3437	0
3438	2
3439	0
3440	2
3441	1
3442	1
3443	3
3444	0
3445	2
3446	1
3447	0
3448	4
3449	1
3450	1
3451	1
3452	0
3453	0
3454	1
3455	1
3456	2
3457	0
3458	1
3459	1
3460	1
3461	1
3462	3
3463	1
3464	1
3465	0
3466	1
3467	2
3468	1
3469	1
3470	2
3471	4
3472	1
3473	0
3474	0
3475	0
3476	0
3477	4
3478	0
3479	0
3480	3
3481	2
3482	2
3483	2
3484	3
3485	2
3486	2
3487	1
3488	0
3489	2
3490	1
3491	3
3492	1
3493	2
3494	2
3495	1
3496	1
3497	2
3498	4
3499	3
3500	1
3501	1
3502	2
3503	4
3504	1
3505	3
3506	0
3507	0
3508	1
3509	1
3510	4
3511	4
3512	1
3513	5
3514	1
3515	0
3516	0
3517	0
3518	4
3519	0
3520	1
3521	2
3522	1
3523	0
3524	2
3525	1
3526	1
3527	1
3528	1
3529	0
3530	1
3531	4
3532	0
3533	0
3534	1
3535	1
3536	6
3537	2
3538	0
3539	1
3540	1
3541	2
3542	0
3543	3
3544	1
3545	5
3546	1
3547	1
3548	3
3549	2
3550	1
3551	0
3552	0
3553	2
3554	0
3555	0
3556	0
3557	2
3558	4
3559	1
3560	4
3561	1
3562	2
3563	1
3564	0
3565	2
3566	1
3567	0
3568	0
3569	0
3570	1
3571	0
3572	1
3573	1
3574	0
3575	1
3576	0
3577	1
3578	2
3579	1
3580	3
3581	1
3582	0
3583	3
3584	0
3585	0
3586	2
3587	0
3588	0
3589	1
3590	0
3591	2
3592	0
3593	1
3594	1
3595	0
3596	2
3597	3
3598	2
3599	0
3600	3
3601	1
3602	0
3603	0
3604	2
3605	2
3606	0
3607	1
3608	1
3609	2
3610	2
3611	1
3612	1
3613	1
3614	1
3615	2
3616	1
3617	2
3618	1
3619	0
3620	1
3621	2
3622	1
3623	0
3624	0
3625	1
3626	2
3627	3
3628	1
3629	2
3630	2
3631	0
3632	2
3633	2
3634	0
3635	1
3636	0
3637	3
3638	0
3639	3
3640	3
3641	1
3642	1
3643	1
3644	2
3645	2
3646	1
3647	1
3648	0
3649	0
3650	2
3651	2
3652	2
3653	2
3654	0
3655	2
3656	0
3657	2
3658	0
3659	1
3660	3
3661	0
3662	2
3663	0
3664	0
3665	1
3666	0
3667	2
3668	1
3669	2
3670	1
3671	1
3672	1
3673	3
3674	1
3675	1
3676	1
3677	0
3678	0
3679	1
3680	2
3681	1
3682	0
3683	2
3684	1
3685	2
3686	3
3687	3
3688	1
3689	1
3690	0
3691	1
3692	0
3693	2
3694	2
3695	0
3696	0
3697	1
3698	3
3699	0
3700	0
3701	1
3702	2
3703	2
3704	0
3705	4
3706	1
3707	0
3708	4
3709	1
3710	1
3711	2
3712	1
3713	1
3714	2
3715	0
3716	1
3717	0
3718	2
3719	2
3720	0
3721	2
3722	1
3723	2
3724	2
3725	2
3726	2
3727	0
3728	0
3729	1
3730	2
3731	1
3732	1
3733	0
3734	4
3735	1
3736	0
3737	2
3738	1
3739	1
3740	0
3741	2
3742	0
3743	0
3744	2
3745	2
3746	0
3747	1
3748	2
3749	0
3750	1
3751	0
3752	0
3753	0
3754	0
3755	2
3756	3
3757	0
3758	2
3759	2
3760	0
3761	2
3762	1
3763	1
3764	3
3765	1
3766	1
3767	0
3768	3
3769	0
3770	0
3771	2
3772	0
3773	3
3774	1
3775	1
3776	0
3777	0
3778	1
3779	2
3780	0
3781	0
3782	2
3783	0
3784	4
3785	1
3786	2
3787	1
3788	0
3789	0
3790	1
3791	3
3792	1
3793	2
3794	1
3795	2
3796	1
3797	0
3798	2
3799	2
3800	0
3801	1
3802	3
3803	2
3804	0
3805	3
3806	1
3807	4
3808	1
3809	0
3810	2
3811	7
3812	1
3813	0
3814	1
3815	1
3816	2
3817	0
3818	0
3819	0
3820	1
3821	1
3822	3
3823	1
3824	1
3825	0
3826	0
3827	1
3828	1
3829	1
3830	1
3831	2
3832	1
3833	3
3834	0
3835	1
3836	1
3837	3
3838	0
3839	1
3840	1
3841	0
3842	2
3843	1
3844	0
3845	1
3846	2
3847	1
3848	1
3849	4
3850	1
3851	2
3852	1
3853	0
3854	1
3855	0
3856	1
3857	3
3858	3
3859	1
3860	1
3861	5
3862	2
3863	3
3864	1
3865	1
3866	0
3867	1
3868	0
3869	1
3870	1
3871	1
3872	2
3873	0
3874	0
3875	0
3876	1
3877	0
3878	2
3879	0
3880	0
3881	3
3882	3
3883	1
3884	2
3885	0
3886	1
3887	0
3888	1
3889	2
3890	0
3891	0
3892	1
3893	1
3894	1
3895	0
3896	1
3897	1
3898	0
3899	0
3900	1
3901	1
3902	2
3903	2
3904	3
3905	1
3906	1
3907	0
3908	2
3909	2
3910	5
3911	1
3912	2
3913	1
3914	0
3915	2
3916	0
3917	2
3918	3
3919	2
3920	3
3921	2
3922	2
3923	2
3924	2
3925	1
3926	1
3927	1
3928	3
3929	0
3930	2
3931	1
3932	1
3933	3
3934	3
3935	3
3936	3
3937	3
3938	1
3939	2
3940	1
3941	2
3942	0
3943	2
3944	1
3945	1
3946	3
3947	1
3948	0
3949	0
3950	1
3951	2
3952	3
3953	1
3954	0
3955	0
3956	4
3957	0
3958	4
3959	2
3960	0
3961	0
3962	2
3963	1
3964	1
3965	2
3966	1
3967	0
3968	1
3969	0
3970	1
3971	1
3972	1
3973	1
3974	1
3975	0
3976	2
3977	1
3978	2
3979	2
3980	0
3981	2
3982	0
3983	1
3984	2
3985	1
3986	0
3987	0
3988	3
3989	3
3990	2
3991	1
3992	0
3993	1
3994	3
3995	0
3996	1
3997	2
3998	0
3999	0
4000	1
4001	2
4002	2
4003	2
4004	0
4005	0
4006	2
4007	3
4008	1
4009	0
4010	0
4011	0
4012	0
4013	0
4014	0
4015	0
4016	1
4017	2
4018	1
4019	2
4020	0
4021	2
4022	0
4023	2
4024	2
4025	1
4026	0
4027	1
4028	4
4029	2
4030	2
4031	3
4032	2
4033	2
4034	2
4035	0
4036	0
4037	0
4038	1
4039	1
4040	3
4041	0
4042	1
4043	5
4044	1
4045	0
4046	1
4047	0
4048	2
4049	1
4050	1
4051	2
4052	0
4053	3
4054	3
4055	1
4056	0
4057	1
4058	1
4059	0
4060	2
4061	0
4062	1
4063	2
4064	3
4065	3
4066	2
4067	2
4068	0
4069	1
4070	1
4071	2
4072	1
4073	0
4074	1
4075	0
4076	0
4077	2
4078	4
4079	1
4080	1
4081	1
4082	0
4083	0
4084	1
4085	1
4086	0
4087	2
4088	0
4089	3
4090	1
4091	1
4092	2
4093	0
4094	1
4095	4
4096	0
4097	0
4098	0
4099	0
4100	2
4101	1
4102	3
4103	0
4104	3
4105	1
4106	2
4107	0
4108	1
4109	0
4110	2
4111	1
4112	0
4113	2
4114	2
4115	0
4116	0
4117	2
4118	0
4119	0
4120	1
4121	2
4122	2
4123	0
4124	2
4125	1
4126	0
4127	3
4128	2
4129	2
4130	0
4131	0
4132	1
4133	2
4134	1
4135	0
4136	0
4137	0
4138	1
4139	0
4140	2
4141	2
4142	1
4143	0
4144	2
4145	0
4146	0
4147	1
4148	0
4149	0
4150	2
4151	1
4152	0
4153	1
4154	2
4155	0
4156	1
4157	1
4158	2
4159	2
4160	1
4161	0
4162	0
4163	2
4164	1
4165	1
4166	1
4167	4
4168	0
4169	0
4170	1
4171	4
4172	1
4173	1
4174	3
4175	2
4176	3
4177	0
4178	1
4179	1
4180	0
4181	0
4182	0
4183	2
4184	0
4185	1
4186	0
4187	1
4188	0
4189	1
4190	0
4191	3
4192	1
4193	0
4194	1
4195	2
4196	1
4197	1
4198	1
4199	0
4200	0
4201	1
4202	1
4203	3
4204	1
4205	0
4206	2
4207	0
4208	0
4209	1
4210	2
4211	2
4212	1
4213	0
4214	0
4215	3
4216	2
4217	1
4218	3
4219	2
4220	4
4221	3
4222	4
4223	1
4224	0
4225	1
4226	1
4227	1
4228	2
4229	1
4230	4
4231	1
4232	2
4233	1
4234	1
4235	1
4236	1
4237	0
4238	2
4239	2
4240	3
4241	2
4242	3
4243	1
4244	1
4245	1
4246	1
4247	2
4248	2
4249	1
4250	0
4251	0
4252	3
4253	1
4254	0
4255	0
4256	1
4257	5
4258	1
4259	0
4260	0
4261	1
4262	0
4263	1
4264	2
4265	1
4266	3
4267	0
4268	2
4269	1
4270	0
4271	1
4272	1
4273	0
4274	3
4275	2
4276	4
4277	0
4278	3
4279	2
4280	0
4281	0
4282	2
4283	2
4284	0
4285	1
4286	2
4287	3
4288	4
4289	0
4290	0
4291	0
4292	1
4293	0
4294	1
4295	3
4296	1
4297	0
4298	0
4299	1
4300	3
4301	2
4302	2
4303	3
4304	3
4305	0
4306	1
4307	2
4308	2
4309	2
4310	0
4311	3
4312	0
4313	0
4314	0
4315	0
4316	1
4317	0
4318	0
4319	2
4320	2
4321	0
4322	0
4323	1
4324	0
4325	3
4326	1
4327	2
4328	0
4329	0
4330	0
4331	2
4332	0
4333	0
4334	1
4335	3
4336	1
4337	1
4338	1
4339	2
4340	0
4341	2
4342	1
4343	1
4344	3
4345	2
4346	1
4347	1
4348	1
4349	2
4350	1
4351	2
4352	0
4353	1
4354	0
4355	3
4356	0
4357	1
4358	0
4359	1
4360	1
4361	0
4362	1
4363	1
4364	0
4365	0
4366	1
4367	4
4368	1
4369	0
4370	1
4371	1
4372	1
4373	2
4374	0
4375	1
4376	1
4377	1
4378	1
4379	1
4380	2
4381	2
4382	1
4383	0
4384	1
4385	2
4386	1
4387	1
4388	2
4389	1
4390	1
4391	2
4392	1
4393	4
4394	1
4395	2
4396	3
4397	3
4398	0
4399	0
4400	0
4401	0
4402	1
4403	1
4404	2
4405	3
4406	1
4407	1
4408	1
4409	1
4410	2
4411	4
4412	3
4413	1
4414	3
4415	1
4416	1
4417	2
4418	1
4419	2
4420	2
4421	1
4422	1
4423	2
4424	0
4425	0
4426	0
4427	2
4428	2
4429	1
4430	2
4431	1
4432	1
4433	3
4434	1
4435	1
4436	5
4437	1
4438	2
4439	2
4440	0
4441	0
4442	2
4443	0
4444	1
4445	1
4446	1
4447	1
4448	2
4449	2
4450	0
4451	1
4452	1
4453	0
4454	1
4455	0
4456	1
4457	3
4458	0
4459	0
4460	2
4461	4
4462	0
4463	2
4464	1
4465	0
4466	2
4467	1
4468	0
4469	6
4470	1
4471	1
4472	1
4473	2
4474	0
4475	1
4476	0
4477	1
4478	4
4479	1
4480	4
4481	1
4482	2
4483	3
4484	1
4485	1
4486	1
4487	0
4488	1
4489	0
4490	0
4491	0
4492	2
4493	1
4494	2
4495	0
4496	1
4497	0
4498	3
4499	2
4500	0
4501	1
4502	0
4503	2
4504	2
4505	1
4506	1
4507	2
4508	1
4509	1
4510	1
4511	1
4512	1
4513	0
4514	1
4515	1
4516	2
4517	1
4518	0
4519	1
4520	4
4521	3
4522	0
4523	1
4524	3
4525	2
4526	0
4527	3
4528	0
4529	0
4530	1
4531	0
4532	2
4533	1
4534	0
4535	2
4536	1
4537	1
4538	2
4539	0
4540	2
4541	0
4542	0
4543	1
4544	2
4545	4
4546	1
4547	2
4548	1
4549	1
4550	1
4551	1
4552	0
4553	3
4554	1
4555	2
4556	2
4557	1
4558	2
4559	0
4560	0
4561	0
4562	1
4563	1
4564	1
4565	2
4566	0
4567	0
4568	1
4569	1
4570	2
4571	3
4572	0
4573	1
4574	1
4575	1
4576	0
4577	2
4578	1
4579	0
4580	1
4581	2
4582	1
4583	4
4584	3
4585	2
4586	1
4587	4
4588	4
4589	2
4590	0
4591	0
4592	4
4593	3
4594	0
4595	1
4596	1
4597	2
4598	1
4599	0
4600	0
4601	1
4602	2
4603	3
4604	0
4605	2
4606	0
4607	0
4608	2
4609	2
4610	0
4611	1
4612	2
4613	1
4614	0
4615	1
4616	2
4617	2
4618	1
4619	1
4620	2
4621	1
4622	3
4623	1
4624	4
4625	1
4626	0
4627	3
4628	1
4629	2
4630	0
4631	1
4632	2
4633	1
4634	0
4635	0
4636	3
4637	0
4638	1
4639	1
4640	0
4641	1
4642	1
4643	2
4644	0
4645	4
4646	1
4647	3
4648	0
4649	2
4650	2
4651	2
4652	2
4653	0
4654	4
4655	3
4656	1
4657	4
4658	2
4659	1
4660	1
4661	1
4662	1
4663	1
4664	1
4665	0
4666	1
4667	1
4668	0
4669	1
4670	1
4671	1
4672	3
4673	1
4674	3
4675	0
4676	5
4677	0
4678	5
4679	1
4680	1
4681	0
4682	3
4683	3
4684	2
4685	1
4686	1
4687	0
4688	1
4689	2
4690	0
4691	2
4692	1
4693	0
4694	2
4695	0
4696	1
4697	0
4698	2
4699	2
4700	0
4701	1
4702	2
4703	3
4704	3
4705	4
4706	1
4707	4
4708	1
4709	3
4710	2
4711	3
4712	2
4713	2
4714	2
4715	0
4716	2
4717	1
4718	3
4719	1
4720	0
4721	1
4722	1
4723	2
4724	1
4725	1
4726	3
4727	1
4728	2
4729	1
4730	1
4731	2
4732	1
4733	3
4734	2
4735	0
4736	1
4737	2
4738	2
4739	0
4740	1
4741	3
4742	3
4743	4
4744	1
4745	0
4746	2
4747	1
4748	0
4749	4
4750	2
4751	1
4752	2
4753	0
4754	1
4755	2
4756	1
4757	2
4758	0
4759	3
4760	0
4761	1
4762	1
4763	2
4764	1
4765	0
4766	1
4767	0
4768	0
4769	1
4770	0
4771	1
4772	2
4773	1
4774	1
4775	0
4776	3
4777	0
4778	3
4779	3
4780	3
4781	2
4782	1
4783	3
4784	1
4785	1
4786	1
4787	1
4788	1
4789	2
4790	1
4791	1
4792	1
4793	2
4794	1
4795	1
4796	1
4797	2
4798	2
4799	1
4800	0
4801	0
4802	0
4803	3
4804	0
4805	4
4806	1
4807	0
4808	2
4809	0
4810	1
4811	2
4812	0
4813	1
4814	1
4815	1
4816	2
4817	4
4818	2
4819	0
4820	0
4821	0
4822	1
4823	0
4824	0
4825	1
4826	0
4827	0
4828	1
4829	0
4830	0
4831	0
4832	2
4833	3
4834	2
4835	0
4836	1
4837	2
4838	0
4839	1
4840	2
4841	1
4842	0
4843	1
4844	2
4845	0
4846	1
4847	3
4848	0
4849	0
4850	1
4851	2
4852	1
4853	2
4854	2
4855	0
4856	0
4857	4
4858	1
4859	1
4860	2
4861	0
4862	3
4863	0
4864	3
4865	0
4866	0
4867	2
4868	0
4869	1
4870	1
4871	1
4872	1
4873	0
4874	3
4875	0
4876	1
4877	2
4878	3
4879	1
4880	2
4881	2
4882	0
4883	1
4884	3
4885	1
4886	1
4887	1
4888	2
4889	1
4890	0
4891	2
4892	0
4893	2
4894	0
4895	1
4896	1
4897	0
4898	0
4899	1
4900	2
4901	1
4902	0
4903	1
4904	0
4905	2
4906	0
4907	3
4908	2
4909	1
4910	0
4911	1
4912	3
4913	1
4914	0
4915	2
4916	1
4917	1
4918	1
4919	0
4920	0
4921	1
4922	1
4923	0
4924	0
4925	2
4926	3
4927	0
4928	0
4929	1
4930	1
4931	1
4932	2
4933	3
4934	0
4935	2
4936	1
4937	2
4938	1
4939	1
4940	1
4941	1
4942	1
4943	3
4944	0
4945	1
4946	0
4947	3
4948	1
4949	2
4950	2
4951	0
4952	2
4953	3
4954	1
4955	0
4956	0
4957	2
4958	1
4959	0
4960	1
4961	2
4962	1
4963	1
4964	0
4965	1
4966	3
4967	3
4968	1
4969	1
4970	0
4971	1
4972	1
4973	2
4974	1
4975	0
4976	0
4977	2
4978	3
4979	3
4980	3
4981	0
4982	0
4983	2
4984	1
4985	3
4986	2
4987	4
4988	0
4989	0
4990	2
4991	3
4992	2
4993	2
4994	0
4995	1
4996	0
4997	0
4998	0
4999	1
5000	1
5001	0
5002	2
5003	1
5004	1
5005	4
5006	2
5007	4
5008	1
5009	2
5010	0
5011	1
5012	1
5013	0
5014	1
5015	0
5016	2
5017	0
5018	2
5019	0
5020	0
5021	0
5022	1
5023	0
5024	3
5025	2
5026	1
5027	2
5028	1
5029	0
5030	2
5031	4
5032	2
5033	2
5034	0
5035	0
5036	0
5037	0
5038	2
5039	2
5040	1
5041	0
5042	0
5043	0
5044	1
5045	0
5046	2
5047	1
5048	2
5049	2
5050	0
5051	3
5052	0
5053	3
5054	1
5055	1
5056	2
5057	2
5058	0
5059	2
5060	0
5061	1
5062	3
5063	1
5064	0
5065	2
5066	0
5067	3
5068	2
5069	2
5070	2
5071	0
5072	1
5073	1
5074	2
5075	1
5076	0
5077	3
5078	0
5079	0
5080	0
5081	1
5082	4
5083	0
5084	2
5085	1
5086	1
5087	0
5088	1
5089	3
5090	1
5091	1
5092	1
5093	1
5094	1
5095	1
5096	0
5097	1
5098	2
5099	0
5100	2
5101	1
5102	1
5103	2
5104	0
5105	3
5106	1
5107	0
5108	0
5109	2
5110	2
5111	1
5112	0
5113	2
5114	5
5115	3
5116	1
5117	0
5118	3
5119	2
5120	2
5121	2
5122	2
5123	2
5124	0
5125	1
5126	0
5127	3
5128	2
5129	1
5130	0
5131	0
5132	1
5133	1
5134	2
5135	2
5136	2
5137	2
5138	1
5139	1
5140	1
5141	1
5142	5
5143	1
5144	1
5145	4
5146	1
5147	1
5148	0
5149	0
5150	1
5151	1
5152	1
5153	1
5154	0
5155	0
5156	0
5157	1
5158	1
5159	0
5160	1
5161	2
5162	1
5163	0
5164	0
5165	1
5166	1
5167	0
5168	0
5169	0
5170	0
5171	1
5172	0
5173	2
5174	1
5175	1
5176	2
5177	0
5178	0
5179	2
5180	1
5181	3
5182	2
5183	0
5184	0
5185	2
5186	1
5187	1
5188	1
5189	1
5190	0
5191	1
5192	0
5193	2
5194	0
5195	1
5196	0
5197	0
5198	1
5199	3
5200	4
5201	1
5202	1
5203	1
5204	2
5205	1
5206	0
5207	4
5208	0
5209	0
5210	3
5211	0
5212	1
5213	0
5214	0
5215	1
5216	0
5217	2
5218	2
5219	0
5220	0
5221	1
5222	4
5223	1
5224	1
5225	3
5226	2
5227	1
5228	0
5229	1
5230	1
5231	1
5232	3
5233	1
5234	0
5235	2
5236	1
5237	0
5238	1
5239	0
5240	1
5241	1
5242	1
5243	0
5244	1
5245	1
5246	1
5247	1
5248	2
5249	0
5250	2
5251	1
5252	1
5253	0
5254	2
5255	0
5256	2
5257	0
5258	0
5259	4
5260	1
5261	0
5262	0
5263	1
5264	2
5265	1
5266	0
5267	1
5268	4
5269	2
5270	0
5271	2
5272	1
5273	1
5274	0
5275	1
5276	0
5277	0
5278	3
5279	1
5280	3
5281	1
5282	1
5283	0
5284	1
5285	0
5286	1
5287	0
5288	2
5289	0
5290	4
5291	1
5292	1
5293	1
5294	0
5295	4
5296	0
5297	0
5298	0
5299	4
5300	0
5301	2
5302	0
5303	1
5304	0
5305	0
5306	1
5307	0
5308	1
5309	0
5310	1
5311	1
5312	1
5313	2
5314	1
5315	0
5316	0
5317	1
5318	1
5319	2
5320	0
5321	3
5322	1
5323	0
5324	0
5325	3
5326	1
5327	0
5328	1
5329	1
5330	3
5331	0
5332	3
5333	3
5334	0
5335	1
5336	0
5337	0
5338	3
5339	1
5340	0
5341	2
5342	3
5343	1
5344	1
5345	0
5346	1
5347	1
5348	0
5349	1
5350	1
5351	0
5352	2
5353	2
5354	1
5355	2
5356	0
5357	3
5358	1
5359	1
5360	1
5361	0
5362	1
5363	0
5364	0
5365	2
5366	1
5367	0
5368	0
5369	0
5370	1
5371	1
5372	0
5373	0
5374	1
5375	3
5376	1
5377	2
5378	2
5379	2
5380	2
5381	1
5382	0
5383	0
5384	1
5385	1
5386	1
5387	3
5388	2
5389	1
5390	0
5391	1
5392	0
5393	0
5394	0
5395	1
5396	1
5397	4
5398	2
5399	3
5400	1
5401	1
5402	1
5403	0
5404	0
5405	0
5406	0
5407	0
5408	2
5409	1
5410	0
5411	1
5412	0
5413	1
5414	4
5415	2
5416	1
5417	1
5418	1
5419	1
5420	0
5421	1
5422	1
5423	2
5424	0
5425	1
5426	3
5427	1
5428	1
5429	2
5430	0
5431	0
5432	1
5433	1
5434	2
5435	0
5436	0
5437	2
5438	1
5439	3
5440	1
5441	0
5442	0
5443	2
5444	0
5445	3
5446	2
5447	1
5448	2
5449	2
5450	0
5451	1
5452	0
5453	0
5454	2
5455	1
5456	2
5457	3
5458	3
5459	4
5460	0
5461	0
5462	0
5463	0
5464	0
5465	1
5466	1
5467	0
5468	0
5469	0
5470	1
5471	2
5472	0
5473	1
5474	4
5475	0
5476	0
5477	1
5478	1
5479	1
5480	0
5481	3
5482	1
5483	3
5484	0
5485	0
5486	2
5487	1
5488	1
5489	1
5490	3
5491	3
5492	2
5493	3
5494	1
5495	0
5496	1
5497	3
5498	1
5499	0
5500	1
5501	0
5502	0
5503	1
5504	2
5505	0
5506	2
5507	0
5508	1
5509	2
5510	0
5511	1
5512	1
5513	0
5514	1
5515	4
5516	2
5517	2
5518	1
5519	0
5520	0
5521	0
5522	4
5523	1
5524	3
5525	0
5526	1
5527	2
5528	1
5529	2
5530	0
5531	2
5532	0
5533	4
5534	3
5535	1
5536	0
5537	1
5538	0
5539	3
5540	2
5541	2
5542	0
5543	0
5544	0
5545	2
5546	1
5547	2
5548	0
5549	3
5550	2
5551	1
5552	1
5553	0
5554	0
5555	3
5556	0
5557	0
5558	2
5559	1
5560	1
5561	0
5562	0
5563	1
5564	0
5565	1
5566	1
5567	0
5568	2
5569	2
5570	4
5571	1
5572	0
5573	0
5574	0
5575	3
5576	1
5577	0
5578	0
5579	1
5580	2
5581	1
5582	1
5583	2
5584	1
5585	2
5586	3
5587	2
5588	1
5589	0
5590	1
5591	0
5592	1
5593	2
5594	0
5595	1
5596	2
5597	0
5598	2
5599	2
5600	1
5601	1
5602	2
5603	3
5604	0
5605	0
5606	0
5607	0
5608	0
5609	0
5610	3
5611	1
5612	2
5613	0
5614	0
5615	2
5616	1
5617	1
5618	2
5619	2
5620	0
5621	0
5622	1
5623	0
5624	1
5625	0
5626	0
5627	1
5628	0
5629	1
5630	0
5631	0
5632	0
5633	1
5634	1
5635	3
5636	2
5637	2
5638	2
5639	0
5640	2
5641	0
5642	0
5643	0
5644	1
5645	2
5646	4
5647	3
5648	2
5649	2
5650	1
5651	1
5652	0
5653	0
5654	2
5655	3
5656	0
5657	0
5658	1
5659	1
5660	1
5661	2
5662	0
5663	1
5664	3
5665	2
5666	0
5667	1
5668	1
5669	0
5670	0
5671	3
5672	0
5673	0
5674	1
5675	2
5676	4
5677	2
5678	1
5679	4
5680	2
5681	1
5682	0
5683	1
5684	3
5685	1
5686	0
5687	0
5688	2
5689	5
5690	1
5691	0
5692	1
5693	0
5694	2
5695	2
5696	2
5697	0
5698	0
5699	2
5700	1
5701	0
5702	3
5703	2
5704	2
5705	1
5706	2
5707	2
5708	1
5709	1
5710	0
5711	1
5712	2
5713	0
5714	3
5715	0
5716	2
5717	0
5718	3
5719	0
5720	0
5721	2
5722	0
5723	0
5724	3
5725	0
5726	2
5727	3
5728	1
5729	2
5730	0
5731	0
5732	0
5733	2
5734	0
5735	2
5736	1
5737	3
5738	0
5739	2
5740	2
5741	0
5742	1
5743	3
5744	2
5745	2
5746	1
5747	1
5748	0
5749	0
5750	2
5751	1
5752	0
5753	0
5754	1
5755	3
5756	1
5757	0
5758	2
5759	1
5760	1
5761	1
5762	1
5763	0
5764	2
5765	1
5766	1
5767	0
5768	0
5769	3
5770	2
5771	0
5772	1
5773	1
5774	2
5775	1
5776	2
5777	0
5778	3
5779	0
5780	0
5781	1
5782	4
5783	3
5784	0
5785	1
5786	2
5787	1
5788	1
5789	2
5790	1
5791	1
5792	2
5793	0
5794	1
5795	1
5796	1
5797	0
5798	2
5799	2
5800	0
5801	0
5802	1
5803	0
5804	1
5805	0
5806	3
5807	2
5808	0
5809	1
5810	1
5811	1
5812	1
5813	3
5814	3
5815	2
5816	0
5817	1
5818	1
5819	0
5820	2
5821	3
5822	0
5823	3
5824	1
5825	1
5826	0
5827	3
5828	0
5829	0
5830	2
5831	0
5832	3
5833	1
5834	0
5835	1
5836	0
5837	1
5838	1
5839	5
5840	1
5841	0
5842	2
5843	0
5844	1
5845	0
5846	3
5847	0
5848	1
5849	3
5850	3
5851	0
5852	2
5853	1
5854	0
5855	1
5856	3
5857	0
5858	1
5859	1
5860	2
5861	2
5862	1
5863	0
5864	0
5865	1
5866	1
5867	4
5868	1
5869	1
5870	0
5871	0
5872	0
5873	1
5874	0
5875	2
5876	0
5877	1
5878	1
5879	2
5880	0
5881	4
5882	1
5883	0
5884	0
5885	0
5886	1
5887	1
5888	0
5889	2
5890	0
5891	3
5892	1
5893	3
5894	1
5895	0
5896	0
5897	0
5898	3
5899	1
5900	4
5901	3
5902	0
5903	1
5904	1
5905	2
5906	2
5907	1
5908	0
5909	1
5910	0
5911	2
5912	2
5913	2
5914	1
5915	2
5916	0
5917	4
5918	0
5919	0
5920	2
5921	3
5922	1
5923	1
5924	2
5925	2
5926	0
5927	3
5928	2
5929	1
5930	1
5931	0
5932	2
5933	0
5934	2
5935	2
5936	0
5937	2
5938	0
5939	1
5940	1
5941	2
5942	1
5943	1
5944	2
5945	0
5946	3
5947	1
5948	2
5949	2
5950	1
5951	2
5952	1
5953	0
5954	1
5955	2
5956	1
5957	0
5958	3
5959	1
5960	1
5961	0
5962	3
5963	1
5964	1
5965	1
5966	2
5967	1
5968	0
5969	0
5970	2
5971	0
5972	0
5973	1
5974	3
5975	1
5976	3
5977	1
5978	0
5979	2
5980	2
5981	1
5982	0
5983	1
5984	2
5985	0
5986	4
5987	2
5988	1
5989	1
5990	2
5991	0
5992	1
5993	0
5994	3
5995	0
5996	2
5997	1
5998	0
5999	4
6000	2
6001	1
6002	2
6003	2
6004	1
6005	4
6006	0
6007	0
6008	1
6009	0
6010	1
6011	0
6012	3
6013	1
6014	2
6015	1
6016	1
6017	2
6018	2
6019	4
6020	1
6021	1
6022	2
6023	2
6024	0
6025	3
6026	2
6027	0
6028	0
6029	2
6030	2
6031	1
6032	0
6033	1
6034	2
6035	1
6036	0
6037	4
6038	5
6039	1
6040	1
6041	5
6042	2
6043	1
6044	1
6045	1
6046	0
6047	1
6048	1
6049	1
6050	1
6051	1
6052	0
6053	0
6054	1
6055	1
6056	1
6057	0
6058	2
6059	0
6060	0
6061	1
6062	0
6063	0
6064	1
6065	0
6066	1
6067	0
6068	5
6069	1
6070	0
6071	2
6072	2
6073	4
6074	0
6075	1
6076	0
6077	1
6078	3
6079	1
6080	0
6081	2
6082	0
6083	0
6084	1
6085	0
6086	2
6087	2
6088	1
6089	0
6090	0
6091	3
6092	1
6093	4
6094	0
6095	0
6096	1
6097	0
6098	1
6099	0
6100	4
6101	2
6102	0
6103	3
6104	1
6105	0
6106	3
6107	0
6108	3
6109	2
6110	1
6111	1
6112	1
6113	3
6114	0
6115	0
6116	1
6117	0
6118	2
6119	2
6120	0
6121	1
6122	0
6123	0
6124	2
6125	1
6126	0
6127	1
6128	4
6129	2
6130	3
6131	3
6132	0
6133	0
6134	2
6135	1
6136	0
6137	2
6138	0
6139	3
6140	3
6141	1
6142	0
6143	2
6144	0
6145	1
6146	1
6147	0
6148	0
6149	0
6150	2
6151	0
6152	3
6153	0
6154	2
6155	2
6156	0
6157	2
6158	1
6159	2
6160	1
6161	1
6162	2
6163	0
6164	0
6165	0
6166	1
6167	1
6168	0
6169	2
6170	0
6171	0
6172	3
6173	1
6174	2
6175	4
6176	1
6177	0
6178	2
6179	2
6180	2
6181	0
6182	0
6183	1
6184	3
6185	2
6186	0
6187	1
6188	2
6189	0
6190	1
6191	1
6192	0
6193	1
6194	0
6195	2
6196	0
6197	1
6198	0
6199	0
6200	2
6201	4
6202	2
6203	0
6204	0
6205	1
6206	4
6207	2
6208	0
6209	0
6210	0
6211	2
6212	1
6213	2
6214	0
6215	0
6216	1
6217	2
6218	1
6219	2
6220	2
6221	0
6222	2
6223	0
6224	0
6225	3
6226	0
6227	0
6228	1
6229	1
6230	1
6231	2
6232	1
6233	1
6234	1
6235	2
6236	3
6237	1
6238	1
6239	1
6240	1
6241	0
6242	2
6243	0
6244	0
6245	3
6246	1
6247	1
6248	2
6249	1
6250	0
6251	2
6252	3
6253	1
6254	1
6255	0
6256	0
6257	0
6258	0
6259	2
6260	1
6261	0
6262	3
6263	1
6264	0
6265	0
6266	1
6267	1
6268	0
6269	1
6270	4
6271	1
6272	1
6273	0
6274	2
6275	0
6276	0
6277	1
6278	0
6279	1
6280	0
6281	1
6282	1
6283	1
6284	1
6285	1
6286	1
6287	1
6288	2
6289	3
6290	0
6291	1
6292	0
6293	1
6294	6
6295	0
6296	0
6297	0
6298	1
6299	0
6300	1
6301	2
6302	3
6303	0
6304	0
6305	1
6306	0
6307	2
6308	4
6309	0
6310	0
6311	2
6312	1
6313	2
6314	1
6315	4
6316	1
6317	0
6318	0
6319	0
6320	2
6321	1
6322	2
6323	2
6324	3
6325	0
6326	2
6327	1
6328	0
6329	1
6330	3
6331	0
6332	2
6333	1
6334	1
6335	0
6336	1
6337	3
6338	1
6339	1
6340	1
6341	2
6342	4
6343	2
6344	2
6345	0
6346	1
6347	1
6348	0
6349	2
6350	1
6351	1
6352	1
6353	0
6354	4
6355	2
6356	2
6357	1
6358	2
6359	2
6360	0
6361	1
6362	0
6363	1
6364	1
6365	1
6366	1
6367	6
6368	0
6369	1
6370	1
6371	1
6372	2
6373	1
6374	2
6375	2
6376	3
6377	0
6378	2
6379	0
6380	0
6381	2
6382	2
6383	1
6384	1
6385	2
6386	2
6387	1
6388	2
6389	3
6390	0
6391	0
6392	2
6393	1
6394	2
6395	1
6396	1
6397	3
6398	0
6399	0
6400	2
6401	0
6402	0
6403	2
6404	1
6405	0
6406	0
6407	2
6408	1
6409	3
6410	0
6411	0
6412	2
6413	1
6414	1
6415	0
6416	1
6417	1
6418	1
6419	0
6420	1
6421	2
6422	1
6423	4
6424	1
6425	1
6426	1
6427	1
6428	1
6429	0
6430	0
6431	1
6432	1
6433	0
6434	0
6435	1
6436	0
6437	3
6438	0
6439	0
6440	0
6441	0
6442	2
6443	1
6444	0
6445	1
6446	0
6447	1
6448	2
6449	1
6450	1
6451	0
6452	2
6453	1
6454	1
6455	1
6456	0
6457	2
6458	2
6459	3
6460	0
6461	1
6462	1
6463	2
6464	2
6465	0
6466	1
6467	1
6468	1
6469	1
6470	0
6471	1
6472	2
6473	1
6474	1
6475	1
6476	1
6477	1
6478	0
6479	2
6480	3
6481	0
6482	0
6483	1
6484	0
6485	2
6486	1
6487	1
6488	2
6489	1
6490	0
6491	3
6492	1
6493	1
6494	3
6495	2
6496	2
6497	0
6498	1
6499	2
6500	1
6501	1
6502	1
6503	0
6504	4
6505	0
6506	0
6507	1
6508	0
6509	1
6510	1
6511	0
6512	1
6513	2
6514	3
6515	0
6516	0
6517	1
6518	2
6519	2
6520	3
6521	0
6522	1
6523	2
6524	0
6525	0
6526	2
6527	1
6528	0
6529	2
6530	3
6531	0
6532	2
6533	0
6534	1
6535	1
6536	1
6537	0
6538	2
6539	1
6540	1
6541	0
6542	0
6543	2
6544	1
6545	0
6546	1
6547	2
6548	5
6549	0
6550	1
6551	0
6552	1
6553	1
6554	0
6555	0
6556	1
6557	0
6558	2
6559	3
6560	0
6561	2
6562	1
6563	4
6564	2
6565	1
6566	0
6567	0
6568	3
6569	1
6570	1
6571	1
6572	0
6573	3
6574	2
6575	1
6576	2
6577	1
6578	0
6579	2
6580	1
6581	3
6582	2
6583	0
6584	1
6585	0
6586	2
6587	3
6588	1
6589	0
6590	0
6591	2
6592	1
6593	1
6594	3
6595	1
6596	0
6597	1
6598	0
6599	1
6600	1
6601	0
6602	0
6603	1
6604	0
6605	1
6606	1
6607	1
6608	3
6609	2
6610	0
6611	2
6612	2
6613	1
6614	0
6615	1
6616	2
6617	0
6618	3
6619	1
6620	2
6621	2
6622	2
6623	1
6624	2
6625	1
6626	2
6627	1
6628	1
6629	0
6630	3
6631	0
6632	1
6633	4
6634	0
6635	1
6636	1
6637	1
6638	3
6639	0
6640	1
6641	0
6642	1
6643	1
6644	3
6645	0
6646	0
6647	0
6648	1
6649	2
6650	1
6651	2
6652	2
6653	1
6654	1
6655	0
6656	1
6657	1
6658	4
6659	0
6660	1
6661	1
6662	2
6663	0
6664	2
6665	4
6666	1
6667	0
6668	0
6669	1
6670	3
6671	2
6672	4
6673	0
6674	2
6675	1
6676	1
6677	1
6678	2
6679	2
6680	0
6681	1
6682	0
6683	1
6684	1
6685	1
6686	1
6687	2
6688	0
6689	2
6690	0
6691	1
6692	1
6693	0
6694	2
6695	1
6696	1
6697	2
6698	3
6699	2
6700	0
6701	2
6702	0
6703	2
6704	1
6705	1
6706	1
6707	0
6708	1
6709	2
6710	2
6711	4
6712	1
6713	0
6714	1
6715	1
6716	0
6717	0
6718	3
6719	1
6720	3
6721	1
6722	0
6723	2
6724	1
6725	0
6726	2
6727	5
6728	0
6729	0
6730	0
6731	2
6732	2
6733	2
6734	2
6735	0
6736	0
6737	2
6738	3
6739	0
6740	0
6741	2
6742	1
6743	3
6744	2
6745	3
6746	0
6747	3
6748	0
6749	2
6750	1
6751	3
6752	1
6753	1
6754	2
6755	1
6756	1
6757	3
6758	1
6759	0
6760	2
6761	1
6762	2
6763	2
6764	0
6765	3
6766	0
6767	1
6768	1
6769	4
6770	0
6771	2
6772	1
6773	2
6774	2
6775	0
6776	1
6777	0
6778	0
6779	1
6780	1
6781	2
6782	0
6783	0
6784	5
6785	0
6786	0
6787	1
6788	2
6789	1
6790	0
6791	2
6792	1
6793	0
6794	1
6795	1
6796	1
6797	1
6798	2
6799	1
6800	1
6801	2
6802	1
6803	1
6804	2
6805	1
6806	1
6807	2
6808	0
6809	2
6810	1
6811	3
6812	0
6813	0
6814	0
6815	3
6816	2
6817	0
6818	1
6819	0
6820	0
6821	2
6822	0
6823	0
6824	1
6825	1
6826	1
6827	4
6828	1
6829	1
6830	5
6831	2
6832	1
6833	2
6834	1
6835	4
6836	0
6837	0
6838	1
6839	0
6840	1
6841	1
6842	1
6843	3
6844	0
6845	0
6846	0
6847	3
6848	1
6849	0
6850	0
6851	1
6852	1
6853	0
6854	1
6855	1
6856	0
6857	4
6858	1
6859	1
6860	0
6861	0
6862	2
6863	1
6864	2
6865	1
6866	3
6867	0
6868	0
6869	1
6870	2
6871	0
6872	0
6873	3
6874	1
6875	0
6876	1
6877	0
6878	1
6879	2
6880	1
6881	1
6882	1
6883	3
6884	1
6885	1
6886	0
6887	1
6888	1
6889	1
6890	0
6891	0
6892	2
6893	1
6894	1
6895	2
6896	1
6897	0
6898	2
6899	6
6900	0
6901	0
6902	3
6903	0
6904	1
6905	2
6906	4
6907	0
6908	3
6909	0
6910	1
6911	1
6912	1
6913	2
6914	1
6915	0
6916	1
6917	2
6918	3
6919	2
6920	1
6921	0
6922	0
6923	1
6924	1
6925	1
6926	0
6927	1
6928	1
6929	1
6930	3
6931	0
6932	2
6933	0
6934	0
6935	1
6936	1
6937	1
6938	1
6939	2
6940	2
6941	0
6942	3
6943	1
6944	2
6945	2
6946	4
6947	1
6948	1
6949	1
6950	2
6951	2
6952	1
6953	1
6954	0
6955	0
6956	0
6957	1
6958	2
6959	0
6960	1
6961	1
6962	0
6963	2
6964	2
6965	3
6966	1
6967	0
6968	1
6969	4
6970	1
6971	0
6972	3
6973	0
6974	1
6975	3
6976	4
6977	0
6978	2
6979	0
6980	1
6981	0
6982	0
6983	0
6984	1
6985	2
6986	2
6987	1
6988	2
6989	1
6990	1
6991	2
6992	0
6993	1
6994	1
6995	0
6996	2
6997	2
6998	1
6999	1
7000	2
7001	0
7002	1
7003	4
7004	2
7005	0
7006	2
7007	2
7008	0
7009	1
7010	2
7011	2
7012	0
7013	3
7014	1
7015	1
7016	2
7017	0
7018	1
7019	0
7020	2
7021	2
7022	1
7023	1
7024	3
7025	1
7026	0
7027	1
7028	0
7029	3
7030	0
7031	1
7032	2
7033	1
7034	1
7035	0
7036	2
7037	1
7038	3
7039	0
7040	0
7041	3
7042	1
7043	1
7044	1
7045	1
7046	1
7047	1
7048	0
7049	2
7050	1
7051	1
7052	0
7053	1
7054	2
7055	0
7056	1
7057	0
7058	1
7059	1
7060	0
7061	1
7062	3
7063	0
7064	3
7065	3
7066	2
7067	2
7068	1
7069	0
7070	3
7071	2
7072	1
7073	0
7074	0
7075	1
7076	1
7077	1
7078	1
7079	1
7080	0
7081	1
7082	3
7083	2
7084	2
7085	1
7086	0
7087	1
7088	1
7089	1
7090	0
7091	0
7092	1
7093	1
7094	2
7095	0
7096	1
7097	2
7098	1
7099	0
7100	1
7101	4
7102	1
7103	3
7104	1
7105	0
7106	0
7107	0
7108	1
7109	1
7110	1
7111	1
7112	1
7113	3
7114	1
7115	0
7116	3
7117	2
7118	4
7119	5
7120	2
7121	1
7122	1
7123	2
7124	3
7125	1
7126	1
7127	1
7128	1
7129	1
7130	1
7131	1
7132	4
7133	1
7134	3
7135	2
7136	1
7137	1
7138	0
7139	0
7140	1
7141	1
7142	3
7143	0
7144	1
7145	1
7146	0
7147	2
7148	1
7149	3
7150	1
7151	1
7152	0
7153	0
7154	2
7155	0
7156	0
7157	0
7158	1
7159	0
7160	2
7161	2
7162	0
7163	4
7164	0
7165	1
7166	0
7167	1
7168	1
7169	2
7170	1
7171	1
7172	0
7173	1
7174	1
7175	0
7176	1
7177	2
7178	1
7179	2
7180	3
7181	0
7182	0
7183	3
7184	0
7185	0
7186	1
7187	4
7188	0
7189	1
7190	1
7191	0
7192	2
7193	0
7194	1
7195	1
7196	1
7197	1
7198	0
7199	2
7200	1
7201	0
7202	0
7203	2
7204	5
7205	3
7206	2
7207	1
7208	1
7209	0
7210	1
7211	0
7212	1
7213	0
7214	3
7215	1
7216	1
7217	1
7218	1
7219	1
7220	0
7221	1
7222	1
7223	3
7224	0
7225	0
7226	1
7227	1
7228	3
7229	1
7230	0
7231	0
7232	1
7233	2
7234	1
7235	1
7236	2
7237	1
7238	0
7239	2
7240	1
7241	2
7242	3
7243	4
7244	0
7245	1
7246	0
7247	0
7248	1
7249	1
7250	4
7251	0
7252	1
7253	0
7254	1
7255	0
7256	1
7257	0
7258	0
7259	1
7260	2
7261	0
7262	3
7263	1
7264	1
7265	2
7266	0
7267	3
7268	0
7269	1
7270	0
7271	0
7272	1
7273	0
7274	1
7275	4
7276	1
7277	1
7278	3
7279	3
7280	1
7281	0
7282	2
7283	0
7284	0
7285	4
7286	1
7287	0
7288	2
7289	0
7290	2
7291	3
7292	1
7293	0
7294	1
7295	1
7296	1
7297	2
7298	0
7299	1
7300	1
7301	1
7302	1
7303	0
7304	2
7305	1
7306	2
7307	1
7308	0
7309	1
7310	1
7311	3
7312	0
7313	0
7314	1
7315	0
7316	3
7317	0
7318	0
7319	4
7320	2
7321	4
7322	1
7323	0
7324	2
7325	1
7326	1
7327	1
7328	2
7329	2
7330	1
7331	1
7332	0
7333	1
7334	3
7335	4
7336	1
7337	2
7338	0
7339	2
7340	2
7341	1
7342	1
7343	0
7344	0
7345	0
7346	1
7347	3
7348	1
7349	1
7350	2
7351	0
7352	1
7353	0
7354	0
7355	1
7356	2
7357	0
7358	0
7359	2
7360	4
7361	4
7362	0
7363	0
7364	2
7365	2
7366	0
7367	1
7368	0
7369	2
7370	1
7371	1
7372	2
7373	1
7374	1
7375	1
7376	0
7377	0
7378	1
7379	3
7380	2
7381	3
7382	1
7383	1
7384	0
7385	1
7386	2
7387	0
7388	1
7389	0
7390	1
7391	1
7392	0
7393	0
7394	1
7395	5
7396	1
7397	1
7398	0
7399	2
7400	0
7401	1
7402	1
7403	0
7404	0
7405	1
7406	2
7407	2
7408	1
7409	3
7410	1
7411	3
7412	4
7413	2
7414	1
7415	1
7416	2
7417	0
7418	3
7419	0
7420	0
7421	0
7422	1
7423	1
7424	3
7425	1
7426	1
7427	0
7428	0
7429	1
7430	2
7431	2
7432	0
7433	0
7434	1
7435	0
7436	1
7437	0
7438	0
7439	1
7440	3
7441	0
7442	1
7443	0
7444	2
7445	0
7446	1
7447	0
7448	1
7449	2
7450	0
7451	2
7452	0
7453	2
7454	0
7455	0
7456	1
7457	1
7458	0
7459	2
7460	1
7461	0
7462	2
7463	2
7464	1
7465	1
7466	3
7467	2
7468	0
7469	5
7470	3
7471	1
7472	0
7473	1
7474	2
7475	2
7476	1
7477	6
7478	2
7479	3
7480	0
7481	1
7482	1
7483	1
7484	0
7485	2
7486	1
7487	1
7488	1
7489	1
7490	3
7491	1
7492	5
7493	1
7494	1
7495	0
7496	1
7497	1
7498	1
7499	3
7500	1
7501	0
7502	2
7503	2
7504	1
7505	0
7506	0
7507	1
7508	1
7509	1
7510	1
7511	0
7512	3
7513	1
7514	1
7515	0
7516	3
7517	1
7518	1
7519	4
7520	0
7521	4
7522	1
7523	0
7524	3
7525	1
7526	1
7527	3
7528	2
7529	2
7530	2
7531	1
7532	1
7533	0
7534	1
7535	2
7536	1
7537	1
7538	0
7539	1
7540	2
7541	3
7542	0
7543	1
7544	1
7545	0
7546	0
7547	2
7548	3
7549	2
7550	1
7551	1
7552	0
7553	2
7554	2
7555	1
7556	2
7557	5
7558	1
7559	0
7560	1
7561	0
7562	2
7563	2
7564	0
7565	1
7566	1
7567	4
7568	1
7569	1
7570	1
7571	1
7572	1
7573	1
7574	1
7575	1
7576	1
7577	0
7578	1
7579	1
7580	0
7581	3
7582	1
7583	2
7584	2
7585	1
7586	4
7587	2
7588	2
7589	0
7590	0
7591	1
7592	1
7593	0
7594	0
7595	1
7596	3
7597	1
7598	1
7599	2
7600	0
7601	3
7602	2
7603	1
7604	1
7605	0
7606	1
7607	1
7608	1
7609	3
7610	3
7611	0
7612	1
7613	0
7614	0
7615	1
7616	1
7617	3
7618	1
7619	0
7620	1
7621	1
7622	3
7623	0
7624	4
7625	0
7626	2
7627	2
7628	1
7629	1
7630	0
7631	1
7632	1
7633	0
7634	2
7635	0
7636	2
7637	1
7638	3
7639	1
7640	2
7641	0
7642	0
7643	3
7644	5
7645	0
7646	0
7647	2
7648	2
7649	2
7650	1
7651	1
7652	3
7653	1
7654	2
7655	0
7656	0
7657	0
7658	2
7659	0
7660	0
7661	7
7662	1
7663	0
7664	2
7665	0
7666	1
7667	1
7668	3
7669	1
7670	0
7671	1
7672	2
7673	3
7674	0
7675	2
7676	1
7677	4
7678	0
7679	4
7680	1
7681	1
7682	1
7683	1
7684	1
7685	1
7686	2
7687	2
7688	0
7689	3
7690	1
7691	1
7692	2
7693	1
7694	1
7695	4
7696	0
7697	1
7698	0
7699	3
7700	2
7701	2
7702	2
7703	2
7704	0
7705	1
7706	1
7707	2
7708	0
7709	1
7710	0
7711	4
7712	0
7713	0
7714	1
7715	1
7716	1
7717	0
7718	0
7719	1
7720	1
7721	0
7722	0
7723	2
7724	1
7725	0
7726	0
7727	0
7728	1
7729	4
7730	2
7731	0
7732	4
7733	2
7734	2
7735	2
7736	2
7737	1
7738	0
7739	0
7740	2
7741	1
7742	1
7743	1
7744	1
7745	1
7746	1
7747	2
7748	1
7749	0
7750	1
7751	2
7752	2
7753	1
7754	3
7755	0
7756	1
7757	0
7758	0
7759	0
7760	3
7761	1
7762	1
7763	2
7764	1
7765	0
7766	2
7767	1
7768	3
7769	4
7770	1
7771	1
7772	1
7773	2
7774	0
7775	2
7776	2
7777	1
7778	2
7779	1
7780	2
7781	3
7782	1
7783	1
7784	2
7785	1
7786	0
7787	2
7788	1
7789	1
7790	3
7791	2
7792	1
7793	1
7794	2
7795	2
7796	1
7797	0
7798	1
7799	5
7800	1
7801	0
7802	2
7803	1
7804	2
7805	2
7806	1
7807	1
7808	1
7809	2
7810	1
7811	1
7812	1
7813	1
7814	2
7815	2
7816	0
7817	1
7818	0
7819	1
7820	1
7821	0
7822	2
7823	0
7824	1
7825	1
7826	1
7827	0
7828	0
7829	1
7830	1
7831	1
7832	2
7833	1
7834	3
7835	4
7836	1
7837	1
7838	3
7839	4
7840	2
7841	2
7842	2
7843	1
7844	3
7845	1
7846	3
7847	0
7848	2
7849	0
7850	2
7851	2
7852	0
7853	1
7854	0
7855	0
7856	0
7857	2
7858	0
7859	0
7860	1
7861	0
7862	0
7863	3
7864	2
7865	1
7866	0
7867	1
7868	0
7869	0
7870	0
7871	0
7872	1
7873	0
7874	1
7875	2
7876	2
7877	1
7878	1
7879	6
7880	0
7881	0
7882	1
7883	2
7884	1
7885	0
7886	0
7887	3
7888	0
7889	2
7890	2
7891	1
7892	0
7893	1
7894	1
7895	1
7896	1
7897	3
7898	3
7899	2
7900	1
7901	3
7902	4
7903	0
7904	0
7905	3
7906	1
7907	0
7908	2
7909	0
7910	0
7911	1
7912	1
7913	1
7914	2
7915	2
7916	1
7917	1
7918	0
7919	0
7920	3
7921	0
7922	2
7923	1
7924	1
7925	0
7926	0
7927	3
7928	1
7929	3
7930	0
7931	2
7932	3
7933	1
7934	1
7935	0
7936	3
7937	0
7938	1
7939	1
7940	1
7941	0
7942	2
7943	1
7944	1
7945	1
7946	2
7947	1
7948	0
7949	1
7950	1
7951	0
7952	0
7953	3
7954	2
7955	0
7956	0
7957	0
7958	1
7959	1
7960	0
7961	1
7962	1
7963	1
7964	1
7965	1
7966	2
7967	1
7968	0
7969	0
7970	1
7971	0
7972	0
7973	0
7974	1
7975	1
7976	0
7977	3
7978	0
7979	0
7980	0
7981	0
7982	0
7983	0
7984	3
7985	1
7986	2
7987	4
7988	0
7989	0
7990	1
7991	1
7992	0
7993	0
7994	1
7995	1
7996	0
7997	0
7998	2
7999	3
8000	2
8001	1
8002	1
8003	1
8004	2
8005	0
8006	0
8007	1
8008	1
8009	1
8010	2
8011	0
8012	1
8013	0
8014	0
8015	0
8016	0
8017	1
8018	0
8019	0
8020	0
8021	3
8022	0
8023	3
8024	1
8025	0
8026	0
8027	0
8028	2
8029	1
8030	0
8031	0
8032	3
8033	2
8034	1
8035	0
8036	3
8037	3
8038	0
8039	2
8040	1
8041	0
8042	0
8043	2
8044	2
8045	3
8046	1
8047	0
8048	1
8049	1
8050	2
8051	0
8052	2
8053	1
8054	0
8055	1
8056	1
8057	0
8058	1
8059	1
8060	1
8061	2
8062	2
8063	1
8064	1
8065	1
8066	3
8067	1
8068	2
8069	2
8070	0
8071	1
8072	1
8073	1
8074	0
8075	4
8076	5
8077	2
8078	1
8079	0
8080	2
8081	1
8082	0
8083	1
8084	0
8085	1
8086	2
8087	1
8088	2
8089	2
8090	0
8091	2
8092	0
8093	2
8094	0
8095	2
8096	1
8097	3
8098	0
8099	2
8100	2
8101	1
8102	2
8103	1
8104	2
8105	0
8106	1
8107	0
8108	2
8109	0
8110	2
8111	1
8112	1
8113	2
8114	0
8115	2
8116	0
8117	1
8118	1
8119	4
8120	2
8121	4
8122	0
8123	1
8124	0
8125	0
8126	0
8127	2
8128	0
8129	0
8130	3
8131	4
8132	2
8133	1
8134	1
8135	1
8136	1
8137	3
8138	0
8139	1
8140	2
8141	2
8142	3
8143	4
8144	0
8145	1
8146	8
8147	3
8148	0
8149	1
8150	5
8151	0
8152	2
8153	1
8154	2
8155	3
8156	2
8157	2
8158	1
8159	0
8160	3
8161	1
8162	0
8163	2
8164	2
8165	0
8166	3
8167	0
8168	1
8169	1
8170	0
8171	2
8172	1
8173	0
8174	1
8175	3
8176	0
8177	1
8178	0
8179	2
8180	1
8181	2
8182	3
8183	2
8184	1
8185	1
8186	1
8187	1
8188	1
8189	3
8190	5
8191	0
8192	0