1	2
1	0
2	0
3	0
4	1
5	1
6	2
7	0
8	0
9	2
10	3
11	2
12	0
13	2
14	0
15	1
16	1
17	0
18	1
19	0
20	0
21	0
22	1
23	2
24	0
25	1
26	0
27	2
28	3
29	3
30	1
31	2
32	1
33	1
34	2
35	0
36	0
37	1
38	1
39	0
40	0
41	0
42	2
43	2
44	3
45	0
46	1
47	3
48	2
49	1
50	1
51	1
52	1
53	0
54	2
55	1
56	1
57	0
58	1
59	2
60	0
61	0
62	0
63	1
64	2
65	0
66	3
67	0
68	1
69	1
70	2
71	0
72	1
73	2
74	1
75	1
76	1
77	0
78	2
79	4
80	1
81	1
82	1
83	0
84	3
85	1
86	1
87	3
88	0
89	1
90	1
91	0
92	0
93	0
94	0
95	0
96	4
97	1
98	1
99	3
100	3
101	2
102	0
103	1
104	0
105	0
106	2
107	1
108	4
109	1
110	2
111	0
112	4
113	1
114	2
115	0
116	3
117	0
118	0
119	2
120	1
121	2
122	2
123	2
124	0
125	1
126	1
127	0
128	1
129	0
130	0
131	4
132	0
133	1
134	2
135	1
136	0
137	1
138	1
139	1
140	1
141	0
142	2
143	1
144	0
145	0
146	0
147	1
148	2
149	0
150	0
151	3
152	2
153	0
154	0
155	1
156	0
157	1
158	0
159	1
160	2
161	2
162	2
163	1
164	0
165	1
166	2
167	1
168	0
169	0
170	2
171	0
172	2
173	1
174	1
175	2
176	0
177	2
178	2
179	0
180	2
181	0
182	0
183	1
184	1
185	3
186	2
187	3
188	0
189	3
190	2
191	1
192	1
193	2
194	0
195	1
196	5
197	0
198	1
199	0
200	2
201	0
202	4
203	1
204	2
205	1
206	2
207	2
208	0
209	0
210	3
211	3
212	1
213	1
214	1
215	0
216	1
217	1
218	5
219	2
220	1
221	0
222	3
223	3
224	1
225	4
226	1
227	1
228	1
229	2
230	3
231	1
232	1
233	1
234	1
235	0
236	4
237	2
238	1
239	2
240	0
241	0
242	0
243	1
244	1
245	1
246	4
247	2
248	2
249	0
250	2
251	2
252	2
253	3
254	0
255	0
256	3
257	4
258	1
259	0
260	1
261	0
262	4
263	3
264	1
265	2
266	6
267	1
268	1
269	1
270	1
271	2
272	1
273	1
274	1
275	0
276	3
277	1
278	0
279	1
280	3
281	1
282	0
283	3
284	1
285	2
286	0
287	3
288	1
289	0
290	1
291	0
292	1
293	2
294	2
295	0
296	1
297	1
298	2
299	0
300	1
301	2
302	2
303	3
304	0
305	1
306	2
307	1
308	3
309	1
310	1
311	1
312	1
313	1
314	0
315	0
316	1
317	1
318	1
319	2
320	0
321	0
322	1
323	0
324	0
325	1
326	0
327	0
328	3
329	1
330	2
331	1
332	0
333	2
334	2
335	0
336	1
337	1
338	1
339	1
340	1
341	4
342	2
343	3
344	1
345	0
346	0
347	1
348	0
349	0
350	3
351	0
352	2
353	1
354	0
355	1
356	3
357	4
358	0
359	1
360	2
361	2
362	3
363	0
364	2
365	0
366	1
367	2
368	2
369	0
370	0
371	3
372	0
373	2
374	1
375	1
376	3
377	0
378	2
379	2
380	1
381	1
382	0
383	2
384	2
385	2
386	2
387	0
388	1
389	0
390	2
391	3
392	0
393	0
394	3
395	1
396	1
397	2
398	3
399	1
400	0
401	0
402	3
403	2
404	0
405	2
406	1
407	1
408	3
409	0
410	0
411	1
412	0
413	1
414	6
415	1
416	1
417	1
418	2
419	1
420	4
421	2
422	4
423	2
424	4
425	1
426	2
427	2
428	2
429	1
430	1
431	3
432	1
433	1
434	0
435	2
436	0
437	2
438	1
439	4
440	2
441	0
442	0
443	3
444	0
445	1
446	3
447	1
448	1
449	1
450	0
451	6
452	1
453	1
454	2
455	3
456	0
457	1
458	1
459	2
460	1
461	1
462	1
463	0
464	1
465	4
466	0
467	1
468	0
469	1
470	1
471	1
472	1
473	1
474	2
475	3
476	2
477	0
478	1
479	1
480	0
481	1
482	2
483	1
484	1
485	1
486	1
487	2
488	0
489	0
490	2
491	1
492	1
493	1
494	0
495	1
496	0
497	1
498	0
499	0
500	2
501	1
502	1
503	0
504	2
505	2
506	1
507	3
508	1
509	0
510	0
511	1
512	2
513	1
514	2
515	0
516	0
517	1
518	0
519	1
520	1
521	3
522	2
523	1
524	1
525	2
526	1
527	1
528	1
529	1
530	0
531	0
532	3
533	1
534	2
535	0
536	0
537	1
538	1
539	0
540	0
541	1
542	1
543	1
544	0
545	1
546	3
547	1
548	1
549	1
550	3
551	1
552	1
553	1
554	2
555	1
556	2
557	0
558	2
559	3
560	3
561	1
562	0
563	0
564	1
565	0
566	0
567	0
568	4
569	2
570	0
571	0
572	2
573	2
574	2
575	0
576	0
577	0
578	1
579	0
580	1
581	0
582	1
583	2
584	2
585	1
586	3
587	2
588	1
589	2
590	2
591	1
592	0
593	1
594	1
595	1
596	1
597	1
598	0
599	2
600	3
601	0
602	1
603	1
604	0
605	0
606	2
607	3
608	1
609	2
610	1
611	0
612	0
613	1
614	0
615	0
616	0
617	0
618	0
619	0
620	0
621	3
622	0
623	5
624	0
625	0
626	2
627	0
628	0
629	1
630	2
631	2
632	6
633	0
634	1
635	1
636	1
637	2
638	1
639	0
640	2
641	2
642	2
643	0
644	0
645	0
646	0
647	0
648	1
649	1
650	0
651	0
652	0
653	3
654	1
655	3
656	2
657	0
658	1
659	3
660	0
661	0
662	1
663	2
664	1
665	0
666	1
667	1
668	0
669	1
670	2
671	2
672	1
673	2
674	4
675	3
676	2
677	2
678	3
679	1
680	1
681	3
682	0
683	2
684	2
685	1
686	0
687	2
688	3
689	2
690	0
691	1
692	1
693	2
694	0
695	1
696	0
697	1
698	1
699	2
700	1
701	0
702	1
703	2
704	1
705	1
706	0
707	3
708	1
709	2
710	1
711	1
712	0
713	1
714	1
715	3
716	0
717	1
718	0
719	1
720	4
721	0
722	1
723	1
724	1
725	1
726	2
727	1
728	1
729	1
730	0
731	0
732	0
733	1
734	1
735	1
736	1
737	0
738	2
739	1
740	1
741	1
742	0
743	0
744	2
745	2
746	2
747	2
748	2
749	1
750	0
751	1
752	2
753	0
754	0
755	2
756	1
757	0
758	2
759	1
760	0
761	0
762	2
763	1
764	1
765	0
766	3
767	2
768	2
769	1
770	2
771	0
772	0
773	2
774	0
775	2
776	0
777	3
778	3
779	2
780	0
781	1
782	1
783	2
784	1
785	0
786	0
787	1
788	2
789	2
790	2
791	3
792	6
793	3
794	1
795	4
796	2
797	2
798	1
799	1
800	4
801	3
802	1
803	2
804	2
805	2
806	3
807	2
808	3
809	2
810	5
811	2
812	5
813	5
814	4
815	3
816	4
817	4
818	3
819	2
820	3
821	2
822	5
823	5
824	5
825	5
826	10
827	10
828	4
829	4
830	7
831	8
832	2
833	9
834	3
835	10
836	12
837	12
838	10
839	14
840	12
841	7
842	13
843	15
844	9
845	15
846	13
847	17
848	18
849	25
850	18
851	28
852	27
853	25
854	24
855	24
856	34
857	29
858	27
859	39
860	36
861	36
862	54
863	38
864	51
865	44
866	46
867	64
868	58
869	73
870	66
871	77
872	77
873	79
874	66
875	81
876	92
877	108
878	86
879	113
880	103
881	108
882	119
883	138
884	125
885	134
886	131
887	137
888	162
889	170
890	194
891	203
892	206
893	239
894	207
895	244
896	252
897	291
898	269
899	305
900	282
901	337
902	343
903	371
904	360
905	369
906	411
907	368
908	412
909	474
910	462
911	511
912	524
913	539
914	594
915	553
916	615
917	624
918	619
919	717
920	726
921	749
922	770
923	784
924	808
925	831
926	845
927	917
928	975
929	995
930	1026
931	1008
932	1073
933	1110
934	1129
935	1194
936	1300
937	1247
938	1321
939	1358
940	1423
941	1420
942	1479
943	1510
944	1683
945	1522
946	1689
947	1726
948	1839
949	1754
950	1883
951	1926
952	1981
953	1952
954	1993
955	2071
956	2204
957	2315
958	2288
959	2286
960	2345
961	2459
962	2527
963	2556
964	2658
965	2635
966	2816
967	2885
968	2958
969	2963
970	2961
971	3068
972	3133
973	3172
974	3224
975	3393
976	3311
977	3430
978	3491
979	3618
980	3589
981	3502
982	3692
983	3813
984	3852
985	3880
986	3956
987	4125
988	4131
989	4073
990	4362
991	4237
992	4351
993	4386
994	4451
995	4474
996	4485
997	4544
998	4754
999	4597
1000	4670
1001	4721
1002	4690
1003	4850
1004	4938
1005	4993
1006	5096
1007	4961
1008	5126
1009	5181
1010	5190
1011	5198
1012	5153
1013	5218
1014	5331
1015	5306
1016	5271
1017	5408
1018	5506
1019	5397
1020	5486
1021	5466
1022	5425
1023	5405
1024	5400
1025	5553
1026	5547
1027	5613
1028	5629
1029	5589
1030	5568
1031	5694
1032	5542
1033	5625
1034	5473
1035	5523
1036	5598
1037	5605
1038	5564
1039	5467
1040	5541
1041	5617
1042	5578
1043	5591
1044	5625
1045	5454
1046	5464
1047	5558
1048	5481
1049	5403
1050	5355
1051	5457
1052	5306
1053	5279
1054	5225
1055	5276
1056	5237
1057	5191
1058	5059
1059	5116
1060	5162
1061	4974
1062	5015
1063	5003
1064	4956
1065	4964
1066	4868
1067	4721
1068	4700
1069	4739
1070	4728
1071	4748
1072	4731
1073	4633
1074	4602
1075	4505
1076	4455
1077	4410
1078	4384
1079	4451
1080	4255
1081	4141
1082	4161
1083	4133
1084	4113
1085	4079
1086	4011
1087	4019
1088	3753
1089	3814
1090	3787
1091	3753
1092	3724
1093	3566
1094	3529
1095	3519
1096	3485
1097	3420
1098	3464
1099	3395
1100	3259
1101	3364
1102	3273
1103	3197
1104	3218
1105	3170
1106	3028
1107	3062
1108	3025
1109	2918
1110	2833
1111	2900
1112	2720
1113	2734
1114	2672
1115	2653
1116	2650
1117	2561
1118	2488
1119	2577
1120	2413
1121	2366
1122	2383
1123	2285
1124	2275
1125	2273
1126	2159
1127	2183
1128	2134
1129	2054
1130	2054
1131	2065
1132	1954
1133	1886
1134	1834
1135	1936
1136	1835
1137	1764
1138	1720
1139	1836
1140	1749
1141	1690
1142	1653
1143	1644
1144	1568
1145	1522
1146	1560
1147	1523
1148	1431
1149	1418
1150	1398
1151	1382
1152	1415
1153	1347
1154	1300
1155	1298
1156	1257
1157	1231
1158	1252
1159	1268
1160	1154
1161	1151
1162	1156
1163	1150
1164	1155
1165	1078
1166	1073
1167	1013
1168	970
1169	995
1170	1026
1171	952
1172	961
1173	974
1174	950
1175	905
1176	826
1177	862
1178	843
1179	812
1180	839
1181	809
1182	770
1183	773
1184	839
1185	725
1186	727
1187	675
1188	726
1189	719
1190	672
1191	639
1192	704
1193	663
1194	646
1195	613
1196	571
1197	572
1198	575
1199	545
1200	577
1201	507
1202	529
1203	557
1204	495
1205	474
1206	486
1207	463
1208	525
1209	465
1210	461
1211	477
1212	494
1213	429
1214	464
1215	448
1216	451
1217	399
1218	418
1219	402
1220	393
1221	379
1222	382
1223	335
1224	373
1225	343
1226	364
1227	369
1228	360
1229	316
1230	348
1231	318
1232	326
1233	313
1234	312
1235	294
1236	290
1237	292
1238	300
1239	269
1240	275
1241	267
1242	244
1243	241
1244	239
1245	241
1246	220
1247	225
1248	248
1249	223
1250	207
1251	222
1252	211
1253	236
1254	210
1255	208
1256	206
1257	170
1258	186
1259	165
1260	177
1261	163
1262	182
1263	199
1264	174
1265	174
1266	147
1267	156
1268	150
1269	171
1270	147
1271	146
1272	161
1273	135
1274	141
1275	156
1276	124
1277	138
1278	133
1279	141
1280	140
1281	134
1282	133
1283	129
1284	120
1285	117
1286	109
1287	109
1288	127
1289	134
1290	138
1291	110
1292	100
1293	108
1294	101
1295	108
1296	92
1297	88
1298	86
1299	90
1300	101
1301	88
1302	97
1303	74
1304	100
1305	82
1306	80
1307	74
1308	81
1309	73
1310	64
1311	78
1312	82
1313	89
1314	72
1315	83
1316	75
1317	64
1318	48
1319	62
1320	58
1321	66
1322	60
1323	63
1324	56
1325	71
1326	70
1327	62
1328	70
1329	66
1330	48
1331	39
1332	71
1333	62
1334	52
1335	51
1336	53
1337	42
1338	49
1339	62
1340	53
1341	45
1342	47
1343	43
1344	38
1345	41
1346	47
1347	48
1348	47
1349	42
1350	32
1351	25
1352	38
1353	43
1354	37
1355	31
1356	33
1357	41
1358	43
1359	34
1360	37
1361	41
1362	32
1363	30
1364	28
1365	35
1366	27
1367	31
1368	27
1369	32
1370	27
1371	33
1372	22
1373	30
1374	26
1375	18
1376	28
1377	33
1378	19
1379	25
1380	21
1381	27
1382	25
1383	26
1384	28
1385	16
1386	33
1387	18
1388	27
1389	21
1390	22
1391	19
1392	16
1393	20
1394	19
1395	22
1396	14
1397	14
1398	15
1399	15
1400	16
1401	9
1402	10
1403	11
1404	17
1405	18
1406	17
1407	14
1408	18
1409	17
1410	5
1411	10
1412	13
1413	8
1414	11
1415	11
1416	15
1417	16
1418	10
1419	14
1420	9
1421	9
1422	18
1423	8
1424	15
1425	10
1426	12
1427	7
1428	14
1429	11
1430	12
1431	8
1432	7
1433	14
1434	12
1435	9
1436	14
1437	10
1438	12
1439	4
1440	7
1441	13
1442	8
1443	10
1444	14
1445	4
1446	8
1447	9
1448	12
1449	6
1450	3
1451	8
1452	6
1453	9
1454	9
1455	9
1456	5
1457	7
1458	9
1459	12
1460	9
1461	9
1462	13
1463	5
1464	7
1465	2
1466	12
1467	5
1468	5
1469	8
1470	4
1471	12
1472	8
1473	4
1474	3
1475	5
1476	3
1477	5
1478	5
1479	7
1480	5
1481	7
1482	6
1483	4
1484	2
1485	4
1486	3
1487	7
1488	4
1489	7
1490	8
1491	6
1492	5
1493	6
1494	7
1495	2
1496	4
1497	3
1498	0
1499	5
1500	7
1501	4
1502	4
1503	4
1504	6
1505	5
1506	5
1507	4
1508	2
1509	4
1510	4
1511	4
1512	3
1513	4
1514	3
1515	7
1516	4
1517	6
1518	3
1519	4
1520	3
1521	2
1522	4
1523	1
1524	2
1525	5
1526	2
1527	3
1528	4
1529	4
1530	3
1531	5
1532	5
1533	3
1534	6
1535	4
1536	4
1537	2
1538	5
1539	2
1540	4
1541	9
1542	2
1543	3
1544	1
1545	4
1546	4
1547	1
1548	0
1549	1
1550	0
1551	2
1552	1
1553	2
1554	6
1555	2
1556	2
1557	4
1558	1
1559	1
1560	2
1561	2
1562	2
1563	2
1564	2
1565	3
1566	4
1567	1
1568	1
1569	5
1570	4
1571	1
1572	4
1573	1
1574	2
1575	0
1576	1
1577	2
1578	2
1579	2
1580	1
1581	2
1582	1
1583	1
1584	4
1585	1
1586	4
1587	2
1588	2
1589	0
1590	1
1591	3
1592	2
1593	2
1594	0
1595	2
1596	3
1597	1
1598	2
1599	1
1600	1
1601	0
1602	3
1603	2
1604	0
1605	0
1606	4
1607	0
1608	4
1609	3
1610	2
1611	0
1612	1
1613	3
1614	1
1615	1
1616	3
1617	2
1618	0
1619	3
1620	2
1621	1
1622	3
1623	1
1624	4
1625	2
1626	0
1627	1
1628	1
1629	0
1630	1
1631	0
1632	0
1633	3
1634	3
1635	5
1636	1
1637	1
1638	0
1639	1
1640	1
1641	0
1642	0
1643	1
1644	2
1645	3
1646	1
1647	3
1648	1
1649	0
1650	2
1651	2
1652	1
1653	1
1654	3
1655	1
1656	0
1657	1
1658	1
1659	2
1660	2
1661	1
1662	1
1663	2
1664	3
1665	2
1666	1
1667	0
1668	3
1669	1
1670	2
1671	0
1672	2
1673	0
1674	1
1675	1
1676	0
1677	3
1678	3
1679	3
1680	1
1681	2
1682	1
1683	2
1684	2
1685	3
1686	2
1687	2
1688	2
1689	1
1690	2
1691	1
1692	1
1693	2
1694	4
1695	0
1696	2
1697	2
1698	1
1699	0
1700	2
1701	1
1702	2
1703	2
1704	1
1705	1
1706	1
1707	1
1708	0
1709	0
1710	2
1711	0
1712	1
1713	1
1714	2
1715	1
1716	3
1717	2
1718	1
1719	2
1720	2
1721	4
1722	1
1723	2
1724	2
1725	2
1726	3
1727	0
1728	2
1729	2
1730	0
1731	0
1732	0
1733	1
1734	1
1735	1
1736	1
1737	0
1738	0
1739	3
1740	1
1741	2
1742	0
1743	2
1744	2
1745	0
1746	2
1747	3
1748	1
1749	1
1750	2
1751	1
1752	2
1753	0
1754	3
1755	0
1756	0
1757	3
1758	3
1759	0
1760	2
1761	1
1762	1
1763	1
1764	1
1765	0
1766	2
1767	1
1768	1
1769	1
1770	0
1771	0
1772	0
1773	2
1774	0
1775	2
1776	0
1777	0
1778	1
1779	1
1780	3
1781	1
1782	3
1783	2
1784	2
1785	2
1786	2
1787	2
1788	0
1789	0
1790	2
1791	0
1792	1
1793	0
1794	2
1795	0
1796	1
1797	0
1798	1
1799	2
1800	1
1801	0
1802	0
1803	0
1804	0
1805	3
1806	3
1807	0
1808	1
1809	2
1810	0
1811	2
1812	2
1813	2
1814	0
1815	1
1816	2
1817	1
1818	1
1819	1
1820	2
1821	1
1822	0
1823	1
1824	1
1825	0
1826	0
1827	1
1828	2
1829	1
1830	3
1831	1
1832	3
1833	1
1834	2
1835	0
1836	1
1837	0
1838	0
1839	0
1840	2
1841	1
1842	0
1843	2
1844	1
1845	1
1846	2
1847	0
1848	0
1849	1
1850	2
1851	2
1852	1
1853	1
1854	0
1855	2
1856	1
1857	2
1858	0
1859	1
1860	2
1861	0
1862	1
1863	3
1864	2
1865	1
1866	1
1867	1
1868	0
1869	1
1870	1
1871	2
1872	0
1873	4
1874	2
1875	1
1876	4
1877	1
1878	2
1879	3
1880	0
1881	1
1882	0
1883	1
1884	1
1885	1
1886	1
1887	0
1888	1
1889	0
1890	2
1891	1
1892	3
1893	2
1894	2
1895	3
1896	2
1897	2
1898	2
1899	0
1900	0
1901	0
1902	1
1903	0
1904	1
1905	3
1906	1
1907	2
1908	1
1909	1
1910	0
1911	2
1912	0
1913	1
1914	1
1915	0
1916	1
1917	0
1918	1
1919	1
1920	1
1921	1
1922	5
1923	0
1924	3
1925	3
1926	0
1927	1
1928	0
1929	1
1930	0
1931	2
1932	0
1933	1
1934	0
1935	1
1936	3
1937	0
1938	3
1939	2
1940	1
1941	3
1942	1
1943	1
1944	2
1945	1
1946	1
1947	1
1948	2
1949	0
1950	0
1951	1
1952	2
1953	4
1954	1
1955	2
1956	0
1957	1
1958	3
1959	0
1960	1
1961	0
1962	1
1963	2
1964	3
1965	3
1966	1
1967	4
1968	1
1969	1
1970	1
1971	0
1972	0
1973	3
1974	0
1975	2
1976	1
1977	4
1978	5
1979	1
1980	2
1981	2
1982	2
1983	2
1984	2
1985	0
1986	1
1987	1
1988	0
1989	0
1990	2
1991	4
1992	2
1993	2
1994	0
1995	4
1996	0
1997	0
1998	1
1999	1
2000	1
2001	1
2002	0
2003	1
2004	1
2005	2
2006	0
2007	0
2008	1
2009	0
2010	2
2011	0
2012	2
2013	3
2014	1
2015	1
2016	3
2017	1
2018	0
2019	1
2020	0
2021	2
2022	0
2023	2
2024	3
2025	0
2026	0
2027	3
2028	0
2029	1
2030	0
2031	1
2032	2
2033	2
2034	1
2035	4
2036	1
2037	2
2038	1
2039	2
2040	4
2041	2
2042	0
2043	1
2044	1
2045	0
2046	0
2047	2
2048	0
2049	2
2050	1
2051	2
2052	2
2053	0
2054	2
2055	1
2056	1
2057	0
2058	2
2059	2
2060	2
2061	0
2062	2
2063	1
2064	0
2065	3
2066	0
2067	2
2068	0
2069	0
2070	1
2071	1
2072	1
2073	2
2074	2
2075	3
2076	3
2077	2
2078	1
2079	2
2080	2
2081	4
2082	1
2083	1
2084	1
2085	0
2086	3
2087	1
2088	1
2089	0
2090	0
2091	4
2092	1
2093	2
2094	3
2095	0
2096	1
2097	0
2098	1
2099	1
2100	1
2101	0
2102	1
2103	2
2104	2
2105	1
2106	0
2107	1
2108	1
2109	1
2110	4
2111	2
2112	3
2113	2
2114	2
2115	1
2116	0
2117	1
2118	0
2119	1
2120	1
2121	2
2122	2
2123	2
2124	4
2125	0
2126	1
2127	1
2128	1
2129	0
2130	2
2131	1
2132	2
2133	1
2134	0
2135	2
2136	1
2137	2
2138	0
2139	0
2140	2
2141	2
2142	1
2143	1
2144	1
2145	2
2146	0
2147	2
2148	0
2149	1
2150	0
2151	1
2152	5
2153	2
2154	2
2155	1
2156	0
2157	1
2158	0
2159	1
2160	0
2161	1
2162	2
2163	0
2164	1
2165	2
2166	1
2167	1
2168	3
2169	1
2170	1
2171	0
2172	1
2173	0
2174	1
2175	0
2176	0
2177	1
2178	1
2179	1
2180	2
2181	0
2182	2
2183	2
2184	2
2185	0
2186	3
2187	0
2188	2
2189	0
2190	1
2191	1
2192	1
2193	1
2194	2
2195	0
2196	0
2197	2
2198	0
2199	1
2200	0
2201	2
2202	0
2203	0
2204	2
2205	2
2206	0
2207	2
2208	2
2209	1
2210	1
2211	2
2212	3
2213	1
2214	2
2215	1
2216	4
2217	1
2218	2
2219	1
2220	2
2221	1
2222	1
2223	1
2224	2
2225	1
2226	1
2227	1
2228	2
2229	0
2230	1
2231	3
2232	2
2233	3
2234	0
2235	0
2236	0
2237	0
2238	1
2239	1
2240	1
2241	0
2242	2
2243	1
2244	1
2245	0
2246	1
2247	0
2248	1
2249	2
2250	0
2251	1
2252	0
2253	2
2254	0
2255	0
2256	1
2257	0
2258	1
2259	1
2260	4
2261	2
2262	1
2263	1
2264	1
2265	1
2266	2
2267	0
2268	2
2269	0
2270	1
2271	2
2272	1
2273	1
2274	2
2275	0
2276	1
2277	2
2278	0
2279	1
2280	1
2281	1
2282	1
2283	0
2284	3
2285	2
2286	0
2287	0
2288	1
2289	3
2290	1
2291	1
2292	0
2293	1
2294	3
2295	2
2296	3
2297	4
2298	2
2299	0
2300	2
2301	0
2302	2
2303	1
2304	2
2305	2
2306	0
2307	0
2308	0
2309	3
2310	1
2311	2
2312	1
2313	1
2314	1
2315	0
2316	2
2317	3
2318	3
2319	1
2320	1
2321	1
2322	0
2323	1
2324	2
2325	2
2326	0
2327	0
2328	2
2329	1
2330	1
2331	1
2332	4
2333	4
2334	2
2335	3
2336	0
2337	2
2338	2
2339	0
2340	1
2341	1
2342	1
2343	1
2344	1
2345	1
2346	1
2347	4
2348	3
2349	0
2350	1
2351	0
2352	1
2353	0
2354	0
2355	1
2356	1
2357	1
2358	1
2359	0
2360	2
2361	1
2362	2
2363	2
2364	2
2365	2
2366	0
2367	1
2368	1
2369	0
2370	2
2371	2
2372	2
2373	0
2374	0
2375	0
2376	1
2377	0
2378	3
2379	1
2380	0
2381	1
2382	1
2383	2
2384	1
2385	2
2386	1
2387	2
2388	2
2389	0
2390	2
2391	2
2392	1
2393	0
2394	1
2395	0
2396	0
2397	3
2398	1
2399	1
2400	4
2401	2
2402	1
2403	0
2404	0
2405	1
2406	0
2407	3
2408	2
2409	3
2410	0
2411	1
2412	3
2413	1
2414	2
2415	1
2416	0
2417	2
2418	0
2419	0
2420	2
2421	1
2422	4
2423	1
2424	0
2425	1
2426	1
2427	1
2428	1
2429	1
2430	2
2431	1
2432	2
2433	4
2434	1
2435	0
2436	0
2437	1
2438	0
2439	1
2440	3
2441	2
2442	4
2443	0
2444	1
2445	2
2446	5
2447	1
2448	1
2449	3
2450	1
2451	3
2452	2
2453	1
2454	0
2455	0
2456	3
2457	0
2458	1
2459	1
2460	0
2461	0
2462	1
2463	2
2464	2
2465	0
2466	1
2467	0
2468	1
2469	2
2470	4
2471	0
2472	3
2473	1
2474	0
2475	0
2476	2
2477	0
2478	1
2479	0
2480	1
2481	0
2482	1
2483	1
2484	1
2485	0
2486	4
2487	3
2488	0
2489	1
2490	0
2491	0
2492	2
2493	0
2494	0
2495	0
2496	1
2497	0
2498	0
2499	1
2500	1
2501	2
2502	2
2503	1
2504	2
2505	3
2506	1
2507	0
2508	1
2509	0
2510	3
2511	1
2512	1
2513	2
2514	2
2515	2
2516	1
2517	0
2518	0
2519	1
2520	4
2521	1
2522	1
2523	0
2524	3
2525	0
2526	2
2527	1
2528	1
2529	3
2530	3
2531	0
2532	2
2533	2
2534	2
2535	1
2536	0
2537	0
2538	1
2539	2
2540	1
2541	0
2542	0
2543	1
2544	3
2545	1
2546	3
2547	1
2548	2
2549	2
2550	2
2551	2
2552	0
2553	1
2554	1
2555	1
2556	0
2557	0
2558	0
2559	1
2560	1
2561	2
2562	3
2563	0
2564	0
2565	2
2566	2
2567	3
2568	0
2569	0
2570	1
2571	1
2572	2
2573	2
2574	1
2575	0
2576	1
2577	1
2578	2
2579	3
2580	2
2581	3
2582	0
2583	0
2584	1
2585	1
2586	0
2587	0
2588	0
2589	1
2590	1
2591	0
2592	2
2593	1
2594	0
2595	1
2596	0
2597	0
2598	3
2599	2
2600	3
2601	0
2602	0
2603	1
2604	0
2605	3
2606	0
2607	1
2608	2
2609	0
2610	2
2611	0
2612	2
2613	3
2614	4
2615	1
2616	1
2617	1
2618	2
2619	4
2620	1
2621	2
2622	2
2623	1
2624	1
2625	2
2626	1
2627	2
2628	3
2629	1
2630	1
2631	2
2632	0
2633	3
2634	1
2635	2
2636	1
2637	0
2638	1
2639	2
2640	2
2641	0
2642	0
2643	1
2644	1
2645	2
2646	0
2647	0
2648	1
2649	0
2650	0
2651	2
2652	1
2653	1
2654	1
2655	0
2656	1
2657	2
2658	1
2659	0
2660	2
2661	0
2662	0
2663	1
2664	1
2665	1
2666	1
2667	1
2668	2
2669	1
2670	1
2671	1
2672	2
2673	0
2674	0
2675	0
2676	2
2677	1
2678	2
2679	3
2680	1
2681	1
2682	3
2683	0
2684	3
2685	1
2686	2
2687	3
2688	3
2689	3
2690	0
2691	2
2692	3
2693	1
2694	0
2695	2
2696	0
2697	0
2698	0
2699	3
2700	1
2701	0
2702	0
2703	3
2704	0
2705	1
2706	2
2707	2
2708	2
2709	3
2710	1
2711	2
2712	0
2713	1
2714	0
2715	1
2716	4
2717	0
2718	0
2719	3
2720	0
2721	1
2722	1
2723	1
2724	1
2725	1
2726	0
2727	0
2728	1
2729	1
2730	2
2731	2
2732	1
2733	0
2734	2
2735	0
2736	1
2737	1
2738	3
2739	1
2740	0
2741	2
2742	1
2743	1
2744	1
2745	2
2746	4
2747	2
2748	1
2749	0
2750	0
2751	2
2752	2
2753	1
2754	1
2755	0
2756	2
2757	0
2758	2
2759	2
2760	2
2761	0
2762	0
2763	1
2764	2
2765	1
2766	0
2767	0
2768	2
2769	2
2770	2
2771	1
2772	0
2773	0
2774	1
2775	1
2776	0
2777	1
2778	1
2779	0
2780	1
2781	1
2782	2
2783	1
2784	1
2785	0
2786	2
2787	0
2788	1
2789	3
2790	0
2791	1
2792	1
2793	2
2794	4
2795	0
2796	1
2797	0
2798	2
2799	1
2800	1
2801	0
2802	0
2803	1
2804	0
2805	2
2806	1
2807	1
2808	1
2809	1
2810	0
2811	3
2812	1
2813	0
2814	2
2815	0
2816	2
2817	1
2818	2
2819	1
2820	1
2821	2
2822	1
2823	0
2824	1
2825	2
2826	0
2827	0
2828	4
2829	2
2830	1
2831	2
2832	0
2833	1
2834	3
2835	1
2836	0
2837	2
2838	1
2839	0
2840	2
2841	0
2842	0
2843	1
2844	3
2845	0
2846	0
2847	2
2848	0
2849	3
2850	1
2851	1
2852	0
2853	3
2854	1
2855	1
2856	2
2857	2
2858	0
2859	3
2860	2
2861	0
2862	2
2863	0
2864	1
2865	1
2866	1
2867	1
2868	1
2869	0
2870	2
2871	0
2872	3
2873	0
2874	2
2875	0
2876	1
2877	1
2878	3
2879	1
2880	0
2881	1
2882	0
2883	0
2884	2
2885	0
2886	2
2887	0
2888	0
2889	1
2890	3
2891	0
2892	1
2893	0
2894	2
2895	1
2896	3
2897	1
2898	3
2899	0
2900	1
2901	3
2902	0
2903	2
2904	1
2905	0
2906	2
2907	1
2908	0
2909	2
2910	0
2911	0
2912	0
2913	3
2914	0
2915	1
2916	2
2917	1
2918	1
2919	1
2920	1
2921	1
2922	1
2923	0
2924	1
2925	2
2926	1
2927	1
2928	1
2929	1
2930	2
2931	1
2932	1
2933	0
2934	1
2935	0
2936	1
2937	4
2938	3
2939	0
2940	0
2941	0
2942	2
2943	0
2944	3
2945	2
2946	1
2947	1
2948	2
2949	0
2950	1
2951	1
2952	1
2953	1
2954	0
2955	1
2956	2
2957	2
2958	3
2959	0
2960	0
2961	3
2962	1
2963	1
2964	2
2965	2
2966	2
2967	1
2968	1
2969	2
2970	0
2971	2
2972	0
2973	1
2974	0
2975	1
2976	1
2977	0
2978	0
2979	1
2980	0
2981	0
2982	2
2983	3
2984	0
2985	1
2986	1
2987	2
2988	0
2989	0
2990	1
2991	2
2992	0
2993	3
2994	1
2995	2
2996	0
2997	3
2998	1
2999	3
3000	0
3001	0
3002	0
3003	1
3004	2
3005	1
3006	4
3007	1
3008	0
3009	2
3010	0
3011	1
3012	0
3013	2
3014	0
3015	2
3016	1
3017	0
3018	0
3019	2
3020	4
3021	2
3022	0
3023	0
3024	2
3025	0
3026	0
3027	1
3028	3
3029	1
3030	0
3031	2
3032	2
3033	3
3034	0
3035	1
3036	2
3037	2
3038	3
3039	0
3040	1
3041	1
3042	0
3043	2
3044	2
3045	2
3046	3
3047	1
3048	0
3049	0
3050	1
3051	1
3052	1
3053	1
3054	2
3055	0
3056	2
3057	1
3058	2
3059	0
3060	2
3061	1
3062	1
3063	2
3064	2
3065	1
3066	2
3067	0
3068	1
3069	2
3070	0
3071	2
3072	2
3073	0
3074	3
3075	0
3076	1
3077	1
3078	2
3079	2
3080	2
3081	1
3082	1
3083	3
3084	1
3085	2
3086	1
3087	1
3088	1
3089	0
3090	0
3091	0
3092	2
3093	1
3094	0
3095	0
3096	1
3097	0
3098	1
3099	2
3100	2
3101	1
3102	1
3103	1
3104	1
3105	2
3106	3
3107	1
3108	1
3109	2
3110	2
3111	2
3112	1
3113	1
3114	0
3115	1
3116	2
3117	0
3118	1
3119	2
3120	2
3121	0
3122	4
3123	2
3124	1
3125	1
3126	2
3127	1
3128	1
3129	1
3130	1
3131	1
3132	1
3133	1
3134	3
3135	1
3136	1
3137	1
3138	0
3139	2
3140	1
3141	0
3142	1
3143	1
3144	1
3145	1
3146	1
3147	2
3148	0
3149	1
3150	2
3151	4
3152	0
3153	3
3154	4
3155	2
3156	0
3157	1
3158	1
3159	1
3160	0
3161	1
3162	1
3163	1
3164	0
3165	2
3166	2
3167	0
3168	3
3169	2
3170	0
3171	2
3172	1
3173	0
3174	2
3175	1
3176	1
3177	1
3178	0
3179	0
3180	3
3181	2
3182	3
3183	1
3184	2
3185	0
3186	2
3187	2
3188	4
3189	2
3190	3
3191	0
3192	1
3193	0
3194	1
3195	0
3196	0
3197	2
3198	2
3199	0
3200	1
3201	0
3202	2
3203	0
3204	2
3205	2
3206	1
3207	2
3208	0
3209	3
3210	2
3211	2
3212	1
3213	1
3214	0
3215	1
3216	1
3217	1
3218	1
3219	3
3220	0
3221	0
3222	3
3223	5
3224	0
3225	0
3226	2
3227	4
3228	0
3229	3
3230	1
3231	0
3232	1
3233	2
3234	4
3235	0
3236	0
3237	1
3238	4
3239	4
3240	1
3241	2
3242	0
3243	1
3244	0
3245	0
3246	2
3247	1
3248	3
3249	1
3250	0
3251	0
3252	2
3253	1
3254	3
3255	1
3256	2
3257	0
3258	0
3259	0
3260	3
3261	2
3262	1
3263	1
3264	0
3265	1
3266	1
3267	2
3268	0
3269	1
3270	0
3271	4
3272	3
3273	0
3274	2
3275	0
3276	1
3277	0
3278	0
3279	1
3280	2
3281	0
3282	0
3283	0
3284	2
3285	1
3286	0
3287	1
3288	2
3289	0
3290	0
3291	0
3292	1
3293	0
3294	1
3295	3
3296	0
3297	1
3298	2
3299	1
3300	0
3301	4
3302	1
3303	2
3304	0
3305	2
3306	1
3307	2
3308	4
3309	1
3310	6
3311	1
3312	1
3313	2
3314	0
3315	0
3316	4
3317	0
3318	2
3319	0
3320	1
3321	3
3322	1
3323	1
3324	0
3325	1
3326	2
3327	1
3328	2
3329	1
3330	0
3331	0
3332	2
3333	1
3334	3
3335	2
3336	3
3337	3
3338	1
3339	2
3340	0
3341	4
3342	2
3343	0
3344	2
3345	0
3346	2
3347	2
3348	1
3349	0
3350	0
3351	2
3352	0
3353	1
3354	1
3355	0
3356	2
3357	0
3358	1
3359	1
3360	2
3361	4
3362	0
3363	1
3364	2
3365	1
3366	0
3367	1
3368	3
3369	0
3370	0
3371	0
3372	2
3373	1
3374	1
3375	2
3376	1
3377	1
3378	0
3379	2
3380	2
3381	3
3382	0
3383	0
3384	0
3385	1
3386	2
3387	1
3388	0
3389	2
3390	2
3391	4
3392	1
3393	3
3394	0
3395	2
3396	1
3397	1
3398	2
3399	0
3400	0
3401	4
3402	2
3403	1
3404	2
3405	0
3406	0
3407	4
3408	1
3409	0
3410	1
3411	1
3412	1
3413	2
3414	2
3415	2
3416	1
3417	4
3418	2
3419	1
3420	1
3421	1
3422	2
3423	0
3424	4
3425	1
3426	0
3427	1
3428	0
3429	1
3430	0
3431	0
3432	5
3433	1
3434	1
3435	1
3436	5
3437	1
3438	2
3439	2
3440	1
3441	4
3442	2
3443	2
3444	2
3445	2
3446	1
3447	1
3448	0
3449	0
3450	1
3451	1
3452	0
3453	3
3454	0
3455	1
3456	3
3457	2
3458	2
3459	0
3460	0
3461	0
3462	1
3463	1
3464	0
3465	0
3466	2
3467	4
3468	2
3469	2
3470	1
3471	0
3472	1
3473	0
3474	2
3475	1
3476	1
3477	2
3478	1
3479	1
3480	2
3481	2
3482	0
3483	1
3484	1
3485	1
3486	1
3487	3
3488	1
3489	1
3490	2
3491	0
3492	3
3493	1
3494	2
3495	2
3496	0
3497	2
3498	1
3499	1
3500	1
3501	4
3502	1
3503	1
3504	1
3505	0
3506	2
3507	0
3508	3
3509	0
3510	2
3511	1
3512	2
3513	0
3514	1
3515	3
3516	3
3517	0
3518	0
3519	3
3520	2
3521	3
3522	1
3523	0
3524	0
3525	3
3526	1
3527	0
3528	2
3529	2
3530	1
3531	3
3532	1
3533	1
3534	3
3535	2
3536	3
3537	0
3538	2
3539	1
3540	0
3541	2
3542	0
3543	3
3544	1
3545	2
3546	0
3547	0
3548	3
3549	0
3550	1
3551	0
3552	1
3553	0
3554	3
3555	2
3556	2
3557	0
3558	1
3559	3
3560	0
3561	3
3562	1
3563	2
3564	0
3565	2
3566	0
3567	3
3568	1
3569	2
3570	0
3571	0
3572	1
3573	1
3574	3
3575	1
3576	0
3577	1
3578	4
3579	1
3580	2
3581	1
3582	1
3583	2
3584	0
3585	3
3586	4
3587	0
3588	2
3589	1
3590	2
3591	2
3592	0
3593	1
3594	1
3595	0
3596	1
3597	1
3598	0
3599	0
3600	1
3601	0
3602	3
3603	1
3604	2
3605	3
3606	1
3607	1
3608	2
3609	2
3610	5
3611	1
3612	0
3613	0
3614	2
3615	4
3616	1
3617	1
3618	0
3619	1
3620	2
3621	2
3622	0
3623	0
3624	2
3625	0
3626	2
3627	0
3628	0
3629	0
3630	0
3631	2
3632	1
3633	4
3634	2
3635	1
3636	1
3637	0
3638	1
3639	2
3640	1
3641	2
3642	0
3643	3
3644	2
3645	1
3646	2
3647	0
3648	3
3649	1
3650	0
3651	0
3652	2
3653	1
3654	0
3655	0
3656	1
3657	1
3658	1
3659	1
3660	0
3661	3
3662	0
3663	1
3664	2
3665	1
3666	1
3667	0
3668	1
3669	2
3670	2
3671	2
3672	2
3673	2
3674	0
3675	0
3676	1
3677	1
3678	1
3679	0
3680	3
3681	0
3682	1
3683	1
3684	0
3685	3
3686	4
3687	1
3688	2
3689	0
3690	0
3691	1
3692	2
3693	0
3694	0
3695	1
3696	3
3697	0
3698	2
3699	4
3700	1
3701	0
3702	0
3703	1
3704	2
3705	2
3706	0
3707	0
3708	2
3709	0
3710	1
3711	1
3712	0
3713	0
3714	3
3715	3
3716	1
3717	1
3718	1
3719	1
3720	0
3721	1
3722	1
3723	3
3724	2
3725	1
3726	0
3727	1
3728	0
3729	2
3730	2
3731	0
3732	1
3733	1
3734	2
3735	0
3736	3
3737	1
3738	1
3739	1
3740	4
3741	3
3742	3
3743	4
3744	0
3745	3
3746	2
3747	1
3748	1
3749	1
3750	2
3751	2
3752	3
3753	3
3754	1
3755	1
3756	1
3757	1
3758	0
3759	2
3760	0
3761	5
3762	1
3763	1
3764	0
3765	1
3766	1
3767	0
3768	2
3769	3
3770	1
3771	1
3772	2
3773	0
3774	0
3775	0
3776	1
3777	0
3778	1
3779	2
3780	2
3781	2
3782	0
3783	1
3784	1
3785	0
3786	0
3787	1
3788	1
3789	2
3790	0
3791	1
3792	2
3793	2
3794	0
3795	2
3796	2
3797	3
3798	1
3799	2
3800	0
3801	0
3802	0
3803	1
3804	2
3805	1
3806	2
3807	1
3808	1
3809	1
3810	1
3811	3
3812	4
3813	1
3814	1
3815	2
3816	0
3817	1
3818	2
3819	2
3820	1
3821	2
3822	1
3823	1
3824	1
3825	3
3826	1
3827	2
3828	1
3829	1
3830	0
3831	1
3832	0
3833	0
3834	1
3835	1
3836	0
3837	1
3838	1
3839	2
3840	0
3841	0
3842	0
3843	2
3844	3
3845	1
3846	3
3847	3
3848	2
3849	2
3850	2
3851	1
3852	0
3853	2
3854	2
3855	0
3856	0
3857	1
3858	1
3859	1
3860	2
3861	1
3862	1
3863	0
3864	3
3865	1
3866	0
3867	1
3868	1
3869	1
3870	1
3871	0
3872	0
3873	1
3874	1
3875	0
3876	1
3877	0
3878	0
3879	2
3880	1
3881	1
3882	1
3883	2
3884	0
3885	1
3886	1
3887	1
3888	0
3889	0
3890	2
3891	0
3892	1
3893	1
3894	3
3895	2
3896	2
3897	0
3898	1
3899	1
3900	1
3901	2
3902	0
3903	1
3904	2
3905	2
3906	1
3907	0
3908	0
3909	2
3910	0
3911	1
3912	2
3913	0
3914	3
3915	0
3916	0
3917	1
3918	0
3919	0
3920	2
3921	0
3922	1
3923	2
3924	2
3925	0
3926	1
3927	0
3928	0
3929	1
3930	1
3931	0
3932	1
3933	2
3934	1
3935	2
3936	1
3937	0
3938	1
3939	1
3940	1
3941	3
3942	3
3943	0
3944	2
3945	2
3946	4
3947	2
3948	2
3949	2
3950	2
3951	0
3952	1
3953	0
3954	3
3955	0
3956	2
3957	1
3958	1
3959	2
3960	2
3961	0
3962	1
3963	0
3964	2
3965	0
3966	0
3967	1
3968	1
3969	1
3970	3
3971	1
3972	2
3973	1
3974	2
3975	2
3976	0
3977	2
3978	0
3979	3
3980	2
3981	0
3982	2
3983	0
3984	1
3985	1
3986	0
3987	0
3988	1
3989	3
3990	1
3991	2
3992	1
3993	3
3994	2
3995	1
3996	0
3997	0
3998	1
3999	0
4000	3
4001	5
4002	1
4003	2
4004	2
4005	2
4006	0
4007	1
4008	2
4009	0
4010	1
4011	1
4012	2
4013	1
4014	1
4015	3
4016	3
4017	1
4018	0
4019	1
4020	0
4021	2
4022	0
4023	0
4024	1
4025	2
4026	1
4027	3
4028	1
4029	1
4030	1
4031	3
4032	2
4033	1
4034	1
4035	0
4036	0
4037	1
4038	1
4039	1
4040	0
4041	2
4042	1
4043	1
4044	2
4045	1
4046	4
4047	0
4048	0
4049	3
4050	3
4051	1
4052	1
4053	2
4054	1
4055	2
4056	0
4057	0
4058	2
4059	1
4060	4
4061	2
4062	3
4063	1
4064	2
4065	2
4066	1
4067	0
4068	0
4069	2
4070	2
4071	1
4072	2
4073	0
4074	0
4075	1
4076	1
4077	0
4078	1
4079	1
4080	0
4081	1
4082	0
4083	0
4084	1
4085	1
4086	1
4087	1
4088	1
4089	1
4090	3
4091	0
4092	1
4093	1
4094	2
4095	2
4096	2
4097	1
4098	1
4099	0
4100	1
4101	1
4102	1
4103	1
4104	0
4105	1
4106	1
4107	1
4108	4
4109	0
4110	0
4111	0
4112	3
4113	2
4114	1
4115	0
4116	3
4117	0
4118	0
4119	0
4120	1
4121	1
4122	0
4123	0
4124	2
4125	1
4126	1
4127	1
4128	0
4129	0
4130	1
4131	1
4132	0
4133	1
4134	1
4135	1
4136	0
4137	0
4138	1
4139	3
4140	0
4141	1
4142	1
4143	0
4144	0
4145	1
4146	2
4147	1
4148	3
4149	2
4150	1
4151	0
4152	0
4153	4
4154	1
4155	3
4156	1
4157	1
4158	0
4159	1
4160	0
4161	1
4162	3
4163	0
4164	1
4165	0
4166	0
4167	1
4168	1
4169	1
4170	1
4171	1
4172	2
4173	1
4174	0
4175	1
4176	1
4177	2
4178	1
4179	2
4180	0
4181	0
4182	0
4183	1
4184	2
4185	2
4186	2
4187	5
4188	0
4189	1
4190	3
4191	2
4192	0
4193	2
4194	1
4195	0
4196	1
4197	1
4198	0
4199	1
4200	3
4201	0
4202	3
4203	0
4204	0
4205	1
4206	2
4207	2
4208	2
4209	2
4210	0
4211	3
4212	3
4213	1
4214	0
4215	0
4216	1
4217	2
4218	0
4219	0
4220	2
4221	0
4222	6
4223	2
4224	0
4225	1
4226	1
4227	3
4228	1
4229	1
4230	0
4231	3
4232	1
4233	0
4234	2
4235	1
4236	1
4237	0
4238	1
4239	7
4240	1
4241	1
4242	1
4243	1
4244	0
4245	0
4246	1
4247	2
4248	7
4249	2
4250	4
4251	3
4252	3
4253	2
4254	1
4255	0
4256	0
4257	0
4258	1
4259	1
4260	1
4261	0
4262	4
4263	3
4264	2
4265	1
4266	2
4267	4
4268	2
4269	2
4270	1
4271	1
4272	1
4273	1
4274	1
4275	3
4276	1
4277	1
4278	2
4279	0
4280	1
4281	2
4282	1
4283	0
4284	1
4285	1
4286	3
4287	0
4288	3
4289	0
4290	0
4291	3
4292	0
4293	1
4294	0
4295	2
4296	1
4297	3
4298	1
4299	2
4300	0
4301	1
4302	0
4303	0
4304	0
4305	1
4306	0
4307	0
4308	2
4309	0
4310	2
4311	0
4312	0
4313	1
4314	1
4315	1
4316	0
4317	1
4318	1
4319	1
4320	0
4321	0
4322	1
4323	1
4324	2
4325	1
4326	1
4327	0
4328	1
4329	0
4330	0
4331	1
4332	1
4333	4
4334	3
4335	3
4336	1
4337	0
4338	1
4339	0
4340	1
4341	1
4342	3
4343	1
4344	2
4345	0
4346	2
4347	2
4348	2
4349	0
4350	1
4351	0
4352	3
4353	1
4354	0
4355	2
4356	0
4357	2
4358	1
4359	1
4360	0
4361	1
4362	2
4363	0
4364	0
4365	0
4366	0
4367	1
4368	0
4369	2
4370	3
4371	3
4372	1
4373	0
4374	2
4375	1
4376	3
4377	2
4378	1
4379	4
4380	1
4381	1
4382	4
4383	1
4384	0
4385	3
4386	3
4387	0
4388	1
4389	3
4390	1
4391	1
4392	0
4393	1
4394	0
4395	1
4396	2
4397	1
4398	2
4399	0
4400	3
4401	2
4402	2
4403	0
4404	1
4405	2
4406	2
4407	1
4408	1
4409	1
4410	2
4411	2
4412	1
4413	0
4414	2
4415	1
4416	0
4417	1
4418	0
4419	1
4420	0
4421	1
4422	2
4423	1
4424	1
4425	0
4426	2
4427	2
4428	2
4429	1
4430	1
4431	2
4432	0
4433	2
4434	1
4435	1
4436	2
4437	0
4438	2
4439	0
4440	1
4441	1
4442	1
4443	1
4444	1
4445	2
4446	2
4447	0
4448	0
4449	4
4450	1
4451	1
4452	2
4453	0
4454	0
4455	1
4456	2
4457	0
4458	1
4459	2
4460	1
4461	2
4462	2
4463	1
4464	1
4465	1
4466	0
4467	0
4468	0
4469	0
4470	1
4471	0
4472	2
4473	2
4474	1
4475	4
4476	1
4477	0
4478	2
4479	0
4480	2
4481	0
4482	0
4483	3
4484	0
4485	1
4486	2
4487	3
4488	1
4489	1
4490	0
4491	0
4492	3
4493	3
4494	2
4495	0
4496	0
4497	2
4498	0
4499	0
4500	1
4501	1
4502	1
4503	1
4504	1
4505	2
4506	1
4507	2
4508	3
4509	2
4510	1
4511	1
4512	0
4513	1
4514	0
4515	0
4516	0
4517	0
4518	0
4519	1
4520	1
4521	0
4522	1
4523	1
4524	2
4525	0
4526	1
4527	1
4528	0
4529	0
4530	1
4531	2
4532	0
4533	1
4534	0
4535	2
4536	3
4537	3
4538	0
4539	1
4540	1
4541	0
4542	2
4543	2
4544	2
4545	1
4546	2
4547	0
4548	1
4549	2
4550	3
4551	0
4552	1
4553	1
4554	2
4555	0
4556	2
4557	0
4558	1
4559	1
4560	0
4561	0
4562	4
4563	4
4564	0
4565	0
4566	3
4567	1
4568	0
4569	1
4570	0
4571	0
4572	1
4573	2
4574	1
4575	1
4576	0
4577	0
4578	3
4579	4
4580	2
4581	2
4582	1
4583	2
4584	2
4585	3
4586	2
4587	0
4588	2
4589	0
4590	1
4591	3
4592	0
4593	0
4594	0
4595	4
4596	0
4597	2
4598	1
4599	2
4600	0
4601	2
4602	2
4603	2
4604	1
4605	0
4606	1
4607	0
4608	2
4609	0
4610	1
4611	0
4612	1
4613	1
4614	2
4615	0
4616	1
4617	0
4618	1
4619	1
4620	2
4621	0
4622	1
4623	1
4624	3
4625	4
4626	0
4627	2
4628	0
4629	4
4630	5
4631	4
4632	1
4633	1
4634	1
4635	3
4636	1
4637	2
4638	2
4639	2
4640	3
4641	1
4642	0
4643	1
4644	0
4645	4
4646	0
4647	0
4648	2
4649	1
4650	2
4651	1
4652	1
4653	2
4654	1
4655	0
4656	3
4657	2
4658	1
4659	0
4660	2
4661	0
4662	2
4663	2
4664	0
4665	1
4666	1
4667	1
4668	3
4669	0
4670	1
4671	0
4672	1
4673	2
4674	1
4675	2
4676	3
4677	3
4678	1
4679	2
4680	0
4681	3
4682	2
4683	2
4684	2
4685	1
4686	3
4687	3
4688	4
4689	0
4690	1
4691	1
4692	3
4693	2
4694	0
4695	1
4696	1
4697	3
4698	0
4699	2
4700	1
4701	1
4702	2
4703	1
4704	2
4705	2
4706	1
4707	1
4708	1
4709	1
4710	2
4711	0
4712	1
4713	4
4714	0
4715	3
4716	0
4717	0
4718	1
4719	0
4720	1
4721	2
4722	3
4723	1
4724	2
4725	0
4726	2
4727	0
4728	2
4729	1
4730	1
4731	2
4732	0
4733	1
4734	2
4735	1
4736	3
4737	0
4738	3
4739	0
4740	2
4741	2
4742	3
4743	1
4744	1
4745	3
4746	1
4747	1
4748	2
4749	1
4750	0
4751	1
4752	1
4753	0
4754	1
4755	2
4756	0
4757	2
4758	1
4759	1
4760	2
4761	0
4762	3
4763	1
4764	2
4765	1
4766	0
4767	0
4768	4
4769	2
4770	1
4771	0
4772	1
4773	2
4774	0
4775	2
4776	2
4777	1
4778	2
4779	0
4780	3
4781	0
4782	1
4783	0
4784	1
4785	2
4786	1
4787	1
4788	1
4789	1
4790	0
4791	0
4792	1
4793	1
4794	1
4795	0
4796	2
4797	3
4798	1
4799	7
4800	0
4801	1
4802	4
4803	0
4804	0
4805	1
4806	2
4807	1
4808	1
4809	1
4810	2
4811	1
4812	1
4813	1
4814	0
4815	1
4816	1
4817	0
4818	2
4819	4
4820	2
4821	2
4822	3
4823	0
4824	2
4825	1
4826	1
4827	2
4828	3
4829	2
4830	2
4831	3
4832	2
4833	2
4834	0
4835	0
4836	1
4837	2
4838	3
4839	2
4840	2
4841	0
4842	0
4843	1
4844	1
4845	2
4846	0
4847	0
4848	2
4849	1
4850	1
4851	0
4852	1
4853	3
4854	0
4855	2
4856	1
4857	0
4858	0
4859	4
4860	2
4861	4
4862	0
4863	1
4864	1
4865	1
4866	0
4867	2
4868	0
4869	1
4870	0
4871	3
4872	2
4873	1
4874	2
4875	1
4876	1
4877	1
4878	1
4879	3
4880	0
4881	1
4882	1
4883	2
4884	1
4885	0
4886	1
4887	1
4888	0
4889	4
4890	1
4891	1
4892	0
4893	1
4894	1
4895	1
4896	2
4897	1
4898	3
4899	0
4900	0
4901	3
4902	1
4903	1
4904	3
4905	1
4906	1
4907	2
4908	0
4909	2
4910	1
4911	2
4912	2
4913	0
4914	2
4915	1
4916	0
4917	2
4918	1
4919	3
4920	1
4921	1
4922	3
4923	1
4924	1
4925	0
4926	0
4927	2
4928	0
4929	1
4930	4
4931	1
4932	2
4933	0
4934	2
4935	2
4936	2
4937	1
4938	0
4939	1
4940	3
4941	0
4942	3
4943	1
4944	2
4945	0
4946	0
4947	0
4948	0
4949	2
4950	2
4951	0
4952	3
4953	2
4954	1
4955	0
4956	2
4957	1
4958	1
4959	4
4960	2
4961	1
4962	0
4963	2
4964	1
4965	1
4966	1
4967	1
4968	0
4969	3
4970	1
4971	1
4972	2
4973	2
4974	0
4975	1
4976	1
4977	1
4978	3
4979	3
4980	2
4981	1
4982	1
4983	3
4984	1
4985	0
4986	3
4987	2
4988	3
4989	3
4990	2
4991	1
4992	3
4993	0
4994	2
4995	0
4996	0
4997	2
4998	0
4999	2
5000	3
5001	2
5002	1
5003	0
5004	0
5005	1
5006	2
5007	2
5008	1
5009	2
5010	2
5011	1
5012	0
5013	2
5014	1
5015	0
5016	0
5017	1
5018	2
5019	1
5020	0
5021	0
5022	1
5023	1
5024	1
5025	4
5026	3
5027	1
5028	1
5029	2
5030	1
5031	3
5032	2
5033	1
5034	1
5035	1
5036	1
5037	2
5038	0
5039	1
5040	3
5041	1
5042	0
5043	0
5044	1
5045	0
5046	0
5047	1
5048	0
5049	2
5050	1
5051	0
5052	0
5053	1
5054	2
5055	1
5056	1
5057	2
5058	2
5059	4
5060	3
5061	0
5062	0
5063	1
5064	2
5065	0
5066	1
5067	2
5068	2
5069	2
5070	0
5071	2
5072	0
5073	0
5074	1
5075	1
5076	2
5077	4
5078	1
5079	1
5080	0
5081	0
5082	1
5083	0
5084	1
5085	0
5086	1
5087	1
5088	1
5089	2
5090	0
5091	4
5092	3
5093	1
5094	1
5095	2
5096	1
5097	1
5098	2
5099	1
5100	3
5101	1
5102	0
5103	1
5104	0
5105	0
5106	1
5107	0
5108	0
5109	0
5110	1
5111	1
5112	2
5113	2
5114	2
5115	3
5116	3
5117	1
5118	2
5119	0
5120	1
5121	0
5122	1
5123	2
5124	1
5125	1
5126	1
5127	0
5128	0
5129	4
5130	2
5131	1
5132	2
5133	2
5134	2
5135	1
5136	1
5137	1
5138	0
5139	1
5140	2
5141	1
5142	2
5143	2
5144	0
5145	1
5146	1
5147	0
5148	1
5149	2
5150	3
5151	0
5152	2
5153	2
5154	0
5155	2
5156	0
5157	3
5158	2
5159	3
5160	1
5161	2
5162	1
5163	0
5164	1
5165	1
5166	3
5167	1
5168	0
5169	1
5170	1
5171	0
5172	2
5173	1
5174	0
5175	2
5176	0
5177	0
5178	1
5179	3
5180	1
5181	1
5182	1
5183	0
5184	1
5185	0
5186	1
5187	1
5188	1
5189	1
5190	0
5191	2
5192	1
5193	3
5194	2
5195	2
5196	1
5197	0
5198	2
5199	2
5200	0
5201	2
5202	1
5203	3
5204	0
5205	1
5206	1
5207	0
5208	1
5209	1
5210	0
5211	1
5212	0
5213	1
5214	0
5215	2
5216	1
5217	3
5218	0
5219	1
5220	0
5221	1
5222	0
5223	0
5224	1
5225	1
5226	0
5227	2
5228	0
5229	0
5230	1
5231	3
5232	0
5233	3
5234	4
5235	3
5236	2
5237	0
5238	1
5239	1
5240	3
5241	0
5242	0
5243	2
5244	0
5245	1
5246	1
5247	0
5248	1
5249	1
5250	1
5251	0
5252	2
5253	1
5254	1
5255	1
5256	3
5257	2
5258	1
5259	1
5260	0
5261	3
5262	0
5263	2
5264	0
5265	1
5266	0
5267	0
5268	1
5269	0
5270	2
5271	0
5272	2
5273	1
5274	2
5275	0
5276	0
5277	2
5278	1
5279	1
5280	0
5281	5
5282	2
5283	1
5284	1
5285	1
5286	2
5287	2
5288	2
5289	1
5290	2
5291	1
5292	1
5293	1
5294	0
5295	0
5296	1
5297	2
5298	1
5299	0
5300	1
5301	1
5302	0
5303	1
5304	2
5305	1
5306	0
5307	2
5308	0
5309	4
5310	1
5311	2
5312	3
5313	2
5314	2
5315	3
5316	2
5317	1
5318	1
5319	0
5320	1
5321	0
5322	0
5323	1
5324	1
5325	2
5326	2
5327	0
5328	1
5329	2
5330	1
5331	3
5332	0
5333	0
5334	0
5335	1
5336	1
5337	1
5338	0
5339	1
5340	0
5341	0
5342	2
5343	2
5344	0
5345	3
5346	2
5347	0
5348	1
5349	2
5350	1
5351	1
5352	0
5353	1
5354	1
5355	1
5356	1
5357	4
5358	0
5359	3
5360	2
5361	2
5362	0
5363	0
5364	2
5365	0
5366	1
5367	3
5368	4
5369	1
5370	3
5371	1
5372	3
5373	1
5374	2
5375	1
5376	2
5377	1
5378	1
5379	1
5380	1
5381	1
5382	1
5383	2
5384	1
5385	1
5386	2
5387	1
5388	2
5389	2
5390	1
5391	1
5392	0
5393	3
5394	0
5395	4
5396	0
5397	2
5398	0
5399	0
5400	3
5401	1
5402	0
5403	3
5404	0
5405	2
5406	1
5407	1
5408	1
5409	1
5410	2
5411	1
5412	0
5413	2
5414	1
5415	4
5416	4
5417	2
5418	2
5419	1
5420	1
5421	0
5422	2
5423	2
5424	0
5425	1
5426	1
5427	2
5428	1
5429	2
5430	2
5431	1
5432	3
5433	0
5434	0
5435	0
5436	1
5437	0
5438	1
5439	1
5440	2
5441	0
5442	1
5443	3
5444	0
5445	0
5446	3
5447	1
5448	1
5449	0
5450	1
5451	1
5452	0
5453	1
5454	1
5455	1
5456	2
5457	0
5458	0
5459	2
5460	2
5461	4
5462	0
5463	1
5464	0
5465	2
5466	0
5467	2
5468	0
5469	2
5470	0
5471	1
5472	1
5473	2
5474	0
5475	1
5476	0
5477	2
5478	3
5479	4
5480	2
5481	0
5482	1
5483	3
5484	1
5485	0
5486	1
5487	2
5488	1
5489	0
5490	0
5491	2
5492	2
5493	1
5494	0
5495	1
5496	2
5497	0
5498	0
5499	0
5500	0
5501	2
5502	1
5503	1
5504	0
5505	0
5506	3
5507	2
5508	1
5509	2
5510	1
5511	1
5512	0
5513	0
5514	0
5515	0
5516	3
5517	0
5518	0
5519	1
5520	1
5521	2
5522	1
5523	0
5524	2
5525	3
5526	1
5527	1
5528	2
5529	2
5530	0
5531	1
5532	2
5533	0
5534	2
5535	1
5536	2
5537	1
5538	1
5539	1
5540	2
5541	1
5542	3
5543	2
5544	2
5545	2
5546	0
5547	2
5548	2
5549	2
5550	3
5551	4
5552	1
5553	0
5554	3
5555	2
5556	4
5557	1
5558	2
5559	1
5560	0
5561	1
5562	0
5563	2
5564	1
5565	1
5566	3
5567	1
5568	0
5569	2
5570	1
5571	1
5572	1
5573	1
5574	0
5575	2
5576	2
5577	1
5578	1
5579	1
5580	1
5581	1
5582	1
5583	2
5584	2
5585	0
5586	4
5587	1
5588	0
5589	1
5590	2
5591	2
5592	0
5593	2
5594	2
5595	7
5596	1
5597	2
5598	0
5599	4
5600	2
5601	1
5602	3
5603	2
5604	0
5605	0
5606	0
5607	1
5608	0
5609	2
5610	1
5611	0
5612	1
5613	0
5614	2
5615	1
5616	2
5617	1
5618	1
5619	2
5620	2
5621	1
5622	1
5623	0
5624	1
5625	3
5626	1
5627	2
5628	0
5629	1
5630	0
5631	1
5632	0
5633	2
5634	0
5635	2
5636	1
5637	0
5638	0
5639	0
5640	1
5641	0
5642	1
5643	2
5644	1
5645	1
5646	0
5647	1
5648	1
5649	1
5650	1
5651	1
5652	0
5653	3
5654	2
5655	0
5656	2
5657	2
5658	3
5659	1
5660	0
5661	2
5662	1
5663	2
5664	0
5665	1
5666	0
5667	1
5668	0
5669	2
5670	0
5671	2
5672	0
5673	2
5674	1
5675	3
5676	1
5677	0
5678	0
5679	1
5680	3
5681	1
5682	1
5683	0
5684	1
5685	2
5686	0
5687	0
5688	0
5689	3
5690	1
5691	0
5692	3
5693	2
5694	0
5695	4
5696	0
5697	0
5698	1
5699	3
5700	0
5701	0
5702	1
5703	3
5704	1
5705	0
5706	0
5707	2
5708	1
5709	2
5710	0
5711	0
5712	3
5713	1
5714	0
5715	0
5716	0
5717	0
5718	0
5719	0
5720	1
5721	0
5722	1
5723	1
5724	0
5725	0
5726	0
5727	1
5728	1
5729	2
5730	1
5731	4
5732	0
5733	0
5734	0
5735	1
5736	2
5737	1
5738	0
5739	0
5740	1
5741	1
5742	1
5743	2
5744	0
5745	2
5746	0
5747	1
5748	0
5749	1
5750	1
5751	1
5752	1
5753	3
5754	2
5755	1
5756	3
5757	2
5758	1
5759	1
5760	0
5761	2
5762	2
5763	3
5764	0
5765	2
5766	0
5767	1
5768	1
5769	1
5770	1
5771	1
5772	1
5773	1
5774	3
5775	1
5776	1
5777	0
5778	1
5779	1
5780	1
5781	2
5782	0
5783	1
5784	3
5785	1
5786	0
5787	1
5788	3
5789	0
5790	2
5791	0
5792	1
5793	1
5794	1
5795	1
5796	2
5797	1
5798	1
5799	2
5800	0
5801	2
5802	1
5803	0
5804	1
5805	1
5806	0
5807	1
5808	4
5809	2
5810	1
5811	1
5812	0
5813	2
5814	2
5815	0
5816	0
5817	0
5818	0
5819	1
5820	2
5821	0
5822	2
5823	0
5824	0
5825	2
5826	0
5827	0
5828	1
5829	0
5830	0
5831	1
5832	3
5833	1
5834	0
5835	0
5836	0
5837	1
5838	2
5839	2
5840	0
5841	1
5842	0
5843	4
5844	1
5845	0
5846	2
5847	1
5848	0
5849	0
5850	0
5851	2
5852	1
5853	2
5854	3
5855	0
5856	1
5857	1
5858	0
5859	1
5860	2
5861	0
5862	2
5863	0
5864	0
5865	2
5866	1
5867	3
5868	1
5869	0
5870	1
5871	0
5872	1
5873	1
5874	1
5875	1
5876	0
5877	1
5878	1
5879	0
5880	1
5881	2
5882	1
5883	4
5884	1
5885	1
5886	2
5887	0
5888	2
5889	1
5890	2
5891	2
5892	1
5893	1
5894	7
5895	1
5896	1
5897	0
5898	2
5899	0
5900	1
5901	2
5902	1
5903	1
5904	1
5905	2
5906	0
5907	1
5908	1
5909	1
5910	1
5911	1
5912	1
5913	0
5914	1
5915	1
5916	0
5917	1
5918	2
5919	0
5920	3
5921	2
5922	0
5923	0
5924	1
5925	3
5926	3
5927	6
5928	4
5929	0
5930	2
5931	2
5932	1
5933	1
5934	2
5935	1
5936	2
5937	2
5938	0
5939	2
5940	3
5941	1
5942	3
5943	0
5944	1
5945	1
5946	1
5947	2
5948	0
5949	0
5950	2
5951	0
5952	0
5953	1
5954	0
5955	1
5956	1
5957	0
5958	2
5959	0
5960	0
5961	2
5962	1
5963	2
5964	0
5965	0
5966	1
5967	0
5968	0
5969	0
5970	1
5971	1
5972	0
5973	1
5974	3
5975	0
5976	3
5977	4
5978	1
5979	0
5980	1
5981	1
5982	2
5983	0
5984	2
5985	1
5986	2
5987	1
5988	1
5989	2
5990	1
5991	1
5992	2
5993	1
5994	0
5995	1
5996	0
5997	2
5998	4
5999	1
6000	0
6001	1
6002	1
6003	1
6004	2
6005	2
6006	3
6007	1
6008	0
6009	0
6010	0
6011	0
6012	3
6013	2
6014	1
6015	2
6016	0
6017	2
6018	2
6019	3
6020	1
6021	1
6022	2
6023	1
6024	1
6025	0
6026	0
6027	4
6028	0
6029	2
6030	1
6031	1
6032	3
6033	6
6034	1
6035	1
6036	1
6037	1
6038	0
6039	1
6040	1
6041	1
6042	1
6043	0
6044	1
6045	3
6046	2
6047	0
6048	1
6049	0
6050	2
6051	0
6052	0
6053	0
6054	1
6055	0
6056	1
6057	0
6058	4
6059	2
6060	2
6061	2
6062	2
6063	2
6064	1
6065	3
6066	1
6067	3
6068	3
6069	1
6070	3
6071	1
6072	3
6073	0
6074	3
6075	0
6076	0
6077	0
6078	1
6079	0
6080	1
6081	0
6082	1
6083	1
6084	2
6085	3
6086	2
6087	2
6088	2
6089	0
6090	0
6091	1
6092	1
6093	1
6094	0
6095	1
6096	0
6097	0
6098	1
6099	0
6100	1
6101	0
6102	0
6103	1
6104	3
6105	2
6106	0
6107	0
6108	3
6109	1
6110	2
6111	0
6112	0
6113	2
6114	0
6115	0
6116	0
6117	1
6118	1
6119	3
6120	0
6121	2
6122	0
6123	2
6124	0
6125	1
6126	2
6127	0
6128	0
6129	2
6130	1
6131	1
6132	1
6133	0
6134	0
6135	0
6136	1
6137	0
6138	3
6139	0
6140	0
6141	1
6142	2
6143	2
6144	0
6145	0
6146	1
6147	0
6148	0
6149	2
6150	1
6151	0
6152	1
6153	2
6154	0
6155	1
6156	2
6157	0
6158	2
6159	1
6160	1
6161	2
6162	1
6163	0
6164	2
6165	1
6166	0
6167	1
6168	1
6169	1
6170	3
6171	1
6172	0
6173	3
6174	2
6175	0
6176	2
6177	1
6178	2
6179	0
6180	1
6181	0
6182	0
6183	0
6184	0
6185	1
6186	2
6187	1
6188	0
6189	1
6190	2
6191	0
6192	0
6193	1
6194	0
6195	0
6196	3
6197	1
6198	2
6199	1
6200	2
6201	3
6202	2
6203	0
6204	2
6205	2
6206	3
6207	1
6208	1
6209	2
6210	2
6211	2
6212	0
6213	2
6214	1
6215	0
6216	2
6217	1
6218	1
6219	1
6220	0
6221	0
6222	1
6223	0
6224	1
6225	0
6226	1
6227	1
6228	0
6229	1
6230	1
6231	2
6232	0
6233	1
6234	2
6235	1
6236	2
6237	4
6238	1
6239	2
6240	0
6241	2
6242	1
6243	1
6244	0
6245	1
6246	2
6247	0
6248	0
6249	1
6250	3
6251	1
6252	0
6253	2
6254	1
6255	1
6256	0
6257	0
6258	2
6259	2
6260	0
6261	1
6262	1
6263	3
6264	1
6265	0
6266	1
6267	0
6268	0
6269	2
6270	2
6271	1
6272	2
6273	0
6274	0
6275	1
6276	1
6277	1
6278	5
6279	1
6280	1
6281	2
6282	1
6283	4
6284	1
6285	0
6286	2
6287	2
6288	1
6289	1
6290	3
6291	3
6292	0
6293	3
6294	1
6295	1
6296	0
6297	4
6298	1
6299	1
6300	3
6301	2
6302	3
6303	3
6304	0
6305	0
6306	1
6307	1
6308	0
6309	2
6310	0
6311	0
6312	2
6313	1
6314	3
6315	3
6316	0
6317	0
6318	0
6319	3
6320	2
6321	4
6322	0
6323	2
6324	0
6325	0
6326	1
6327	1
6328	0
6329	2
6330	0
6331	2
6332	2
6333	1
6334	0
6335	2
6336	0
6337	0
6338	0
6339	2
6340	1
6341	2
6342	0
6343	0
6344	0
6345	2
6346	3
6347	1
6348	0
6349	1
6350	5
6351	2
6352	2
6353	1
6354	0
6355	1
6356	2
6357	1
6358	0
6359	1
6360	0
6361	1
6362	2
6363	2
6364	3
6365	2
6366	1
6367	3
6368	1
6369	0
6370	1
6371	4
6372	1
6373	3
6374	1
6375	3
6376	1
6377	3
6378	0
6379	0
6380	4
6381	2
6382	1
6383	0
6384	1
6385	2
6386	0
6387	0
6388	1
6389	2
6390	0
6391	4
6392	1
6393	3
6394	1
6395	5
6396	1
6397	1
6398	0
6399	3
6400	0
6401	0
6402	2
6403	1
6404	1
6405	0
6406	0
6407	2
6408	2
6409	1
6410	2
6411	1
6412	1
6413	0
6414	0
6415	2
6416	0
6417	1
6418	4
6419	0
6420	0
6421	1
6422	2
6423	1
6424	1
6425	2
6426	0
6427	2
6428	2
6429	2
6430	1
6431	3
6432	0
6433	0
6434	1
6435	1
6436	1
6437	0
6438	1
6439	1
6440	0
6441	4
6442	1
6443	1
6444	2
6445	1
6446	2
6447	3
6448	1
6449	1
6450	2
6451	1
6452	0
6453	3
6454	1
6455	1
6456	1
6457	0
6458	0
6459	0
6460	2
6461	3
6462	2
6463	0
6464	2
6465	2
6466	2
6467	3
6468	1
6469	3
6470	1
6471	1
6472	2
6473	1
6474	2
6475	4
6476	1
6477	1
6478	0
6479	0
6480	0
6481	1
6482	0
6483	1
6484	0
6485	0
6486	1
6487	3
6488	3
6489	2
6490	0
6491	2
6492	0
6493	1
6494	1
6495	0
6496	3
6497	0
6498	0
6499	0
6500	1
6501	3
6502	2
6503	0
6504	3
6505	2
6506	0
6507	1
6508	1
6509	3
6510	1
6511	0
6512	1
6513	1
6514	2
6515	0
6516	0
6517	1
6518	2
6519	0
6520	2
6521	1
6522	2
6523	3
6524	3
6525	0
6526	1
6527	0
6528	0
6529	1
6530	1
6531	2
6532	0
6533	0
6534	1
6535	1
6536	2
6537	2
6538	1
6539	3
6540	2
6541	1
6542	0
6543	2
6544	1
6545	3
6546	2
6547	2
6548	1
6549	0
6550	2
6551	2
6552	2
6553	0
6554	1
6555	1
6556	0
6557	0
6558	0
6559	1
6560	0
6561	2
6562	0
6563	0
6564	1
6565	1
6566	0
6567	2
6568	0
6569	0
6570	0
6571	3
6572	2
6573	2
6574	0
6575	0
6576	1
6577	1
6578	1
6579	0
6580	3
6581	2
6582	1
6583	1
6584	1
6585	1
6586	1
6587	0
6588	1
6589	0
6590	0
6591	2
6592	2
6593	1
6594	3
6595	1
6596	1
6597	2
6598	2
6599	0
6600	1
6601	3
6602	1
6603	0
6604	0
6605	3
6606	0
6607	2
6608	1
6609	0
6610	0
6611	2
6612	1
6613	2
6614	1
6615	0
6616	0
6617	2
6618	2
6619	1
6620	0
6621	0
6622	0
6623	0
6624	2
6625	0
6626	1
6627	1
6628	3
6629	1
6630	2
6631	4
6632	0
6633	0
6634	1
6635	1
6636	0
6637	1
6638	2
6639	2
6640	2
6641	0
6642	2
6643	2
6644	2
6645	2
6646	1
6647	2
6648	2
6649	0
6650	1
6651	1
6652	1
6653	1
6654	0
6655	0
6656	2
6657	1
6658	0
6659	2
6660	2
6661	1
6662	0
6663	2
6664	1
6665	3
6666	1
6667	1
6668	3
6669	0
6670	1
6671	0
6672	1
6673	1
6674	0
6675	0
6676	3
6677	1
6678	2
6679	2
6680	0
6681	1
6682	4
6683	1
6684	1
6685	0
6686	1
6687	3
6688	2
6689	2
6690	0
6691	2
6692	0
6693	2
6694	2
6695	1
6696	1
6697	0
6698	0
6699	0
6700	2
6701	2
6702	1
6703	0
6704	2
6705	1
6706	1
6707	0
6708	0
6709	1
6710	0
6711	3
6712	1
6713	1
6714	0
6715	0
6716	1
6717	4
6718	3
6719	1
6720	0
6721	0
6722	1
6723	0
6724	2
6725	1
6726	0
6727	1
6728	0
6729	0
6730	2
6731	3
6732	2
6733	1
6734	1
6735	0
6736	1
6737	2
6738	0
6739	2
6740	2
6741	1
6742	3
6743	0
6744	0
6745	0
6746	0
6747	1
6748	1
6749	1
6750	2
6751	1
6752	1
6753	2
6754	0
6755	1
6756	2
6757	0
6758	0
6759	1
6760	1
6761	2
6762	0
6763	0
6764	0
6765	1
6766	2
6767	4
6768	2
6769	3
6770	0
6771	1
6772	0
6773	2
6774	0
6775	2
6776	1
6777	3
6778	3
6779	1
6780	2
6781	1
6782	3
6783	1
6784	1
6785	2
6786	1
6787	2
6788	0
6789	1
6790	0
6791	1
6792	3
6793	0
6794	1
6795	0
6796	1
6797	0
6798	2
6799	0
6800	3
6801	3
6802	2
6803	3
6804	2
6805	0
6806	2
6807	2
6808	1
6809	0
6810	1
6811	3
6812	2
6813	2
6814	0
6815	1
6816	0
6817	1
6818	2
6819	2
6820	0
6821	2
6822	1
6823	0
6824	1
6825	0
6826	0
6827	1
6828	1
6829	0
6830	0
6831	2
6832	0
6833	1
6834	1
6835	0
6836	3
6837	3
6838	0
6839	1
6840	0
6841	1
6842	0
6843	1
6844	1
6845	1
6846	0
6847	2
6848	2
6849	1
6850	0
6851	3
6852	2
6853	1
6854	1
6855	0
6856	0
6857	0
6858	0
6859	0
6860	1
6861	1
6862	1
6863	2
6864	0
6865	0
6866	1
6867	3
6868	1
6869	2
6870	2
6871	0
6872	1
6873	0
6874	1
6875	1
6876	2
6877	1
6878	2
6879	1
6880	2
6881	1
6882	1
6883	0
6884	0
6885	0
6886	1
6887	3
6888	1
6889	1
6890	1
6891	1
6892	0
6893	2
6894	4
6895	0
6896	3
6897	5
6898	1
6899	2
6900	0
6901	1
6902	0
6903	0
6904	0
6905	1
6906	1
6907	0
6908	1
6909	2
6910	2
6911	2
6912	2
6913	0
6914	1
6915	0
6916	2
6917	1
6918	1
6919	2
6920	2
6921	0
6922	1
6923	1
6924	0
6925	1
6926	1
6927	0
6928	4
6929	3
6930	2
6931	1
6932	3
6933	1
6934	3
6935	3
6936	2
6937	1
6938	2
6939	0
6940	1
6941	0
6942	2
6943	1
6944	4
6945	1
6946	1
6947	0
6948	0
6949	3
6950	0
6951	2
6952	2
6953	1
6954	0
6955	2
6956	1
6957	1
6958	1
6959	2
6960	3
6961	2
6962	4
6963	2
6964	2
6965	0
6966	0
6967	0
6968	3
6969	0
6970	1
6971	1
6972	0
6973	0
6974	2
6975	3
6976	0
6977	1
6978	3
6979	3
6980	0
6981	4
6982	0
6983	0
6984	0
6985	2
6986	1
6987	1
6988	0
6989	2
6990	1
6991	0
6992	0
6993	1
6994	0
6995	1
6996	1
6997	0
6998	1
6999	1
7000	0
7001	1
7002	2
7003	3
7004	1
7005	2
7006	2
7007	4
7008	1
7009	0
7010	0
7011	1
7012	1
7013	2
7014	1
7015	1
7016	0
7017	2
7018	1
7019	2
7020	3
7021	2
7022	1
7023	0
7024	1
7025	1
7026	2
7027	0
7028	0
7029	0
7030	2
7031	1
7032	1
7033	2
7034	1
7035	0
7036	2
7037	1
7038	1
7039	0
7040	0
7041	0
7042	0
7043	1
7044	2
7045	1
7046	0
7047	0
7048	1
7049	2
7050	1
7051	3
7052	0
7053	1
7054	2
7055	3
7056	2
7057	1
7058	1
7059	1
7060	1
7061	2
7062	1
7063	2
7064	1
7065	0
7066	3
7067	0
7068	1
7069	0
7070	0
7071	2
7072	0
7073	2
7074	1
7075	0
7076	1
7077	0
7078	0
7079	1
7080	3
7081	2
7082	2
7083	1
7084	1
7085	3
7086	2
7087	1
7088	0
7089	1
7090	0
7091	1
7092	3
7093	2
7094	1
7095	2
7096	3
7097	1
7098	1
7099	0
7100	1
7101	1
7102	0
7103	1
7104	1
7105	1
7106	2
7107	2
7108	4
7109	0
7110	1
7111	1
7112	1
7113	1
7114	1
7115	2
7116	4
7117	1
7118	1
7119	1
7120	1
7121	0
7122	0
7123	0
7124	2
7125	1
7126	4
7127	1
7128	3
7129	1
7130	0
7131	1
7132	1
7133	1
7134	2
7135	2
7136	1
7137	2
7138	3
7139	0
7140	0
7141	0
7142	1
7143	0
7144	0
7145	2
7146	1
7147	1
7148	0
7149	0
7150	0
7151	2
7152	0
7153	0
7154	1
7155	3
7156	0
7157	1
7158	1
7159	2
7160	0
7161	2
7162	2
7163	2
7164	0
7165	2
7166	0
7167	2
7168	0
7169	2
7170	1
7171	0
7172	2
7173	1
7174	2
7175	3
7176	3
7177	0
7178	3
7179	1
7180	1
7181	2
7182	1
7183	4
7184	0
7185	1
7186	3
7187	0
7188	0
7189	4
7190	1
7191	2
7192	2
7193	1
7194	0
7195	1
7196	3
7197	0
7198	1
7199	1
7200	0
7201	0
7202	1
7203	2
7204	4
7205	4
7206	1
7207	0
7208	2
7209	3
7210	2
7211	1
7212	2
7213	1
7214	1
7215	1
7216	0
7217	5
7218	1
7219	0
7220	3
7221	0
7222	0
7223	4
7224	1
7225	1
7226	1
7227	0
7228	2
7229	4
7230	1
7231	0
7232	0
7233	0
7234	1
7235	2
7236	1
7237	0
7238	1
7239	2
7240	1
7241	0
7242	1
7243	0
7244	0
7245	5
7246	1
7247	2
7248	1
7249	2
7250	0
7251	1
7252	2
7253	1
7254	0
7255	0
7256	0
7257	0
7258	0
7259	2
7260	0
7261	4
7262	0
7263	2
7264	3
7265	1
7266	1
7267	2
7268	1
7269	1
7270	0
7271	1
7272	1
7273	0
7274	1
7275	0
7276	2
7277	2
7278	1
7279	1
7280	2
7281	1
7282	1
7283	1
7284	1
7285	1
7286	0
7287	1
7288	1
7289	3
7290	0
7291	3
7292	2
7293	2
7294	0
7295	0
7296	2
7297	0
7298	3
7299	2
7300	1
7301	0
7302	3
7303	2
7304	1
7305	1
7306	3
7307	1
7308	2
7309	1
7310	2
7311	2
7312	3
7313	0
7314	3
7315	2
7316	2
7317	1
7318	3
7319	4
7320	1
7321	0
7322	0
7323	1
7324	1
7325	2
7326	1
7327	3
7328	1
7329	3
7330	2
7331	1
7332	1
7333	3
7334	1
7335	1
7336	1
7337	1
7338	0
7339	4
7340	0
7341	1
7342	1
7343	0
7344	0
7345	4
7346	1
7347	1
7348	1
7349	2
7350	0
7351	2
7352	1
7353	1
7354	2
7355	1
7356	1
7357	1
7358	2
7359	0
7360	1
7361	1
7362	2
7363	0
7364	1
7365	0
7366	0
7367	0
7368	1
7369	3
7370	3
7371	0
7372	0
7373	0
7374	2
7375	0
7376	0
7377	0
7378	1
7379	1
7380	1
7381	0
7382	3
7383	2
7384	0
7385	1
7386	1
7387	1
7388	1
7389	2
7390	0
7391	2
7392	2
7393	0
7394	1
7395	0
7396	4
7397	0
7398	3
7399	0
7400	1
7401	1
7402	1
7403	5
7404	0
7405	4
7406	1
7407	2
7408	0
7409	0
7410	1
7411	1
7412	1
7413	2
7414	0
7415	2
7416	0
7417	3
7418	3
7419	0
7420	3
7421	3
7422	3
7423	1
7424	0
7425	2
7426	0
7427	2
7428	1
7429	4
7430	5
7431	1
7432	1
7433	0
7434	2
7435	0
7436	0
7437	1
7438	0
7439	2
7440	0
7441	1
7442	1
7443	2
7444	3
7445	1
7446	2
7447	0
7448	3
7449	2
7450	3
7451	2
7452	1
7453	3
7454	3
7455	1
7456	1
7457	2
7458	0
7459	1
7460	2
7461	1
7462	1
7463	1
7464	1
7465	1
7466	0
7467	3
7468	3
7469	0
7470	2
7471	1
7472	0
7473	0
7474	0
7475	1
7476	0
7477	2
7478	1
7479	1
7480	0
7481	1
7482	2
7483	3
7484	0
7485	1
7486	2
7487	0
7488	1
7489	1
7490	1
7491	1
7492	1
7493	1
7494	0
7495	3
7496	0
7497	1
7498	0
7499	3
7500	1
7501	0
7502	3
7503	0
7504	1
7505	3
7506	2
7507	1
7508	0
7509	0
7510	1
7511	4
7512	1
7513	0
7514	1
7515	0
7516	1
7517	0
7518	3
7519	1
7520	1
7521	2
7522	1
7523	1
7524	0
7525	1
7526	0
7527	2
7528	1
7529	1
7530	0
7531	1
7532	1
7533	1
7534	2
7535	2
7536	2
7537	0
7538	0
7539	0
7540	3
7541	1
7542	2
7543	3
7544	0
7545	0
7546	0
7547	5
7548	2
7549	0
7550	2
7551	1
7552	0
7553	1
7554	3
7555	2
7556	0
7557	3
7558	1
7559	3
7560	1
7561	1
7562	0
7563	4
7564	3
7565	2
7566	2
7567	1
7568	1
7569	1
7570	0
7571	5
7572	0
7573	0
7574	1
7575	2
7576	0
7577	0
7578	3
7579	1
7580	2
7581	1
7582	1
7583	1
7584	1
7585	1
7586	2
7587	0
7588	1
7589	2
7590	1
7591	0
7592	0
7593	1
7594	0
7595	0
7596	0
7597	1
7598	1
7599	1
7600	0
7601	2
7602	3
7603	1
7604	0
7605	0
7606	0
7607	0
7608	1
7609	4
7610	0
7611	1
7612	2
7613	0
7614	1
7615	1
7616	2
7617	1
7618	2
7619	1
7620	3
7621	0
7622	1
7623	0
7624	1
7625	0
7626	2
7627	0
7628	1
7629	0
7630	0
7631	4
7632	1
7633	4
7634	0
7635	1
7636	3
7637	2
7638	2
7639	1
7640	1
7641	2
7642	1
7643	2
7644	0
7645	0
7646	1
7647	1
7648	0
7649	4
7650	0
7651	1
7652	0
7653	1
7654	0
7655	2
7656	1
7657	0
7658	1
7659	1
7660	0
7661	0
7662	0
7663	2
7664	1
7665	0
7666	1
7667	0
7668	1
7669	2
7670	0
7671	2
7672	2
7673	0
7674	0
7675	1
7676	1
7677	1
7678	1
7679	0
7680	0
7681	0
7682	2
7683	2
7684	1
7685	0
7686	1
7687	3
7688	2
7689	2
7690	2
7691	1
7692	1
7693	3
7694	0
7695	1
7696	3
7697	4
7698	2
7699	0
7700	0
7701	2
7702	0
7703	2
7704	2
7705	1
7706	3
7707	2
7708	2
7709	1
7710	0
7711	4
7712	1
7713	0
7714	1
7715	2
7716	0
7717	1
7718	0
7719	1
7720	1
7721	1
7722	4
7723	0
7724	2
7725	0
7726	1
7727	1
7728	3
7729	0
7730	4
7731	1
7732	2
7733	3
7734	1
7735	2
7736	0
7737	3
7738	2
7739	0
7740	1
7741	0
7742	1
7743	1
7744	2
7745	1
7746	1
7747	1
7748	0
7749	1
7750	1
7751	0
7752	2
7753	0
7754	1
7755	3
7756	2
7757	1
7758	0
7759	1
7760	2
7761	1
7762	0
7763	2
7764	0
7765	0
7766	5
7767	1
7768	3
7769	1
7770	1
7771	1
7772	1
7773	1
7774	2
7775	1
7776	1
7777	0
7778	1
7779	1
7780	3
7781	2
7782	1
7783	0
7784	3
7785	3
7786	1
7787	1
7788	0
7789	2
7790	1
7791	0
7792	1
7793	1
7794	0
7795	1
7796	1
7797	2
7798	1
7799	1
7800	2
7801	0
7802	1
7803	1
7804	0
7805	0
7806	0
7807	2
7808	1
7809	1
7810	2
7811	4
7812	0
7813	2
7814	3
7815	5
7816	3
7817	3
7818	0
7819	0
7820	2
7821	0
7822	1
7823	2
7824	3
7825	1
7826	3
7827	1
7828	2
7829	1
7830	4
7831	1
7832	1
7833	0
7834	1
7835	1
7836	2
7837	0
7838	1
7839	2
7840	3
7841	0
7842	0
7843	1
7844	1
7845	0
7846	1
7847	1
7848	1
7849	0
7850	0
7851	1
7852	0
7853	0
7854	1
7855	1
7856	0
7857	1
7858	1
7859	2
7860	0
7861	0
7862	1
7863	2
7864	1
7865	1
7866	2
7867	0
7868	2
7869	0
7870	1
7871	2
7872	1
7873	1
7874	2
7875	0
7876	0
7877	1
7878	2
7879	0
7880	1
7881	2
7882	3
7883	0
7884	1
7885	0
7886	0
7887	3
7888	0
7889	0
7890	2
7891	1
7892	1
7893	0
7894	1
7895	0
7896	1
7897	1
7898	4
7899	0
7900	3
7901	1
7902	1
7903	0
7904	2
7905	2
7906	1
7907	0
7908	1
7909	1
7910	1
7911	4
7912	1
7913	1
7914	0
7915	0
7916	0
7917	3
7918	2
7919	0
7920	0
7921	1
7922	1
7923	2
7924	1
7925	0
7926	2
7927	0
7928	0
7929	0
7930	2
7931	3
7932	0
7933	2
7934	0
7935	1
7936	1
7937	2
7938	0
7939	3
7940	4
7941	2
7942	1
7943	1
7944	1
7945	0
7946	1
7947	0
7948	0
7949	1
7950	3
7951	0
7952	2
7953	1
7954	1
7955	0
7956	1
7957	1
7958	0
7959	2
7960	3
7961	5
7962	0
7963	0
7964	1
7965	1
7966	3
7967	0
7968	0
7969	2
7970	0
7971	3
7972	0
7973	1
7974	3
7975	1
7976	1
7977	1
7978	2
7979	3
7980	3
7981	2
7982	2
7983	4
7984	0
7985	1
7986	2
7987	1
7988	1
7989	1
7990	0
7991	2
7992	1
7993	0
7994	1
7995	0
7996	0
7997	0
7998	0
7999	1
8000	3
8001	0
8002	0
8003	1
8004	0
8005	1
8006	0
8007	0
8008	1
8009	1
8010	2
8011	0
8012	3
8013	0
8014	1
8015	2
8016	2
8017	2
8018	0
8019	3
8020	2
8021	0
8022	2
8023	1
8024	4
8025	0
8026	4
8027	1
8028	2
8029	1
8030	0
8031	1
8032	2
8033	1
8034	0
8035	3
8036	1
8037	1
8038	1
8039	0
8040	1
8041	2
8042	0
8043	2
8044	1
8045	3
8046	2
8047	2
8048	2
8049	0
8050	1
8051	1
8052	2
8053	2
8054	4
8055	1
8056	1
8057	0
8058	0
8059	2
8060	1
8061	0
8062	0
8063	1
8064	4
8065	1
8066	2
8067	1
8068	0
8069	4
8070	1
8071	1
8072	1
8073	3
8074	0
8075	0
8076	1
8077	2
8078	0
8079	2
8080	1
8081	0
8082	0
8083	1
8084	0
8085	1
8086	3
8087	3
8088	1
8089	2
8090	3
8091	1
8092	1
8093	1
8094	2
8095	0
8096	1
8097	1
8098	0
8099	4
8100	0
8101	3
8102	3
8103	2
8104	5
8105	0
8106	4
8107	0
8108	0
8109	3
8110	0
8111	4
8112	1
8113	1
8114	1
8115	0
8116	2
8117	2
8118	0
8119	1
8120	4
8121	0
8122	1
8123	0
8124	1
8125	0
8126	1
8127	2
8128	0
8129	3
8130	0
8131	0
8132	1
8133	1
8134	3
8135	0
8136	3
8137	2
8138	0
8139	1
8140	0
8141	2
8142	0
8143	0
8144	3
8145	1
8146	0
8147	2
8148	2
8149	0
8150	0
8151	1
8152	0
8153	0
8154	2
8155	0
8156	0
8157	2
8158	1
8159	0
8160	3
8161	2
8162	1
8163	0
8164	2
8165	2
8166	0
8167	1
8168	1
8169	3
8170	2
8171	3
8172	1
8173	2
8174	2
8175	1
8176	1
8177	1
8178	0
8179	3
8180	2
8181	0
8182	1
8183	0
8184	0
8185	1
8186	2
8187	2
8188	1
8189	1
8190	1
8191	1
8192	3