1	2
1	1
2	1
3	2
4	2
5	6
6	0
7	2
8	2
9	2
10	1
11	0
12	0
13	4
14	4
15	2
16	2
17	2
18	1
19	1
20	3
21	0
22	1
23	1
24	1
25	2
26	1
27	1
28	0
29	1
30	1
31	2
32	1
33	1
34	2
35	0
36	0
37	2
38	2
39	1
40	2
41	1
42	2
43	1
44	1
45	1
46	3
47	0
48	1
49	0
50	0
51	3
52	0
53	0
54	0
55	1
56	2
57	0
58	1
59	2
60	1
61	3
62	2
63	2
64	1
65	1
66	4
67	2
68	1
69	1
70	2
71	1
72	2
73	1
74	1
75	6
76	0
77	0
78	1
79	4
80	0
81	2
82	1
83	1
84	2
85	1
86	0
87	1
88	0
89	0
90	1
91	1
92	2
93	0
94	4
95	6
96	2
97	0
98	2
99	1
100	0
101	1
102	1
103	5
104	4
105	2
106	1
107	0
108	1
109	1
110	2
111	0
112	1
113	0
114	0
115	2
116	1
117	0
118	1
119	2
120	0
121	1
122	1
123	1
124	1
125	0
126	1
127	0
128	4
129	1
130	0
131	1
132	5
133	3
134	0
135	0
136	1
137	0
138	0
139	2
140	2
141	0
142	0
143	3
144	3
145	1
146	1
147	2
148	2
149	0
150	1
151	1
152	1
153	1
154	2
155	1
156	1
157	3
158	1
159	2
160	1
161	0
162	2
163	1
164	0
165	0
166	1
167	0
168	3
169	0
170	1
171	3
172	0
173	0
174	1
175	0
176	2
177	0
178	1
179	0
180	2
181	1
182	4
183	2
184	2
185	2
186	1
187	1
188	1
189	1
190	1
191	1
192	0
193	5
194	0
195	1
196	2
197	1
198	2
199	2
200	2
201	2
202	0
203	1
204	2
205	1
206	0
207	1
208	2
209	1
210	1
211	0
212	3
213	2
214	1
215	0
216	2
217	0
218	2
219	0
220	2
221	2
222	0
223	1
224	1
225	2
226	0
227	2
228	1
229	0
230	2
231	0
232	1
233	2
234	2
235	5
236	1
237	2
238	4
239	1
240	1
241	0
242	0
243	2
244	2
245	1
246	2
247	1
248	0
249	1
250	0
251	1
252	0
253	2
254	2
255	1
256	2
257	0
258	2
259	0
260	2
261	2
262	1
263	1
264	1
265	1
266	3
267	1
268	4
269	3
270	1
271	3
272	0
273	2
274	2
275	2
276	1
277	2
278	0
279	2
280	0
281	1
282	0
283	2
284	1
285	0
286	1
287	2
288	0
289	3
290	0
291	0
292	1
293	1
294	1
295	3
296	3
297	2
298	1
299	0
300	1
301	0
302	1
303	1
304	1
305	0
306	0
307	0
308	2
309	3
310	1
311	0
312	2
313	2
314	0
315	0
316	0
317	4
318	1
319	1
320	0
321	0
322	1
323	4
324	0
325	2
326	1
327	1
328	0
329	2
330	1
331	2
332	1
333	1
334	0
335	1
336	2
337	2
338	0
339	1
340	1
341	1
342	0
343	1
344	2
345	2
346	2
347	1
348	1
349	1
350	0
351	2
352	1
353	0
354	1
355	0
356	2
357	3
358	0
359	0
360	1
361	1
362	1
363	3
364	3
365	1
366	0
367	2
368	1
369	4
370	2
371	1
372	0
373	3
374	0
375	1
376	3
377	1
378	0
379	1
380	3
381	1
382	2
383	1
384	3
385	0
386	1
387	1
388	1
389	0
390	3
391	0
392	1
393	3
394	1
395	1
396	0
397	2
398	1
399	3
400	2
401	0
402	0
403	4
404	1
405	1
406	2
407	0
408	0
409	0
410	2
411	1
412	2
413	0
414	3
415	0
416	0
417	0
418	0
419	0
420	0
421	1
422	0
423	1
424	1
425	0
426	2
427	0
428	2
429	0
430	2
431	1
432	1
433	1
434	3
435	1
436	0
437	0
438	2
439	0
440	0
441	2
442	1
443	1
444	3
445	1
446	0
447	2
448	1
449	2
450	1
451	3
452	0
453	0
454	4
455	2
456	0
457	1
458	1
459	2
460	0
461	3
462	1
463	1
464	0
465	0
466	1
467	0
468	1
469	1
470	1
471	2
472	2
473	1
474	2
475	0
476	3
477	1
478	3
479	1
480	1
481	0
482	1
483	1
484	1
485	0
486	3
487	0
488	3
489	0
490	4
491	1
492	0
493	0
494	0
495	1
496	2
497	0
498	0
499	0
500	2
501	2
502	3
503	1
504	0
505	3
506	0
507	1
508	0
509	1
510	2
511	1
512	0
513	2
514	0
515	0
516	1
517	2
518	1
519	2
520	0
521	2
522	3
523	0
524	1
525	2
526	1
527	0
528	4
529	1
530	1
531	3
532	0
533	1
534	0
535	1
536	1
537	0
538	3
539	2
540	1
541	4
542	2
543	1
544	1
545	1
546	3
547	2
548	1
549	1
550	3
551	1
552	1
553	1
554	3
555	2
556	0
557	0
558	1
559	2
560	0
561	1
562	1
563	2
564	1
565	1
566	1
567	0
568	0
569	1
570	0
571	1
572	0
573	3
574	3
575	1
576	2
577	0
578	2
579	1
580	0
581	0
582	0
583	1
584	0
585	2
586	1
587	1
588	1
589	2
590	4
591	1
592	1
593	0
594	3
595	1
596	0
597	1
598	1
599	0
600	3
601	1
602	0
603	3
604	1
605	1
606	0
607	1
608	3
609	3
610	0
611	0
612	2
613	1
614	2
615	2
616	2
617	2
618	3
619	0
620	2
621	0
622	1
623	2
624	0
625	1
626	1
627	2
628	0
629	1
630	1
631	1
632	2
633	0
634	0
635	2
636	1
637	0
638	1
639	5
640	4
641	0
642	1
643	2
644	1
645	2
646	0
647	2
648	0
649	1
650	0
651	0
652	0
653	1
654	0
655	1
656	2
657	2
658	1
659	0
660	3
661	1
662	1
663	0
664	0
665	0
666	2
667	1
668	2
669	2
670	0
671	2
672	0
673	3
674	1
675	3
676	2
677	2
678	3
679	1
680	0
681	2
682	0
683	0
684	1
685	0
686	0
687	1
688	2
689	0
690	1
691	3
692	2
693	0
694	2
695	0
696	2
697	1
698	1
699	1
700	0
701	1
702	1
703	3
704	2
705	3
706	1
707	0
708	0
709	1
710	1
711	3
712	1
713	0
714	2
715	1
716	2
717	4
718	3
719	2
720	3
721	3
722	0
723	0
724	0
725	0
726	0
727	4
728	0
729	0
730	1
731	2
732	0
733	1
734	1
735	0
736	2
737	0
738	1
739	0
740	0
741	1
742	1
743	0
744	0
745	2
746	3
747	2
748	1
749	0
750	2
751	2
752	2
753	1
754	2
755	0
756	1
757	4
758	0
759	1
760	3
761	2
762	2
763	1
764	1
765	1
766	0
767	0
768	2
769	1
770	0
771	1
772	1
773	2
774	1
775	1
776	3
777	1
778	3
779	0
780	0
781	3
782	0
783	1
784	1
785	2
786	2
787	0
788	2
789	3
790	4
791	1
792	0
793	3
794	0
795	2
796	0
797	0
798	1
799	2
800	2
801	1
802	3
803	2
804	0
805	0
806	2
807	0
808	2
809	3
810	1
811	0
812	3
813	1
814	1
815	2
816	0
817	4
818	1
819	4
820	1
821	4
822	8
823	7
824	5
825	2
826	3
827	6
828	4
829	4
830	3
831	2
832	4
833	4
834	4
835	5
836	4
837	9
838	7
839	13
840	12
841	11
842	12
843	9
844	13
845	13
846	10
847	14
848	14
849	11
850	16
851	20
852	16
853	24
854	14
855	18
856	24
857	28
858	27
859	31
860	24
861	27
862	28
863	43
864	43
865	37
866	27
867	37
868	50
869	49
870	61
871	55
872	64
873	44
874	57
875	65
876	82
877	83
878	89
879	88
880	87
881	80
882	90
883	111
884	109
885	110
886	130
887	133
888	138
889	131
890	161
891	140
892	144
893	151
894	184
895	179
896	179
897	199
898	211
899	234
900	230
901	237
902	267
903	247
904	248
905	287
906	301
907	266
908	305
909	346
910	360
911	381
912	376
913	406
914	399
915	399
916	425
917	477
918	491
919	523
920	499
921	514
922	528
923	577
924	611
925	674
926	647
927	671
928	698
929	727
930	756
931	740
932	823
933	814
934	841
935	879
936	929
937	927
938	997
939	979
940	1037
941	1139
942	1099
943	1114
944	1132
945	1238
946	1223
947	1316
948	1284
949	1429
950	1325
951	1391
952	1401
953	1565
954	1551
955	1579
956	1583
957	1671
958	1703
959	1750
960	1731
961	1865
962	1785
963	1906
964	1957
965	1946
966	2068
967	2130
968	2097
969	2204
970	2241
971	2233
972	2336
973	2384
974	2478
975	2447
976	2495
977	2606
978	2535
979	2682
980	2703
981	2677
982	2850
983	2771
984	2899
985	2957
986	2968
987	3070
988	3065
989	3138
990	3162
991	3217
992	3287
993	3426
994	3309
995	3324
996	3234
997	3508
998	3537
999	3366
1000	3592
1001	3490
1002	3703
1003	3737
1004	3661
1005	3625
1006	3784
1007	3721
1008	3811
1009	3863
1010	3931
1011	3862
1012	4036
1013	3960
1014	4066
1015	4058
1016	3944
1017	4114
1018	4144
1019	4131
1020	4175
1021	4071
1022	4130
1023	4196
1024	4196
1025	4117
1026	4266
1027	4258
1028	4184
1029	4200
1030	4313
1031	4268
1032	4240
1033	4368
1034	4197
1035	4264
1036	4227
1037	4277
1038	4324
1039	4341
1040	4259
1041	4387
1042	4195
1043	4252
1044	4288
1045	4301
1046	4250
1047	4124
1048	4255
1049	4145
1050	4178
1051	4140
1052	4092
1053	4113
1054	3962
1055	3949
1056	4053
1057	4071
1058	3962
1059	3951
1060	4012
1061	3991
1062	3873
1063	3883
1064	3800
1065	3831
1066	3884
1067	3713
1068	3707
1069	3730
1070	3688
1071	3698
1072	3546
1073	3633
1074	3699
1075	3570
1076	3606
1077	3446
1078	3435
1079	3314
1080	3328
1081	3298
1082	3304
1083	3255
1084	3164
1085	3068
1086	3147
1087	3029
1088	3174
1089	3044
1090	2952
1091	3024
1092	2979
1093	2790
1094	2849
1095	2747
1096	2833
1097	2842
1098	2802
1099	2738
1100	2707
1101	2637
1102	2515
1103	2613
1104	2516
1105	2344
1106	2513
1107	2330
1108	2423
1109	2288
1110	2240
1111	2232
1112	2220
1113	2122
1114	2159
1115	2097
1116	2208
1117	2105
1118	2043
1119	2010
1120	2010
1121	2033
1122	1901
1123	1818
1124	1856
1125	1793
1126	1784
1127	1704
1128	1704
1129	1665
1130	1718
1131	1584
1132	1558
1133	1587
1134	1616
1135	1532
1136	1516
1137	1465
1138	1466
1139	1426
1140	1321
1141	1363
1142	1411
1143	1311
1144	1240
1145	1318
1146	1301
1147	1246
1148	1240
1149	1180
1150	1224
1151	1139
1152	1173
1153	1154
1154	1151
1155	1052
1156	1068
1157	1006
1158	1058
1159	947
1160	1022
1161	979
1162	906
1163	891
1164	915
1165	817
1166	857
1167	897
1168	858
1169	840
1170	839
1171	838
1172	797
1173	776
1174	749
1175	772
1176	715
1177	738
1178	730
1179	714
1180	748
1181	657
1182	675
1183	653
1184	691
1185	642
1186	628
1187	593
1188	574
1189	612
1190	616
1191	574
1192	582
1193	487
1194	551
1195	564
1196	538
1197	492
1198	514
1199	545
1200	500
1201	510
1202	495
1203	407
1204	454
1205	471
1206	467
1207	466
1208	468
1209	410
1210	423
1211	395
1212	400
1213	396
1214	383
1215	354
1216	381
1217	356
1218	333
1219	365
1220	318
1221	346
1222	347
1223	341
1224	307
1225	306
1226	310
1227	314
1228	295
1229	294
1230	268
1231	252
1232	265
1233	263
1234	275
1235	291
1236	264
1237	268
1238	260
1239	253
1240	248
1241	233
1242	228
1243	207
1244	229
1245	250
1246	199
1247	223
1248	217
1249	222
1250	193
1251	193
1252	207
1253	208
1254	197
1255	202
1256	168
1257	187
1258	172
1259	167
1260	174
1261	173
1262	149
1263	165
1264	157
1265	143
1266	129
1267	148
1268	135
1269	150
1270	154
1271	142
1272	138
1273	139
1274	149
1275	149
1276	154
1277	117
1278	141
1279	122
1280	137
1281	115
1282	109
1283	105
1284	101
1285	119
1286	106
1287	114
1288	97
1289	114
1290	82
1291	98
1292	94
1293	111
1294	115
1295	83
1296	101
1297	85
1298	91
1299	55
1300	90
1301	89
1302	80
1303	76
1304	71
1305	79
1306	96
1307	95
1308	79
1309	75
1310	76
1311	78
1312	71
1313	65
1314	62
1315	65
1316	61
1317	55
1318	51
1319	70
1320	65
1321	59
1322	54
1323	62
1324	58
1325	62
1326	54
1327	60
1328	44
1329	58
1330	48
1331	56
1332	36
1333	58
1334	48
1335	46
1336	48
1337	34
1338	43
1339	46
1340	40
1341	41
1342	50
1343	41
1344	42
1345	53
1346	46
1347	40
1348	40
1349	45
1350	46
1351	29
1352	28
1353	45
1354	35
1355	40
1356	31
1357	28
1358	41
1359	33
1360	33
1361	36
1362	33
1363	24
1364	24
1365	33
1366	36
1367	28
1368	21
1369	28
1370	30
1371	28
1372	38
1373	22
1374	35
1375	30
1376	23
1377	21
1378	23
1379	27
1380	28
1381	23
1382	25
1383	23
1384	24
1385	25
1386	30
1387	19
1388	20
1389	19
1390	17
1391	28
1392	19
1393	7
1394	18
1395	16
1396	18
1397	22
1398	18
1399	20
1400	18
1401	28
1402	18
1403	16
1404	20
1405	22
1406	16
1407	19
1408	12
1409	11
1410	19
1411	13
1412	18
1413	22
1414	12
1415	16
1416	13
1417	22
1418	10
1419	7
1420	16
1421	9
1422	12
1423	6
1424	10
1425	7
1426	10
1427	17
1428	8
1429	14
1430	6
1431	10
1432	6
1433	10
1434	9
1435	8
1436	13
1437	14
1438	7
1439	12
1440	9
1441	12
1442	6
1443	9
1444	8
1445	6
1446	5
1447	9
1448	11
1449	4
1450	7
1451	5
1452	6
1453	7
1454	6
1455	7
1456	9
1457	7
1458	3
1459	12
1460	13
1461	5
1462	9
1463	6
1464	2
1465	10
1466	7
1467	7
1468	2
1469	3
1470	6
1471	4
1472	6
1473	7
1474	12
1475	3
1476	6
1477	6
1478	6
1479	1
1480	5
1481	6
1482	4
1483	6
1484	2
1485	6
1486	5
1487	8
1488	4
1489	5
1490	5
1491	5
1492	5
1493	5
1494	3
1495	7
1496	0
1497	2
1498	1
1499	5
1500	5
1501	4
1502	4
1503	2
1504	6
1505	6
1506	4
1507	3
1508	4
1509	2
1510	4
1511	5
1512	5
1513	2
1514	6
1515	7
1516	4
1517	1
1518	1
1519	3
1520	5
1521	2
1522	4
1523	4
1524	3
1525	4
1526	0
1527	3
1528	6
1529	3
1530	1
1531	4
1532	5
1533	0
1534	4
1535	6
1536	0
1537	2
1538	2
1539	1
1540	1
1541	5
1542	2
1543	4
1544	1
1545	2
1546	2
1547	4
1548	2
1549	1
1550	3
1551	4
1552	5
1553	3
1554	2
1555	1
1556	3
1557	2
1558	3
1559	3
1560	1
1561	0
1562	1
1563	3
1564	4
1565	2
1566	3
1567	3
1568	3
1569	2
1570	1
1571	5
1572	1
1573	2
1574	3
1575	3
1576	0
1577	0
1578	0
1579	4
1580	1
1581	4
1582	1
1583	0
1584	0
1585	1
1586	1
1587	1
1588	0
1589	0
1590	0
1591	1
1592	2
1593	2
1594	3
1595	2
1596	1
1597	4
1598	3
1599	3
1600	1
1601	0
1602	2
1603	1
1604	0
1605	1
1606	1
1607	3
1608	3
1609	2
1610	3
1611	1
1612	0
1613	0
1614	0
1615	3
1616	2
1617	1
1618	2
1619	0
1620	1
1621	1
1622	0
1623	3
1624	1
1625	2
1626	1
1627	3
1628	2
1629	0
1630	1
1631	2
1632	1
1633	0
1634	1
1635	2
1636	2
1637	2
1638	4
1639	1
1640	1
1641	3
1642	2
1643	2
1644	3
1645	0
1646	3
1647	0
1648	1
1649	0
1650	0
1651	2
1652	1
1653	1
1654	3
1655	2
1656	1
1657	2
1658	0
1659	0
1660	1
1661	1
1662	1
1663	1
1664	0
1665	1
1666	0
1667	1
1668	2
1669	0
1670	3
1671	2
1672	1
1673	0
1674	1
1675	2
1676	0
1677	0
1678	2
1679	0
1680	1
1681	2
1682	0
1683	2
1684	0
1685	2
1686	1
1687	1
1688	2
1689	0
1690	3
1691	1
1692	0
1693	1
1694	0
1695	2
1696	2
1697	0
1698	2
1699	0
1700	4
1701	1
1702	0
1703	1
1704	1
1705	2
1706	3
1707	1
1708	1
1709	3
1710	0
1711	2
1712	4
1713	0
1714	2
1715	0
1716	2
1717	1
1718	1
1719	3
1720	1
1721	2
1722	1
1723	2
1724	1
1725	2
1726	2
1727	2
1728	1
1729	1
1730	2
1731	0
1732	1
1733	3
1734	1
1735	0
1736	2
1737	2
1738	1
1739	1
1740	3
1741	0
1742	0
1743	3
1744	2
1745	0
1746	0
1747	2
1748	1
1749	1
1750	0
1751	2
1752	0
1753	0
1754	2
1755	0
1756	3
1757	2
1758	1
1759	0
1760	2
1761	2
1762	1
1763	1
1764	0
1765	2
1766	1
1767	2
1768	0
1769	0
1770	1
1771	1
1772	0
1773	0
1774	2
1775	2
1776	1
1777	2
1778	0
1779	2
1780	2
1781	1
1782	4
1783	1
1784	3
1785	1
1786	2
1787	1
1788	2
1789	1
1790	6
1791	4
1792	0
1793	1
1794	1
1795	4
1796	1
1797	0
1798	0
1799	2
1800	2
1801	1
1802	1
1803	1
1804	1
1805	2
1806	0
1807	4
1808	0
1809	0
1810	0
1811	1
1812	2
1813	0
1814	0
1815	2
1816	3
1817	1
1818	1
1819	1
1820	2
1821	1
1822	0
1823	1
1824	0
1825	2
1826	3
1827	2
1828	1
1829	0
1830	0
1831	3
1832	1
1833	2
1834	2
1835	1
1836	1
1837	2
1838	0
1839	0
1840	1
1841	0
1842	2
1843	0
1844	0
1845	1
1846	1
1847	1
1848	4
1849	0
1850	0
1851	1
1852	2
1853	0
1854	2
1855	3
1856	0
1857	1
1858	4
1859	0
1860	1
1861	2
1862	2
1863	1
1864	1
1865	2
1866	0
1867	0
1868	3
1869	2
1870	0
1871	1
1872	0
1873	0
1874	0
1875	2
1876	0
1877	2
1878	0
1879	2
1880	1
1881	1
1882	0
1883	1
1884	2
1885	1
1886	1
1887	1
1888	1
1889	0
1890	1
1891	1
1892	2
1893	4
1894	3
1895	1
1896	0
1897	1
1898	1
1899	1
1900	2
1901	1
1902	2
1903	2
1904	1
1905	1
1906	0
1907	2
1908	0
1909	0
1910	1
1911	0
1912	1
1913	3
1914	1
1915	1
1916	2
1917	2
1918	1
1919	2
1920	1
1921	0
1922	1
1923	0
1924	2
1925	2
1926	0
1927	0
1928	1
1929	1
1930	2
1931	0
1932	3
1933	0
1934	0
1935	0
1936	2
1937	2
1938	2
1939	1
1940	1
1941	1
1942	0
1943	0
1944	2
1945	0
1946	2
1947	0
1948	1
1949	1
1950	2
1951	3
1952	1
1953	2
1954	2
1955	0
1956	1
1957	2
1958	0
1959	1
1960	3
1961	1
1962	2
1963	1
1964	0
1965	1
1966	2
1967	1
1968	3
1969	1
1970	1
1971	2
1972	0
1973	1
1974	1
1975	1
1976	0
1977	1
1978	2
1979	0
1980	1
1981	1
1982	4
1983	0
1984	2
1985	1
1986	0
1987	1
1988	2
1989	2
1990	1
1991	0
1992	1
1993	1
1994	1
1995	1
1996	1
1997	1
1998	3
1999	4
2000	0
2001	1
2002	3
2003	3
2004	1
2005	0
2006	0
2007	2
2008	2
2009	3
2010	2
2011	0
2012	0
2013	0
2014	0
2015	1
2016	3
2017	1
2018	0
2019	0
2020	0
2021	0
2022	1
2023	2
2024	1
2025	1
2026	0
2027	1
2028	1
2029	0
2030	3
2031	1
2032	1
2033	0
2034	2
2035	2
2036	2
2037	0
2038	0
2039	5
2040	1
2041	0
2042	0
2043	1
2044	0
2045	4
2046	1
2047	1
2048	1
2049	1
2050	3
2051	0
2052	0
2053	1
2054	1
2055	2
2056	1
2057	1
2058	3
2059	1
2060	0
2061	2
2062	0
2063	1
2064	2
2065	2
2066	2
2067	1
2068	0
2069	1
2070	1
2071	1
2072	0
2073	1
2074	2
2075	1
2076	0
2077	0
2078	1
2079	1
2080	1
2081	1
2082	1
2083	2
2084	1
2085	0
2086	1
2087	2
2088	2
2089	1
2090	2
2091	2
2092	1
2093	1
2094	1
2095	1
2096	0
2097	1
2098	3
2099	1
2100	0
2101	2
2102	2
2103	0
2104	0
2105	4
2106	0
2107	0
2108	0
2109	1
2110	0
2111	2
2112	2
2113	1
2114	3
2115	1
2116	2
2117	1
2118	2
2119	3
2120	2
2121	1
2122	3
2123	3
2124	1
2125	1
2126	1
2127	1
2128	0
2129	2
2130	0
2131	2
2132	2
2133	0
2134	0
2135	1
2136	1
2137	0
2138	0
2139	1
2140	1
2141	4
2142	0
2143	0
2144	2
2145	3
2146	3
2147	1
2148	0
2149	0
2150	1
2151	3
2152	3
2153	0
2154	0
2155	0
2156	1
2157	2
2158	2
2159	4
2160	1
2161	1
2162	1
2163	1
2164	1
2165	2
2166	0
2167	1
2168	0
2169	0
2170	2
2171	0
2172	0
2173	1
2174	3
2175	0
2176	0
2177	4
2178	0
2179	2
2180	0
2181	0
2182	3
2183	1
2184	0
2185	2
2186	0
2187	2
2188	2
2189	1
2190	1
2191	1
2192	2
2193	2
2194	3
2195	0
2196	1
2197	3
2198	3
2199	1
2200	0
2201	2
2202	3
2203	0
2204	1
2205	2
2206	0
2207	1
2208	3
2209	3
2210	3
2211	0
2212	3
2213	0
2214	2
2215	2
2216	0
2217	1
2218	1
2219	1
2220	0
2221	1
2222	4
2223	1
2224	3
2225	1
2226	3
2227	1
2228	3
2229	1
2230	0
2231	1
2232	2
2233	2
2234	2
2235	1
2236	2
2237	2
2238	0
2239	0
2240	1
2241	4
2242	1
2243	2
2244	2
2245	1
2246	0
2247	1
2248	1
2249	0
2250	1
2251	1
2252	1
2253	0
2254	0
2255	2
2256	0
2257	2
2258	1
2259	1
2260	1
2261	3
2262	0
2263	0
2264	1
2265	0
2266	2
2267	1
2268	0
2269	1
2270	0
2271	2
2272	1
2273	5
2274	0
2275	2
2276	2
2277	1
2278	3
2279	3
2280	4
2281	5
2282	2
2283	1
2284	2
2285	0
2286	4
2287	0
2288	1
2289	2
2290	1
2291	0
2292	2
2293	4
2294	0
2295	2
2296	1
2297	0
2298	0
2299	0
2300	2
2301	0
2302	1
2303	3
2304	0
2305	4
2306	0
2307	1
2308	0
2309	2
2310	0
2311	2
2312	1
2313	2
2314	0
2315	0
2316	1
2317	0
2318	2
2319	1
2320	2
2321	0
2322	1
2323	0
2324	3
2325	0
2326	0
2327	1
2328	1
2329	1
2330	0
2331	1
2332	0
2333	4
2334	1
2335	0
2336	2
2337	1
2338	1
2339	1
2340	2
2341	4
2342	3
2343	4
2344	3
2345	2
2346	2
2347	1
2348	2
2349	0
2350	4
2351	1
2352	1
2353	1
2354	1
2355	1
2356	1
2357	1
2358	0
2359	0
2360	3
2361	3
2362	4
2363	1
2364	2
2365	0
2366	1
2367	2
2368	1
2369	1
2370	0
2371	2
2372	1
2373	1
2374	2
2375	4
2376	1
2377	0
2378	1
2379	1
2380	0
2381	2
2382	2
2383	1
2384	0
2385	2
2386	0
2387	3
2388	2
2389	0
2390	1
2391	2
2392	0
2393	0
2394	0
2395	2
2396	0
2397	1
2398	1
2399	0
2400	1
2401	2
2402	2
2403	1
2404	1
2405	0
2406	0
2407	1
2408	0
2409	1
2410	1
2411	0
2412	0
2413	1
2414	2
2415	1
2416	1
2417	1
2418	3
2419	0
2420	1
2421	1
2422	2
2423	3
2424	2
2425	1
2426	2
2427	1
2428	3
2429	5
2430	2
2431	0
2432	1
2433	1
2434	3
2435	0
2436	0
2437	2
2438	2
2439	0
2440	3
2441	3
2442	3
2443	5
2444	0
2445	0
2446	1
2447	1
2448	1
2449	4
2450	3
2451	1
2452	1
2453	1
2454	1
2455	4
2456	0
2457	0
2458	2
2459	0
2460	0
2461	3
2462	0
2463	2
2464	1
2465	2
2466	2
2467	1
2468	1
2469	0
2470	0
2471	3
2472	2
2473	0
2474	0
2475	0
2476	2
2477	0
2478	1
2479	1
2480	0
2481	2
2482	0
2483	2
2484	0
2485	1
2486	1
2487	0
2488	1
2489	1
2490	1
2491	1
2492	0
2493	0
2494	0
2495	3
2496	3
2497	1
2498	0
2499	5
2500	3
2501	2
2502	1
2503	3
2504	2
2505	2
2506	1
2507	1
2508	3
2509	1
2510	1
2511	0
2512	0
2513	3
2514	0
2515	0
2516	4
2517	1
2518	4
2519	1
2520	1
2521	2
2522	0
2523	2
2524	1
2525	1
2526	2
2527	1
2528	1
2529	2
2530	0
2531	0
2532	1
2533	1
2534	4
2535	1
2536	0
2537	2
2538	2
2539	1
2540	1
2541	1
2542	0
2543	1
2544	1
2545	1
2546	2
2547	3
2548	1
2549	1
2550	2
2551	0
2552	2
2553	0
2554	2
2555	1
2556	0
2557	0
2558	0
2559	0
2560	1
2561	1
2562	1
2563	2
2564	0
2565	5
2566	2
2567	2
2568	2
2569	0
2570	0
2571	1
2572	3
2573	1
2574	1
2575	1
2576	2
2577	1
2578	1
2579	2
2580	1
2581	0
2582	3
2583	3
2584	1
2585	0
2586	3
2587	2
2588	1
2589	0
2590	3
2591	3
2592	2
2593	2
2594	0
2595	1
2596	1
2597	0
2598	0
2599	2
2600	2
2601	1
2602	0
2603	0
2604	1
2605	2
2606	0
2607	1
2608	1
2609	0
2610	2
2611	1
2612	2
2613	0
2614	4
2615	0
2616	1
2617	1
2618	2
2619	3
2620	0
2621	4
2622	2
2623	2
2624	2
2625	2
2626	1
2627	3
2628	1
2629	2
2630	0
2631	2
2632	0
2633	3
2634	1
2635	0
2636	3
2637	2
2638	2
2639	1
2640	0
2641	0
2642	0
2643	1
2644	0
2645	2
2646	1
2647	2
2648	3
2649	1
2650	3
2651	1
2652	0
2653	2
2654	1
2655	3
2656	1
2657	3
2658	0
2659	0
2660	0
2661	2
2662	3
2663	0
2664	2
2665	3
2666	1
2667	2
2668	3
2669	3
2670	1
2671	1
2672	1
2673	2
2674	0
2675	2
2676	2
2677	2
2678	3
2679	0
2680	3
2681	1
2682	1
2683	1
2684	1
2685	0
2686	1
2687	1
2688	0
2689	1
2690	1
2691	0
2692	1
2693	0
2694	1
2695	0
2696	2
2697	0
2698	2
2699	0
2700	4
2701	1
2702	0
2703	0
2704	0
2705	2
2706	2
2707	0
2708	0
2709	2
2710	2
2711	1
2712	1
2713	0
2714	0
2715	1
2716	1
2717	1
2718	1
2719	0
2720	1
2721	0
2722	1
2723	3
2724	0
2725	1
2726	0
2727	2
2728	1
2729	1
2730	1
2731	2
2732	0
2733	0
2734	0
2735	0
2736	1
2737	2
2738	1
2739	0
2740	0
2741	0
2742	1
2743	0
2744	1
2745	2
2746	1
2747	1
2748	2
2749	2
2750	1
2751	1
2752	1
2753	1
2754	0
2755	0
2756	3
2757	1
2758	1
2759	0
2760	2
2761	1
2762	3
2763	0
2764	3
2765	3
2766	2
2767	1
2768	0
2769	0
2770	2
2771	4
2772	4
2773	0
2774	0
2775	4
2776	1
2777	2
2778	1
2779	2
2780	0
2781	1
2782	0
2783	2
2784	1
2785	2
2786	1
2787	0
2788	1
2789	0
2790	4
2791	1
2792	1
2793	0
2794	2
2795	1
2796	0
2797	3
2798	3
2799	1
2800	0
2801	1
2802	1
2803	1
2804	0
2805	2
2806	1
2807	0
2808	4
2809	0
2810	2
2811	2
2812	1
2813	1
2814	3
2815	1
2816	2
2817	2
2818	1
2819	0
2820	0
2821	2
2822	1
2823	0
2824	1
2825	4
2826	0
2827	1
2828	0
2829	1
2830	1
2831	2
2832	1
2833	1
2834	1
2835	1
2836	1
2837	2
2838	1
2839	2
2840	1
2841	2
2842	0
2843	2
2844	1
2845	0
2846	0
2847	0
2848	2
2849	1
2850	1
2851	1
2852	0
2853	2
2854	2
2855	3
2856	2
2857	0
2858	1
2859	1
2860	1
2861	1
2862	2
2863	0
2864	1
2865	1
2866	1
2867	1
2868	4
2869	2
2870	2
2871	1
2872	4
2873	0
2874	0
2875	1
2876	0
2877	0
2878	1
2879	0
2880	1
2881	0
2882	1
2883	1
2884	0
2885	0
2886	1
2887	1
2888	3
2889	0
2890	0
2891	0
2892	0
2893	4
2894	0
2895	2
2896	1
2897	0
2898	1
2899	2
2900	1
2901	0
2902	0
2903	2
2904	1
2905	1
2906	0
2907	1
2908	0
2909	4
2910	0
2911	1
2912	2
2913	1
2914	2
2915	1
2916	2
2917	1
2918	0
2919	2
2920	1
2921	0
2922	1
2923	4
2924	0
2925	1
2926	0
2927	1
2928	4
2929	0
2930	1
2931	1
2932	0
2933	0
2934	4
2935	0
2936	0
2937	1
2938	1
2939	0
2940	2
2941	0
2942	1
2943	0
2944	1
2945	0
2946	1
2947	2
2948	1
2949	2
2950	0
2951	2
2952	2
2953	0
2954	2
2955	1
2956	2
2957	1
2958	0
2959	3
2960	1
2961	1
2962	1
2963	0
2964	0
2965	1
2966	2
2967	1
2968	2
2969	1
2970	4
2971	1
2972	1
2973	1
2974	1
2975	1
2976	1
2977	5
2978	0
2979	1
2980	0
2981	1
2982	1
2983	1
2984	0
2985	0
2986	2
2987	1
2988	3
2989	1
2990	2
2991	2
2992	2
2993	1
2994	1
2995	1
2996	3
2997	1
2998	0
2999	0
3000	0
3001	1
3002	0
3003	2
3004	1
3005	0
3006	2
3007	1
3008	0
3009	0
3010	1
3011	1
3012	1
3013	0
3014	1
3015	1
3016	2
3017	0
3018	0
3019	2
3020	2
3021	3
3022	2
3023	3
3024	2
3025	1
3026	2
3027	2
3028	0
3029	0
3030	0
3031	3
3032	1
3033	1
3034	2
3035	1
3036	0
3037	1
3038	3
3039	0
3040	1
3041	0
3042	0
3043	0
3044	2
3045	2
3046	1
3047	1
3048	1
3049	0
3050	3
3051	3
3052	1
3053	2
3054	2
3055	0
3056	1
3057	1
3058	3
3059	1
3060	2
3061	0
3062	2
3063	1
3064	2
3065	2
3066	1
3067	1
3068	1
3069	1
3070	2
3071	2
3072	0
3073	0
3074	1
3075	0
3076	2
3077	1
3078	0
3079	0
3080	1
3081	0
3082	1
3083	1
3084	1
3085	1
3086	2
3087	1
3088	1
3089	1
3090	2
3091	1
3092	0
3093	0
3094	3
3095	3
3096	1
3097	1
3098	0
3099	3
3100	2
3101	1
3102	1
3103	2
3104	0
3105	1
3106	1
3107	1
3108	2
3109	0
3110	2
3111	2
3112	0
3113	1
3114	1
3115	0
3116	0
3117	2
3118	1
3119	2
3120	2
3121	3
3122	0
3123	3
3124	2
3125	0
3126	0
3127	1
3128	2
3129	1
3130	1
3131	2
3132	2
3133	1
3134	0
3135	0
3136	3
3137	2
3138	0
3139	0
3140	2
3141	2
3142	4
3143	2
3144	1
3145	1
3146	1
3147	1
3148	2
3149	2
3150	0
3151	3
3152	3
3153	1
3154	1
3155	1
3156	1
3157	2
3158	3
3159	0
3160	2
3161	0
3162	0
3163	1
3164	0
3165	1
3166	2
3167	0
3168	2
3169	1
3170	2
3171	0
3172	1
3173	1
3174	0
3175	0
3176	1
3177	4
3178	1
3179	0
3180	1
3181	2
3182	0
3183	1
3184	0
3185	1
3186	2
3187	3
3188	0
3189	1
3190	1
3191	0
3192	1
3193	1
3194	4
3195	2
3196	0
3197	2
3198	1
3199	0
3200	2
3201	0
3202	3
3203	0
3204	0
3205	0
3206	0
3207	0
3208	1
3209	3
3210	1
3211	2
3212	0
3213	2
3214	1
3215	2
3216	0
3217	2
3218	0
3219	0
3220	1
3221	1
3222	2
3223	3
3224	4
3225	2
3226	0
3227	2
3228	0
3229	0
3230	2
3231	0
3232	0
3233	1
3234	1
3235	0
3236	2
3237	1
3238	2
3239	1
3240	1
3241	0
3242	1
3243	4
3244	1
3245	1
3246	2
3247	0
3248	0
3249	1
3250	1
3251	2
3252	1
3253	2
3254	0
3255	0
3256	1
3257	2
3258	0
3259	2
3260	3
3261	0
3262	0
3263	1
3264	1
3265	1
3266	2
3267	1
3268	2
3269	1
3270	2
3271	4
3272	2
3273	1
3274	3
3275	2
3276	1
3277	2
3278	0
3279	0
3280	1
3281	1
3282	0
3283	0
3284	1
3285	2
3286	0
3287	1
3288	0
3289	2
3290	4
3291	1
3292	1
3293	0
3294	0
3295	1
3296	1
3297	0
3298	0
3299	1
3300	1
3301	1
3302	0
3303	1
3304	1
3305	3
3306	3
3307	0
3308	0
3309	2
3310	1
3311	3
3312	4
3313	2
3314	1
3315	3
3316	2
3317	1
3318	1
3319	0
3320	2
3321	2
3322	1
3323	1
3324	1
3325	1
3326	0
3327	2
3328	1
3329	2
3330	0
3331	1
3332	1
3333	0
3334	0
3335	1
3336	2
3337	1
3338	1
3339	2
3340	2
3341	4
3342	0
3343	1
3344	2
3345	5
3346	1
3347	2
3348	2
3349	2
3350	2
3351	1
3352	1
3353	0
3354	0
3355	2
3356	0
3357	1
3358	0
3359	2
3360	1
3361	2
3362	0
3363	0
3364	1
3365	2
3366	1
3367	1
3368	0
3369	3
3370	1
3371	0
3372	1
3373	3
3374	0
3375	0
3376	1
3377	0
3378	2
3379	2
3380	1
3381	1
3382	1
3383	2
3384	0
3385	2
3386	2
3387	0
3388	0
3389	0
3390	3
3391	2
3392	1
3393	1
3394	1
3395	0
3396	0
3397	3
3398	0
3399	1
3400	3
3401	0
3402	1
3403	1
3404	1
3405	1
3406	0
3407	0
3408	1
3409	1
3410	0
3411	0
3412	4
3413	0
3414	1
3415	1
3416	2
3417	2
3418	4
3419	3
3420	1
3421	1
3422	2
3423	2
3424	1
3425	2
3426	1
3427	1
3428	1
3429	0
3430	1
3431	2
3432	0
3433	1
3434	2
3435	0
3436	1
3437	1
3438	2
3439	0
3440	1
3441	2
3442	2
3443	2
3444	1
3445	0
3446	1
3447	2
3448	1
3449	3
3450	2
3451	6
3452	2
3453	2
3454	2
3455	1
3456	2
3457	0
3458	2
3459	4
3460	6
3461	2
3462	0
3463	2
3464	0
3465	1
3466	1
3467	1
3468	0
3469	2
3470	2
3471	3
3472	2
3473	1
3474	0
3475	4
3476	2
3477	1
3478	0
3479	0
3480	1
3481	0
3482	0
3483	1
3484	3
3485	3
3486	1
3487	1
3488	3
3489	0
3490	1
3491	1
3492	1
3493	2
3494	0
3495	3
3496	0
3497	1
3498	4
3499	1
3500	0
3501	3
3502	0
3503	0
3504	0
3505	4
3506	0
3507	3
3508	0
3509	2
3510	1
3511	0
3512	1
3513	2
3514	2
3515	2
3516	1
3517	4
3518	0
3519	0
3520	2
3521	0
3522	0
3523	4
3524	1
3525	0
3526	2
3527	2
3528	2
3529	0
3530	0
3531	1
3532	2
3533	3
3534	0
3535	0
3536	2
3537	2
3538	1
3539	1
3540	2
3541	0
3542	1
3543	0
3544	0
3545	0
3546	3
3547	1
3548	1
3549	0
3550	0
3551	1
3552	1
3553	1
3554	1
3555	2
3556	0
3557	2
3558	2
3559	1
3560	1
3561	1
3562	2
3563	0
3564	2
3565	1
3566	2
3567	2
3568	0
3569	1
3570	1
3571	0
3572	0
3573	3
3574	0
3575	1
3576	1
3577	2
3578	2
3579	2
3580	1
3581	2
3582	0
3583	2
3584	0
3585	0
3586	1
3587	1
3588	2
3589	4
3590	0
3591	1
3592	0
3593	2
3594	1
3595	1
3596	0
3597	0
3598	1
3599	0
3600	1
3601	3
3602	0
3603	1
3604	2
3605	0
3606	0
3607	1
3608	1
3609	1
3610	0
3611	3
3612	1
3613	1
3614	3
3615	0
3616	1
3617	2
3618	0
3619	0
3620	0
3621	2
3622	1
3623	2
3624	1
3625	2
3626	2
3627	1
3628	3
3629	1
3630	1
3631	0
3632	1
3633	1
3634	0
3635	0
3636	1
3637	6
3638	2
3639	2
3640	1
3641	1
3642	3
3643	3
3644	1
3645	4
3646	2
3647	0
3648	3
3649	1
3650	2
3651	0
3652	1
3653	3
3654	1
3655	1
3656	0
3657	0
3658	3
3659	0
3660	1
3661	1
3662	2
3663	0
3664	0
3665	2
3666	1
3667	2
3668	1
3669	1
3670	3
3671	2
3672	2
3673	0
3674	1
3675	1
3676	1
3677	1
3678	2
3679	1
3680	2
3681	2
3682	0
3683	0
3684	1
3685	1
3686	1
3687	0
3688	1
3689	1
3690	0
3691	0
3692	3
3693	0
3694	1
3695	1
3696	2
3697	1
3698	1
3699	0
3700	1
3701	3
3702	1
3703	1
3704	1
3705	1
3706	1
3707	2
3708	0
3709	2
3710	1
3711	3
3712	3
3713	1
3714	0
3715	0
3716	3
3717	1
3718	2
3719	2
3720	1
3721	2
3722	3
3723	0
3724	0
3725	1
3726	0
3727	2
3728	0
3729	3
3730	1
3731	2
3732	0
3733	1
3734	2
3735	1
3736	0
3737	0
3738	0
3739	1
3740	2
3741	2
3742	4
3743	0
3744	1
3745	0
3746	1
3747	0
3748	1
3749	2
3750	0
3751	0
3752	0
3753	0
3754	1
3755	3
3756	1
3757	1
3758	1
3759	0
3760	0
3761	1
3762	3
3763	3
3764	2
3765	3
3766	0
3767	0
3768	1
3769	1
3770	1
3771	2
3772	1
3773	1
3774	1
3775	1
3776	0
3777	0
3778	0
3779	1
3780	0
3781	1
3782	0
3783	1
3784	1
3785	2
3786	0
3787	0
3788	1
3789	2
3790	3
3791	1
3792	3
3793	1
3794	1
3795	1
3796	2
3797	3
3798	2
3799	5
3800	2
3801	2
3802	0
3803	0
3804	0
3805	1
3806	2
3807	0
3808	0
3809	0
3810	3
3811	2
3812	1
3813	0
3814	4
3815	1
3816	0
3817	2
3818	2
3819	2
3820	1
3821	3
3822	2
3823	2
3824	4
3825	0
3826	3
3827	0
3828	3
3829	0
3830	0
3831	4
3832	0
3833	1
3834	0
3835	4
3836	0
3837	1
3838	1
3839	0
3840	2
3841	1
3842	1
3843	3
3844	3
3845	1
3846	0
3847	0
3848	4
3849	1
3850	1
3851	2
3852	1
3853	3
3854	2
3855	3
3856	0
3857	0
3858	2
3859	1
3860	3
3861	3
3862	0
3863	1
3864	0
3865	0
3866	1
3867	0
3868	2
3869	1
3870	0
3871	0
3872	1
3873	1
3874	1
3875	1
3876	4
3877	1
3878	2
3879	3
3880	0
3881	1
3882	2
3883	0
3884	3
3885	1
3886	2
3887	2
3888	0
3889	2
3890	0
3891	1
3892	2
3893	0
3894	1
3895	0
3896	3
3897	1
3898	0
3899	1
3900	1
3901	1
3902	2
3903	2
3904	1
3905	4
3906	3
3907	0
3908	6
3909	2
3910	3
3911	1
3912	2
3913	1
3914	0
3915	0
3916	0
3917	0
3918	0
3919	1
3920	1
3921	0
3922	1
3923	0
3924	0
3925	2
3926	0
3927	1
3928	1
3929	1
3930	1
3931	1
3932	2
3933	1
3934	2
3935	0
3936	2
3937	2
3938	0
3939	0
3940	1
3941	2
3942	1
3943	0
3944	2
3945	3
3946	0
3947	3
3948	0
3949	0
3950	1
3951	3
3952	0
3953	0
3954	2
3955	1
3956	1
3957	0
3958	3
3959	2
3960	1
3961	0
3962	2
3963	3
3964	1
3965	1
3966	1
3967	0
3968	1
3969	0
3970	2
3971	1
3972	1
3973	1
3974	2
3975	0
3976	2
3977	0
3978	3
3979	1
3980	0
3981	0
3982	1
3983	1
3984	2
3985	1
3986	1
3987	1
3988	0
3989	1
3990	1
3991	2
3992	2
3993	0
3994	1
3995	1
3996	0
3997	2
3998	0
3999	3
4000	1
4001	3
4002	0
4003	1
4004	1
4005	0
4006	2
4007	1
4008	1
4009	4
4010	2
4011	1
4012	1
4013	1
4014	0
4015	0
4016	1
4017	1
4018	4
4019	1
4020	0
4021	3
4022	2
4023	0
4024	3
4025	0
4026	1
4027	1
4028	1
4029	1
4030	1
4031	1
4032	3
4033	1
4034	1
4035	0
4036	1
4037	2
4038	1
4039	0
4040	4
4041	2
4042	2
4043	2
4044	1
4045	1
4046	2
4047	1
4048	0
4049	2
4050	1
4051	1
4052	3
4053	0
4054	3
4055	1
4056	0
4057	0
4058	0
4059	1
4060	1
4061	0
4062	1
4063	0
4064	1
4065	1
4066	1
4067	2
4068	0
4069	0
4070	5
4071	3
4072	0
4073	2
4074	1
4075	1
4076	0
4077	0
4078	0
4079	0
4080	1
4081	0
4082	3
4083	1
4084	1
4085	1
4086	2
4087	3
4088	1
4089	2
4090	1
4091	3
4092	2
4093	3
4094	1
4095	2
4096	1
4097	1
4098	2
4099	3
4100	0
4101	0
4102	0
4103	0
4104	0
4105	1
4106	2
4107	2
4108	1
4109	1
4110	1
4111	0
4112	0
4113	0
4114	0
4115	3
4116	0
4117	1
4118	1
4119	0
4120	0
4121	0
4122	1
4123	1
4124	0
4125	1
4126	1
4127	0
4128	0
4129	1
4130	0
4131	0
4132	1
4133	3
4134	0
4135	1
4136	0
4137	2
4138	0
4139	1
4140	3
4141	0
4142	0
4143	1
4144	1
4145	2
4146	1
4147	2
4148	2
4149	0
4150	1
4151	0
4152	2
4153	3
4154	0
4155	1
4156	3
4157	1
4158	2
4159	1
4160	1
4161	1
4162	0
4163	1
4164	0
4165	1
4166	1
4167	3
4168	1
4169	1
4170	0
4171	0
4172	1
4173	1
4174	0
4175	0
4176	1
4177	3
4178	1
4179	0
4180	0
4181	5
4182	2
4183	4
4184	0
4185	1
4186	0
4187	0
4188	0
4189	1
4190	2
4191	0
4192	0
4193	3
4194	4
4195	2
4196	1
4197	5
4198	2
4199	2
4200	2
4201	2
4202	3
4203	2
4204	1
4205	4
4206	3
4207	0
4208	2
4209	1
4210	4
4211	1
4212	0
4213	1
4214	2
4215	1
4216	1
4217	0
4218	1
4219	2
4220	0
4221	3
4222	0
4223	1
4224	1
4225	0
4226	2
4227	1
4228	0
4229	0
4230	5
4231	3
4232	2
4233	1
4234	1
4235	1
4236	0
4237	2
4238	0
4239	0
4240	1
4241	4
4242	1
4243	1
4244	1
4245	0
4246	1
4247	1
4248	2
4249	2
4250	2
4251	1
4252	0
4253	1
4254	2
4255	1
4256	1
4257	2
4258	0
4259	0
4260	0
4261	0
4262	2
4263	3
4264	0
4265	0
4266	3
4267	1
4268	0
4269	1
4270	1
4271	1
4272	1
4273	1
4274	1
4275	1
4276	2
4277	1
4278	1
4279	0
4280	1
4281	2
4282	1
4283	1
4284	0
4285	0
4286	1
4287	0
4288	2
4289	0
4290	2
4291	0
4292	0
4293	0
4294	0
4295	0
4296	0
4297	2
4298	1
4299	4
4300	1
4301	1
4302	0
4303	1
4304	1
4305	0
4306	1
4307	2
4308	2
4309	1
4310	0
4311	0
4312	1
4313	4
4314	2
4315	4
4316	1
4317	0
4318	2
4319	2
4320	2
4321	1
4322	1
4323	1
4324	0
4325	2
4326	1
4327	2
4328	1
4329	2
4330	3
4331	3
4332	1
4333	0
4334	0
4335	2
4336	2
4337	1
4338	3
4339	2
4340	2
4341	0
4342	1
4343	2
4344	1
4345	2
4346	0
4347	1
4348	0
4349	1
4350	0
4351	0
4352	2
4353	1
4354	3
4355	1
4356	1
4357	3
4358	3
4359	1
4360	2
4361	0
4362	1
4363	0
4364	0
4365	0
4366	0
4367	2
4368	1
4369	2
4370	1
4371	1
4372	0
4373	0
4374	0
4375	1
4376	2
4377	1
4378	2
4379	3
4380	1
4381	2
4382	0
4383	1
4384	0
4385	2
4386	0
4387	0
4388	0
4389	0
4390	1
4391	1
4392	1
4393	1
4394	1
4395	4
4396	1
4397	1
4398	0
4399	0
4400	1
4401	3
4402	1
4403	2
4404	1
4405	1
4406	2
4407	1
4408	3
4409	0
4410	0
4411	4
4412	4
4413	3
4414	1
4415	2
4416	0
4417	1
4418	2
4419	2
4420	4
4421	4
4422	2
4423	2
4424	4
4425	1
4426	0
4427	2
4428	3
4429	2
4430	1
4431	0
4432	4
4433	0
4434	0
4435	0
4436	1
4437	1
4438	0
4439	1
4440	0
4441	1
4442	0
4443	0
4444	0
4445	1
4446	3
4447	3
4448	2
4449	1
4450	1
4451	3
4452	4
4453	1
4454	0
4455	1
4456	3
4457	3
4458	1
4459	2
4460	0
4461	1
4462	1
4463	5
4464	1
4465	1
4466	1
4467	0
4468	2
4469	1
4470	4
4471	2
4472	1
4473	2
4474	1
4475	1
4476	2
4477	1
4478	2
4479	1
4480	1
4481	0
4482	2
4483	1
4484	1
4485	1
4486	2
4487	1
4488	0
4489	0
4490	0
4491	1
4492	1
4493	4
4494	1
4495	0
4496	1
4497	2
4498	1
4499	0
4500	2
4501	4
4502	1
4503	0
4504	1
4505	1
4506	1
4507	0
4508	0
4509	0
4510	1
4511	4
4512	1
4513	0
4514	1
4515	1
4516	1
4517	1
4518	3
4519	4
4520	1
4521	2
4522	1
4523	4
4524	1
4525	1
4526	0
4527	3
4528	0
4529	0
4530	3
4531	4
4532	1
4533	1
4534	1
4535	4
4536	1
4537	0
4538	0
4539	1
4540	1
4541	2
4542	1
4543	1
4544	2
4545	3
4546	1
4547	1
4548	2
4549	1
4550	2
4551	2
4552	3
4553	0
4554	2
4555	2
4556	2
4557	0
4558	1
4559	2
4560	0
4561	0
4562	0
4563	0
4564	2
4565	1
4566	2
4567	2
4568	1
4569	1
4570	1
4571	1
4572	0
4573	2
4574	0
4575	2
4576	3
4577	3
4578	0
4579	1
4580	2
4581	1
4582	1
4583	0
4584	0
4585	1
4586	2
4587	1
4588	2
4589	2
4590	0
4591	0
4592	1
4593	1
4594	1
4595	2
4596	0
4597	1
4598	0
4599	0
4600	2
4601	2
4602	1
4603	0
4604	2
4605	1
4606	0
4607	0
4608	1
4609	2
4610	4
4611	1
4612	0
4613	0
4614	4
4615	0
4616	0
4617	0
4618	1
4619	1
4620	2
4621	0
4622	2
4623	2
4624	1
4625	3
4626	0
4627	1
4628	1
4629	0
4630	0
4631	1
4632	0
4633	1
4634	2
4635	1
4636	0
4637	0
4638	1
4639	1
4640	2
4641	1
4642	1
4643	0
4644	2
4645	2
4646	0
4647	0
4648	1
4649	2
4650	1
4651	2
4652	1
4653	0
4654	0
4655	1
4656	1
4657	2
4658	1
4659	1
4660	0
4661	1
4662	2
4663	0
4664	0
4665	0
4666	3
4667	3
4668	0
4669	4
4670	1
4671	1
4672	1
4673	2
4674	0
4675	3
4676	2
4677	0
4678	2
4679	1
4680	1
4681	0
4682	2
4683	3
4684	1
4685	1
4686	1
4687	1
4688	2
4689	0
4690	0
4691	0
4692	2
4693	2
4694	2
4695	1
4696	3
4697	2
4698	1
4699	0
4700	0
4701	1
4702	0
4703	0
4704	0
4705	3
4706	3
4707	2
4708	3
4709	1
4710	0
4711	2
4712	3
4713	1
4714	0
4715	0
4716	1
4717	1
4718	2
4719	1
4720	0
4721	1
4722	1
4723	1
4724	1
4725	0
4726	0
4727	0
4728	0
4729	1
4730	2
4731	0
4732	2
4733	1
4734	0
4735	0
4736	0
4737	0
4738	0
4739	3
4740	0
4741	1
4742	1
4743	0
4744	0
4745	0
4746	1
4747	3
4748	1
4749	0
4750	0
4751	2
4752	1
4753	1
4754	2
4755	1
4756	0
4757	0
4758	0
4759	0
4760	1
4761	2
4762	1
4763	0
4764	1
4765	1
4766	2
4767	1
4768	1
4769	3
4770	0
4771	1
4772	3
4773	2
4774	1
4775	0
4776	2
4777	1
4778	0
4779	1
4780	1
4781	0
4782	0
4783	0
4784	1
4785	1
4786	2
4787	1
4788	1
4789	2
4790	1
4791	0
4792	0
4793	3
4794	0
4795	0
4796	1
4797	1
4798	1
4799	1
4800	0
4801	1
4802	0
4803	0
4804	1
4805	1
4806	3
4807	1
4808	4
4809	0
4810	1
4811	3
4812	2
4813	1
4814	2
4815	1
4816	0
4817	3
4818	0
4819	1
4820	2
4821	2
4822	3
4823	2
4824	1
4825	1
4826	0
4827	4
4828	3
4829	2
4830	0
4831	1
4832	1
4833	2
4834	0
4835	1
4836	3
4837	3
4838	2
4839	0
4840	0
4841	2
4842	1
4843	3
4844	1
4845	1
4846	1
4847	1
4848	0
4849	2
4850	1
4851	1
4852	1
4853	0
4854	2
4855	0
4856	1
4857	4
4858	1
4859	0
4860	1
4861	0
4862	2
4863	2
4864	0
4865	5
4866	1
4867	3
4868	2
4869	2
4870	1
4871	1
4872	0
4873	0
4874	1
4875	0
4876	1
4877	0
4878	1
4879	3
4880	0
4881	0
4882	0
4883	0
4884	0
4885	0
4886	0
4887	1
4888	2
4889	2
4890	0
4891	1
4892	1
4893	2
4894	3
4895	3
4896	0
4897	4
4898	1
4899	4
4900	2
4901	2
4902	0
4903	2
4904	3
4905	2
4906	1
4907	0
4908	1
4909	2
4910	0
4911	1
4912	1
4913	0
4914	0
4915	1
4916	0
4917	1
4918	2
4919	0
4920	0
4921	1
4922	3
4923	3
4924	1
4925	0
4926	1
4927	1
4928	2
4929	3
4930	0
4931	2
4932	1
4933	0
4934	1
4935	1
4936	1
4937	1
4938	2
4939	1
4940	3
4941	1
4942	3
4943	2
4944	2
4945	1
4946	3
4947	0
4948	3
4949	2
4950	2
4951	0
4952	1
4953	1
4954	2
4955	0
4956	2
4957	2
4958	0
4959	1
4960	0
4961	2
4962	1
4963	2
4964	0
4965	0
4966	2
4967	0
4968	1
4969	1
4970	0
4971	0
4972	0
4973	0
4974	2
4975	3
4976	1
4977	1
4978	2
4979	1
4980	1
4981	0
4982	2
4983	0
4984	0
4985	0
4986	1
4987	4
4988	1
4989	0
4990	1
4991	1
4992	0
4993	1
4994	1
4995	1
4996	0
4997	2
4998	4
4999	1
5000	1
5001	0
5002	2
5003	2
5004	2
5005	2
5006	1
5007	1
5008	0
5009	2
5010	0
5011	0
5012	1
5013	2
5014	3
5015	2
5016	3
5017	2
5018	0
5019	0
5020	3
5021	0
5022	0
5023	2
5024	0
5025	2
5026	2
5027	1
5028	1
5029	1
5030	3
5031	1
5032	0
5033	1
5034	2
5035	2
5036	1
5037	1
5038	1
5039	1
5040	0
5041	3
5042	5
5043	2
5044	4
5045	1
5046	1
5047	2
5048	4
5049	1
5050	1
5051	1
5052	2
5053	2
5054	0
5055	0
5056	1
5057	1
5058	1
5059	4
5060	2
5061	0
5062	0
5063	1
5064	0
5065	1
5066	1
5067	1
5068	0
5069	0
5070	1
5071	0
5072	0
5073	2
5074	3
5075	5
5076	2
5077	2
5078	1
5079	0
5080	2
5081	0
5082	0
5083	0
5084	1
5085	0
5086	1
5087	0
5088	1
5089	0
5090	3
5091	0
5092	3
5093	1
5094	2
5095	2
5096	2
5097	1
5098	2
5099	1
5100	3
5101	1
5102	1
5103	2
5104	1
5105	3
5106	1
5107	1
5108	2
5109	0
5110	0
5111	2
5112	1
5113	2
5114	0
5115	1
5116	3
5117	1
5118	1
5119	1
5120	4
5121	2
5122	3
5123	1
5124	1
5125	2
5126	1
5127	4
5128	0
5129	0
5130	3
5131	2
5132	1
5133	2
5134	1
5135	0
5136	0
5137	2
5138	3
5139	0
5140	1
5141	2
5142	4
5143	1
5144	1
5145	0
5146	0
5147	0
5148	1
5149	1
5150	1
5151	0
5152	1
5153	1
5154	0
5155	0
5156	0
5157	1
5158	0
5159	4
5160	0
5161	0
5162	0
5163	1
5164	4
5165	1
5166	1
5167	1
5168	1
5169	0
5170	2
5171	1
5172	1
5173	1
5174	2
5175	2
5176	2
5177	0
5178	4
5179	2
5180	2
5181	0
5182	1
5183	3
5184	0
5185	2
5186	0
5187	0
5188	3
5189	0
5190	1
5191	0
5192	1
5193	0
5194	1
5195	0
5196	0
5197	2
5198	1
5199	2
5200	1
5201	2
5202	2
5203	4
5204	1
5205	3
5206	1
5207	0
5208	1
5209	1
5210	3
5211	1
5212	0
5213	1
5214	1
5215	2
5216	2
5217	0
5218	1
5219	4
5220	1
5221	0
5222	0
5223	0
5224	2
5225	2
5226	0
5227	0
5228	1
5229	1
5230	3
5231	1
5232	0
5233	1
5234	2
5235	2
5236	2
5237	0
5238	3
5239	2
5240	3
5241	1
5242	1
5243	1
5244	2
5245	4
5246	1
5247	0
5248	6
5249	1
5250	2
5251	1
5252	2
5253	2
5254	2
5255	0
5256	3
5257	1
5258	0
5259	1
5260	2
5261	1
5262	1
5263	2
5264	0
5265	3
5266	1
5267	1
5268	2
5269	0
5270	1
5271	2
5272	0
5273	1
5274	3
5275	2
5276	3
5277	2
5278	2
5279	2
5280	3
5281	1
5282	1
5283	0
5284	1
5285	0
5286	0
5287	0
5288	2
5289	3
5290	0
5291	0
5292	0
5293	0
5294	0
5295	1
5296	0
5297	0
5298	1
5299	1
5300	0
5301	0
5302	0
5303	1
5304	1
5305	1
5306	0
5307	2
5308	0
5309	1
5310	3
5311	1
5312	1
5313	3
5314	2
5315	1
5316	1
5317	3
5318	1
5319	1
5320	1
5321	0
5322	2
5323	0
5324	3
5325	2
5326	1
5327	1
5328	0
5329	1
5330	2
5331	0
5332	1
5333	0
5334	1
5335	1
5336	2
5337	1
5338	2
5339	1
5340	1
5341	4
5342	1
5343	1
5344	1
5345	2
5346	2
5347	1
5348	3
5349	0
5350	2
5351	1
5352	1
5353	1
5354	0
5355	3
5356	3
5357	1
5358	1
5359	3
5360	1
5361	1
5362	2
5363	0
5364	2
5365	1
5366	0
5367	2
5368	3
5369	1
5370	1
5371	1
5372	1
5373	4
5374	0
5375	1
5376	0
5377	1
5378	2
5379	1
5380	1
5381	2
5382	2
5383	0
5384	1
5385	1
5386	0
5387	0
5388	2
5389	0
5390	3
5391	1
5392	0
5393	3
5394	0
5395	3
5396	0
5397	0
5398	1
5399	1
5400	0
5401	1
5402	0
5403	1
5404	0
5405	0
5406	1
5407	3
5408	1
5409	1
5410	1
5411	0
5412	1
5413	1
5414	2
5415	3
5416	1
5417	1
5418	2
5419	0
5420	3
5421	2
5422	0
5423	2
5424	0
5425	1
5426	0
5427	1
5428	1
5429	3
5430	2
5431	2
5432	0
5433	1
5434	1
5435	1
5436	3
5437	2
5438	1
5439	1
5440	0
5441	2
5442	1
5443	3
5444	2
5445	0
5446	3
5447	0
5448	1
5449	3
5450	3
5451	1
5452	1
5453	0
5454	5
5455	0
5456	0
5457	1
5458	0
5459	5
5460	0
5461	2
5462	0
5463	1
5464	3
5465	0
5466	1
5467	0
5468	1
5469	1
5470	1
5471	1
5472	1
5473	0
5474	0
5475	0
5476	3
5477	0
5478	2
5479	1
5480	1
5481	0
5482	2
5483	3
5484	1
5485	2
5486	1
5487	1
5488	0
5489	2
5490	1
5491	1
5492	3
5493	1
5494	2
5495	1
5496	0
5497	1
5498	2
5499	2
5500	0
5501	0
5502	0
5503	3
5504	1
5505	2
5506	0
5507	0
5508	2
5509	0
5510	0
5511	3
5512	1
5513	0
5514	2
5515	1
5516	2
5517	0
5518	2
5519	1
5520	0
5521	2
5522	1
5523	1
5524	1
5525	1
5526	1
5527	0
5528	0
5529	1
5530	1
5531	1
5532	4
5533	1
5534	1
5535	0
5536	1
5537	1
5538	2
5539	1
5540	1
5541	0
5542	3
5543	4
5544	1
5545	4
5546	2
5547	1
5548	2
5549	4
5550	1
5551	2
5552	0
5553	0
5554	2
5555	0
5556	4
5557	0
5558	2
5559	4
5560	0
5561	1
5562	1
5563	4
5564	1
5565	1
5566	2
5567	0
5568	0
5569	1
5570	0
5571	2
5572	2
5573	1
5574	0
5575	2
5576	4
5577	2
5578	1
5579	0
5580	0
5581	0
5582	0
5583	3
5584	0
5585	2
5586	1
5587	2
5588	1
5589	3
5590	0
5591	1
5592	3
5593	0
5594	3
5595	0
5596	1
5597	2
5598	2
5599	2
5600	1
5601	0
5602	3
5603	2
5604	0
5605	1
5606	0
5607	3
5608	1
5609	0
5610	1
5611	4
5612	0
5613	1
5614	2
5615	1
5616	3
5617	0
5618	0
5619	3
5620	1
5621	2
5622	2
5623	1
5624	1
5625	1
5626	1
5627	1
5628	0
5629	0
5630	1
5631	1
5632	1
5633	1
5634	0
5635	1
5636	3
5637	0
5638	2
5639	1
5640	4
5641	3
5642	2
5643	3
5644	2
5645	1
5646	2
5647	1
5648	1
5649	1
5650	0
5651	1
5652	2
5653	1
5654	2
5655	1
5656	0
5657	2
5658	0
5659	1
5660	3
5661	3
5662	0
5663	2
5664	0
5665	0
5666	1
5667	4
5668	1
5669	1
5670	1
5671	2
5672	2
5673	0
5674	2
5675	0
5676	5
5677	0
5678	2
5679	0
5680	0
5681	4
5682	3
5683	2
5684	0
5685	3
5686	0
5687	0
5688	4
5689	2
5690	0
5691	1
5692	1
5693	1
5694	2
5695	1
5696	2
5697	3
5698	1
5699	0
5700	1
5701	0
5702	0
5703	1
5704	1
5705	1
5706	3
5707	1
5708	0
5709	1
5710	1
5711	2
5712	2
5713	3
5714	2
5715	0
5716	1
5717	1
5718	1
5719	0
5720	2
5721	1
5722	3
5723	1
5724	2
5725	2
5726	3
5727	0
5728	1
5729	2
5730	1
5731	0
5732	1
5733	0
5734	0
5735	1
5736	2
5737	0
5738	2
5739	1
5740	1
5741	1
5742	0
5743	1
5744	2
5745	2
5746	2
5747	0
5748	2
5749	3
5750	0
5751	1
5752	0
5753	0
5754	4
5755	5
5756	2
5757	1
5758	4
5759	1
5760	0
5761	5
5762	1
5763	0
5764	2
5765	2
5766	0
5767	0
5768	4
5769	1
5770	0
5771	0
5772	2
5773	0
5774	2
5775	2
5776	0
5777	0
5778	3
5779	0
5780	1
5781	0
5782	1
5783	3
5784	1
5785	1
5786	1
5787	1
5788	3
5789	2
5790	1
5791	0
5792	2
5793	1
5794	0
5795	2
5796	2
5797	1
5798	0
5799	1
5800	1
5801	2
5802	1
5803	1
5804	1
5805	0
5806	0
5807	0
5808	3
5809	0
5810	0
5811	1
5812	3
5813	1
5814	1
5815	1
5816	3
5817	0
5818	0
5819	2
5820	1
5821	2
5822	3
5823	0
5824	1
5825	1
5826	0
5827	1
5828	1
5829	1
5830	2
5831	0
5832	0
5833	3
5834	2
5835	0
5836	2
5837	0
5838	1
5839	0
5840	2
5841	2
5842	0
5843	2
5844	2
5845	2
5846	1
5847	1
5848	2
5849	1
5850	1
5851	2
5852	4
5853	0
5854	1
5855	1
5856	0
5857	1
5858	2
5859	4
5860	0
5861	0
5862	0
5863	2
5864	0
5865	1
5866	0
5867	1
5868	1
5869	1
5870	3
5871	4
5872	0
5873	1
5874	1
5875	2
5876	0
5877	0
5878	2
5879	1
5880	2
5881	1
5882	1
5883	1
5884	1
5885	0
5886	2
5887	3
5888	1
5889	1
5890	1
5891	0
5892	1
5893	0
5894	2
5895	0
5896	2
5897	2
5898	1
5899	1
5900	0
5901	0
5902	1
5903	0
5904	1
5905	2
5906	1
5907	0
5908	2
5909	0
5910	0
5911	1
5912	2
5913	1
5914	1
5915	1
5916	3
5917	0
5918	2
5919	2
5920	1
5921	0
5922	2
5923	3
5924	0
5925	3
5926	0
5927	4
5928	1
5929	3
5930	0
5931	1
5932	1
5933	1
5934	2
5935	2
5936	0
5937	3
5938	2
5939	1
5940	0
5941	1
5942	3
5943	1
5944	2
5945	0
5946	3
5947	2
5948	1
5949	2
5950	1
5951	0
5952	2
5953	0
5954	1
5955	2
5956	0
5957	1
5958	1
5959	2
5960	0
5961	0
5962	0
5963	0
5964	2
5965	4
5966	1
5967	0
5968	1
5969	0
5970	2
5971	2
5972	3
5973	3
5974	2
5975	1
5976	0
5977	0
5978	0
5979	1
5980	1
5981	0
5982	2
5983	1
5984	0
5985	1
5986	2
5987	2
5988	2
5989	3
5990	1
5991	3
5992	2
5993	1
5994	1
5995	4
5996	0
5997	1
5998	2
5999	2
6000	2
6001	0
6002	1
6003	1
6004	2
6005	1
6006	1
6007	1
6008	0
6009	0
6010	1
6011	1
6012	1
6013	1
6014	2
6015	3
6016	3
6017	1
6018	1
6019	1
6020	1
6021	1
6022	2
6023	1
6024	2
6025	1
6026	1
6027	0
6028	1
6029	1
6030	2
6031	3
6032	2
6033	2
6034	2
6035	2
6036	2
6037	1
6038	2
6039	3
6040	1
6041	0
6042	1
6043	0
6044	3
6045	1
6046	0
6047	1
6048	1
6049	0
6050	1
6051	1
6052	2
6053	0
6054	0
6055	3
6056	1
6057	0
6058	3
6059	2
6060	1
6061	1
6062	0
6063	2
6064	3
6065	1
6066	1
6067	1
6068	2
6069	0
6070	0
6071	2
6072	2
6073	2
6074	2
6075	1
6076	1
6077	4
6078	1
6079	1
6080	3
6081	1
6082	0
6083	0
6084	2
6085	0
6086	3
6087	0
6088	1
6089	0
6090	2
6091	3
6092	0
6093	1
6094	2
6095	1
6096	3
6097	0
6098	3
6099	1
6100	0
6101	2
6102	0
6103	1
6104	0
6105	1
6106	0
6107	0
6108	0
6109	0
6110	2
6111	1
6112	0
6113	1
6114	2
6115	3
6116	3
6117	3
6118	2
6119	1
6120	1
6121	1
6122	1
6123	1
6124	0
6125	0
6126	1
6127	0
6128	1
6129	1
6130	0
6131	1
6132	0
6133	1
6134	2
6135	2
6136	0
6137	1
6138	0
6139	1
6140	3
6141	1
6142	0
6143	0
6144	1
6145	0
6146	1
6147	1
6148	2
6149	1
6150	0
6151	1
6152	1
6153	1
6154	2
6155	0
6156	1
6157	0
6158	1
6159	4
6160	2
6161	2
6162	1
6163	1
6164	0
6165	2
6166	3
6167	1
6168	1
6169	0
6170	2
6171	1
6172	0
6173	4
6174	0
6175	0
6176	1
6177	0
6178	1
6179	1
6180	0
6181	0
6182	1
6183	0
6184	2
6185	0
6186	2
6187	0
6188	0
6189	0
6190	1
6191	0
6192	3
6193	2
6194	2
6195	3
6196	1
6197	0
6198	1
6199	1
6200	0
6201	2
6202	0
6203	1
6204	2
6205	3
6206	1
6207	0
6208	1
6209	2
6210	1
6211	2
6212	2
6213	0
6214	1
6215	1
6216	3
6217	1
6218	0
6219	0
6220	1
6221	2
6222	2
6223	2
6224	0
6225	1
6226	1
6227	0
6228	0
6229	0
6230	1
6231	3
6232	1
6233	0
6234	1
6235	4
6236	1
6237	0
6238	0
6239	1
6240	1
6241	2
6242	0
6243	1
6244	1
6245	1
6246	0
6247	1
6248	0
6249	1
6250	0
6251	0
6252	2
6253	3
6254	0
6255	1
6256	2
6257	0
6258	0
6259	4
6260	0
6261	0
6262	1
6263	2
6264	1
6265	0
6266	3
6267	2
6268	0
6269	1
6270	2
6271	0
6272	3
6273	2
6274	3
6275	3
6276	2
6277	2
6278	0
6279	2
6280	0
6281	2
6282	2
6283	1
6284	1
6285	2
6286	1
6287	1
6288	0
6289	2
6290	1
6291	1
6292	1
6293	3
6294	1
6295	0
6296	0
6297	1
6298	3
6299	0
6300	4
6301	1
6302	2
6303	1
6304	1
6305	0
6306	2
6307	2
6308	1
6309	3
6310	1
6311	0
6312	2
6313	1
6314	0
6315	1
6316	0
6317	0
6318	0
6319	0
6320	2
6321	0
6322	2
6323	0
6324	3
6325	0
6326	1
6327	1
6328	4
6329	1
6330	2
6331	2
6332	4
6333	5
6334	3
6335	1
6336	2
6337	1
6338	1
6339	4
6340	0
6341	3
6342	2
6343	0
6344	4
6345	0
6346	1
6347	1
6348	3
6349	0
6350	0
6351	1
6352	0
6353	0
6354	1
6355	2
6356	1
6357	1
6358	0
6359	0
6360	0
6361	3
6362	3
6363	1
6364	0
6365	2
6366	1
6367	1
6368	2
6369	2
6370	0
6371	1
6372	1
6373	4
6374	1
6375	1
6376	1
6377	0
6378	1
6379	1
6380	1
6381	2
6382	3
6383	2
6384	1
6385	2
6386	0
6387	0
6388	1
6389	1
6390	1
6391	2
6392	3
6393	0
6394	2
6395	3
6396	2
6397	0
6398	0
6399	2
6400	3
6401	1
6402	1
6403	2
6404	4
6405	0
6406	0
6407	1
6408	0
6409	1
6410	0
6411	1
6412	0
6413	3
6414	0
6415	1
6416	0
6417	3
6418	3
6419	0
6420	2
6421	2
6422	0
6423	1
6424	1
6425	0
6426	2
6427	3
6428	0
6429	1
6430	0
6431	1
6432	2
6433	1
6434	0
6435	4
6436	4
6437	2
6438	1
6439	1
6440	3
6441	0
6442	0
6443	1
6444	2
6445	2
6446	2
6447	0
6448	1
6449	1
6450	0
6451	1
6452	0
6453	1
6454	1
6455	1
6456	0
6457	2
6458	0
6459	3
6460	1
6461	0
6462	0
6463	1
6464	1
6465	0
6466	1
6467	0
6468	1
6469	0
6470	2
6471	0
6472	0
6473	0
6474	1
6475	0
6476	0
6477	0
6478	2
6479	1
6480	2
6481	0
6482	1
6483	2
6484	1
6485	2
6486	0
6487	2
6488	2
6489	1
6490	1
6491	2
6492	1
6493	3
6494	0
6495	0
6496	1
6497	1
6498	2
6499	0
6500	3
6501	1
6502	1
6503	1
6504	2
6505	0
6506	0
6507	4
6508	4
6509	3
6510	2
6511	0
6512	5
6513	0
6514	0
6515	1
6516	1
6517	1
6518	1
6519	0
6520	2
6521	2
6522	0
6523	2
6524	1
6525	4
6526	1
6527	1
6528	1
6529	0
6530	3
6531	1
6532	2
6533	4
6534	3
6535	1
6536	0
6537	2
6538	0
6539	1
6540	0
6541	0
6542	2
6543	2
6544	0
6545	2
6546	0
6547	2
6548	0
6549	1
6550	0
6551	0
6552	1
6553	1
6554	1
6555	1
6556	0
6557	1
6558	0
6559	0
6560	1
6561	0
6562	0
6563	2
6564	3
6565	1
6566	1
6567	3
6568	1
6569	1
6570	2
6571	3
6572	1
6573	0
6574	3
6575	2
6576	3
6577	2
6578	0
6579	3
6580	2
6581	0
6582	1
6583	0
6584	0
6585	2
6586	2
6587	2
6588	1
6589	1
6590	3
6591	1
6592	0
6593	0
6594	2
6595	1
6596	1
6597	0
6598	0
6599	1
6600	0
6601	1
6602	1
6603	2
6604	2
6605	3
6606	0
6607	0
6608	0
6609	1
6610	2
6611	2
6612	1
6613	1
6614	4
6615	3
6616	0
6617	3
6618	0
6619	1
6620	1
6621	0
6622	2
6623	3
6624	1
6625	0
6626	1
6627	2
6628	1
6629	1
6630	1
6631	4
6632	0
6633	2
6634	0
6635	0
6636	1
6637	0
6638	0
6639	2
6640	3
6641	0
6642	0
6643	2
6644	1
6645	2
6646	1
6647	3
6648	2
6649	2
6650	2
6651	0
6652	3
6653	1
6654	1
6655	2
6656	2
6657	3
6658	0
6659	2
6660	0
6661	1
6662	0
6663	1
6664	2
6665	1
6666	0
6667	2
6668	2
6669	1
6670	0
6671	0
6672	2
6673	2
6674	0
6675	2
6676	0
6677	3
6678	0
6679	2
6680	3
6681	0
6682	0
6683	1
6684	1
6685	3
6686	3
6687	0
6688	1
6689	0
6690	1
6691	0
6692	2
6693	0
6694	2
6695	2
6696	3
6697	1
6698	1
6699	1
6700	0
6701	2
6702	3
6703	2
6704	3
6705	2
6706	2
6707	1
6708	1
6709	2
6710	0
6711	3
6712	2
6713	0
6714	1
6715	2
6716	2
6717	2
6718	1
6719	2
6720	0
6721	1
6722	1
6723	0
6724	1
6725	0
6726	1
6727	1
6728	0
6729	1
6730	1
6731	0
6732	2
6733	1
6734	2
6735	0
6736	1
6737	1
6738	2
6739	0
6740	2
6741	1
6742	3
6743	0
6744	1
6745	1
6746	2
6747	2
6748	1
6749	1
6750	2
6751	1
6752	2
6753	0
6754	2
6755	0
6756	0
6757	2
6758	1
6759	3
6760	1
6761	0
6762	2
6763	1
6764	0
6765	1
6766	0
6767	1
6768	3
6769	0
6770	0
6771	0
6772	0
6773	1
6774	2
6775	0
6776	1
6777	2
6778	1
6779	0
6780	4
6781	0
6782	4
6783	1
6784	1
6785	0
6786	1
6787	1
6788	1
6789	0
6790	1
6791	1
6792	2
6793	0
6794	4
6795	0
6796	2
6797	0
6798	2
6799	3
6800	2
6801	3
6802	0
6803	3
6804	2
6805	1
6806	2
6807	2
6808	3
6809	1
6810	3
6811	2
6812	1
6813	0
6814	2
6815	0
6816	0
6817	1
6818	0
6819	2
6820	2
6821	1
6822	1
6823	3
6824	2
6825	0
6826	3
6827	1
6828	1
6829	1
6830	2
6831	1
6832	0
6833	1
6834	1
6835	1
6836	3
6837	1
6838	1
6839	0
6840	1
6841	3
6842	1
6843	4
6844	0
6845	1
6846	0
6847	1
6848	1
6849	1
6850	2
6851	0
6852	2
6853	1
6854	3
6855	2
6856	2
6857	2
6858	0
6859	0
6860	1
6861	1
6862	3
6863	3
6864	1
6865	2
6866	3
6867	0
6868	1
6869	1
6870	0
6871	1
6872	2
6873	3
6874	1
6875	2
6876	0
6877	1
6878	0
6879	1
6880	3
6881	1
6882	1
6883	3
6884	1
6885	1
6886	0
6887	0
6888	3
6889	1
6890	2
6891	1
6892	1
6893	2
6894	1
6895	1
6896	2
6897	2
6898	0
6899	2
6900	1
6901	2
6902	0
6903	1
6904	0
6905	1
6906	2
6907	3
6908	1
6909	2
6910	0
6911	2
6912	4
6913	2
6914	1
6915	3
6916	0
6917	2
6918	2
6919	0
6920	1
6921	0
6922	1
6923	0
6924	1
6925	2
6926	2
6927	2
6928	1
6929	1
6930	1
6931	2
6932	0
6933	3
6934	2
6935	1
6936	2
6937	0
6938	1
6939	1
6940	3
6941	2
6942	1
6943	0
6944	0
6945	0
6946	1
6947	1
6948	0
6949	3
6950	2
6951	1
6952	1
6953	3
6954	1
6955	0
6956	2
6957	1
6958	2
6959	2
6960	0
6961	2
6962	0
6963	0
6964	1
6965	1
6966	3
6967	1
6968	3
6969	1
6970	2
6971	2
6972	2
6973	1
6974	0
6975	2
6976	3
6977	0
6978	6
6979	0
6980	1
6981	0
6982	0
6983	1
6984	0
6985	0
6986	2
6987	0
6988	1
6989	1
6990	0
6991	1
6992	3
6993	0
6994	0
6995	1
6996	0
6997	1
6998	2
6999	1
7000	1
7001	1
7002	0
7003	1
7004	0
7005	1
7006	2
7007	2
7008	1
7009	1
7010	0
7011	2
7012	0
7013	0
7014	0
7015	1
7016	1
7017	2
7018	5
7019	0
7020	1
7021	0
7022	0
7023	2
7024	2
7025	1
7026	1
7027	4
7028	0
7029	1
7030	2
7031	0
7032	1
7033	1
7034	0
7035	3
7036	2
7037	2
7038	0
7039	2
7040	0
7041	2
7042	3
7043	1
7044	2
7045	1
7046	0
7047	2
7048	0
7049	2
7050	0
7051	3
7052	2
7053	2
7054	0
7055	1
7056	1
7057	2
7058	3
7059	1
7060	0
7061	0
7062	1
7063	3
7064	2
7065	0
7066	0
7067	2
7068	0
7069	3
7070	1
7071	0
7072	3
7073	0
7074	2
7075	0
7076	3
7077	2
7078	0
7079	0
7080	0
7081	1
7082	1
7083	0
7084	1
7085	3
7086	1
7087	2
7088	2
7089	0
7090	3
7091	1
7092	2
7093	2
7094	0
7095	2
7096	2
7097	1
7098	0
7099	0
7100	2
7101	1
7102	2
7103	2
7104	1
7105	0
7106	1
7107	3
7108	1
7109	2
7110	4
7111	2
7112	1
7113	0
7114	1
7115	2
7116	3
7117	1
7118	2
7119	0
7120	0
7121	1
7122	0
7123	1
7124	5
7125	1
7126	3
7127	2
7128	2
7129	2
7130	0
7131	0
7132	1
7133	0
7134	2
7135	0
7136	1
7137	1
7138	2
7139	1
7140	3
7141	1
7142	0
7143	2
7144	1
7145	3
7146	1
7147	0
7148	1
7149	2
7150	0
7151	3
7152	1
7153	2
7154	0
7155	1
7156	0
7157	1
7158	0
7159	2
7160	1
7161	3
7162	0
7163	1
7164	0
7165	0
7166	0
7167	1
7168	1
7169	0
7170	1
7171	0
7172	3
7173	0
7174	4
7175	0
7176	1
7177	1
7178	1
7179	1
7180	1
7181	1
7182	0
7183	3
7184	0
7185	1
7186	2
7187	1
7188	3
7189	1
7190	1
7191	0
7192	1
7193	1
7194	0
7195	1
7196	2
7197	1
7198	1
7199	0
7200	1
7201	1
7202	2
7203	2
7204	0
7205	1
7206	0
7207	1
7208	1
7209	1
7210	0
7211	2
7212	1
7213	3
7214	3
7215	0
7216	3
7217	1
7218	0
7219	3
7220	4
7221	2
7222	0
7223	1
7224	1
7225	0
7226	0
7227	2
7228	1
7229	0
7230	2
7231	1
7232	1
7233	2
7234	1
7235	0
7236	1
7237	0
7238	0
7239	2
7240	1
7241	3
7242	0
7243	1
7244	1
7245	1
7246	1
7247	1
7248	1
7249	1
7250	4
7251	3
7252	0
7253	3
7254	2
7255	0
7256	0
7257	0
7258	3
7259	2
7260	0
7261	2
7262	0
7263	1
7264	1
7265	1
7266	1
7267	2
7268	2
7269	0
7270	0
7271	2
7272	1
7273	3
7274	1
7275	0
7276	3
7277	1
7278	1
7279	0
7280	1
7281	2
7282	1
7283	1
7284	3
7285	2
7286	1
7287	1
7288	1
7289	3
7290	5
7291	0
7292	1
7293	0
7294	4
7295	2
7296	2
7297	1
7298	1
7299	4
7300	0
7301	3
7302	1
7303	0
7304	0
7305	0
7306	0
7307	1
7308	4
7309	0
7310	0
7311	2
7312	0
7313	1
7314	2
7315	3
7316	1
7317	2
7318	1
7319	1
7320	0
7321	2
7322	2
7323	1
7324	0
7325	2
7326	1
7327	3
7328	4
7329	1
7330	0
7331	1
7332	5
7333	1
7334	3
7335	1
7336	0
7337	2
7338	1
7339	2
7340	0
7341	1
7342	0
7343	0
7344	0
7345	0
7346	2
7347	0
7348	1
7349	2
7350	1
7351	3
7352	1
7353	2
7354	2
7355	1
7356	0
7357	1
7358	0
7359	1
7360	0
7361	1
7362	0
7363	0
7364	1
7365	1
7366	1
7367	2
7368	0
7369	1
7370	1
7371	2
7372	1
7373	6
7374	1
7375	1
7376	0
7377	1
7378	1
7379	3
7380	0
7381	1
7382	0
7383	3
7384	2
7385	1
7386	0
7387	0
7388	1
7389	2
7390	1
7391	1
7392	2
7393	2
7394	1
7395	0
7396	3
7397	1
7398	2
7399	0
7400	2
7401	0
7402	1
7403	2
7404	3
7405	0
7406	1
7407	0
7408	0
7409	3
7410	0
7411	0
7412	3
7413	0
7414	4
7415	3
7416	1
7417	2
7418	3
7419	1
7420	0
7421	0
7422	4
7423	4
7424	1
7425	2
7426	0
7427	0
7428	0
7429	0
7430	3
7431	0
7432	0
7433	1
7434	4
7435	0
7436	1
7437	2
7438	1
7439	2
7440	0
7441	1
7442	0
7443	0
7444	1
7445	1
7446	2
7447	1
7448	1
7449	1
7450	1
7451	0
7452	0
7453	1
7454	3
7455	3
7456	1
7457	1
7458	2
7459	0
7460	1
7461	0
7462	0
7463	0
7464	2
7465	0
7466	1
7467	0
7468	0
7469	1
7470	2
7471	0
7472	1
7473	3
7474	0
7475	3
7476	0
7477	1
7478	1
7479	2
7480	4
7481	1
7482	2
7483	0
7484	0
7485	2
7486	2
7487	1
7488	0
7489	2
7490	6
7491	1
7492	2
7493	2
7494	0
7495	0
7496	1
7497	2
7498	1
7499	2
7500	0
7501	4
7502	1
7503	0
7504	0
7505	0
7506	2
7507	0
7508	1
7509	3
7510	0
7511	0
7512	5
7513	1
7514	3
7515	1
7516	1
7517	3
7518	0
7519	1
7520	1
7521	1
7522	2
7523	2
7524	1
7525	2
7526	2
7527	1
7528	2
7529	0
7530	0
7531	1
7532	3
7533	0
7534	1
7535	0
7536	0
7537	2
7538	3
7539	1
7540	0
7541	1
7542	4
7543	2
7544	0
7545	2
7546	0
7547	2
7548	0
7549	0
7550	0
7551	0
7552	2
7553	1
7554	0
7555	0
7556	0
7557	1
7558	0
7559	1
7560	1
7561	1
7562	1
7563	0
7564	1
7565	0
7566	1
7567	0
7568	0
7569	2
7570	1
7571	1
7572	1
7573	0
7574	0
7575	2
7576	3
7577	0
7578	0
7579	0
7580	2
7581	1
7582	0
7583	1
7584	2
7585	1
7586	0
7587	0
7588	0
7589	2
7590	0
7591	1
7592	0
7593	2
7594	0
7595	2
7596	0
7597	1
7598	0
7599	0
7600	2
7601	0
7602	1
7603	1
7604	1
7605	2
7606	1
7607	2
7608	1
7609	2
7610	1
7611	0
7612	4
7613	1
7614	1
7615	0
7616	3
7617	2
7618	3
7619	0
7620	1
7621	0
7622	1
7623	2
7624	3
7625	1
7626	2
7627	1
7628	0
7629	0
7630	0
7631	1
7632	0
7633	2
7634	1
7635	1
7636	0
7637	2
7638	1
7639	2
7640	2
7641	3
7642	2
7643	1
7644	1
7645	2
7646	1
7647	1
7648	1
7649	1
7650	1
7651	0
7652	0
7653	2
7654	2
7655	1
7656	2
7657	0
7658	0
7659	1
7660	1
7661	2
7662	0
7663	2
7664	2
7665	0
7666	0
7667	3
7668	1
7669	1
7670	0
7671	3
7672	2
7673	1
7674	3
7675	3
7676	2
7677	2
7678	2
7679	0
7680	0
7681	1
7682	0
7683	1
7684	1
7685	0
7686	2
7687	1
7688	1
7689	0
7690	1
7691	0
7692	1
7693	1
7694	4
7695	0
7696	2
7697	0
7698	2
7699	1
7700	2
7701	2
7702	1
7703	0
7704	0
7705	0
7706	1
7707	2
7708	1
7709	1
7710	1
7711	1
7712	1
7713	1
7714	1
7715	2
7716	0
7717	3
7718	3
7719	1
7720	2
7721	1
7722	2
7723	0
7724	5
7725	1
7726	1
7727	1
7728	0
7729	0
7730	1
7731	1
7732	4
7733	4
7734	0
7735	2
7736	0
7737	1
7738	0
7739	1
7740	2
7741	6
7742	1
7743	2
7744	0
7745	1
7746	2
7747	1
7748	1
7749	2
7750	4
7751	0
7752	1
7753	0
7754	0
7755	0
7756	0
7757	0
7758	1
7759	4
7760	4
7761	2
7762	0
7763	2
7764	1
7765	0
7766	2
7767	1
7768	2
7769	1
7770	1
7771	1
7772	2
7773	1
7774	0
7775	1
7776	1
7777	1
7778	0
7779	1
7780	1
7781	0
7782	2
7783	0
7784	1
7785	0
7786	0
7787	1
7788	1
7789	1
7790	2
7791	3
7792	1
7793	2
7794	2
7795	1
7796	2
7797	2
7798	0
7799	0
7800	0
7801	2
7802	2
7803	1
7804	2
7805	0
7806	0
7807	2
7808	0
7809	1
7810	0
7811	1
7812	0
7813	2
7814	1
7815	1
7816	1
7817	1
7818	0
7819	3
7820	1
7821	1
7822	3
7823	0
7824	0
7825	1
7826	3
7827	3
7828	0
7829	2
7830	2
7831	1
7832	1
7833	1
7834	1
7835	0
7836	0
7837	2
7838	0
7839	1
7840	0
7841	1
7842	3
7843	2
7844	2
7845	1
7846	0
7847	2
7848	2
7849	2
7850	2
7851	1
7852	1
7853	0
7854	1
7855	0
7856	1
7857	2
7858	2
7859	1
7860	2
7861	1
7862	0
7863	1
7864	0
7865	2
7866	3
7867	1
7868	2
7869	2
7870	1
7871	1
7872	0
7873	3
7874	3
7875	1
7876	1
7877	1
7878	1
7879	2
7880	4
7881	0
7882	2
7883	2
7884	1
7885	1
7886	1
7887	0
7888	2
7889	1
7890	1
7891	3
7892	0
7893	1
7894	1
7895	2
7896	0
7897	4
7898	2
7899	0
7900	1
7901	1
7902	1
7903	3
7904	0
7905	1
7906	0
7907	0
7908	0
7909	1
7910	2
7911	2
7912	2
7913	1
7914	3
7915	0
7916	2
7917	0
7918	1
7919	2
7920	0
7921	2
7922	2
7923	0
7924	2
7925	2
7926	2
7927	1
7928	2
7929	0
7930	1
7931	1
7932	0
7933	3
7934	2
7935	0
7936	0
7937	3
7938	1
7939	0
7940	0
7941	2
7942	1
7943	1
7944	1
7945	2
7946	3
7947	0
7948	0
7949	2
7950	1
7951	2
7952	1
7953	0
7954	1
7955	1
7956	0
7957	0
7958	1
7959	0
7960	1
7961	2
7962	0
7963	0
7964	1
7965	2
7966	2
7967	1
7968	0
7969	1
7970	2
7971	0
7972	3
7973	0
7974	1
7975	1
7976	3
7977	2
7978	1
7979	0
7980	0
7981	1
7982	2
7983	1
7984	2
7985	1
7986	1
7987	0
7988	2
7989	0
7990	1
7991	3
7992	0
7993	2
7994	1
7995	1
7996	0
7997	0
7998	2
7999	1
8000	2
8001	2
8002	5
8003	1
8004	1
8005	2
8006	0
8007	0
8008	2
8009	0
8010	1
8011	0
8012	0
8013	1
8014	2
8015	0
8016	1
8017	3
8018	0
8019	1
8020	0
8021	1
8022	1
8023	0
8024	0
8025	0
8026	0
8027	1
8028	2
8029	0
8030	1
8031	3
8032	1
8033	0
8034	2
8035	2
8036	0
8037	0
8038	2
8039	0
8040	1
8041	0
8042	0
8043	2
8044	2
8045	1
8046	2
8047	3
8048	2
8049	2
8050	1
8051	1
8052	1
8053	4
8054	3
8055	2
8056	0
8057	4
8058	2
8059	1
8060	0
8061	1
8062	1
8063	1
8064	1
8065	3
8066	2
8067	1
8068	2
8069	2
8070	3
8071	4
8072	0
8073	2
8074	1
8075	3
8076	2
8077	0
8078	1
8079	1
8080	4
8081	1
8082	2
8083	4
8084	1
8085	1
8086	0
8087	1
8088	5
8089	0
8090	1
8091	1
8092	1
8093	0
8094	0
8095	2
8096	0
8097	3
8098	1
8099	0
8100	2
8101	2
8102	0
8103	4
8104	2
8105	2
8106	1
8107	1
8108	0
8109	1
8110	0
8111	0
8112	0
8113	2
8114	2
8115	0
8116	2
8117	0
8118	1
8119	1
8120	0
8121	1
8122	2
8123	2
8124	0
8125	0
8126	1
8127	0
8128	0
8129	1
8130	0
8131	2
8132	1
8133	2
8134	1
8135	3
8136	2
8137	1
8138	1
8139	0
8140	1
8141	1
8142	0
8143	0
8144	3
8145	0
8146	0
8147	1
8148	1
8149	2
8150	1
8151	0
8152	1
8153	1
8154	1
8155	3
8156	0
8157	1
8158	1
8159	1
8160	0
8161	1
8162	1
8163	1
8164	0
8165	1
8166	0
8167	2
8168	1
8169	0
8170	2
8171	3
8172	2
8173	2
8174	2
8175	2
8176	1
8177	0
8178	0
8179	3
8180	1
8181	0
8182	0
8183	1
8184	3
8185	1
8186	1
8187	1
8188	2
8189	0
8190	0
8191	3
8192	1