1	2
1	0
2	2
3	1
4	2
5	2
6	0
7	2
8	2
9	1
10	0
11	1
12	1
13	0
14	1
15	1
16	1
17	0
18	0
19	2
20	2
21	0
22	1
23	2
24	3
25	1
26	2
27	4
28	3
29	0
30	0
31	0
32	2
33	0
34	0
35	0
36	1
37	1
38	1
39	0
40	0
41	0
42	2
43	0
44	2
45	2
46	3
47	2
48	1
49	2
50	1
51	2
52	4
53	0
54	1
55	1
56	2
57	0
58	1
59	2
60	0
61	0
62	1
63	0
64	1
65	4
66	2
67	0
68	3
69	2
70	0
71	0
72	0
73	0
74	5
75	1
76	2
77	0
78	2
79	1
80	1
81	1
82	2
83	0
84	0
85	0
86	4
87	1
88	0
89	3
90	3
91	3
92	0
93	0
94	1
95	1
96	2
97	1
98	1
99	0
100	3
101	3
102	1
103	1
104	0
105	0
106	1
107	0
108	1
109	1
110	2
111	1
112	1
113	0
114	2
115	1
116	1
117	2
118	1
119	1
120	1
121	1
122	1
123	1
124	1
125	2
126	2
127	1
128	2
129	1
130	0
131	1
132	0
133	1
134	1
135	1
136	1
137	1
138	1
139	2
140	0
141	2
142	1
143	2
144	1
145	2
146	2
147	2
148	1
149	0
150	0
151	0
152	0
153	1
154	1
155	0
156	1
157	2
158	1
159	0
160	1
161	0
162	2
163	1
164	1
165	1
166	0
167	1
168	0
169	1
170	1
171	3
172	0
173	2
174	1
175	1
176	0
177	3
178	1
179	1
180	2
181	2
182	1
183	2
184	0
185	0
186	2
187	2
188	1
189	0
190	1
191	4
192	2
193	0
194	0
195	2
196	2
197	0
198	0
199	2
200	1
201	2
202	1
203	1
204	1
205	1
206	1
207	1
208	3
209	1
210	1
211	3
212	1
213	5
214	2
215	1
216	0
217	0
218	2
219	0
220	0
221	0
222	0
223	1
224	1
225	0
226	1
227	1
228	1
229	2
230	3
231	3
232	0
233	2
234	1
235	1
236	0
237	7
238	2
239	2
240	1
241	2
242	1
243	2
244	1
245	2
246	1
247	2
248	1
249	1
250	4
251	3
252	0
253	0
254	1
255	0
256	3
257	2
258	3
259	1
260	4
261	0
262	2
263	1
264	3
265	2
266	2
267	0
268	2
269	0
270	1
271	2
272	0
273	0
274	2
275	2
276	0
277	1
278	0
279	2
280	2
281	2
282	1
283	0
284	2
285	1
286	0
287	3
288	1
289	2
290	0
291	1
292	0
293	3
294	4
295	3
296	0
297	3
298	1
299	3
300	0
301	0
302	2
303	2
304	0
305	0
306	1
307	1
308	0
309	0
310	0
311	0
312	1
313	2
314	1
315	2
316	1
317	2
318	1
319	2
320	0
321	0
322	4
323	1
324	2
325	2
326	0
327	0
328	4
329	0
330	1
331	1
332	0
333	2
334	0
335	1
336	1
337	1
338	0
339	1
340	3
341	0
342	2
343	0
344	2
345	2
346	3
347	1
348	1
349	0
350	1
351	0
352	0
353	0
354	1
355	2
356	2
357	5
358	2
359	1
360	1
361	1
362	1
363	1
364	1
365	2
366	0
367	1
368	1
369	1
370	0
371	1
372	1
373	2
374	1
375	0
376	0
377	2
378	2
379	0
380	0
381	1
382	0
383	0
384	0
385	1
386	2
387	3
388	1
389	1
390	0
391	2
392	2
393	2
394	2
395	0
396	1
397	2
398	1
399	0
400	0
401	1
402	4
403	2
404	1
405	1
406	0
407	1
408	2
409	2
410	3
411	1
412	3
413	0
414	1
415	3
416	2
417	2
418	2
419	2
420	1
421	0
422	1
423	0
424	0
425	2
426	2
427	1
428	0
429	2
430	2
431	2
432	1
433	1
434	0
435	2
436	1
437	0
438	1
439	1
440	1
441	0
442	1
443	0
444	0
445	1
446	2
447	0
448	0
449	2
450	0
451	2
452	0
453	1
454	1
455	1
456	2
457	2
458	0
459	2
460	2
461	0
462	0
463	1
464	0
465	2
466	3
467	1
468	0
469	1
470	2
471	3
472	3
473	1
474	1
475	1
476	1
477	0
478	3
479	0
480	1
481	1
482	1
483	1
484	0
485	2
486	0
487	2
488	0
489	0
490	2
491	1
492	2
493	1
494	1
495	0
496	1
497	2
498	0
499	0
500	3
501	0
502	0
503	0
504	0
505	1
506	0
507	0
508	2
509	2
510	2
511	2
512	0
513	0
514	0
515	1
516	0
517	1
518	3
519	1
520	2
521	2
522	0
523	1
524	1
525	1
526	0
527	1
528	0
529	0
530	1
531	1
532	2
533	0
534	1
535	1
536	1
537	2
538	0
539	0
540	1
541	1
542	0
543	0
544	0
545	2
546	0
547	1
548	0
549	0
550	1
551	3
552	0
553	2
554	1
555	1
556	0
557	1
558	0
559	2
560	1
561	1
562	1
563	0
564	1
565	1
566	1
567	0
568	0
569	4
570	1
571	3
572	1
573	0
574	1
575	0
576	1
577	1
578	1
579	1
580	2
581	3
582	3
583	2
584	0
585	3
586	1
587	0
588	0
589	1
590	2
591	2
592	2
593	3
594	0
595	1
596	1
597	3
598	3
599	1
600	0
601	0
602	0
603	1
604	0
605	4
606	3
607	1
608	3
609	2
610	1
611	1
612	1
613	2
614	2
615	2
616	3
617	1
618	1
619	0
620	2
621	0
622	4
623	0
624	3
625	1
626	2
627	0
628	0
629	0
630	3
631	1
632	0
633	1
634	1
635	0
636	2
637	1
638	1
639	0
640	0
641	0
642	0
643	1
644	0
645	2
646	1
647	1
648	1
649	2
650	2
651	0
652	0
653	0
654	0
655	0
656	2
657	0
658	1
659	1
660	0
661	1
662	0
663	2
664	0
665	1
666	2
667	1
668	1
669	2
670	1
671	0
672	0
673	2
674	3
675	1
676	1
677	1
678	2
679	0
680	1
681	0
682	2
683	0
684	1
685	2
686	0
687	1
688	1
689	0
690	5
691	2
692	2
693	1
694	1
695	2
696	0
697	2
698	0
699	2
700	1
701	0
702	0
703	1
704	1
705	2
706	1
707	0
708	0
709	2
710	1
711	0
712	1
713	0
714	2
715	1
716	2
717	1
718	2
719	2
720	3
721	2
722	1
723	0
724	0
725	4
726	0
727	0
728	1
729	2
730	3
731	2
732	3
733	1
734	1
735	1
736	2
737	0
738	2
739	2
740	2
741	2
742	0
743	0
744	0
745	4
746	2
747	2
748	1
749	2
750	2
751	3
752	2
753	1
754	1
755	2
756	0
757	1
758	0
759	2
760	2
761	0
762	5
763	1
764	2
765	0
766	0
767	5
768	1
769	1
770	0
771	2
772	2
773	1
774	1
775	1
776	2
777	0
778	2
779	1
780	0
781	1
782	2
783	0
784	1
785	1
786	2
787	3
788	1
789	3
790	0
791	1
792	3
793	0
794	3
795	2
796	0
797	3
798	3
799	0
800	2
801	1
802	4
803	0
804	1
805	1
806	0
807	2
808	0
809	1
810	3
811	0
812	3
813	2
814	2
815	0
816	3
817	2
818	2
819	2
820	2
821	4
822	4
823	4
824	3
825	5
826	3
827	8
828	5
829	5
830	3
831	6
832	4
833	7
834	8
835	7
836	7
837	8
838	12
839	7
840	9
841	5
842	10
843	10
844	12
845	10
846	11
847	14
848	11
849	12
850	20
851	13
852	21
853	16
854	19
855	14
856	32
857	23
858	27
859	33
860	31
861	33
862	30
863	31
864	41
865	40
866	35
867	46
868	38
869	50
870	36
871	51
872	43
873	61
874	52
875	56
876	71
877	70
878	86
879	69
880	83
881	80
882	88
883	83
884	101
885	95
886	104
887	110
888	122
889	119
890	122
891	149
892	152
893	161
894	178
895	175
896	181
897	174
898	173
899	206
900	213
901	252
902	246
903	241
904	247
905	285
906	261
907	286
908	307
909	333
910	343
911	323
912	371
913	368
914	386
915	434
916	387
917	452
918	477
919	481
920	516
921	510
922	526
923	578
924	566
925	579
926	616
927	620
928	690
929	696
930	703
931	749
932	761
933	781
934	839
935	848
936	903
937	873
938	880
939	924
940	949
941	1097
942	1068
943	1068
944	1152
945	1126
946	1123
947	1202
948	1250
949	1259
950	1324
951	1301
952	1407
953	1478
954	1455
955	1477
956	1625
957	1619
958	1631
959	1625
960	1695
961	1763
962	1846
963	1834
964	1930
965	1933
966	1916
967	1948
968	2085
969	2108
970	2134
971	2090
972	2142
973	2274
974	2242
975	2276
976	2346
977	2448
978	2443
979	2459
980	2582
981	2590
982	2606
983	2690
984	2655
985	2823
986	2718
987	2801
988	2931
989	2900
990	2967
991	2947
992	3030
993	3056
994	2985
995	3095
996	3136
997	3148
998	3209
999	3241
1000	3253
1001	3274
1002	3395
1003	3326
1004	3351
1005	3324
1006	3526
1007	3495
1008	3463
1009	3253
1010	3629
1011	3657
1012	3593
1013	3652
1014	3712
1015	3663
1016	3684
1017	3793
1018	3725
1019	3790
1020	3688
1021	3673
1022	3822
1023	3743
1024	3762
1025	3760
1026	3898
1027	3730
1028	3813
1029	3863
1030	3835
1031	3821
1032	3822
1033	3828
1034	3662
1035	3772
1036	3865
1037	3873
1038	3824
1039	3771
1040	3871
1041	3770
1042	3761
1043	3708
1044	3783
1045	3796
1046	3716
1047	3664
1048	3643
1049	3731
1050	3682
1051	3720
1052	3621
1053	3625
1054	3677
1055	3515
1056	3582
1057	3549
1058	3457
1059	3522
1060	3429
1061	3553
1062	3397
1063	3371
1064	3369
1065	3358
1066	3315
1067	3259
1068	3171
1069	3149
1070	3092
1071	3161
1072	3124
1073	3085
1074	3066
1075	3100
1076	2938
1077	2958
1078	2867
1079	2836
1080	2833
1081	2781
1082	2671
1083	2768
1084	2761
1085	2691
1086	2654
1087	2606
1088	2542
1089	2546
1090	2422
1091	2460
1092	2479
1093	2383
1094	2303
1095	2316
1096	2263
1097	2201
1098	2259
1099	2235
1100	2133
1101	2098
1102	2081
1103	2052
1104	2003
1105	1976
1106	1877
1107	1950
1108	1890
1109	1841
1110	1779
1111	1867
1112	1734
1113	1810
1114	1717
1115	1677
1116	1650
1117	1605
1118	1551
1119	1520
1120	1546
1121	1467
1122	1466
1123	1477
1124	1441
1125	1387
1126	1344
1127	1382
1128	1310
1129	1320
1130	1290
1131	1258
1132	1185
1133	1213
1134	1162
1135	1146
1136	1191
1137	1113
1138	1085
1139	1026
1140	1034
1141	982
1142	1012
1143	1010
1144	984
1145	963
1146	921
1147	879
1148	922
1149	902
1150	861
1151	789
1152	860
1153	833
1154	837
1155	774
1156	792
1157	783
1158	745
1159	686
1160	688
1161	689
1162	652
1163	677
1164	655
1165	557
1166	675
1167	667
1168	576
1169	591
1170	562
1171	532
1172	561
1173	562
1174	555
1175	515
1176	483
1177	528
1178	479
1179	487
1180	462
1181	455
1182	459
1183	442
1184	410
1185	425
1186	407
1187	395
1188	379
1189	387
1190	410
1191	397
1192	360
1193	383
1194	327
1195	361
1196	345
1197	333
1198	367
1199	348
1200	311
1201	305
1202	328
1203	279
1204	317
1205	260
1206	289
1207	272
1208	258
1209	254
1210	253
1211	268
1212	263
1213	232
1214	252
1215	234
1216	223
1217	232
1218	223
1219	179
1220	225
1221	207
1222	180
1223	215
1224	173
1225	207
1226	184
1227	188
1228	176
1229	156
1230	173
1231	145
1232	172
1233	166
1234	150
1235	131
1236	165
1237	150
1238	156
1239	153
1240	163
1241	139
1242	107
1243	122
1244	131
1245	145
1246	124
1247	109
1248	99
1249	105
1250	117
1251	121
1252	108
1253	101
1254	81
1255	96
1256	107
1257	99
1258	114
1259	99
1260	103
1261	97
1262	103
1263	94
1264	98
1265	93
1266	79
1267	70
1268	72
1269	76
1270	91
1271	62
1272	86
1273	66
1274	68
1275	70
1276	66
1277	75
1278	69
1279	62
1280	70
1281	57
1282	60
1283	68
1284	66
1285	57
1286	73
1287	66
1288	45
1289	53
1290	57
1291	53
1292	47
1293	56
1294	46
1295	47
1296	57
1297	41
1298	32
1299	42
1300	51
1301	40
1302	37
1303	42
1304	43
1305	48
1306	42
1307	36
1308	43
1309	37
1310	30
1311	32
1312	36
1313	39
1314	28
1315	35
1316	34
1317	35
1318	30
1319	37
1320	29
1321	31
1322	34
1323	31
1324	27
1325	27
1326	21
1327	36
1328	24
1329	31
1330	18
1331	24
1332	22
1333	24
1334	31
1335	24
1336	23
1337	16
1338	26
1339	28
1340	23
1341	17
1342	21
1343	20
1344	23
1345	26
1346	21
1347	18
1348	10
1349	21
1350	16
1351	23
1352	13
1353	15
1354	14
1355	20
1356	23
1357	15
1358	22
1359	21
1360	18
1361	21
1362	19
1363	18
1364	14
1365	14
1366	12
1367	13
1368	10
1369	8
1370	10
1371	14
1372	17
1373	20
1374	11
1375	12
1376	12
1377	15
1378	12
1379	13
1380	12
1381	16
1382	9
1383	8
1384	11
1385	9
1386	9
1387	12
1388	8
1389	9
1390	9
1391	9
1392	9
1393	8
1394	13
1395	9
1396	9
1397	8
1398	8
1399	11
1400	6
1401	5
1402	7
1403	7
1404	5
1405	6
1406	7
1407	8
1408	5
1409	8
1410	9
1411	4
1412	7
1413	7
1414	6
1415	6
1416	4
1417	1
1418	5
1419	9
1420	5
1421	6
1422	2
1423	13
1424	6
1425	6
1426	4
1427	7
1428	6
1429	7
1430	6
1431	5
1432	1
1433	5
1434	5
1435	3
1436	3
1437	4
1438	5
1439	6
1440	4
1441	6
1442	7
1443	6
1444	3
1445	5
1446	4
1447	4
1448	5
1449	4
1450	3
1451	2
1452	3
1453	2
1454	2
1455	4
1456	2
1457	5
1458	5
1459	1
1460	4
1461	3
1462	0
1463	5
1464	0
1465	1
1466	1
1467	2
1468	5
1469	2
1470	1
1471	5
1472	1
1473	0
1474	6
1475	4
1476	7
1477	4
1478	5
1479	2
1480	3
1481	1
1482	0
1483	4
1484	1
1485	2
1486	1
1487	1
1488	2
1489	3
1490	4
1491	3
1492	0
1493	1
1494	2
1495	4
1496	2
1497	1
1498	6
1499	3
1500	0
1501	3
1502	3
1503	2
1504	2
1505	6
1506	5
1507	1
1508	6
1509	1
1510	2
1511	1
1512	3
1513	1
1514	3
1515	0
1516	4
1517	0
1518	4
1519	1
1520	3
1521	3
1522	3
1523	3
1524	1
1525	3
1526	1
1527	2
1528	2
1529	4
1530	2
1531	2
1532	1
1533	3
1534	1
1535	5
1536	4
1537	2
1538	1
1539	1
1540	2
1541	2
1542	3
1543	1
1544	1
1545	1
1546	1
1547	4
1548	3
1549	0
1550	3
1551	0
1552	0
1553	3
1554	0
1555	2
1556	2
1557	1
1558	1
1559	1
1560	1
1561	2
1562	2
1563	1
1564	2
1565	3
1566	0
1567	3
1568	0
1569	2
1570	1
1571	1
1572	0
1573	1
1574	2
1575	1
1576	1
1577	1
1578	4
1579	2
1580	0
1581	3
1582	2
1583	0
1584	1
1585	3
1586	0
1587	0
1588	2
1589	0
1590	0
1591	2
1592	3
1593	2
1594	0
1595	1
1596	0
1597	5
1598	1
1599	2
1600	3
1601	2
1602	3
1603	3
1604	1
1605	1
1606	2
1607	1
1608	1
1609	0
1610	2
1611	0
1612	0
1613	2
1614	1
1615	1
1616	3
1617	0
1618	2
1619	3
1620	1
1621	0
1622	0
1623	4
1624	3
1625	0
1626	0
1627	2
1628	1
1629	1
1630	1
1631	1
1632	2
1633	0
1634	1
1635	3
1636	1
1637	2
1638	1
1639	1
1640	3
1641	2
1642	1
1643	0
1644	0
1645	1
1646	2
1647	0
1648	2
1649	0
1650	0
1651	3
1652	2
1653	1
1654	1
1655	3
1656	2
1657	4
1658	0
1659	0
1660	0
1661	2
1662	1
1663	1
1664	2
1665	1
1666	1
1667	1
1668	2
1669	3
1670	1
1671	2
1672	3
1673	1
1674	0
1675	4
1676	0
1677	0
1678	0
1679	3
1680	2
1681	1
1682	1
1683	3
1684	1
1685	1
1686	0
1687	3
1688	1
1689	2
1690	2
1691	1
1692	1
1693	1
1694	1
1695	4
1696	1
1697	1
1698	1
1699	2
1700	1
1701	2
1702	0
1703	0
1704	0
1705	2
1706	2
1707	2
1708	2
1709	1
1710	0
1711	1
1712	3
1713	3
1714	1
1715	3
1716	2
1717	2
1718	2
1719	1
1720	2
1721	1
1722	1
1723	1
1724	1
1725	3
1726	4
1727	1
1728	0
1729	1
1730	2
1731	2
1732	1
1733	0
1734	1
1735	3
1736	1
1737	1
1738	2
1739	1
1740	2
1741	0
1742	0
1743	0
1744	0
1745	0
1746	0
1747	0
1748	6
1749	0
1750	0
1751	2
1752	1
1753	0
1754	3
1755	3
1756	1
1757	0
1758	0
1759	0
1760	1
1761	1
1762	1
1763	3
1764	1
1765	0
1766	1
1767	3
1768	1
1769	0
1770	2
1771	1
1772	1
1773	1
1774	2
1775	3
1776	1
1777	1
1778	1
1779	0
1780	1
1781	2
1782	3
1783	0
1784	1
1785	1
1786	2
1787	3
1788	0
1789	2
1790	1
1791	1
1792	1
1793	1
1794	2
1795	1
1796	1
1797	2
1798	0
1799	1
1800	2
1801	1
1802	1
1803	3
1804	0
1805	0
1806	3
1807	0
1808	1
1809	0
1810	2
1811	0
1812	1
1813	1
1814	1
1815	2
1816	1
1817	1
1818	1
1819	0
1820	1
1821	0
1822	2
1823	1
1824	2
1825	2
1826	1
1827	1
1828	0
1829	3
1830	0
1831	0
1832	1
1833	0
1834	0
1835	1
1836	0
1837	0
1838	2
1839	2
1840	2
1841	0
1842	2
1843	1
1844	1
1845	0
1846	1
1847	1
1848	2
1849	2
1850	3
1851	3
1852	2
1853	0
1854	2
1855	0
1856	2
1857	1
1858	2
1859	0
1860	3
1861	1
1862	0
1863	1
1864	0
1865	0
1866	3
1867	0
1868	1
1869	0
1870	3
1871	1
1872	0
1873	1
1874	2
1875	0
1876	0
1877	1
1878	1
1879	1
1880	2
1881	0
1882	1
1883	0
1884	1
1885	5
1886	1
1887	1
1888	1
1889	2
1890	0
1891	0
1892	2
1893	1
1894	2
1895	1
1896	1
1897	0
1898	1
1899	3
1900	1
1901	1
1902	2
1903	3
1904	2
1905	2
1906	0
1907	0
1908	1
1909	1
1910	0
1911	0
1912	0
1913	0
1914	2
1915	1
1916	2
1917	1
1918	2
1919	0
1920	1
1921	1
1922	1
1923	2
1924	2
1925	5
1926	3
1927	0
1928	3
1929	0
1930	0
1931	1
1932	2
1933	0
1934	1
1935	0
1936	0
1937	1
1938	3
1939	1
1940	1
1941	1
1942	1
1943	0
1944	0
1945	0
1946	0
1947	1
1948	1
1949	0
1950	0
1951	0
1952	1
1953	1
1954	0
1955	0
1956	3
1957	1
1958	0
1959	0
1960	2
1961	0
1962	1
1963	2
1964	2
1965	2
1966	1
1967	2
1968	1
1969	0
1970	1
1971	3
1972	0
1973	1
1974	2
1975	3
1976	0
1977	1
1978	1
1979	1
1980	1
1981	2
1982	0
1983	2
1984	0
1985	1
1986	1
1987	3
1988	1
1989	1
1990	3
1991	2
1992	1
1993	0
1994	0
1995	2
1996	1
1997	2
1998	2
1999	1
2000	3
2001	2
2002	2
2003	0
2004	1
2005	0
2006	0
2007	0
2008	2
2009	2
2010	0
2011	1
2012	0
2013	2
2014	2
2015	1
2016	1
2017	1
2018	0
2019	1
2020	2
2021	1
2022	1
2023	0
2024	0
2025	2
2026	5
2027	1
2028	3
2029	3
2030	1
2031	0
2032	1
2033	0
2034	2
2035	0
2036	0
2037	3
2038	1
2039	0
2040	1
2041	5
2042	1
2043	0
2044	3
2045	0
2046	0
2047	1
2048	2
2049	1
2050	0
2051	1
2052	1
2053	2
2054	1
2055	1
2056	1
2057	2
2058	1
2059	1
2060	1
2061	1
2062	1
2063	2
2064	3
2065	0
2066	1
2067	2
2068	3
2069	0
2070	2
2071	0
2072	3
2073	2
2074	2
2075	2
2076	1
2077	1
2078	2
2079	1
2080	1
2081	2
2082	1
2083	2
2084	0
2085	1
2086	1
2087	2
2088	1
2089	1
2090	3
2091	0
2092	0
2093	2
2094	4
2095	0
2096	2
2097	1
2098	1
2099	0
2100	2
2101	1
2102	1
2103	0
2104	1
2105	2
2106	0
2107	0
2108	0
2109	1
2110	1
2111	0
2112	2
2113	0
2114	1
2115	3
2116	2
2117	2
2118	2
2119	5
2120	3
2121	1
2122	1
2123	0
2124	4
2125	2
2126	1
2127	1
2128	1
2129	1
2130	5
2131	1
2132	1
2133	1
2134	1
2135	0
2136	1
2137	2
2138	1
2139	0
2140	0
2141	1
2142	1
2143	1
2144	3
2145	2
2146	1
2147	0
2148	1
2149	1
2150	0
2151	3
2152	2
2153	2
2154	2
2155	0
2156	2
2157	1
2158	1
2159	0
2160	0
2161	0
2162	0
2163	2
2164	1
2165	1
2166	0
2167	0
2168	0
2169	0
2170	1
2171	2
2172	1
2173	0
2174	0
2175	1
2176	0
2177	0
2178	0
2179	1
2180	1
2181	1
2182	1
2183	0
2184	2
2185	2
2186	6
2187	1
2188	0
2189	2
2190	1
2191	0
2192	1
2193	0
2194	0
2195	2
2196	0
2197	1
2198	0
2199	3
2200	0
2201	1
2202	1
2203	1
2204	1
2205	1
2206	2
2207	1
2208	2
2209	1
2210	1
2211	1
2212	1
2213	1
2214	0
2215	1
2216	3
2217	1
2218	3
2219	2
2220	1
2221	2
2222	0
2223	1
2224	0
2225	2
2226	1
2227	2
2228	0
2229	2
2230	0
2231	0
2232	1
2233	2
2234	3
2235	0
2236	1
2237	0
2238	4
2239	0
2240	1
2241	2
2242	1
2243	2
2244	0
2245	1
2246	0
2247	1
2248	1
2249	1
2250	0
2251	3
2252	0
2253	0
2254	2
2255	2
2256	2
2257	1
2258	3
2259	1
2260	0
2261	0
2262	0
2263	0
2264	1
2265	1
2266	2
2267	1
2268	1
2269	1
2270	0
2271	0
2272	0
2273	2
2274	1
2275	2
2276	2
2277	1
2278	0
2279	3
2280	0
2281	2
2282	3
2283	3
2284	3
2285	2
2286	1
2287	0
2288	1
2289	3
2290	1
2291	1
2292	0
2293	0
2294	3
2295	0
2296	0
2297	1
2298	1
2299	2
2300	2
2301	2
2302	0
2303	2
2304	3
2305	0
2306	1
2307	0
2308	2
2309	3
2310	0
2311	0
2312	2
2313	0
2314	1
2315	2
2316	0
2317	1
2318	1
2319	1
2320	0
2321	2
2322	0
2323	1
2324	1
2325	2
2326	1
2327	1
2328	0
2329	1
2330	1
2331	2
2332	0
2333	2
2334	2
2335	0
2336	2
2337	1
2338	2
2339	2
2340	0
2341	1
2342	3
2343	0
2344	0
2345	4
2346	0
2347	0
2348	1
2349	0
2350	3
2351	0
2352	1
2353	1
2354	2
2355	3
2356	1
2357	0
2358	1
2359	2
2360	2
2361	2
2362	0
2363	5
2364	1
2365	2
2366	1
2367	5
2368	3
2369	1
2370	0
2371	2
2372	1
2373	1
2374	0
2375	3
2376	2
2377	2
2378	1
2379	1
2380	0
2381	1
2382	0
2383	0
2384	0
2385	0
2386	1
2387	0
2388	1
2389	4
2390	0
2391	0
2392	0
2393	1
2394	3
2395	0
2396	2
2397	1
2398	0
2399	0
2400	2
2401	1
2402	1
2403	1
2404	4
2405	2
2406	1
2407	2
2408	0
2409	2
2410	3
2411	1
2412	1
2413	1
2414	0
2415	1
2416	2
2417	2
2418	0
2419	0
2420	0
2421	1
2422	0
2423	1
2424	3
2425	0
2426	1
2427	1
2428	2
2429	1
2430	0
2431	1
2432	1
2433	2
2434	3
2435	0
2436	1
2437	1
2438	0
2439	3
2440	3
2441	0
2442	3
2443	0
2444	2
2445	0
2446	0
2447	1
2448	0
2449	4
2450	0
2451	2
2452	0
2453	0
2454	1
2455	0
2456	2
2457	3
2458	0
2459	0
2460	3
2461	1
2462	1
2463	3
2464	4
2465	1
2466	3
2467	0
2468	2
2469	0
2470	1
2471	1
2472	1
2473	1
2474	1
2475	1
2476	1
2477	0
2478	0
2479	0
2480	0
2481	0
2482	1
2483	0
2484	3
2485	2
2486	2
2487	2
2488	0
2489	2
2490	3
2491	1
2492	0
2493	4
2494	0
2495	2
2496	4
2497	2
2498	3
2499	2
2500	2
2501	1
2502	2
2503	0
2504	1
2505	3
2506	1
2507	2
2508	1
2509	1
2510	2
2511	0
2512	0
2513	0
2514	1
2515	2
2516	5
2517	1
2518	2
2519	1
2520	1
2521	1
2522	2
2523	0
2524	0
2525	1
2526	3
2527	2
2528	0
2529	1
2530	3
2531	2
2532	1
2533	4
2534	1
2535	2
2536	2
2537	1
2538	2
2539	2
2540	2
2541	0
2542	2
2543	0
2544	0
2545	3
2546	2
2547	0
2548	4
2549	0
2550	0
2551	1
2552	3
2553	1
2554	0
2555	1
2556	1
2557	1
2558	3
2559	2
2560	2
2561	1
2562	1
2563	1
2564	3
2565	0
2566	3
2567	1
2568	2
2569	0
2570	2
2571	2
2572	3
2573	0
2574	1
2575	1
2576	1
2577	1
2578	3
2579	2
2580	1
2581	2
2582	0
2583	1
2584	0
2585	4
2586	1
2587	1
2588	0
2589	1
2590	1
2591	0
2592	0
2593	0
2594	2
2595	2
2596	2
2597	2
2598	1
2599	1
2600	3
2601	0
2602	1
2603	1
2604	2
2605	2
2606	0
2607	2
2608	1
2609	2
2610	2
2611	2
2612	1
2613	3
2614	1
2615	1
2616	2
2617	0
2618	0
2619	1
2620	3
2621	0
2622	0
2623	1
2624	2
2625	1
2626	0
2627	1
2628	5
2629	0
2630	1
2631	2
2632	1
2633	2
2634	4
2635	1
2636	2
2637	0
2638	1
2639	1
2640	3
2641	3
2642	0
2643	0
2644	2
2645	3
2646	0
2647	3
2648	0
2649	5
2650	1
2651	1
2652	1
2653	3
2654	0
2655	2
2656	4
2657	1
2658	2
2659	2
2660	1
2661	0
2662	0
2663	1
2664	0
2665	1
2666	1
2667	4
2668	1
2669	0
2670	1
2671	1
2672	0
2673	1
2674	1
2675	1
2676	1
2677	0
2678	4
2679	3
2680	3
2681	3
2682	0
2683	2
2684	0
2685	3
2686	1
2687	0
2688	0
2689	2
2690	2
2691	1
2692	1
2693	1
2694	3
2695	0
2696	3
2697	1
2698	1
2699	1
2700	1
2701	1
2702	1
2703	1
2704	1
2705	0
2706	1
2707	1
2708	4
2709	3
2710	2
2711	1
2712	1
2713	2
2714	2
2715	1
2716	1
2717	1
2718	1
2719	2
2720	0
2721	0
2722	1
2723	3
2724	1
2725	0
2726	3
2727	1
2728	2
2729	1
2730	0
2731	2
2732	1
2733	1
2734	0
2735	0
2736	2
2737	0
2738	1
2739	3
2740	1
2741	0
2742	2
2743	2
2744	0
2745	3
2746	1
2747	1
2748	0
2749	0
2750	3
2751	1
2752	2
2753	2
2754	2
2755	1
2756	1
2757	0
2758	2
2759	1
2760	2
2761	1
2762	0
2763	3
2764	2
2765	1
2766	2
2767	6
2768	0
2769	0
2770	0
2771	1
2772	2
2773	0
2774	2
2775	3
2776	0
2777	0
2778	0
2779	2
2780	1
2781	1
2782	0
2783	0
2784	2
2785	1
2786	0
2787	1
2788	2
2789	1
2790	2
2791	0
2792	0
2793	0
2794	0
2795	3
2796	2
2797	2
2798	3
2799	2
2800	0
2801	1
2802	2
2803	2
2804	1
2805	1
2806	1
2807	2
2808	1
2809	3
2810	0
2811	2
2812	1
2813	1
2814	3
2815	0
2816	2
2817	0
2818	0
2819	2
2820	1
2821	0
2822	0
2823	2
2824	1
2825	2
2826	1
2827	0
2828	3
2829	1
2830	2
2831	2
2832	0
2833	2
2834	1
2835	3
2836	1
2837	0
2838	2
2839	0
2840	0
2841	0
2842	1
2843	2
2844	2
2845	1
2846	3
2847	3
2848	2
2849	0
2850	2
2851	2
2852	1
2853	4
2854	3
2855	3
2856	1
2857	0
2858	0
2859	2
2860	3
2861	0
2862	2
2863	3
2864	3
2865	0
2866	1
2867	1
2868	0
2869	0
2870	3
2871	1
2872	0
2873	0
2874	0
2875	2
2876	0
2877	1
2878	1
2879	2
2880	5
2881	2
2882	1
2883	0
2884	0
2885	1
2886	2
2887	0
2888	1
2889	1
2890	1
2891	2
2892	0
2893	0
2894	0
2895	3
2896	0
2897	1
2898	2
2899	2
2900	0
2901	1
2902	1
2903	0
2904	2
2905	7
2906	2
2907	0
2908	0
2909	2
2910	1
2911	2
2912	1
2913	2
2914	1
2915	3
2916	1
2917	1
2918	2
2919	3
2920	1
2921	1
2922	0
2923	3
2924	1
2925	2
2926	1
2927	4
2928	1
2929	3
2930	1
2931	3
2932	1
2933	4
2934	1
2935	1
2936	1
2937	0
2938	1
2939	0
2940	0
2941	1
2942	2
2943	0
2944	2
2945	0
2946	0
2947	1
2948	2
2949	0
2950	2
2951	2
2952	1
2953	2
2954	0
2955	0
2956	1
2957	0
2958	2
2959	1
2960	0
2961	1
2962	2
2963	2
2964	1
2965	2
2966	0
2967	1
2968	2
2969	2
2970	0
2971	1
2972	1
2973	0
2974	1
2975	1
2976	2
2977	1
2978	1
2979	2
2980	2
2981	1
2982	1
2983	1
2984	5
2985	2
2986	2
2987	3
2988	2
2989	1
2990	0
2991	1
2992	0
2993	2
2994	3
2995	0
2996	1
2997	0
2998	1
2999	2
3000	4
3001	1
3002	1
3003	1
3004	1
3005	1
3006	1
3007	0
3008	0
3009	1
3010	1
3011	1
3012	1
3013	3
3014	1
3015	0
3016	2
3017	1
3018	4
3019	2
3020	3
3021	4
3022	2
3023	0
3024	0
3025	0
3026	2
3027	1
3028	3
3029	1
3030	1
3031	2
3032	1
3033	2
3034	0
3035	1
3036	2
3037	1
3038	2
3039	2
3040	1
3041	1
3042	2
3043	0
3044	1
3045	1
3046	1
3047	1
3048	1
3049	3
3050	0
3051	0
3052	2
3053	1
3054	2
3055	0
3056	1
3057	1
3058	0
3059	2
3060	2
3061	2
3062	2
3063	0
3064	2
3065	0
3066	0
3067	0
3068	0
3069	2
3070	2
3071	1
3072	3
3073	1
3074	3
3075	2
3076	1
3077	2
3078	0
3079	1
3080	0
3081	4
3082	1
3083	1
3084	0
3085	0
3086	1
3087	0
3088	1
3089	2
3090	1
3091	1
3092	0
3093	3
3094	1
3095	0
3096	0
3097	2
3098	0
3099	1
3100	1
3101	0
3102	2
3103	1
3104	4
3105	1
3106	2
3107	1
3108	2
3109	2
3110	2
3111	0
3112	2
3113	0
3114	1
3115	0
3116	0
3117	2
3118	0
3119	2
3120	4
3121	1
3122	1
3123	2
3124	0
3125	1
3126	1
3127	3
3128	2
3129	1
3130	0
3131	2
3132	1
3133	2
3134	1
3135	2
3136	2
3137	2
3138	2
3139	1
3140	2
3141	1
3142	1
3143	0
3144	0
3145	1
3146	0
3147	5
3148	0
3149	0
3150	1
3151	0
3152	1
3153	0
3154	0
3155	1
3156	1
3157	2
3158	1
3159	1
3160	0
3161	0
3162	2
3163	1
3164	3
3165	1
3166	2
3167	2
3168	2
3169	1
3170	1
3171	0
3172	0
3173	0
3174	2
3175	2
3176	1
3177	0
3178	2
3179	3
3180	0
3181	2
3182	0
3183	2
3184	3
3185	3
3186	4
3187	0
3188	0
3189	4
3190	2
3191	1
3192	2
3193	1
3194	1
3195	0
3196	1
3197	2
3198	1
3199	2
3200	0
3201	1
3202	3
3203	0
3204	1
3205	0
3206	0
3207	0
3208	0
3209	3
3210	1
3211	3
3212	2
3213	4
3214	1
3215	1
3216	0
3217	1
3218	0
3219	0
3220	0
3221	3
3222	2
3223	1
3224	1
3225	2
3226	1
3227	2
3228	3
3229	1
3230	0
3231	0
3232	2
3233	1
3234	1
3235	0
3236	2
3237	0
3238	3
3239	4
3240	1
3241	1
3242	0
3243	0
3244	1
3245	1
3246	2
3247	1
3248	3
3249	1
3250	0
3251	2
3252	0
3253	0
3254	0
3255	1
3256	0
3257	2
3258	3
3259	1
3260	1
3261	1
3262	0
3263	1
3264	2
3265	0
3266	2
3267	1
3268	0
3269	1
3270	1
3271	1
3272	1
3273	1
3274	1
3275	2
3276	1
3277	3
3278	0
3279	1
3280	0
3281	3
3282	0
3283	1
3284	0
3285	0
3286	3
3287	0
3288	1
3289	0
3290	1
3291	0
3292	1
3293	1
3294	1
3295	2
3296	3
3297	3
3298	1
3299	0
3300	1
3301	2
3302	0
3303	1
3304	2
3305	1
3306	1
3307	0
3308	2
3309	0
3310	0
3311	1
3312	0
3313	1
3314	1
3315	1
3316	4
3317	0
3318	1
3319	2
3320	2
3321	4
3322	1
3323	2
3324	3
3325	3
3326	0
3327	1
3328	4
3329	2
3330	1
3331	0
3332	1
3333	0
3334	1
3335	1
3336	0
3337	0
3338	2
3339	0
3340	3
3341	6
3342	3
3343	1
3344	1
3345	2
3346	3
3347	5
3348	2
3349	0
3350	0
3351	1
3352	1
3353	1
3354	0
3355	0
3356	1
3357	5
3358	1
3359	3
3360	1
3361	2
3362	3
3363	0
3364	1
3365	1
3366	1
3367	0
3368	0
3369	2
3370	1
3371	0
3372	1
3373	2
3374	1
3375	0
3376	1
3377	1
3378	0
3379	2
3380	1
3381	3
3382	2
3383	1
3384	2
3385	0
3386	2
3387	2
3388	1
3389	0
3390	3
3391	4
3392	1
3393	3
3394	3
3395	0
3396	1
3397	0
3398	1
3399	2
3400	1
3401	0
3402	1
3403	0
3404	1
3405	1
3406	0
3407	0
3408	4
3409	2
3410	0
3411	1
3412	2
3413	1
3414	0
3415	0
3416	2
3417	0
3418	1
3419	1
3420	2
3421	1
3422	1
3423	1
3424	2
3425	2
3426	1
3427	1
3428	2
3429	0
3430	1
3431	2
3432	4
3433	0
3434	2
3435	0
3436	2
3437	1
3438	4
3439	0
3440	0
3441	3
3442	4
3443	2
3444	2
3445	4
3446	1
3447	1
3448	1
3449	1
3450	1
3451	1
3452	0
3453	3
3454	3
3455	2
3456	1
3457	0
3458	0
3459	2
3460	0
3461	1
3462	1
3463	2
3464	1
3465	0
3466	3
3467	3
3468	2
3469	2
3470	2
3471	1
3472	1
3473	1
3474	0
3475	1
3476	1
3477	0
3478	0
3479	2
3480	0
3481	3
3482	1
3483	3
3484	3
3485	2
3486	2
3487	3
3488	2
3489	1
3490	1
3491	0
3492	2
3493	2
3494	1
3495	0
3496	1
3497	1
3498	3
3499	0
3500	1
3501	0
3502	0
3503	2
3504	0
3505	1
3506	0
3507	1
3508	0
3509	2
3510	3
3511	0
3512	2
3513	1
3514	1
3515	2
3516	0
3517	1
3518	2
3519	0
3520	0
3521	1
3522	1
3523	2
3524	1
3525	1
3526	5
3527	2
3528	1
3529	3
3530	2
3531	0
3532	2
3533	1
3534	1
3535	1
3536	0
3537	1
3538	2
3539	0
3540	1
3541	1
3542	0
3543	2
3544	0
3545	2
3546	0
3547	3
3548	0
3549	3
3550	3
3551	1
3552	0
3553	2
3554	0
3555	2
3556	1
3557	0
3558	0
3559	3
3560	3
3561	1
3562	2
3563	3
3564	1
3565	2
3566	0
3567	1
3568	3
3569	1
3570	1
3571	1
3572	1
3573	1
3574	2
3575	0
3576	2
3577	2
3578	3
3579	2
3580	2
3581	0
3582	1
3583	1
3584	0
3585	1
3586	1
3587	0
3588	1
3589	2
3590	1
3591	0
3592	1
3593	1
3594	1
3595	2
3596	0
3597	1
3598	0
3599	1
3600	1
3601	2
3602	0
3603	2
3604	0
3605	3
3606	1
3607	0
3608	0
3609	1
3610	2
3611	0
3612	0
3613	0
3614	0
3615	2
3616	2
3617	3
3618	0
3619	1
3620	1
3621	0
3622	0
3623	0
3624	1
3625	2
3626	2
3627	3
3628	2
3629	0
3630	0
3631	1
3632	0
3633	0
3634	2
3635	0
3636	1
3637	1
3638	0
3639	1
3640	1
3641	1
3642	1
3643	1
3644	2
3645	2
3646	4
3647	1
3648	1
3649	2
3650	0
3651	0
3652	2
3653	4
3654	0
3655	2
3656	0
3657	0
3658	4
3659	1
3660	0
3661	0
3662	2
3663	0
3664	0
3665	1
3666	0
3667	0
3668	1
3669	1
3670	2
3671	0
3672	3
3673	1
3674	2
3675	1
3676	2
3677	0
3678	0
3679	0
3680	2
3681	2
3682	0
3683	1
3684	3
3685	2
3686	2
3687	1
3688	2
3689	0
3690	1
3691	1
3692	4
3693	1
3694	1
3695	4
3696	0
3697	2
3698	1
3699	2
3700	1
3701	1
3702	0
3703	0
3704	0
3705	1
3706	1
3707	0
3708	0
3709	1
3710	2
3711	1
3712	2
3713	1
3714	1
3715	0
3716	2
3717	0
3718	1
3719	3
3720	1
3721	2
3722	1
3723	2
3724	1
3725	0
3726	0
3727	1
3728	1
3729	2
3730	1
3731	0
3732	2
3733	1
3734	0
3735	0
3736	0
3737	1
3738	1
3739	1
3740	1
3741	0
3742	2
3743	3
3744	1
3745	0
3746	0
3747	1
3748	0
3749	2
3750	2
3751	3
3752	2
3753	1
3754	1
3755	0
3756	2
3757	1
3758	1
3759	2
3760	0
3761	1
3762	1
3763	1
3764	2
3765	1
3766	1
3767	1
3768	4
3769	2
3770	1
3771	0
3772	2
3773	0
3774	1
3775	2
3776	1
3777	1
3778	0
3779	1
3780	1
3781	1
3782	0
3783	0
3784	2
3785	0
3786	1
3787	2
3788	3
3789	4
3790	0
3791	1
3792	2
3793	1
3794	2
3795	0
3796	0
3797	1
3798	1
3799	3
3800	1
3801	1
3802	3
3803	1
3804	1
3805	3
3806	2
3807	1
3808	0
3809	2
3810	1
3811	1
3812	2
3813	4
3814	0
3815	5
3816	1
3817	1
3818	3
3819	3
3820	3
3821	3
3822	1
3823	1
3824	0
3825	0
3826	0
3827	1
3828	2
3829	2
3830	1
3831	1
3832	3
3833	3
3834	0
3835	4
3836	6
3837	1
3838	1
3839	2
3840	2
3841	3
3842	2
3843	0
3844	0
3845	0
3846	1
3847	0
3848	1
3849	2
3850	0
3851	1
3852	0
3853	1
3854	1
3855	0
3856	0
3857	0
3858	3
3859	2
3860	2
3861	0
3862	0
3863	2
3864	0
3865	1
3866	1
3867	1
3868	1
3869	1
3870	0
3871	5
3872	2
3873	2
3874	0
3875	3
3876	0
3877	0
3878	4
3879	3
3880	0
3881	1
3882	1
3883	0
3884	1
3885	2
3886	2
3887	1
3888	1
3889	2
3890	0
3891	3
3892	4
3893	0
3894	2
3895	2
3896	1
3897	1
3898	2
3899	1
3900	1
3901	2
3902	1
3903	6
3904	1
3905	2
3906	1
3907	0
3908	1
3909	2
3910	0
3911	1
3912	0
3913	1
3914	0
3915	1
3916	2
3917	1
3918	4
3919	0
3920	0
3921	2
3922	1
3923	1
3924	1
3925	0
3926	0
3927	0
3928	1
3929	0
3930	2
3931	0
3932	0
3933	1
3934	0
3935	3
3936	3
3937	0
3938	1
3939	0
3940	3
3941	2
3942	1
3943	2
3944	1
3945	1
3946	1
3947	1
3948	1
3949	1
3950	6
3951	0
3952	2
3953	1
3954	0
3955	0
3956	2
3957	2
3958	0
3959	2
3960	1
3961	1
3962	0
3963	0
3964	1
3965	0
3966	3
3967	4
3968	1
3969	2
3970	1
3971	2
3972	1
3973	0
3974	0
3975	0
3976	3
3977	2
3978	1
3979	3
3980	1
3981	1
3982	0
3983	0
3984	1
3985	4
3986	1
3987	2
3988	3
3989	2
3990	0
3991	1
3992	1
3993	2
3994	0
3995	1
3996	0
3997	1
3998	1
3999	1
4000	2
4001	4
4002	2
4003	0
4004	0
4005	2
4006	2
4007	0
4008	1
4009	0
4010	4
4011	0
4012	2
4013	1
4014	2
4015	1
4016	0
4017	1
4018	0
4019	2
4020	0
4021	2
4022	0
4023	1
4024	1
4025	0
4026	2
4027	1
4028	0
4029	1
4030	1
4031	1
4032	0
4033	0
4034	0
4035	1
4036	2
4037	1
4038	2
4039	1
4040	0
4041	1
4042	2
4043	0
4044	3
4045	1
4046	3
4047	3
4048	0
4049	0
4050	1
4051	0
4052	1
4053	1
4054	0
4055	0
4056	1
4057	0
4058	1
4059	2
4060	1
4061	2
4062	3
4063	2
4064	1
4065	1
4066	1
4067	1
4068	0
4069	3
4070	2
4071	1
4072	3
4073	1
4074	3
4075	1
4076	1
4077	0
4078	1
4079	2
4080	1
4081	1
4082	1
4083	3
4084	1
4085	2
4086	1
4087	1
4088	0
4089	1
4090	2
4091	1
4092	0
4093	1
4094	2
4095	0
4096	1
4097	1
4098	1
4099	1
4100	2
4101	3
4102	1
4103	0
4104	0
4105	0
4106	0
4107	3
4108	0
4109	3
4110	0
4111	1
4112	3
4113	1
4114	2
4115	1
4116	2
4117	1
4118	1
4119	2
4120	2
4121	0
4122	2
4123	1
4124	1
4125	0
4126	2
4127	1
4128	1
4129	2
4130	1
4131	1
4132	3
4133	1
4134	0
4135	2
4136	0
4137	2
4138	0
4139	1
4140	0
4141	1
4142	1
4143	0
4144	1
4145	1
4146	2
4147	0
4148	0
4149	2
4150	3
4151	2
4152	2
4153	0
4154	2
4155	1
4156	1
4157	0
4158	1
4159	2
4160	1
4161	2
4162	0
4163	2
4164	1
4165	3
4166	1
4167	2
4168	0
4169	1
4170	2
4171	2
4172	1
4173	1
4174	0
4175	1
4176	0
4177	0
4178	1
4179	1
4180	5
4181	1
4182	3
4183	1
4184	2
4185	1
4186	1
4187	0
4188	2
4189	1
4190	2
4191	2
4192	0
4193	5
4194	1
4195	1
4196	1
4197	1
4198	0
4199	0
4200	3
4201	1
4202	0
4203	2
4204	1
4205	2
4206	3
4207	2
4208	0
4209	4
4210	0
4211	1
4212	0
4213	0
4214	1
4215	1
4216	1
4217	0
4218	1
4219	0
4220	2
4221	1
4222	0
4223	2
4224	0
4225	2
4226	0
4227	1
4228	3
4229	0
4230	0
4231	1
4232	1
4233	0
4234	2
4235	2
4236	0
4237	2
4238	3
4239	1
4240	1
4241	3
4242	3
4243	3
4244	0
4245	0
4246	3
4247	1
4248	0
4249	1
4250	0
4251	0
4252	0
4253	2
4254	0
4255	1
4256	2
4257	2
4258	1
4259	1
4260	2
4261	0
4262	3
4263	2
4264	0
4265	1
4266	2
4267	1
4268	0
4269	0
4270	3
4271	1
4272	2
4273	1
4274	1
4275	2
4276	1
4277	3
4278	1
4279	1
4280	0
4281	2
4282	1
4283	2
4284	0
4285	0
4286	2
4287	0
4288	1
4289	1
4290	2
4291	4
4292	4
4293	1
4294	5
4295	2
4296	2
4297	0
4298	2
4299	4
4300	2
4301	4
4302	2
4303	1
4304	3
4305	2
4306	1
4307	2
4308	1
4309	3
4310	1
4311	2
4312	0
4313	3
4314	3
4315	0
4316	1
4317	1
4318	1
4319	1
4320	1
4321	0
4322	0
4323	0
4324	1
4325	6
4326	1
4327	1
4328	2
4329	0
4330	0
4331	2
4332	1
4333	1
4334	0
4335	0
4336	2
4337	1
4338	2
4339	0
4340	2
4341	1
4342	1
4343	2
4344	0
4345	0
4346	0
4347	2
4348	2
4349	1
4350	3
4351	1
4352	3
4353	2
4354	1
4355	0
4356	0
4357	2
4358	1
4359	1
4360	0
4361	3
4362	0
4363	2
4364	2
4365	2
4366	1
4367	2
4368	2
4369	1
4370	1
4371	2
4372	0
4373	1
4374	1
4375	2
4376	1
4377	1
4378	1
4379	0
4380	1
4381	0
4382	1
4383	1
4384	1
4385	0
4386	3
4387	1
4388	1
4389	1
4390	2
4391	0
4392	2
4393	1
4394	1
4395	0
4396	0
4397	3
4398	0
4399	1
4400	1
4401	2
4402	3
4403	3
4404	1
4405	2
4406	3
4407	3
4408	1
4409	0
4410	1
4411	3
4412	2
4413	3
4414	2
4415	1
4416	0
4417	2
4418	1
4419	1
4420	2
4421	2
4422	0
4423	2
4424	1
4425	3
4426	0
4427	1
4428	2
4429	1
4430	1
4431	2
4432	1
4433	0
4434	1
4435	1
4436	0
4437	0
4438	3
4439	3
4440	0
4441	1
4442	2
4443	2
4444	0
4445	4
4446	0
4447	1
4448	1
4449	2
4450	1
4451	2
4452	0
4453	1
4454	2
4455	1
4456	1
4457	1
4458	0
4459	0
4460	0
4461	1
4462	0
4463	2
4464	1
4465	1
4466	2
4467	0
4468	2
4469	1
4470	3
4471	1
4472	0
4473	1
4474	3
4475	1
4476	0
4477	1
4478	0
4479	1
4480	2
4481	2
4482	0
4483	1
4484	0
4485	0
4486	4
4487	1
4488	1
4489	4
4490	3
4491	3
4492	1
4493	1
4494	2
4495	0
4496	0
4497	0
4498	0
4499	1
4500	3
4501	0
4502	0
4503	0
4504	2
4505	2
4506	1
4507	0
4508	0
4509	0
4510	0
4511	2
4512	1
4513	1
4514	3
4515	1
4516	0
4517	1
4518	0
4519	2
4520	3
4521	1
4522	0
4523	0
4524	0
4525	0
4526	3
4527	2
4528	0
4529	1
4530	2
4531	1
4532	2
4533	2
4534	2
4535	0
4536	1
4537	2
4538	3
4539	0
4540	1
4541	0
4542	1
4543	1
4544	1
4545	1
4546	0
4547	5
4548	0
4549	1
4550	1
4551	0
4552	1
4553	1
4554	2
4555	1
4556	0
4557	0
4558	0
4559	1
4560	0
4561	4
4562	0
4563	3
4564	0
4565	1
4566	3
4567	2
4568	2
4569	1
4570	1
4571	3
4572	0
4573	1
4574	3
4575	2
4576	2
4577	2
4578	0
4579	3
4580	0
4581	1
4582	4
4583	1
4584	1
4585	1
4586	0
4587	0
4588	0
4589	0
4590	2
4591	0
4592	0
4593	0
4594	1
4595	2
4596	1
4597	0
4598	3
4599	1
4600	1
4601	1
4602	2
4603	1
4604	5
4605	3
4606	1
4607	4
4608	4
4609	1
4610	1
4611	4
4612	0
4613	1
4614	1
4615	0
4616	2
4617	1
4618	1
4619	1
4620	4
4621	3
4622	1
4623	0
4624	2
4625	2
4626	1
4627	3
4628	3
4629	4
4630	1
4631	2
4632	2
4633	1
4634	1
4635	1
4636	3
4637	1
4638	2
4639	0
4640	2
4641	0
4642	1
4643	3
4644	0
4645	1
4646	1
4647	4
4648	1
4649	1
4650	1
4651	0
4652	2
4653	3
4654	0
4655	1
4656	1
4657	1
4658	1
4659	1
4660	0
4661	2
4662	4
4663	1
4664	1
4665	2
4666	0
4667	2
4668	1
4669	2
4670	0
4671	1
4672	1
4673	2
4674	2
4675	1
4676	1
4677	1
4678	1
4679	0
4680	1
4681	0
4682	0
4683	0
4684	3
4685	2
4686	1
4687	2
4688	0
4689	0
4690	1
4691	2
4692	0
4693	1
4694	1
4695	3
4696	1
4697	1
4698	1
4699	1
4700	3
4701	1
4702	1
4703	1
4704	2
4705	0
4706	0
4707	1
4708	4
4709	1
4710	1
4711	3
4712	1
4713	1
4714	3
4715	0
4716	0
4717	2
4718	3
4719	1
4720	0
4721	1
4722	2
4723	0
4724	0
4725	0
4726	1
4727	1
4728	2
4729	1
4730	3
4731	0
4732	3
4733	5
4734	2
4735	2
4736	0
4737	0
4738	0
4739	3
4740	0
4741	1
4742	1
4743	0
4744	0
4745	2
4746	0
4747	1
4748	0
4749	0
4750	1
4751	1
4752	0
4753	0
4754	0
4755	0
4756	0
4757	1
4758	2
4759	3
4760	0
4761	0
4762	0
4763	4
4764	1
4765	1
4766	1
4767	2
4768	0
4769	1
4770	1
4771	0
4772	0
4773	2
4774	2
4775	0
4776	2
4777	1
4778	0
4779	0
4780	3
4781	0
4782	1
4783	1
4784	0
4785	1
4786	1
4787	0
4788	1
4789	5
4790	1
4791	1
4792	3
4793	0
4794	1
4795	2
4796	1
4797	3
4798	0
4799	1
4800	2
4801	1
4802	2
4803	3
4804	2
4805	1
4806	4
4807	1
4808	1
4809	2
4810	0
4811	2
4812	3
4813	0
4814	2
4815	2
4816	0
4817	2
4818	0
4819	0
4820	0
4821	0
4822	1
4823	2
4824	1
4825	1
4826	2
4827	1
4828	2
4829	1
4830	2
4831	0
4832	1
4833	1
4834	0
4835	1
4836	1
4837	1
4838	2
4839	2
4840	0
4841	2
4842	0
4843	2
4844	1
4845	3
4846	2
4847	1
4848	1
4849	1
4850	1
4851	2
4852	0
4853	0
4854	3
4855	2
4856	1
4857	2
4858	3
4859	1
4860	1
4861	3
4862	3
4863	1
4864	1
4865	1
4866	0
4867	0
4868	0
4869	1
4870	0
4871	2
4872	3
4873	1
4874	0
4875	0
4876	1
4877	0
4878	0
4879	0
4880	2
4881	0
4882	1
4883	3
4884	2
4885	0
4886	0
4887	1
4888	0
4889	1
4890	0
4891	3
4892	3
4893	1
4894	1
4895	2
4896	1
4897	2
4898	1
4899	3
4900	2
4901	0
4902	2
4903	0
4904	1
4905	1
4906	1
4907	1
4908	0
4909	2
4910	1
4911	1
4912	2
4913	3
4914	2
4915	0
4916	1
4917	1
4918	1
4919	0
4920	1
4921	0
4922	1
4923	1
4924	3
4925	0
4926	2
4927	0
4928	1
4929	1
4930	1
4931	0
4932	1
4933	0
4934	1
4935	2
4936	3
4937	1
4938	1
4939	0
4940	0
4941	0
4942	1
4943	0
4944	0
4945	0
4946	0
4947	4
4948	4
4949	0
4950	1
4951	1
4952	2
4953	1
4954	0
4955	1
4956	4
4957	0
4958	1
4959	0
4960	1
4961	1
4962	0
4963	1
4964	2
4965	1
4966	0
4967	1
4968	2
4969	1
4970	2
4971	1
4972	2
4973	1
4974	0
4975	2
4976	3
4977	0
4978	1
4979	2
4980	2
4981	4
4982	3
4983	1
4984	0
4985	1
4986	1
4987	1
4988	2
4989	0
4990	1
4991	2
4992	2
4993	1
4994	1
4995	2
4996	2
4997	5
4998	2
4999	0
5000	2
5001	1
5002	1
5003	2
5004	1
5005	2
5006	2
5007	4
5008	1
5009	0
5010	3
5011	2
5012	0
5013	1
5014	2
5015	1
5016	0
5017	3
5018	4
5019	2
5020	1
5021	4
5022	0
5023	0
5024	1
5025	3
5026	1
5027	3
5028	0
5029	2
5030	1
5031	2
5032	1
5033	1
5034	3
5035	0
5036	1
5037	0
5038	0
5039	1
5040	1
5041	0
5042	1
5043	1
5044	0
5045	1
5046	4
5047	1
5048	0
5049	3
5050	1
5051	1
5052	0
5053	2
5054	1
5055	1
5056	0
5057	1
5058	1
5059	2
5060	1
5061	2
5062	0
5063	3
5064	1
5065	0
5066	1
5067	1
5068	2
5069	1
5070	1
5071	3
5072	0
5073	1
5074	1
5075	0
5076	0
5077	0
5078	1
5079	1
5080	3
5081	0
5082	1
5083	2
5084	0
5085	1
5086	0
5087	0
5088	0
5089	0
5090	1
5091	2
5092	1
5093	1
5094	0
5095	1
5096	3
5097	2
5098	2
5099	2
5100	0
5101	1
5102	1
5103	0
5104	0
5105	1
5106	0
5107	2
5108	0
5109	2
5110	2
5111	2
5112	1
5113	1
5114	1
5115	3
5116	1
5117	0
5118	2
5119	1
5120	1
5121	2
5122	3
5123	2
5124	3
5125	0
5126	0
5127	1
5128	1
5129	0
5130	0
5131	0
5132	1
5133	0
5134	1
5135	1
5136	4
5137	1
5138	0
5139	1
5140	3
5141	2
5142	3
5143	1
5144	2
5145	2
5146	3
5147	0
5148	1
5149	3
5150	0
5151	1
5152	2
5153	3
5154	2
5155	0
5156	0
5157	1
5158	0
5159	0
5160	2
5161	0
5162	2
5163	0
5164	2
5165	1
5166	1
5167	1
5168	0
5169	2
5170	0
5171	3
5172	1
5173	0
5174	0
5175	0
5176	2
5177	2
5178	0
5179	1
5180	1
5181	1
5182	3
5183	0
5184	1
5185	1
5186	2
5187	0
5188	3
5189	1
5190	5
5191	0
5192	1
5193	2
5194	1
5195	1
5196	3
5197	0
5198	0
5199	2
5200	1
5201	1
5202	1
5203	0
5204	2
5205	2
5206	4
5207	1
5208	2
5209	0
5210	0
5211	0
5212	2
5213	0
5214	1
5215	1
5216	1
5217	1
5218	2
5219	0
5220	1
5221	3
5222	1
5223	0
5224	1
5225	1
5226	3
5227	0
5228	1
5229	1
5230	0
5231	0
5232	0
5233	1
5234	2
5235	0
5236	1
5237	2
5238	1
5239	1
5240	1
5241	0
5242	0
5243	2
5244	2
5245	4
5246	0
5247	0
5248	0
5249	1
5250	1
5251	3
5252	1
5253	0
5254	0
5255	3
5256	2
5257	2
5258	1
5259	3
5260	1
5261	1
5262	0
5263	3
5264	1
5265	1
5266	1
5267	0
5268	0
5269	2
5270	1
5271	1
5272	2
5273	1
5274	2
5275	0
5276	1
5277	2
5278	0
5279	1
5280	2
5281	2
5282	1
5283	0
5284	1
5285	2
5286	2
5287	1
5288	0
5289	1
5290	1
5291	2
5292	2
5293	2
5294	1
5295	1
5296	0
5297	0
5298	1
5299	3
5300	1
5301	0
5302	1
5303	1
5304	3
5305	0
5306	1
5307	0
5308	0
5309	0
5310	0
5311	1
5312	1
5313	2
5314	0
5315	0
5316	0
5317	1
5318	4
5319	2
5320	3
5321	2
5322	1
5323	0
5324	0
5325	1
5326	0
5327	2
5328	3
5329	1
5330	1
5331	1
5332	2
5333	1
5334	0
5335	0
5336	1
5337	1
5338	1
5339	1
5340	1
5341	1
5342	0
5343	0
5344	2
5345	1
5346	3
5347	0
5348	5
5349	2
5350	0
5351	2
5352	1
5353	0
5354	1
5355	0
5356	2
5357	4
5358	0
5359	2
5360	0
5361	0
5362	2
5363	2
5364	0
5365	0
5366	1
5367	1
5368	1
5369	0
5370	1
5371	1
5372	1
5373	0
5374	0
5375	3
5376	0
5377	2
5378	0
5379	3
5380	3
5381	2
5382	1
5383	1
5384	3
5385	2
5386	1
5387	1
5388	1
5389	1
5390	1
5391	1
5392	3
5393	5
5394	2
5395	0
5396	1
5397	2
5398	2
5399	1
5400	0
5401	5
5402	0
5403	0
5404	3
5405	1
5406	3
5407	1
5408	2
5409	1
5410	1
5411	1
5412	2
5413	1
5414	2
5415	1
5416	1
5417	0
5418	3
5419	1
5420	2
5421	2
5422	1
5423	1
5424	1
5425	2
5426	2
5427	0
5428	1
5429	1
5430	2
5431	0
5432	0
5433	0
5434	0
5435	3
5436	1
5437	0
5438	0
5439	3
5440	0
5441	1
5442	0
5443	0
5444	2
5445	1
5446	1
5447	0
5448	2
5449	0
5450	0
5451	1
5452	0
5453	2
5454	1
5455	1
5456	0
5457	1
5458	2
5459	1
5460	2
5461	1
5462	2
5463	0
5464	0
5465	0
5466	1
5467	1
5468	1
5469	0
5470	1
5471	0
5472	2
5473	2
5474	0
5475	0
5476	1
5477	2
5478	1
5479	2
5480	2
5481	1
5482	2
5483	0
5484	0
5485	2
5486	3
5487	1
5488	1
5489	1
5490	1
5491	2
5492	1
5493	0
5494	2
5495	1
5496	1
5497	1
5498	2
5499	0
5500	0
5501	2
5502	1
5503	1
5504	2
5505	1
5506	1
5507	1
5508	0
5509	1
5510	2
5511	1
5512	0
5513	0
5514	0
5515	1
5516	2
5517	2
5518	1
5519	1
5520	3
5521	0
5522	1
5523	1
5524	2
5525	4
5526	0
5527	2
5528	3
5529	1
5530	1
5531	2
5532	0
5533	2
5534	0
5535	4
5536	4
5537	0
5538	0
5539	2
5540	2
5541	2
5542	0
5543	2
5544	1
5545	3
5546	0
5547	0
5548	0
5549	0
5550	0
5551	0
5552	2
5553	4
5554	2
5555	0
5556	0
5557	3
5558	5
5559	2
5560	0
5561	4
5562	2
5563	2
5564	1
5565	0
5566	1
5567	3
5568	3
5569	0
5570	1
5571	0
5572	0
5573	1
5574	4
5575	1
5576	1
5577	0
5578	0
5579	1
5580	0
5581	1
5582	0
5583	0
5584	1
5585	2
5586	5
5587	2
5588	0
5589	3
5590	0
5591	2
5592	2
5593	0
5594	2
5595	0
5596	1
5597	3
5598	4
5599	2
5600	0
5601	1
5602	0
5603	1
5604	0
5605	2
5606	0
5607	0
5608	2
5609	4
5610	3
5611	0
5612	0
5613	1
5614	0
5615	1
5616	3
5617	0
5618	0
5619	3
5620	1
5621	1
5622	2
5623	2
5624	0
5625	1
5626	1
5627	3
5628	0
5629	1
5630	1
5631	2
5632	5
5633	2
5634	0
5635	1
5636	1
5637	2
5638	1
5639	0
5640	4
5641	3
5642	0
5643	0
5644	3
5645	1
5646	0
5647	0
5648	0
5649	3
5650	1
5651	0
5652	0
5653	1
5654	0
5655	1
5656	1
5657	1
5658	0
5659	1
5660	2
5661	1
5662	3
5663	1
5664	2
5665	3
5666	1
5667	3
5668	1
5669	1
5670	3
5671	1
5672	1
5673	0
5674	0
5675	0
5676	3
5677	1
5678	1
5679	1
5680	1
5681	2
5682	2
5683	1
5684	1
5685	0
5686	3
5687	1
5688	1
5689	3
5690	3
5691	3
5692	0
5693	1
5694	1
5695	2
5696	3
5697	2
5698	1
5699	1
5700	2
5701	1
5702	1
5703	3
5704	2
5705	2
5706	1
5707	0
5708	0
5709	2
5710	1
5711	2
5712	0
5713	1
5714	0
5715	0
5716	0
5717	1
5718	3
5719	0
5720	0
5721	1
5722	2
5723	2
5724	1
5725	1
5726	0
5727	0
5728	2
5729	3
5730	1
5731	0
5732	0
5733	1
5734	0
5735	0
5736	0
5737	0
5738	0
5739	0
5740	0
5741	3
5742	1
5743	2
5744	0
5745	2
5746	1
5747	1
5748	1
5749	1
5750	0
5751	2
5752	0
5753	2
5754	1
5755	0
5756	1
5757	2
5758	0
5759	1
5760	3
5761	4
5762	1
5763	0
5764	0
5765	1
5766	3
5767	1
5768	2
5769	2
5770	2
5771	1
5772	2
5773	0
5774	0
5775	1
5776	0
5777	0
5778	2
5779	0
5780	0
5781	0
5782	1
5783	3
5784	1
5785	2
5786	3
5787	1
5788	2
5789	1
5790	1
5791	1
5792	2
5793	0
5794	1
5795	1
5796	1
5797	0
5798	0
5799	2
5800	1
5801	3
5802	1
5803	0
5804	0
5805	0
5806	1
5807	0
5808	0
5809	1
5810	3
5811	2
5812	2
5813	1
5814	2
5815	0
5816	1
5817	0
5818	0
5819	1
5820	2
5821	1
5822	0
5823	4
5824	0
5825	0
5826	1
5827	2
5828	4
5829	1
5830	3
5831	2
5832	2
5833	1
5834	1
5835	0
5836	2
5837	0
5838	2
5839	2
5840	1
5841	0
5842	1
5843	1
5844	2
5845	2
5846	0
5847	0
5848	1
5849	1
5850	1
5851	0
5852	0
5853	0
5854	1
5855	3
5856	2
5857	2
5858	2
5859	0
5860	1
5861	0
5862	1
5863	0
5864	0
5865	2
5866	0
5867	3
5868	1
5869	1
5870	2
5871	1
5872	5
5873	3
5874	1
5875	1
5876	3
5877	1
5878	2
5879	1
5880	2
5881	1
5882	1
5883	1
5884	1
5885	2
5886	1
5887	2
5888	1
5889	1
5890	1
5891	0
5892	1
5893	2
5894	2
5895	0
5896	0
5897	0
5898	1
5899	1
5900	0
5901	1
5902	2
5903	4
5904	0
5905	2
5906	1
5907	1
5908	0
5909	2
5910	0
5911	2
5912	3
5913	0
5914	2
5915	1
5916	3
5917	2
5918	3
5919	2
5920	1
5921	0
5922	3
5923	0
5924	1
5925	4
5926	1
5927	3
5928	1
5929	1
5930	1
5931	0
5932	4
5933	1
5934	0
5935	2
5936	4
5937	1
5938	1
5939	1
5940	0
5941	0
5942	0
5943	0
5944	1
5945	1
5946	2
5947	0
5948	1
5949	0
5950	1
5951	3
5952	0
5953	0
5954	1
5955	0
5956	1
5957	0
5958	1
5959	0
5960	0
5961	1
5962	2
5963	1
5964	1
5965	0
5966	2
5967	1
5968	1
5969	1
5970	3
5971	3
5972	0
5973	0
5974	2
5975	0
5976	2
5977	2
5978	1
5979	0
5980	0
5981	1
5982	2
5983	1
5984	2
5985	2
5986	1
5987	0
5988	1
5989	2
5990	0
5991	2
5992	0
5993	1
5994	0
5995	0
5996	2
5997	1
5998	1
5999	4
6000	0
6001	1
6002	1
6003	4
6004	0
6005	0
6006	1
6007	0
6008	1
6009	1
6010	0
6011	2
6012	1
6013	1
6014	2
6015	0
6016	1
6017	0
6018	2
6019	3
6020	0
6021	2
6022	3
6023	2
6024	2
6025	1
6026	1
6027	1
6028	1
6029	0
6030	0
6031	0
6032	0
6033	1
6034	0
6035	2
6036	0
6037	1
6038	0
6039	0
6040	3
6041	3
6042	0
6043	2
6044	1
6045	0
6046	2
6047	1
6048	0
6049	0
6050	2
6051	2
6052	0
6053	1
6054	2
6055	3
6056	1
6057	2
6058	0
6059	0
6060	0
6061	2
6062	2
6063	2
6064	1
6065	3
6066	1
6067	0
6068	0
6069	0
6070	0
6071	2
6072	3
6073	2
6074	4
6075	0
6076	3
6077	2
6078	1
6079	3
6080	2
6081	2
6082	2
6083	0
6084	2
6085	0
6086	2
6087	1
6088	1
6089	0
6090	0
6091	1
6092	3
6093	1
6094	1
6095	1
6096	1
6097	1
6098	2
6099	2
6100	0
6101	0
6102	2
6103	0
6104	2
6105	2
6106	2
6107	2
6108	2
6109	2
6110	1
6111	0
6112	2
6113	0
6114	1
6115	2
6116	2
6117	0
6118	1
6119	0
6120	2
6121	0
6122	2
6123	2
6124	1
6125	1
6126	0
6127	0
6128	0
6129	0
6130	1
6131	1
6132	1
6133	3
6134	0
6135	0
6136	3
6137	1
6138	1
6139	2
6140	1
6141	2
6142	0
6143	3
6144	2
6145	0
6146	1
6147	2
6148	3
6149	1
6150	2
6151	2
6152	2
6153	0
6154	1
6155	1
6156	0
6157	2
6158	0
6159	0
6160	2
6161	2
6162	3
6163	2
6164	0
6165	1
6166	2
6167	5
6168	3
6169	1
6170	2
6171	0
6172	2
6173	2
6174	1
6175	2
6176	1
6177	2
6178	1
6179	3
6180	0
6181	0
6182	0
6183	3
6184	0
6185	2
6186	1
6187	1
6188	0
6189	0
6190	0
6191	1
6192	1
6193	3
6194	5
6195	2
6196	0
6197	0
6198	1
6199	0
6200	0
6201	1
6202	2
6203	2
6204	1
6205	1
6206	1
6207	1
6208	1
6209	2
6210	1
6211	0
6212	1
6213	0
6214	4
6215	1
6216	2
6217	1
6218	2
6219	2
6220	0
6221	0
6222	1
6223	0
6224	0
6225	3
6226	4
6227	1
6228	1
6229	2
6230	1
6231	1
6232	2
6233	4
6234	1
6235	0
6236	0
6237	4
6238	1
6239	0
6240	1
6241	1
6242	1
6243	1
6244	0
6245	0
6246	0
6247	1
6248	5
6249	3
6250	1
6251	0
6252	1
6253	6
6254	1
6255	1
6256	3
6257	1
6258	0
6259	0
6260	0
6261	4
6262	3
6263	2
6264	1
6265	3
6266	2
6267	2
6268	1
6269	1
6270	0
6271	2
6272	3
6273	1
6274	0
6275	1
6276	0
6277	1
6278	1
6279	0
6280	0
6281	2
6282	0
6283	3
6284	0
6285	1
6286	3
6287	1
6288	0
6289	1
6290	1
6291	1
6292	1
6293	0
6294	1
6295	3
6296	0
6297	3
6298	2
6299	0
6300	1
6301	0
6302	2
6303	6
6304	2
6305	0
6306	4
6307	1
6308	0
6309	0
6310	1
6311	2
6312	1
6313	1
6314	0
6315	1
6316	0
6317	1
6318	1
6319	2
6320	1
6321	0
6322	0
6323	1
6324	1
6325	0
6326	2
6327	1
6328	2
6329	2
6330	1
6331	5
6332	0
6333	1
6334	2
6335	0
6336	2
6337	4
6338	0
6339	1
6340	0
6341	2
6342	2
6343	0
6344	0
6345	0
6346	0
6347	1
6348	3
6349	1
6350	0
6351	3
6352	1
6353	1
6354	0
6355	2
6356	1
6357	0
6358	1
6359	0
6360	2
6361	1
6362	2
6363	0
6364	2
6365	2
6366	1
6367	0
6368	0
6369	1
6370	1
6371	0
6372	2
6373	0
6374	2
6375	2
6376	2
6377	2
6378	3
6379	1
6380	2
6381	2
6382	1
6383	2
6384	0
6385	1
6386	1
6387	4
6388	1
6389	1
6390	2
6391	2
6392	2
6393	1
6394	2
6395	1
6396	0
6397	1
6398	2
6399	0
6400	3
6401	1
6402	3
6403	0
6404	0
6405	0
6406	2
6407	1
6408	2
6409	0
6410	0
6411	4
6412	2
6413	1
6414	3
6415	0
6416	2
6417	1
6418	0
6419	0
6420	2
6421	1
6422	1
6423	0
6424	5
6425	0
6426	0
6427	1
6428	1
6429	2
6430	0
6431	0
6432	0
6433	2
6434	2
6435	3
6436	0
6437	1
6438	0
6439	1
6440	2
6441	2
6442	3
6443	0
6444	0
6445	0
6446	3
6447	2
6448	0
6449	2
6450	1
6451	0
6452	0
6453	1
6454	4
6455	1
6456	0
6457	0
6458	1
6459	0
6460	2
6461	0
6462	2
6463	3
6464	1
6465	1
6466	2
6467	1
6468	3
6469	3
6470	1
6471	1
6472	0
6473	1
6474	2
6475	0
6476	3
6477	1
6478	0
6479	1
6480	1
6481	2
6482	0
6483	0
6484	3
6485	2
6486	2
6487	1
6488	0
6489	2
6490	2
6491	0
6492	1
6493	2
6494	0
6495	1
6496	3
6497	0
6498	4
6499	1
6500	0
6501	0
6502	1
6503	2
6504	2
6505	1
6506	1
6507	2
6508	0
6509	2
6510	0
6511	0
6512	1
6513	1
6514	1
6515	1
6516	1
6517	1
6518	1
6519	3
6520	0
6521	2
6522	1
6523	2
6524	2
6525	1
6526	2
6527	2
6528	1
6529	1
6530	2
6531	3
6532	0
6533	0
6534	2
6535	1
6536	1
6537	1
6538	2
6539	2
6540	3
6541	0
6542	0
6543	1
6544	0
6545	0
6546	0
6547	3
6548	1
6549	1
6550	2
6551	1
6552	0
6553	4
6554	1
6555	4
6556	2
6557	2
6558	2
6559	2
6560	1
6561	2
6562	1
6563	0
6564	1
6565	3
6566	1
6567	5
6568	0
6569	0
6570	1
6571	2
6572	1
6573	3
6574	3
6575	2
6576	0
6577	1
6578	0
6579	2
6580	0
6581	2
6582	1
6583	1
6584	1
6585	3
6586	0
6587	3
6588	3
6589	0
6590	1
6591	0
6592	0
6593	1
6594	0
6595	1
6596	2
6597	0
6598	1
6599	1
6600	1
6601	1
6602	2
6603	1
6604	2
6605	1
6606	6
6607	1
6608	1
6609	0
6610	1
6611	2
6612	5
6613	2
6614	1
6615	2
6616	1
6617	2
6618	2
6619	1
6620	2
6621	1
6622	0
6623	1
6624	2
6625	1
6626	1
6627	0
6628	1
6629	0
6630	1
6631	2
6632	1
6633	0
6634	0
6635	1
6636	1
6637	2
6638	1
6639	1
6640	0
6641	3
6642	1
6643	0
6644	0
6645	3
6646	0
6647	0
6648	1
6649	2
6650	1
6651	2
6652	1
6653	2
6654	1
6655	1
6656	2
6657	0
6658	1
6659	2
6660	2
6661	0
6662	0
6663	1
6664	1
6665	2
6666	2
6667	1
6668	0
6669	0
6670	0
6671	0
6672	2
6673	0
6674	2
6675	1
6676	1
6677	2
6678	1
6679	1
6680	1
6681	3
6682	1
6683	0
6684	2
6685	4
6686	1
6687	1
6688	1
6689	2
6690	2
6691	1
6692	4
6693	1
6694	0
6695	3
6696	1
6697	3
6698	3
6699	0
6700	0
6701	1
6702	0
6703	0
6704	1
6705	1
6706	0
6707	1
6708	0
6709	1
6710	1
6711	1
6712	3
6713	2
6714	1
6715	2
6716	5
6717	3
6718	2
6719	0
6720	1
6721	1
6722	1
6723	0
6724	2
6725	2
6726	2
6727	1
6728	0
6729	1
6730	2
6731	2
6732	0
6733	0
6734	1
6735	2
6736	1
6737	1
6738	4
6739	0
6740	0
6741	2
6742	2
6743	2
6744	1
6745	2
6746	3
6747	3
6748	2
6749	0
6750	2
6751	1
6752	1
6753	0
6754	0
6755	0
6756	1
6757	1
6758	1
6759	0
6760	1
6761	4
6762	3
6763	1
6764	3
6765	0
6766	1
6767	2
6768	0
6769	3
6770	0
6771	0
6772	1
6773	1
6774	0
6775	1
6776	3
6777	1
6778	1
6779	1
6780	0
6781	1
6782	1
6783	2
6784	0
6785	2
6786	0
6787	2
6788	0
6789	0
6790	0
6791	0
6792	1
6793	1
6794	3
6795	4
6796	0
6797	3
6798	1
6799	1
6800	1
6801	1
6802	2
6803	1
6804	1
6805	2
6806	0
6807	3
6808	0
6809	0
6810	0
6811	1
6812	2
6813	1
6814	0
6815	1
6816	3
6817	3
6818	1
6819	3
6820	1
6821	1
6822	1
6823	2
6824	1
6825	0
6826	1
6827	0
6828	1
6829	2
6830	1
6831	0
6832	0
6833	0
6834	0
6835	1
6836	2
6837	1
6838	1
6839	1
6840	1
6841	1
6842	1
6843	2
6844	2
6845	1
6846	2
6847	0
6848	3
6849	1
6850	1
6851	0
6852	2
6853	0
6854	1
6855	2
6856	3
6857	0
6858	0
6859	1
6860	2
6861	0
6862	0
6863	0
6864	0
6865	0
6866	0
6867	0
6868	0
6869	5
6870	1
6871	2
6872	1
6873	2
6874	0
6875	1
6876	2
6877	1
6878	0
6879	1
6880	1
6881	0
6882	1
6883	1
6884	2
6885	0
6886	1
6887	1
6888	0
6889	1
6890	3
6891	0
6892	1
6893	1
6894	4
6895	1
6896	1
6897	2
6898	0
6899	0
6900	0
6901	0
6902	1
6903	1
6904	1
6905	1
6906	2
6907	1
6908	2
6909	2
6910	1
6911	1
6912	1
6913	1
6914	2
6915	3
6916	0
6917	2
6918	3
6919	2
6920	1
6921	0
6922	0
6923	1
6924	1
6925	0
6926	4
6927	0
6928	2
6929	1
6930	2
6931	3
6932	0
6933	1
6934	1
6935	4
6936	1
6937	1
6938	1
6939	2
6940	0
6941	0
6942	0
6943	1
6944	2
6945	3
6946	2
6947	1
6948	1
6949	3
6950	0
6951	2
6952	0
6953	2
6954	0
6955	2
6956	0
6957	2
6958	1
6959	3
6960	1
6961	1
6962	3
6963	1
6964	0
6965	0
6966	0
6967	0
6968	3
6969	4
6970	1
6971	0
6972	2
6973	2
6974	0
6975	2
6976	0
6977	0
6978	1
6979	3
6980	0
6981	2
6982	2
6983	1
6984	1
6985	1
6986	2
6987	1
6988	1
6989	0
6990	2
6991	2
6992	1
6993	0
6994	0
6995	1
6996	1
6997	1
6998	0
6999	0
7000	1
7001	1
7002	1
7003	1
7004	4
7005	1
7006	0
7007	2
7008	2
7009	2
7010	3
7011	0
7012	0
7013	4
7014	2
7015	2
7016	0
7017	2
7018	3
7019	2
7020	1
7021	3
7022	1
7023	5
7024	0
7025	2
7026	0
7027	0
7028	1
7029	1
7030	0
7031	0
7032	0
7033	1
7034	5
7035	1
7036	2
7037	2
7038	0
7039	0
7040	1
7041	1
7042	0
7043	4
7044	3
7045	1
7046	2
7047	1
7048	0
7049	0
7050	1
7051	1
7052	0
7053	1
7054	1
7055	0
7056	2
7057	3
7058	2
7059	1
7060	1
7061	4
7062	2
7063	2
7064	1
7065	6
7066	1
7067	0
7068	2
7069	2
7070	5
7071	1
7072	0
7073	2
7074	1
7075	0
7076	1
7077	1
7078	0
7079	1
7080	1
7081	1
7082	1
7083	0
7084	1
7085	1
7086	2
7087	1
7088	0
7089	2
7090	1
7091	2
7092	2
7093	1
7094	1
7095	1
7096	1
7097	1
7098	3
7099	0
7100	0
7101	1
7102	1
7103	2
7104	0
7105	6
7106	2
7107	3
7108	1
7109	0
7110	0
7111	1
7112	3
7113	0
7114	1
7115	2
7116	0
7117	0
7118	0
7119	2
7120	1
7121	0
7122	0
7123	1
7124	1
7125	0
7126	1
7127	0
7128	2
7129	0
7130	0
7131	2
7132	0
7133	2
7134	2
7135	1
7136	0
7137	4
7138	3
7139	2
7140	0
7141	2
7142	3
7143	1
7144	0
7145	1
7146	0
7147	3
7148	2
7149	1
7150	2
7151	0
7152	2
7153	2
7154	0
7155	1
7156	2
7157	1
7158	2
7159	0
7160	4
7161	1
7162	0
7163	1
7164	0
7165	0
7166	0
7167	1
7168	0
7169	1
7170	0
7171	1
7172	2
7173	2
7174	2
7175	1
7176	0
7177	1
7178	0
7179	3
7180	1
7181	0
7182	2
7183	0
7184	0
7185	0
7186	3
7187	1
7188	0
7189	0
7190	1
7191	0
7192	3
7193	0
7194	1
7195	2
7196	0
7197	1
7198	1
7199	1
7200	2
7201	0
7202	0
7203	2
7204	2
7205	2
7206	1
7207	3
7208	0
7209	1
7210	1
7211	0
7212	0
7213	0
7214	1
7215	1
7216	1
7217	0
7218	1
7219	1
7220	3
7221	2
7222	0
7223	2
7224	0
7225	2
7226	2
7227	2
7228	2
7229	0
7230	0
7231	2
7232	0
7233	4
7234	1
7235	3
7236	2
7237	1
7238	0
7239	0
7240	2
7241	1
7242	0
7243	0
7244	0
7245	0
7246	0
7247	1
7248	3
7249	1
7250	0
7251	0
7252	1
7253	0
7254	0
7255	1
7256	3
7257	0
7258	0
7259	2
7260	0
7261	0
7262	1
7263	0
7264	0
7265	1
7266	0
7267	1
7268	2
7269	0
7270	0
7271	2
7272	0
7273	3
7274	0
7275	0
7276	0
7277	1
7278	3
7279	0
7280	1
7281	1
7282	1
7283	0
7284	3
7285	2
7286	2
7287	2
7288	0
7289	1
7290	1
7291	1
7292	1
7293	4
7294	2
7295	2
7296	1
7297	1
7298	2
7299	1
7300	1
7301	2
7302	1
7303	1
7304	2
7305	2
7306	6
7307	1
7308	1
7309	0
7310	2
7311	3
7312	0
7313	2
7314	0
7315	2
7316	0
7317	1
7318	2
7319	2
7320	1
7321	2
7322	2
7323	1
7324	1
7325	0
7326	3
7327	1
7328	2
7329	1
7330	0
7331	1
7332	3
7333	1
7334	2
7335	1
7336	0
7337	2
7338	0
7339	5
7340	0
7341	0
7342	2
7343	0
7344	1
7345	0
7346	1
7347	1
7348	2
7349	1
7350	3
7351	0
7352	1
7353	1
7354	0
7355	0
7356	2
7357	1
7358	1
7359	1
7360	1
7361	0
7362	0
7363	1
7364	1
7365	1
7366	1
7367	2
7368	1
7369	0
7370	1
7371	3
7372	1
7373	0
7374	1
7375	1
7376	0
7377	0
7378	0
7379	0
7380	0
7381	2
7382	1
7383	0
7384	0
7385	3
7386	1
7387	2
7388	1
7389	1
7390	0
7391	1
7392	1
7393	1
7394	2
7395	2
7396	0
7397	0
7398	2
7399	1
7400	1
7401	0
7402	0
7403	2
7404	0
7405	0
7406	1
7407	1
7408	0
7409	1
7410	2
7411	4
7412	2
7413	2
7414	1
7415	2
7416	0
7417	4
7418	1
7419	0
7420	0
7421	3
7422	1
7423	0
7424	0
7425	2
7426	1
7427	5
7428	2
7429	0
7430	1
7431	3
7432	2
7433	0
7434	0
7435	0
7436	1
7437	1
7438	1
7439	1
7440	3
7441	2
7442	2
7443	2
7444	0
7445	1
7446	0
7447	1
7448	4
7449	1
7450	0
7451	1
7452	0
7453	1
7454	4
7455	2
7456	1
7457	1
7458	3
7459	1
7460	2
7461	1
7462	0
7463	1
7464	1
7465	1
7466	1
7467	0
7468	1
7469	1
7470	4
7471	2
7472	3
7473	0
7474	0
7475	1
7476	1
7477	1
7478	2
7479	2
7480	2
7481	3
7482	2
7483	0
7484	1
7485	1
7486	3
7487	2
7488	1
7489	3
7490	2
7491	2
7492	0
7493	1
7494	0
7495	1
7496	0
7497	1
7498	0
7499	3
7500	0
7501	0
7502	0
7503	1
7504	0
7505	0
7506	0
7507	2
7508	2
7509	3
7510	4
7511	2
7512	1
7513	3
7514	0
7515	1
7516	0
7517	1
7518	2
7519	0
7520	0
7521	1
7522	0
7523	0
7524	0
7525	1
7526	0
7527	2
7528	2
7529	1
7530	2
7531	1
7532	2
7533	1
7534	1
7535	0
7536	4
7537	2
7538	0
7539	2
7540	1
7541	0
7542	0
7543	2
7544	1
7545	2
7546	2
7547	0
7548	2
7549	4
7550	1
7551	4
7552	1
7553	1
7554	1
7555	2
7556	0
7557	1
7558	2
7559	1
7560	1
7561	3
7562	3
7563	1
7564	0
7565	1
7566	1
7567	1
7568	2
7569	1
7570	2
7571	0
7572	0
7573	3
7574	2
7575	2
7576	2
7577	2
7578	1
7579	3
7580	1
7581	0
7582	3
7583	1
7584	1
7585	1
7586	1
7587	0
7588	1
7589	1
7590	3
7591	3
7592	2
7593	1
7594	1
7595	1
7596	2
7597	1
7598	2
7599	0
7600	0
7601	1
7602	1
7603	2
7604	0
7605	3
7606	0
7607	0
7608	2
7609	2
7610	0
7611	2
7612	1
7613	4
7614	1
7615	2
7616	0
7617	3
7618	0
7619	0
7620	4
7621	0
7622	1
7623	1
7624	3
7625	0
7626	2
7627	3
7628	1
7629	1
7630	2
7631	1
7632	2
7633	4
7634	4
7635	0
7636	1
7637	2
7638	1
7639	0
7640	2
7641	0
7642	2
7643	3
7644	5
7645	0
7646	3
7647	0
7648	1
7649	0
7650	3
7651	1
7652	1
7653	0
7654	0
7655	3
7656	1
7657	0
7658	1
7659	3
7660	3
7661	0
7662	0
7663	4
7664	0
7665	3
7666	2
7667	1
7668	1
7669	2
7670	1
7671	3
7672	1
7673	2
7674	0
7675	1
7676	2
7677	1
7678	0
7679	0
7680	2
7681	2
7682	1
7683	2
7684	0
7685	3
7686	1
7687	0
7688	2
7689	0
7690	1
7691	0
7692	2
7693	1
7694	1
7695	2
7696	1
7697	2
7698	2
7699	3
7700	1
7701	3
7702	3
7703	0
7704	3
7705	2
7706	2
7707	1
7708	1
7709	1
7710	2
7711	1
7712	1
7713	3
7714	0
7715	0
7716	2
7717	0
7718	0
7719	2
7720	0
7721	0
7722	0
7723	1
7724	1
7725	1
7726	1
7727	0
7728	2
7729	3
7730	0
7731	1
7732	2
7733	1
7734	2
7735	1
7736	1
7737	1
7738	2
7739	0
7740	0
7741	0
7742	1
7743	2
7744	2
7745	2
7746	0
7747	1
7748	3
7749	0
7750	4
7751	4
7752	2
7753	2
7754	1
7755	2
7756	3
7757	1
7758	1
7759	1
7760	0
7761	0
7762	1
7763	1
7764	2
7765	1
7766	0
7767	2
7768	1
7769	1
7770	2
7771	1
7772	1
7773	0
7774	2
7775	0
7776	3
7777	4
7778	1
7779	1
7780	0
7781	2
7782	1
7783	4
7784	2
7785	0
7786	1
7787	0
7788	2
7789	3
7790	2
7791	2
7792	3
7793	1
7794	2
7795	1
7796	3
7797	0
7798	1
7799	0
7800	1
7801	0
7802	1
7803	2
7804	0
7805	1
7806	2
7807	1
7808	2
7809	0
7810	1
7811	0
7812	0
7813	2
7814	2
7815	1
7816	1
7817	0
7818	0
7819	0
7820	1
7821	1
7822	1
7823	1
7824	0
7825	0
7826	3
7827	2
7828	1
7829	2
7830	0
7831	0
7832	0
7833	2
7834	1
7835	1
7836	1
7837	1
7838	1
7839	1
7840	1
7841	5
7842	2
7843	0
7844	1
7845	2
7846	0
7847	1
7848	0
7849	3
7850	3
7851	4
7852	2
7853	2
7854	1
7855	1
7856	1
7857	4
7858	3
7859	0
7860	2
7861	1
7862	0
7863	0
7864	2
7865	2
7866	1
7867	0
7868	0
7869	1
7870	3
7871	1
7872	5
7873	1
7874	2
7875	2
7876	0
7877	5
7878	0
7879	4
7880	2
7881	1
7882	0
7883	2
7884	0
7885	0
7886	2
7887	0
7888	1
7889	2
7890	5
7891	1
7892	2
7893	1
7894	2
7895	0
7896	2
7897	2
7898	1
7899	0
7900	0
7901	0
7902	0
7903	2
7904	1
7905	0
7906	1
7907	2
7908	1
7909	1
7910	0
7911	3
7912	1
7913	0
7914	1
7915	0
7916	2
7917	1
7918	4
7919	0
7920	0
7921	1
7922	0
7923	0
7924	1
7925	3
7926	0
7927	0
7928	1
7929	1
7930	2
7931	1
7932	2
7933	0
7934	0
7935	3
7936	1
7937	2
7938	3
7939	1
7940	0
7941	0
7942	0
7943	3
7944	1
7945	1
7946	1
7947	0
7948	2
7949	2
7950	0
7951	3
7952	0
7953	0
7954	2
7955	3
7956	3
7957	3
7958	1
7959	0
7960	2
7961	0
7962	0
7963	1
7964	0
7965	0
7966	4
7967	2
7968	1
7969	1
7970	1
7971	3
7972	0
7973	4
7974	2
7975	1
7976	1
7977	2
7978	1
7979	1
7980	2
7981	0
7982	4
7983	0
7984	1
7985	1
7986	1
7987	0
7988	3
7989	3
7990	0
7991	1
7992	2
7993	1
7994	2
7995	1
7996	1
7997	0
7998	0
7999	1
8000	1
8001	2
8002	1
8003	0
8004	0
8005	0
8006	0
8007	3
8008	0
8009	1
8010	1
8011	1
8012	0
8013	5
8014	3
8015	1
8016	0
8017	0
8018	0
8019	0
8020	1
8021	1
8022	1
8023	3
8024	1
8025	1
8026	6
8027	1
8028	2
8029	1
8030	2
8031	0
8032	0
8033	0
8034	1
8035	1
8036	1
8037	1
8038	1
8039	2
8040	1
8041	3
8042	0
8043	2
8044	2
8045	1
8046	0
8047	1
8048	2
8049	1
8050	2
8051	0
8052	1
8053	1
8054	2
8055	1
8056	2
8057	1
8058	2
8059	1
8060	2
8061	0
8062	2
8063	2
8064	0
8065	1
8066	0
8067	1
8068	2
8069	3
8070	0
8071	0
8072	1
8073	3
8074	2
8075	0
8076	1
8077	1
8078	0
8079	0
8080	1
8081	0
8082	4
8083	2
8084	1
8085	1
8086	2
8087	2
8088	2
8089	0
8090	1
8091	2
8092	3
8093	1
8094	1
8095	1
8096	2
8097	2
8098	0
8099	3
8100	0
8101	1
8102	0
8103	1
8104	4
8105	0
8106	1
8107	2
8108	2
8109	2
8110	1
8111	1
8112	1
8113	0
8114	2
8115	3
8116	0
8117	1
8118	1
8119	3
8120	1
8121	2
8122	0
8123	0
8124	0
8125	2
8126	1
8127	0
8128	1
8129	1
8130	0
8131	2
8132	2
8133	1
8134	1
8135	0
8136	3
8137	0
8138	0
8139	1
8140	2
8141	2
8142	2
8143	0
8144	0
8145	1
8146	0
8147	0
8148	1
8149	0
8150	3
8151	2
8152	1
8153	5
8154	3
8155	1
8156	0
8157	1
8158	2
8159	1
8160	2
8161	2
8162	0
8163	1
8164	1
8165	0
8166	2
8167	0
8168	1
8169	1
8170	1
8171	3
8172	1
8173	2
8174	3
8175	2
8176	1
8177	2
8178	1
8179	0
8180	1
8181	1
8182	1
8183	1
8184	1
8185	2
8186	2
8187	3
8188	1
8189	2
8190	2
8191	2
8192	0