1	2
1	5
2	4
3	2
4	6
5	5
6	4
7	6
8	7
9	11
10	6
11	4
12	1
13	5
14	7
15	6
16	7
17	3
18	2
19	5
20	10
21	4
22	6
23	7
24	3
25	3
26	4
27	6
28	4
29	4
30	6
31	9
32	3
33	4
34	3
35	5
36	5
37	5
38	8
39	6
40	2
41	8
42	2
43	3
44	3
45	6
46	3
47	3
48	6
49	2
50	6
51	3
52	5
53	5
54	6
55	5
56	8
57	3
58	6
59	2
60	4
61	8
62	3
63	4
64	7
65	7
66	4
67	5
68	3
69	7
70	2
71	8
72	4
73	6
74	2
75	4
76	3
77	2
78	6
79	5
80	7
81	1
82	6
83	5
84	3
85	5
86	3
87	7
88	6
89	3
90	2
91	5
92	5
93	7
94	11
95	6
96	1
97	6
98	2
99	0
100	3
101	7
102	3
103	4
104	7
105	6
106	7
107	6
108	2
109	1
110	7
111	4
112	1
113	4
114	7
115	9
116	3
117	3
118	8
119	7
120	10
121	7
122	8
123	6
124	4
125	3
126	7
127	7
128	5
129	5
130	5
131	6
132	5
133	5
134	3
135	4
136	8
137	7
138	4
139	3
140	3
141	6
142	2
143	5
144	7
145	5
146	6
147	3
148	4
149	4
150	4
151	9
152	3
153	4
154	5
155	7
156	5
157	7
158	5
159	5
160	4
161	1
162	3
163	3
164	6
165	3
166	5
167	4
168	4
169	3
170	6
171	5
172	5
173	6
174	8
175	5
176	4
177	3
178	4
179	6
180	3
181	9
182	8
183	8
184	2
185	2
186	4
187	8
188	2
189	7
190	6
191	3
192	5
193	2
194	7
195	4
196	7
197	4
198	4
199	5
200	5
201	4
202	5
203	5
204	5
205	5
206	3
207	4
208	8
209	8
210	5
211	4
212	6
213	1
214	7
215	6
216	3
217	1
218	3
219	6
220	6
221	4
222	7
223	5
224	7
225	4
226	6
227	8
228	8
229	4
230	6
231	6
232	4
233	4
234	6
235	5
236	2
237	7
238	5
239	1
240	5
241	6
242	6
243	5
244	3
245	4
246	1
247	6
248	4
249	8
250	8
251	3
252	5
253	9
254	6
255	2
256	5
257	4
258	6
259	6
260	3
261	5
262	7
263	2
264	6
265	4
266	1
267	4
268	3
269	5
270	6
271	4
272	3
273	7
274	3
275	8
276	6
277	5
278	7
279	6
280	5
281	5
282	2
283	4
284	7
285	6
286	3
287	5
288	7
289	3
290	6
291	7
292	4
293	6
294	3
295	3
296	5
297	9
298	4
299	6
300	6
301	4
302	5
303	7
304	4
305	4
306	5
307	2
308	6
309	4
310	7
311	4
312	7
313	7
314	7
315	8
316	4
317	6
318	4
319	5
320	2
321	3
322	4
323	5
324	3
325	7
326	4
327	14
328	5
329	4
330	5
331	3
332	2
333	6
334	8
335	5
336	5
337	5
338	7
339	4
340	4
341	4
342	6
343	6
344	4
345	9
346	4
347	6
348	5
349	6
350	2
351	2
352	8
353	4
354	4
355	2
356	3
357	10
358	3
359	8
360	5
361	5
362	2
363	7
364	5
365	4
366	3
367	8
368	4
369	5
370	4
371	6
372	6
373	5
374	6
375	5
376	3
377	10
378	4
379	2
380	4
381	5
382	5
383	6
384	3
385	3
386	9
387	8
388	5
389	1
390	11
391	1
392	5
393	5
394	10
395	5
396	4
397	4
398	4
399	4
400	2
401	3
402	3
403	6
404	1
405	2
406	6
407	8
408	8
409	3
410	11
411	2
412	7
413	4
414	6
415	3
416	3
417	4
418	4
419	6
420	7
421	8
422	8
423	7
424	4
425	7
426	10
427	7
428	4
429	4
430	7
431	6
432	4
433	5
434	2
435	5
436	3
437	7
438	5
439	7
440	9
441	8
442	3
443	1
444	6
445	4
446	5
447	7
448	7
449	1
450	4
451	5
452	4
453	3
454	5
455	6
456	9
457	4
458	2
459	4
460	5
461	9
462	3
463	5
464	4
465	5
466	6
467	8
468	3
469	5
470	5
471	3
472	6
473	6
474	4
475	6
476	7
477	5
478	4
479	3
480	4
481	4
482	3
483	6
484	8
485	3
486	2
487	4
488	7
489	5
490	6
491	5
492	5
493	5
494	6
495	3
496	4
497	8
498	6
499	3
500	4
501	5
502	3
503	3
504	5
505	8
506	7
507	4
508	4
509	7
510	6
511	3
512	4
513	6
514	9
515	4
516	1
517	4
518	2
519	7
520	7
521	6
522	3
523	7
524	5
525	6
526	6
527	4
528	2
529	4
530	2
531	6
532	2
533	4
534	3
535	4
536	5
537	8
538	6
539	4
540	2
541	6
542	6
543	3
544	6
545	6
546	7
547	7
548	8
549	5
550	5
551	5
552	7
553	2
554	4
555	6
556	3
557	2
558	4
559	4
560	5
561	6
562	4
563	6
564	7
565	4
566	7
567	5
568	2
569	3
570	3
571	3
572	2
573	8
574	4
575	4
576	6
577	4
578	6
579	5
580	4
581	5
582	3
583	3
584	7
585	7
586	8
587	5
588	5
589	3
590	4
591	5
592	3
593	3
594	4
595	7
596	5
597	1
598	6
599	2
600	3
601	6
602	6
603	5
604	4
605	5
606	4
607	9
608	4
609	3
610	6
611	7
612	6
613	2
614	2
615	3
616	2
617	4
618	4
619	4
620	2
621	3
622	2
623	6
624	5
625	4
626	4
627	1
628	5
629	4
630	7
631	6
632	6
633	7
634	1
635	1
636	3
637	1
638	2
639	5
640	4
641	2
642	7
643	4
644	8
645	11
646	9
647	6
648	2
649	2
650	7
651	5
652	5
653	4
654	4
655	4
656	6
657	2
658	5
659	5
660	6
661	2
662	4
663	5
664	9
665	2
666	6
667	4
668	7
669	4
670	4
671	8
672	8
673	7
674	3
675	6
676	4
677	5
678	3
679	8
680	12
681	5
682	3
683	2
684	8
685	6
686	6
687	8
688	6
689	5
690	3
691	4
692	3
693	7
694	4
695	8
696	4
697	9
698	6
699	7
700	3
701	2
702	3
703	8
704	5
705	7
706	2
707	7
708	5
709	11
710	4
711	4
712	3
713	3
714	7
715	6
716	7
717	5
718	2
719	3
720	4
721	5
722	4
723	8
724	5
725	2
726	6
727	3
728	3
729	7
730	4
731	6
732	4
733	5
734	4
735	4
736	3
737	10
738	6
739	4
740	4
741	5
742	8
743	2
744	12
745	7
746	6
747	4
748	7
749	3
750	3
751	4
752	4
753	3
754	8
755	3
756	6
757	6
758	5
759	1
760	4
761	4
762	2
763	6
764	5
765	3
766	4
767	7
768	7
769	5
770	2
771	4
772	6
773	3
774	2
775	8
776	4
777	5
778	4
779	3
780	10
781	6
782	5
783	7
784	4
785	5
786	6
787	5
788	8
789	3
790	6
791	2
792	6
793	6
794	3
795	4
796	7
797	6
798	2
799	5
800	5
801	4
802	4
803	6
804	5
805	7
806	4
807	7
808	6
809	7
810	6
811	8
812	6
813	4
814	15
815	6
816	10
817	6
818	8
819	5
820	7
821	5
822	5
823	4
824	9
825	3
826	12
827	4
828	8
829	10
830	17
831	9
832	16
833	12
834	17
835	11
836	11
837	18
838	22
839	20
840	8
841	15
842	21
843	13
844	23
845	20
846	19
847	22
848	21
849	22
850	20
851	17
852	26
853	28
854	28
855	31
856	29
857	42
858	35
859	31
860	54
861	44
862	35
863	48
864	51
865	45
866	55
867	56
868	59
869	68
870	66
871	95
872	79
873	72
874	89
875	99
876	94
877	92
878	103
879	104
880	109
881	115
882	136
883	140
884	172
885	126
886	167
887	167
888	159
889	178
890	213
891	203
892	224
893	211
894	222
895	254
896	249
897	296
898	297
899	290
900	295
901	324
902	351
903	372
904	358
905	396
906	389
907	414
908	414
909	443
910	435
911	493
912	512
913	517
914	546
915	570
916	563
917	621
918	676
919	710
920	683
921	736
922	731
923	748
924	789
925	873
926	865
927	944
928	932
929	967
930	1040
931	1037
932	1064
933	1058
934	1172
935	1162
936	1254
937	1291
938	1367
939	1340
940	1406
941	1429
942	1529
943	1576
944	1591
945	1595
946	1653
947	1758
948	1774
949	1834
950	1923
951	1904
952	1956
953	1969
954	2167
955	2131
956	2163
957	2090
958	2288
959	2324
960	2428
961	2399
962	2498
963	2490
964	2584
965	2678
966	2740
967	2899
968	2947
969	2982
970	3016
971	2967
972	3075
973	3236
974	3223
975	3311
976	3343
977	3495
978	3509
979	3539
980	3599
981	3642
982	3703
983	3791
984	3853
985	3929
986	3916
987	4031
988	4177
989	4243
990	4150
991	4250
992	4285
993	4349
994	4493
995	4528
996	4528
997	4552
998	4648
999	4601
1000	4709
1001	4709
1002	4787
1003	4902
1004	5001
1005	4878
1006	4955
1007	5069
1008	4997
1009	5084
1010	5150
1011	5226
1012	5133
1013	5202
1014	5331
1015	5360
1016	5164
1017	5373
1018	5371
1019	5424
1020	5335
1021	5333
1022	5424
1023	5572
1024	5624
1025	5627
1026	5394
1027	5513
1028	5609
1029	5475
1030	5732
1031	5538
1032	5537
1033	5692
1034	5500
1035	5626
1036	5578
1037	5406
1038	5585
1039	5431
1040	5629
1041	5533
1042	5416
1043	5610
1044	5490
1045	5522
1046	5665
1047	5415
1048	5633
1049	5453
1050	5406
1051	5500
1052	5410
1053	5407
1054	5249
1055	5245
1056	5252
1057	5335
1058	5176
1059	5194
1060	4989
1061	5123
1062	5037
1063	5046
1064	4988
1065	5034
1066	4862
1067	4834
1068	4827
1069	4676
1070	4691
1071	4879
1072	4759
1073	4634
1074	4584
1075	4523
1076	4574
1077	4487
1078	4346
1079	4484
1080	4271
1081	4235
1082	4193
1083	4210
1084	4062
1085	4101
1086	4001
1087	3878
1088	3809
1089	3825
1090	3866
1091	3745
1092	3878
1093	3602
1094	3634
1095	3587
1096	3537
1097	3428
1098	3498
1099	3450
1100	3146
1101	3326
1102	3330
1103	3157
1104	3110
1105	3043
1106	3103
1107	2820
1108	2934
1109	2884
1110	2881
1111	2832
1112	2824
1113	2781
1114	2664
1115	2656
1116	2719
1117	2487
1118	2503
1119	2428
1120	2462
1121	2340
1122	2308
1123	2409
1124	2275
1125	2227
1126	2246
1127	2245
1128	2097
1129	2058
1130	2145
1131	2010
1132	2045
1133	1855
1134	1885
1135	1919
1136	1905
1137	1796
1138	1704
1139	1739
1140	1663
1141	1707
1142	1752
1143	1600
1144	1664
1145	1543
1146	1608
1147	1515
1148	1408
1149	1463
1150	1502
1151	1382
1152	1429
1153	1307
1154	1309
1155	1324
1156	1286
1157	1292
1158	1228
1159	1208
1160	1184
1161	1144
1162	1178
1163	1132
1164	1187
1165	1148
1166	1053
1167	1032
1168	983
1169	991
1170	954
1171	1022
1172	909
1173	951
1174	913
1175	866
1176	861
1177	853
1178	832
1179	807
1180	811
1181	810
1182	816
1183	817
1184	775
1185	770
1186	759
1187	703
1188	711
1189	737
1190	651
1191	667
1192	678
1193	617
1194	640
1195	659
1196	565
1197	651
1198	620
1199	568
1200	555
1201	588
1202	544
1203	508
1204	496
1205	475
1206	507
1207	495
1208	488
1209	440
1210	509
1211	460
1212	467
1213	410
1214	478
1215	435
1216	409
1217	401
1218	389
1219	377
1220	393
1221	404
1222	396
1223	420
1224	388
1225	338
1226	356
1227	328
1228	354
1229	325
1230	358
1231	317
1232	303
1233	314
1234	296
1235	299
1236	321
1237	297
1238	261
1239	255
1240	250
1241	253
1242	263
1243	241
1244	265
1245	215
1246	258
1247	251
1248	235
1249	221
1250	206
1251	253
1252	222
1253	219
1254	193
1255	188
1256	190
1257	201
1258	180
1259	204
1260	177
1261	186
1262	166
1263	169
1264	182
1265	171
1266	192
1267	166
1268	169
1269	182
1270	161
1271	152
1272	183
1273	167
1274	144
1275	163
1276	148
1277	151
1278	127
1279	154
1280	153
1281	166
1282	145
1283	149
1284	124
1285	115
1286	135
1287	107
1288	115
1289	102
1290	107
1291	113
1292	106
1293	114
1294	115
1295	95
1296	107
1297	98
1298	85
1299	100
1300	91
1301	79
1302	96
1303	79
1304	110
1305	80
1306	90
1307	81
1308	82
1309	79
1310	69
1311	75
1312	68
1313	89
1314	71
1315	83
1316	61
1317	78
1318	51
1319	79
1320	66
1321	65
1322	55
1323	75
1324	64
1325	65
1326	63
1327	55
1328	61
1329	50
1330	61
1331	52
1332	59
1333	48
1334	55
1335	49
1336	45
1337	53
1338	52
1339	44
1340	49
1341	49
1342	52
1343	47
1344	48
1345	52
1346	40
1347	34
1348	44
1349	43
1350	48
1351	51
1352	44
1353	37
1354	38
1355	38
1356	39
1357	49
1358	35
1359	33
1360	48
1361	32
1362	33
1363	33
1364	38
1365	36
1366	27
1367	43
1368	31
1369	32
1370	31
1371	28
1372	30
1373	35
1374	28
1375	34
1376	25
1377	32
1378	23
1379	16
1380	26
1381	30
1382	26
1383	28
1384	20
1385	27
1386	37
1387	23
1388	22
1389	20
1390	29
1391	26
1392	21
1393	25
1394	21
1395	18
1396	22
1397	23
1398	14
1399	24
1400	13
1401	21
1402	16
1403	28
1404	24
1405	20
1406	26
1407	22
1408	15
1409	20
1410	20
1411	15
1412	11
1413	20
1414	18
1415	23
1416	15
1417	17
1418	20
1419	19
1420	10
1421	16
1422	15
1423	15
1424	14
1425	17
1426	13
1427	10
1428	12
1429	12
1430	10
1431	13
1432	18
1433	14
1434	20
1435	15
1436	19
1437	18
1438	8
1439	17
1440	17
1441	14
1442	14
1443	14
1444	19
1445	7
1446	14
1447	9
1448	13
1449	7
1450	11
1451	13
1452	14
1453	12
1454	18
1455	9
1456	13
1457	7
1458	15
1459	9
1460	13
1461	9
1462	15
1463	14
1464	7
1465	12
1466	6
1467	12
1468	9
1469	19
1470	15
1471	7
1472	8
1473	7
1474	5
1475	8
1476	14
1477	5
1478	9
1479	8
1480	7
1481	8
1482	17
1483	6
1484	6
1485	8
1486	2
1487	8
1488	6
1489	15
1490	11
1491	14
1492	5
1493	14
1494	8
1495	6
1496	3
1497	10
1498	8
1499	3
1500	9
1501	4
1502	8
1503	12
1504	6
1505	7
1506	3
1507	10
1508	7
1509	7
1510	8
1511	7
1512	7
1513	6
1514	6
1515	4
1516	7
1517	12
1518	6
1519	8
1520	6
1521	8
1522	8
1523	7
1524	10
1525	7
1526	5
1527	8
1528	9
1529	9
1530	6
1531	12
1532	11
1533	5
1534	10
1535	8
1536	6
1537	1
1538	4
1539	8
1540	8
1541	7
1542	4
1543	6
1544	7
1545	11
1546	9
1547	3
1548	4
1549	7
1550	5
1551	2
1552	5
1553	7
1554	9
1555	9
1556	1
1557	5
1558	6
1559	5
1560	4
1561	1
1562	5
1563	4
1564	8
1565	4
1566	8
1567	5
1568	7
1569	9
1570	5
1571	6
1572	5
1573	3
1574	4
1575	9
1576	5
1577	5
1578	11
1579	10
1580	3
1581	3
1582	2
1583	2
1584	5
1585	6
1586	6
1587	5
1588	3
1589	3
1590	7
1591	5
1592	9
1593	6
1594	8
1595	5
1596	0
1597	5
1598	6
1599	9
1600	4
1601	2
1602	7
1603	5
1604	7
1605	1
1606	6
1607	6
1608	7
1609	8
1610	6
1611	2
1612	2
1613	7
1614	5
1615	6
1616	7
1617	4
1618	5
1619	2
1620	6
1621	4
1622	1
1623	9
1624	3
1625	6
1626	3
1627	5
1628	2
1629	7
1630	8
1631	4
1632	2
1633	2
1634	2
1635	8
1636	4
1637	5
1638	6
1639	5
1640	4
1641	1
1642	6
1643	8
1644	4
1645	4
1646	8
1647	8
1648	2
1649	2
1650	6
1651	3
1652	5
1653	6
1654	4
1655	6
1656	5
1657	5
1658	7
1659	7
1660	8
1661	4
1662	4
1663	6
1664	2
1665	4
1666	4
1667	6
1668	4
1669	4
1670	3
1671	10
1672	3
1673	9
1674	10
1675	8
1676	4
1677	3
1678	3
1679	6
1680	4
1681	3
1682	4
1683	4
1684	8
1685	7
1686	6
1687	2
1688	5
1689	7
1690	8
1691	6
1692	9
1693	8
1694	2
1695	5
1696	6
1697	10
1698	5
1699	2
1700	1
1701	3
1702	5
1703	2
1704	5
1705	7
1706	6
1707	7
1708	4
1709	5
1710	3
1711	2
1712	9
1713	5
1714	8
1715	5
1716	4
1717	5
1718	6
1719	10
1720	5
1721	9
1722	12
1723	3
1724	9
1725	9
1726	8
1727	5
1728	3
1729	3
1730	6
1731	8
1732	5
1733	4
1734	5
1735	3
1736	2
1737	6
1738	3
1739	6
1740	4
1741	10
1742	4
1743	2
1744	9
1745	7
1746	4
1747	4
1748	6
1749	2
1750	3
1751	9
1752	3
1753	4
1754	9
1755	5
1756	7
1757	8
1758	3
1759	7
1760	4
1761	6
1762	2
1763	6
1764	7
1765	9
1766	5
1767	5
1768	8
1769	6
1770	9
1771	3
1772	4
1773	9
1774	5
1775	5
1776	3
1777	4
1778	1
1779	6
1780	4
1781	0
1782	9
1783	2
1784	6
1785	7
1786	8
1787	2
1788	10
1789	5
1790	4
1791	6
1792	5
1793	5
1794	6
1795	8
1796	2
1797	3
1798	3
1799	5
1800	8
1801	2
1802	3
1803	2
1804	3
1805	2
1806	4
1807	5
1808	5
1809	8
1810	2
1811	5
1812	9
1813	5
1814	3
1815	6
1816	7
1817	3
1818	4
1819	8
1820	9
1821	5
1822	7
1823	3
1824	6
1825	2
1826	8
1827	5
1828	3
1829	6
1830	4
1831	2
1832	4
1833	5
1834	8
1835	7
1836	5
1837	5
1838	7
1839	6
1840	8
1841	4
1842	2
1843	7
1844	7
1845	10
1846	3
1847	10
1848	5
1849	3
1850	4
1851	4
1852	4
1853	5
1854	5
1855	3
1856	4
1857	7
1858	3
1859	6
1860	5
1861	11
1862	5
1863	5
1864	5
1865	3
1866	3
1867	3
1868	4
1869	6
1870	4
1871	5
1872	12
1873	6
1874	1
1875	6
1876	6
1877	3
1878	4
1879	5
1880	6
1881	3
1882	5
1883	4
1884	4
1885	7
1886	6
1887	3
1888	5
1889	3
1890	6
1891	6
1892	6
1893	7
1894	5
1895	9
1896	3
1897	7
1898	5
1899	4
1900	4
1901	5
1902	5
1903	8
1904	8
1905	3
1906	3
1907	9
1908	4
1909	5
1910	3
1911	12
1912	4
1913	7
1914	5
1915	4
1916	7
1917	4
1918	2
1919	2
1920	6
1921	8
1922	7
1923	6
1924	2
1925	6
1926	2
1927	2
1928	8
1929	4
1930	4
1931	3
1932	5
1933	6
1934	4
1935	10
1936	11
1937	5
1938	4
1939	8
1940	6
1941	2
1942	3
1943	1
1944	6
1945	2
1946	2
1947	4
1948	4
1949	2
1950	1
1951	3
1952	5
1953	2
1954	4
1955	2
1956	3
1957	8
1958	4
1959	4
1960	3
1961	8
1962	4
1963	2
1964	5
1965	4
1966	3
1967	2
1968	2
1969	5
1970	8
1971	6
1972	11
1973	7
1974	7
1975	5
1976	5
1977	4
1978	5
1979	6
1980	2
1981	3
1982	10
1983	4
1984	6
1985	3
1986	4
1987	3
1988	6
1989	3
1990	3
1991	7
1992	7
1993	1
1994	4
1995	2
1996	3
1997	4
1998	9
1999	7
2000	5
2001	8
2002	4
2003	3
2004	8
2005	6
2006	8
2007	6
2008	3
2009	6
2010	2
2011	5
2012	4
2013	6
2014	7
2015	7
2016	5
2017	9
2018	4
2019	3
2020	7
2021	3
2022	8
2023	3
2024	6
2025	8
2026	0
2027	5
2028	7
2029	4
2030	5
2031	4
2032	5
2033	5
2034	6
2035	4
2036	4
2037	5
2038	6
2039	6
2040	5
2041	6
2042	7
2043	4
2044	4
2045	6
2046	4
2047	6
2048	2
2049	4
2050	4
2051	5
2052	3
2053	4
2054	6
2055	4
2056	7
2057	7
2058	8
2059	4
2060	9
2061	5
2062	4
2063	5
2064	4
2065	4
2066	6
2067	6
2068	4
2069	5
2070	3
2071	6
2072	2
2073	9
2074	7
2075	5
2076	9
2077	3
2078	8
2079	5
2080	4
2081	8
2082	4
2083	6
2084	5
2085	3
2086	4
2087	5
2088	9
2089	7
2090	2
2091	2
2092	3
2093	7
2094	1
2095	9
2096	1
2097	5
2098	3
2099	2
2100	7
2101	6
2102	4
2103	2
2104	9
2105	10
2106	5
2107	5
2108	8
2109	4
2110	5
2111	3
2112	7
2113	6
2114	7
2115	4
2116	8
2117	3
2118	6
2119	3
2120	6
2121	4
2122	6
2123	4
2124	11
2125	4
2126	4
2127	7
2128	5
2129	5
2130	6
2131	7
2132	5
2133	5
2134	4
2135	3
2136	4
2137	4
2138	11
2139	6
2140	3
2141	5
2142	2
2143	5
2144	3
2145	3
2146	4
2147	3
2148	3
2149	3
2150	1
2151	8
2152	1
2153	6
2154	4
2155	3
2156	6
2157	3
2158	3
2159	7
2160	4
2161	4
2162	4
2163	1
2164	5
2165	6
2166	7
2167	1
2168	7
2169	1
2170	4
2171	3
2172	7
2173	3
2174	4
2175	7
2176	1
2177	5
2178	4
2179	3
2180	5
2181	7
2182	6
2183	3
2184	7
2185	5
2186	3
2187	5
2188	4
2189	6
2190	8
2191	4
2192	9
2193	4
2194	7
2195	5
2196	5
2197	4
2198	4
2199	2
2200	1
2201	3
2202	6
2203	7
2204	6
2205	6
2206	2
2207	11
2208	7
2209	10
2210	3
2211	3
2212	5
2213	7
2214	4
2215	3
2216	5
2217	7
2218	5
2219	3
2220	2
2221	4
2222	3
2223	5
2224	7
2225	7
2226	2
2227	3
2228	9
2229	6
2230	4
2231	10
2232	8
2233	5
2234	3
2235	6
2236	3
2237	2
2238	6
2239	5
2240	3
2241	1
2242	7
2243	6
2244	3
2245	10
2246	7
2247	4
2248	6
2249	6
2250	5
2251	7
2252	9
2253	6
2254	8
2255	4
2256	3
2257	4
2258	8
2259	10
2260	2
2261	2
2262	6
2263	5
2264	5
2265	2
2266	6
2267	4
2268	4
2269	8
2270	3
2271	2
2272	6
2273	5
2274	5
2275	3
2276	9
2277	3
2278	2
2279	6
2280	4
2281	2
2282	5
2283	4
2284	6
2285	8
2286	4
2287	6
2288	7
2289	2
2290	6
2291	7
2292	6
2293	7
2294	1
2295	3
2296	5
2297	7
2298	6
2299	4
2300	1
2301	3
2302	5
2303	6
2304	4
2305	5
2306	4
2307	3
2308	6
2309	8
2310	7
2311	4
2312	6
2313	4
2314	4
2315	4
2316	5
2317	6
2318	4
2319	2
2320	2
2321	8
2322	3
2323	6
2324	3
2325	4
2326	5
2327	5
2328	4
2329	1
2330	10
2331	4
2332	6
2333	8
2334	3
2335	8
2336	5
2337	2
2338	4
2339	5
2340	3
2341	5
2342	1
2343	3
2344	6
2345	1
2346	5
2347	6
2348	2
2349	2
2350	5
2351	3
2352	3
2353	4
2354	2
2355	3
2356	4
2357	6
2358	3
2359	5
2360	3
2361	9
2362	5
2363	5
2364	2
2365	5
2366	5
2367	7
2368	5
2369	3
2370	5
2371	0
2372	2
2373	4
2374	7
2375	4
2376	5
2377	3
2378	6
2379	1
2380	7
2381	8
2382	2
2383	4
2384	3
2385	5
2386	4
2387	1
2388	4
2389	6
2390	4
2391	2
2392	6
2393	1
2394	5
2395	2
2396	1
2397	7
2398	5
2399	5
2400	3
2401	3
2402	11
2403	5
2404	2
2405	5
2406	3
2407	6
2408	2
2409	6
2410	6
2411	9
2412	5
2413	4
2414	3
2415	4
2416	2
2417	6
2418	7
2419	8
2420	7
2421	7
2422	4
2423	7
2424	4
2425	5
2426	6
2427	3
2428	4
2429	2
2430	5
2431	2
2432	9
2433	4
2434	8
2435	4
2436	5
2437	5
2438	6
2439	1
2440	5
2441	8
2442	10
2443	2
2444	8
2445	3
2446	5
2447	3
2448	5
2449	4
2450	6
2451	5
2452	8
2453	3
2454	2
2455	6
2456	2
2457	5
2458	5
2459	5
2460	5
2461	7
2462	4
2463	10
2464	4
2465	5
2466	6
2467	2
2468	1
2469	3
2470	6
2471	5
2472	7
2473	8
2474	4
2475	6
2476	2
2477	6
2478	6
2479	4
2480	8
2481	7
2482	5
2483	5
2484	4
2485	4
2486	4
2487	8
2488	1
2489	2
2490	7
2491	2
2492	7
2493	3
2494	5
2495	6
2496	5
2497	5
2498	8
2499	9
2500	6
2501	5
2502	5
2503	10
2504	1
2505	7
2506	7
2507	6
2508	9
2509	5
2510	4
2511	3
2512	5
2513	5
2514	10
2515	4
2516	5
2517	2
2518	3
2519	4
2520	4
2521	5
2522	6
2523	6
2524	5
2525	9
2526	2
2527	6
2528	9
2529	5
2530	9
2531	4
2532	3
2533	6
2534	11
2535	3
2536	7
2537	8
2538	2
2539	3
2540	7
2541	1
2542	6
2543	4
2544	4
2545	2
2546	3
2547	9
2548	8
2549	6
2550	4
2551	3
2552	3
2553	4
2554	5
2555	1
2556	3
2557	5
2558	5
2559	6
2560	7
2561	3
2562	5
2563	5
2564	2
2565	8
2566	5
2567	3
2568	1
2569	4
2570	3
2571	2
2572	1
2573	1
2574	4
2575	6
2576	4
2577	0
2578	6
2579	4
2580	6
2581	8
2582	3
2583	4
2584	2
2585	6
2586	5
2587	4
2588	6
2589	4
2590	2
2591	3
2592	6
2593	5
2594	7
2595	5
2596	6
2597	4
2598	4
2599	8
2600	9
2601	4
2602	7
2603	6
2604	4
2605	5
2606	3
2607	3
2608	6
2609	4
2610	5
2611	5
2612	5
2613	2
2614	6
2615	8
2616	5
2617	3
2618	4
2619	2
2620	4
2621	4
2622	6
2623	1
2624	8
2625	4
2626	4
2627	2
2628	4
2629	4
2630	5
2631	2
2632	2
2633	11
2634	10
2635	0
2636	0
2637	5
2638	11
2639	7
2640	4
2641	7
2642	3
2643	8
2644	5
2645	6
2646	6
2647	4
2648	3
2649	2
2650	2
2651	5
2652	5
2653	4
2654	7
2655	4
2656	6
2657	6
2658	4
2659	4
2660	7
2661	5
2662	5
2663	7
2664	4
2665	3
2666	1
2667	3
2668	5
2669	4
2670	1
2671	3
2672	0
2673	5
2674	9
2675	3
2676	4
2677	2
2678	3
2679	6
2680	6
2681	3
2682	4
2683	4
2684	3
2685	11
2686	2
2687	2
2688	4
2689	6
2690	5
2691	4
2692	5
2693	5
2694	2
2695	5
2696	5
2697	1
2698	3
2699	3
2700	4
2701	6
2702	8
2703	4
2704	4
2705	7
2706	4
2707	5
2708	4
2709	6
2710	2
2711	3
2712	2
2713	3
2714	6
2715	5
2716	4
2717	6
2718	5
2719	6
2720	6
2721	4
2722	9
2723	5
2724	8
2725	3
2726	4
2727	4
2728	4
2729	4
2730	6
2731	4
2732	6
2733	4
2734	3
2735	4
2736	3
2737	6
2738	6
2739	6
2740	5
2741	5
2742	5
2743	7
2744	3
2745	3
2746	2
2747	2
2748	6
2749	7
2750	6
2751	0
2752	3
2753	6
2754	9
2755	5
2756	1
2757	9
2758	5
2759	6
2760	6
2761	1
2762	9
2763	8
2764	6
2765	3
2766	4
2767	5
2768	2
2769	7
2770	6
2771	10
2772	3
2773	6
2774	3
2775	5
2776	2
2777	4
2778	4
2779	1
2780	4
2781	12
2782	5
2783	1
2784	4
2785	4
2786	5
2787	7
2788	2
2789	2
2790	7
2791	1
2792	3
2793	5
2794	10
2795	5
2796	7
2797	10
2798	5
2799	7
2800	10
2801	3
2802	6
2803	4
2804	6
2805	5
2806	6
2807	3
2808	7
2809	8
2810	4
2811	10
2812	4
2813	2
2814	6
2815	6
2816	5
2817	3
2818	3
2819	10
2820	4
2821	1
2822	4
2823	3
2824	4
2825	3
2826	7
2827	4
2828	4
2829	5
2830	2
2831	6
2832	5
2833	7
2834	3
2835	3
2836	3
2837	5
2838	6
2839	6
2840	5
2841	5
2842	7
2843	2
2844	7
2845	3
2846	4
2847	5
2848	2
2849	3
2850	7
2851	3
2852	3
2853	7
2854	6
2855	2
2856	5
2857	2
2858	4
2859	6
2860	4
2861	4
2862	3
2863	6
2864	6
2865	3
2866	3
2867	6
2868	5
2869	6
2870	4
2871	6
2872	9
2873	6
2874	3
2875	3
2876	9
2877	4
2878	4
2879	6
2880	7
2881	3
2882	4
2883	4
2884	5
2885	3
2886	4
2887	8
2888	3
2889	5
2890	8
2891	2
2892	5
2893	2
2894	0
2895	5
2896	4
2897	4
2898	8
2899	5
2900	6
2901	4
2902	3
2903	5
2904	2
2905	7
2906	5
2907	3
2908	5
2909	5
2910	3
2911	5
2912	6
2913	1
2914	3
2915	7
2916	5
2917	4
2918	2
2919	7
2920	5
2921	5
2922	1
2923	4
2924	7
2925	10
2926	5
2927	1
2928	7
2929	9
2930	5
2931	7
2932	8
2933	6
2934	4
2935	5
2936	4
2937	3
2938	4
2939	5
2940	0
2941	2
2942	5
2943	5
2944	7
2945	7
2946	3
2947	9
2948	1
2949	5
2950	7
2951	3
2952	6
2953	5
2954	2
2955	5
2956	5
2957	8
2958	8
2959	5
2960	8
2961	5
2962	6
2963	2
2964	4
2965	1
2966	2
2967	4
2968	3
2969	7
2970	3
2971	3
2972	4
2973	8
2974	3
2975	8
2976	9
2977	3
2978	5
2979	3
2980	9
2981	4
2982	4
2983	6
2984	2
2985	6
2986	6
2987	3
2988	6
2989	6
2990	4
2991	8
2992	11
2993	4
2994	4
2995	6
2996	7
2997	8
2998	4
2999	8
3000	5
3001	9
3002	5
3003	8
3004	5
3005	8
3006	1
3007	4
3008	6
3009	5
3010	5
3011	6
3012	4
3013	5
3014	4
3015	1
3016	6
3017	3
3018	4
3019	4
3020	4
3021	4
3022	4
3023	2
3024	4
3025	6
3026	4
3027	3
3028	4
3029	3
3030	3
3031	7
3032	3
3033	5
3034	5
3035	6
3036	9
3037	2
3038	5
3039	3
3040	5
3041	9
3042	9
3043	5
3044	3
3045	8
3046	2
3047	11
3048	4
3049	5
3050	12
3051	6
3052	7
3053	8
3054	10
3055	4
3056	11
3057	4
3058	6
3059	4
3060	4
3061	3
3062	7
3063	10
3064	12
3065	4
3066	7
3067	2
3068	6
3069	6
3070	3
3071	6
3072	2
3073	6
3074	5
3075	8
3076	1
3077	4
3078	4
3079	5
3080	3
3081	2
3082	2
3083	6
3084	6
3085	4
3086	11
3087	5
3088	5
3089	5
3090	6
3091	3
3092	8
3093	6
3094	6
3095	13
3096	3
3097	3
3098	7
3099	7
3100	8
3101	5
3102	5
3103	2
3104	3
3105	8
3106	5
3107	2
3108	6
3109	7
3110	6
3111	6
3112	4
3113	3
3114	7
3115	5
3116	4
3117	4
3118	5
3119	2
3120	1
3121	6
3122	5
3123	5
3124	7
3125	4
3126	10
3127	4
3128	7
3129	8
3130	4
3131	11
3132	2
3133	10
3134	8
3135	4
3136	6
3137	3
3138	0
3139	4
3140	2
3141	2
3142	4
3143	10
3144	4
3145	2
3146	0
3147	6
3148	7
3149	3
3150	2
3151	5
3152	3
3153	8
3154	4
3155	4
3156	3
3157	7
3158	9
3159	4
3160	2
3161	11
3162	6
3163	5
3164	3
3165	4
3166	4
3167	7
3168	7
3169	1
3170	3
3171	3
3172	3
3173	6
3174	4
3175	6
3176	2
3177	3
3178	3
3179	9
3180	5
3181	5
3182	2
3183	1
3184	5
3185	3
3186	7
3187	7
3188	5
3189	9
3190	8
3191	1
3192	3
3193	5
3194	1
3195	5
3196	6
3197	5
3198	4
3199	9
3200	8
3201	2
3202	4
3203	6
3204	5
3205	8
3206	4
3207	4
3208	4
3209	9
3210	3
3211	3
3212	6
3213	5
3214	1
3215	3
3216	2
3217	6
3218	7
3219	5
3220	1
3221	4
3222	2
3223	4
3224	2
3225	4
3226	4
3227	3
3228	5
3229	5
3230	5
3231	7
3232	5
3233	9
3234	3
3235	4
3236	5
3237	7
3238	4
3239	6
3240	4
3241	4
3242	4
3243	2
3244	4
3245	3
3246	4
3247	6
3248	11
3249	5
3250	1
3251	6
3252	4
3253	4
3254	6
3255	5
3256	5
3257	3
3258	9
3259	1
3260	8
3261	2
3262	1
3263	5
3264	1
3265	4
3266	6
3267	6
3268	7
3269	5
3270	2
3271	5
3272	4
3273	7
3274	6
3275	4
3276	9
3277	1
3278	3
3279	4
3280	4
3281	5
3282	5
3283	7
3284	3
3285	4
3286	4
3287	4
3288	5
3289	9
3290	3
3291	5
3292	7
3293	3
3294	3
3295	7
3296	3
3297	6
3298	7
3299	6
3300	3
3301	6
3302	4
3303	2
3304	3
3305	6
3306	5
3307	3
3308	4
3309	5
3310	6
3311	4
3312	5
3313	3
3314	6
3315	7
3316	5
3317	2
3318	5
3319	2
3320	8
3321	4
3322	5
3323	9
3324	3
3325	6
3326	6
3327	2
3328	2
3329	7
3330	5
3331	2
3332	7
3333	2
3334	6
3335	1
3336	2
3337	4
3338	9
3339	3
3340	2
3341	4
3342	3
3343	6
3344	10
3345	2
3346	4
3347	3
3348	9
3349	5
3350	4
3351	4
3352	4
3353	7
3354	7
3355	4
3356	4
3357	5
3358	2
3359	4
3360	2
3361	4
3362	7
3363	7
3364	5
3365	4
3366	3
3367	7
3368	7
3369	5
3370	7
3371	7
3372	5
3373	2
3374	7
3375	4
3376	3
3377	6
3378	8
3379	6
3380	6
3381	4
3382	3
3383	4
3384	9
3385	2
3386	6
3387	6
3388	4
3389	4
3390	6
3391	6
3392	7
3393	4
3394	5
3395	4
3396	3
3397	6
3398	5
3399	6
3400	8
3401	4
3402	6
3403	4
3404	3
3405	9
3406	7
3407	13
3408	2
3409	7
3410	5
3411	6
3412	3
3413	9
3414	4
3415	2
3416	3
3417	8
3418	5
3419	4
3420	1
3421	3
3422	4
3423	1
3424	3
3425	7
3426	8
3427	4
3428	3
3429	2
3430	5
3431	7
3432	7
3433	3
3434	5
3435	9
3436	5
3437	3
3438	11
3439	8
3440	4
3441	5
3442	7
3443	3
3444	5
3445	3
3446	4
3447	5
3448	4
3449	8
3450	4
3451	5
3452	7
3453	4
3454	10
3455	2
3456	4
3457	4
3458	6
3459	2
3460	9
3461	5
3462	8
3463	6
3464	6
3465	6
3466	2
3467	4
3468	4
3469	4
3470	6
3471	3
3472	2
3473	8
3474	6
3475	5
3476	4
3477	5
3478	7
3479	4
3480	5
3481	3
3482	5
3483	6
3484	1
3485	5
3486	5
3487	5
3488	6
3489	5
3490	7
3491	6
3492	6
3493	5
3494	3
3495	8
3496	3
3497	4
3498	7
3499	1
3500	7
3501	2
3502	7
3503	3
3504	4
3505	4
3506	5
3507	7
3508	6
3509	4
3510	5
3511	7
3512	4
3513	3
3514	3
3515	2
3516	3
3517	10
3518	8
3519	5
3520	6
3521	4
3522	5
3523	3
3524	4
3525	2
3526	4
3527	7
3528	3
3529	5
3530	6
3531	7
3532	3
3533	5
3534	3
3535	2
3536	3
3537	4
3538	5
3539	6
3540	2
3541	4
3542	5
3543	2
3544	4
3545	8
3546	4
3547	7
3548	8
3549	6
3550	6
3551	3
3552	2
3553	4
3554	1
3555	4
3556	2
3557	7
3558	6
3559	6
3560	6
3561	7
3562	12
3563	7
3564	2
3565	5
3566	6
3567	1
3568	3
3569	3
3570	5
3571	9
3572	4
3573	4
3574	6
3575	1
3576	3
3577	5
3578	6
3579	3
3580	5
3581	6
3582	2
3583	6
3584	8
3585	2
3586	6
3587	6
3588	7
3589	4
3590	4
3591	3
3592	2
3593	3
3594	3
3595	7
3596	3
3597	8
3598	4
3599	5
3600	8
3601	7
3602	2
3603	6
3604	6
3605	6
3606	8
3607	4
3608	7
3609	10
3610	7
3611	5
3612	6
3613	5
3614	4
3615	8
3616	4
3617	6
3618	7
3619	5
3620	6
3621	6
3622	5
3623	4
3624	5
3625	2
3626	6
3627	5
3628	9
3629	5
3630	5
3631	10
3632	3
3633	4
3634	6
3635	6
3636	4
3637	2
3638	7
3639	6
3640	4
3641	3
3642	8
3643	3
3644	6
3645	4
3646	3
3647	3
3648	4
3649	2
3650	8
3651	7
3652	4
3653	3
3654	3
3655	6
3656	5
3657	5
3658	5
3659	5
3660	4
3661	6
3662	5
3663	0
3664	4
3665	5
3666	6
3667	1
3668	2
3669	1
3670	4
3671	7
3672	7
3673	3
3674	5
3675	6
3676	4
3677	4
3678	5
3679	4
3680	10
3681	6
3682	5
3683	3
3684	4
3685	5
3686	6
3687	2
3688	6
3689	0
3690	4
3691	4
3692	4
3693	3
3694	6
3695	4
3696	3
3697	2
3698	3
3699	9
3700	5
3701	5
3702	2
3703	2
3704	3
3705	6
3706	5
3707	4
3708	4
3709	7
3710	8
3711	6
3712	7
3713	2
3714	4
3715	1
3716	2
3717	1
3718	4
3719	5
3720	6
3721	8
3722	4
3723	7
3724	2
3725	4
3726	8
3727	3
3728	6
3729	4
3730	3
3731	4
3732	3
3733	5
3734	5
3735	11
3736	2
3737	5
3738	6
3739	4
3740	4
3741	3
3742	8
3743	7
3744	3
3745	9
3746	8
3747	11
3748	7
3749	7
3750	3
3751	6
3752	6
3753	4
3754	5
3755	6
3756	2
3757	3
3758	9
3759	4
3760	4
3761	7
3762	5
3763	9
3764	6
3765	8
3766	4
3767	2
3768	6
3769	5
3770	6
3771	3
3772	3
3773	5
3774	4
3775	3
3776	5
3777	5
3778	7
3779	7
3780	4
3781	7
3782	6
3783	8
3784	4
3785	4
3786	5
3787	4
3788	1
3789	2
3790	7
3791	7
3792	9
3793	3
3794	4
3795	1
3796	5
3797	10
3798	2
3799	1
3800	8
3801	5
3802	7
3803	4
3804	4
3805	4
3806	5
3807	4
3808	1
3809	7
3810	4
3811	5
3812	2
3813	4
3814	2
3815	0
3816	9
3817	5
3818	4
3819	2
3820	4
3821	4
3822	2
3823	6
3824	1
3825	6
3826	4
3827	1
3828	6
3829	4
3830	7
3831	3
3832	6
3833	7
3834	5
3835	3
3836	1
3837	7
3838	6
3839	4
3840	6
3841	2
3842	2
3843	4
3844	4
3845	10
3846	5
3847	3
3848	9
3849	8
3850	4
3851	6
3852	4
3853	6
3854	2
3855	4
3856	5
3857	9
3858	5
3859	2
3860	6
3861	8
3862	13
3863	3
3864	2
3865	6
3866	8
3867	4
3868	1
3869	4
3870	6
3871	8
3872	4
3873	2
3874	8
3875	1
3876	3
3877	4
3878	5
3879	8
3880	3
3881	7
3882	2
3883	4
3884	5
3885	4
3886	11
3887	9
3888	3
3889	3
3890	8
3891	3
3892	3
3893	6
3894	8
3895	7
3896	11
3897	6
3898	3
3899	9
3900	8
3901	4
3902	8
3903	2
3904	4
3905	6
3906	8
3907	5
3908	3
3909	10
3910	3
3911	4
3912	9
3913	6
3914	1
3915	5
3916	3
3917	4
3918	6
3919	5
3920	4
3921	5
3922	6
3923	5
3924	4
3925	2
3926	4
3927	4
3928	4
3929	7
3930	2
3931	4
3932	3
3933	5
3934	3
3935	4
3936	6
3937	10
3938	5
3939	6
3940	3
3941	3
3942	7
3943	6
3944	5
3945	4
3946	3
3947	5
3948	0
3949	4
3950	6
3951	1
3952	4
3953	4
3954	4
3955	3
3956	6
3957	3
3958	8
3959	6
3960	7
3961	3
3962	4
3963	5
3964	4
3965	7
3966	0
3967	5
3968	1
3969	7
3970	3
3971	9
3972	3
3973	2
3974	5
3975	4
3976	8
3977	7
3978	8
3979	9
3980	4
3981	5
3982	6
3983	5
3984	5
3985	5
3986	6
3987	2
3988	4
3989	2
3990	4
3991	4
3992	6
3993	8
3994	7
3995	3
3996	7
3997	4
3998	2
3999	4
4000	6
4001	2
4002	3
4003	6
4004	5
4005	1
4006	10
4007	3
4008	3
4009	2
4010	3
4011	7
4012	4
4013	5
4014	4
4015	6
4016	8
4017	4
4018	2
4019	4
4020	4
4021	3
4022	5
4023	5
4024	2
4025	5
4026	5
4027	4
4028	4
4029	4
4030	3
4031	6
4032	1
4033	6
4034	5
4035	7
4036	2
4037	3
4038	1
4039	6
4040	2
4041	3
4042	6
4043	6
4044	8
4045	3
4046	4
4047	6
4048	6
4049	1
4050	7
4051	5
4052	9
4053	7
4054	8
4055	3
4056	5
4057	6
4058	7
4059	7
4060	4
4061	5
4062	6
4063	3
4064	4
4065	9
4066	5
4067	5
4068	3
4069	2
4070	6
4071	3
4072	5
4073	3
4074	6
4075	5
4076	3
4077	3
4078	2
4079	5
4080	2
4081	5
4082	3
4083	3
4084	5
4085	5
4086	6
4087	9
4088	4
4089	3
4090	4
4091	4
4092	1
4093	6
4094	4
4095	7
4096	8
4097	4
4098	5
4099	6
4100	8
4101	4
4102	6
4103	3
4104	8
4105	4
4106	3
4107	6
4108	3
4109	5
4110	2
4111	10
4112	4
4113	3
4114	6
4115	1
4116	3
4117	6
4118	4
4119	5
4120	8
4121	5
4122	3
4123	2
4124	5
4125	3
4126	0
4127	5
4128	4
4129	4
4130	4
4131	9
4132	4
4133	5
4134	7
4135	6
4136	5
4137	4
4138	5
4139	5
4140	3
4141	4
4142	6
4143	4
4144	7
4145	2
4146	4
4147	5
4148	4
4149	5
4150	7
4151	5
4152	7
4153	5
4154	4
4155	6
4156	6
4157	9
4158	6
4159	5
4160	5
4161	1
4162	1
4163	1
4164	1
4165	3
4166	6
4167	7
4168	2
4169	2
4170	3
4171	7
4172	2
4173	5
4174	3
4175	6
4176	4
4177	5
4178	7
4179	6
4180	3
4181	3
4182	3
4183	5
4184	3
4185	3
4186	1
4187	7
4188	1
4189	4
4190	4
4191	7
4192	5
4193	3
4194	5
4195	4
4196	4
4197	6
4198	5
4199	7
4200	3
4201	5
4202	3
4203	4
4204	6
4205	5
4206	5
4207	6
4208	6
4209	4
4210	2
4211	6
4212	7
4213	4
4214	5
4215	2
4216	9
4217	3
4218	2
4219	4
4220	2
4221	5
4222	1
4223	4
4224	5
4225	4
4226	11
4227	3
4228	5
4229	5
4230	3
4231	11
4232	2
4233	6
4234	3
4235	4
4236	3
4237	3
4238	6
4239	4
4240	4
4241	10
4242	5
4243	2
4244	4
4245	11
4246	3
4247	5
4248	3
4249	4
4250	7
4251	4
4252	6
4253	4
4254	7
4255	9
4256	5
4257	6
4258	5
4259	5
4260	7
4261	4
4262	6
4263	4
4264	9
4265	6
4266	6
4267	9
4268	8
4269	8
4270	7
4271	5
4272	9
4273	3
4274	5
4275	4
4276	8
4277	6
4278	6
4279	5
4280	4
4281	3
4282	3
4283	8
4284	2
4285	6
4286	7
4287	5
4288	7
4289	4
4290	4
4291	5
4292	7
4293	5
4294	6
4295	2
4296	5
4297	4
4298	4
4299	10
4300	6
4301	0
4302	7
4303	5
4304	3
4305	7
4306	7
4307	3
4308	6
4309	6
4310	3
4311	2
4312	6
4313	8
4314	0
4315	5
4316	4
4317	4
4318	4
4319	1
4320	5
4321	9
4322	4
4323	7
4324	3
4325	7
4326	7
4327	4
4328	2
4329	4
4330	5
4331	6
4332	2
4333	5
4334	4
4335	9
4336	7
4337	2
4338	3
4339	3
4340	1
4341	6
4342	4
4343	5
4344	6
4345	4
4346	5
4347	7
4348	4
4349	2
4350	3
4351	4
4352	9
4353	8
4354	3
4355	5
4356	6
4357	1
4358	4
4359	2
4360	4
4361	3
4362	4
4363	1
4364	6
4365	3
4366	4
4367	2
4368	2
4369	5
4370	6
4371	5
4372	4
4373	5
4374	6
4375	4
4376	3
4377	5
4378	5
4379	3
4380	7
4381	6
4382	10
4383	4
4384	5
4385	5
4386	5
4387	6
4388	6
4389	5
4390	4
4391	2
4392	4
4393	4
4394	3
4395	6
4396	3
4397	4
4398	7
4399	5
4400	8
4401	6
4402	3
4403	2
4404	5
4405	6
4406	6
4407	1
4408	3
4409	4
4410	4
4411	2
4412	3
4413	9
4414	4
4415	6
4416	4
4417	4
4418	4
4419	6
4420	4
4421	8
4422	3
4423	5
4424	9
4425	9
4426	4
4427	9
4428	10
4429	8
4430	3
4431	3
4432	7
4433	4
4434	5
4435	3
4436	4
4437	3
4438	6
4439	4
4440	5
4441	4
4442	3
4443	1
4444	3
4445	5
4446	4
4447	5
4448	5
4449	8
4450	4
4451	10
4452	7
4453	6
4454	2
4455	2
4456	8
4457	4
4458	2
4459	5
4460	6
4461	4
4462	5
4463	4
4464	5
4465	4
4466	5
4467	2
4468	3
4469	7
4470	4
4471	7
4472	5
4473	6
4474	8
4475	2
4476	3
4477	3
4478	7
4479	4
4480	8
4481	3
4482	6
4483	7
4484	4
4485	6
4486	4
4487	3
4488	6
4489	3
4490	2
4491	7
4492	5
4493	5
4494	4
4495	3
4496	6
4497	6
4498	7
4499	5
4500	7
4501	7
4502	6
4503	2
4504	6
4505	3
4506	2
4507	3
4508	1
4509	8
4510	6
4511	4
4512	6
4513	6
4514	5
4515	3
4516	4
4517	4
4518	1
4519	4
4520	3
4521	7
4522	4
4523	4
4524	5
4525	4
4526	1
4527	4
4528	5
4529	6
4530	4
4531	3
4532	6
4533	5
4534	3
4535	7
4536	5
4537	2
4538	7
4539	6
4540	7
4541	4
4542	7
4543	3
4544	8
4545	3
4546	7
4547	4
4548	7
4549	7
4550	8
4551	5
4552	6
4553	4
4554	6
4555	5
4556	4
4557	5
4558	6
4559	0
4560	7
4561	6
4562	7
4563	8
4564	7
4565	2
4566	9
4567	6
4568	5
4569	4
4570	5
4571	1
4572	2
4573	3
4574	5
4575	6
4576	9
4577	5
4578	5
4579	4
4580	3
4581	2
4582	5
4583	3
4584	6
4585	3
4586	9
4587	9
4588	3
4589	2
4590	4
4591	3
4592	4
4593	2
4594	5
4595	3
4596	4
4597	6
4598	4
4599	4
4600	3
4601	5
4602	5
4603	4
4604	6
4605	5
4606	6
4607	6
4608	2
4609	6
4610	7
4611	3
4612	3
4613	6
4614	3
4615	3
4616	8
4617	4
4618	4
4619	0
4620	6
4621	4
4622	3
4623	5
4624	5
4625	11
4626	4
4627	4
4628	4
4629	3
4630	3
4631	6
4632	2
4633	5
4634	5
4635	6
4636	6
4637	4
4638	5
4639	6
4640	6
4641	4
4642	4
4643	4
4644	4
4645	7
4646	4
4647	5
4648	4
4649	7
4650	4
4651	2
4652	6
4653	4
4654	4
4655	3
4656	8
4657	5
4658	2
4659	6
4660	6
4661	7
4662	6
4663	4
4664	7
4665	3
4666	2
4667	11
4668	4
4669	8
4670	7
4671	5
4672	4
4673	3
4674	12
4675	1
4676	5
4677	4
4678	12
4679	8
4680	5
4681	4
4682	6
4683	7
4684	9
4685	4
4686	4
4687	4
4688	1
4689	5
4690	5
4691	6
4692	6
4693	6
4694	4
4695	6
4696	9
4697	6
4698	6
4699	7
4700	5
4701	9
4702	5
4703	4
4704	3
4705	3
4706	4
4707	5
4708	3
4709	1
4710	8
4711	3
4712	7
4713	7
4714	9
4715	8
4716	4
4717	7
4718	5
4719	4
4720	3
4721	5
4722	4
4723	4
4724	7
4725	2
4726	4
4727	2
4728	8
4729	3
4730	5
4731	4
4732	2
4733	6
4734	9
4735	4
4736	6
4737	2
4738	5
4739	5
4740	4
4741	2
4742	4
4743	5
4744	4
4745	8
4746	5
4747	6
4748	2
4749	7
4750	5
4751	7
4752	3
4753	3
4754	6
4755	8
4756	1
4757	2
4758	2
4759	6
4760	6
4761	4
4762	2
4763	5
4764	4
4765	8
4766	7
4767	6
4768	6
4769	2
4770	7
4771	7
4772	2
4773	5
4774	5
4775	3
4776	5
4777	7
4778	6
4779	6
4780	5
4781	5
4782	2
4783	5
4784	6
4785	4
4786	5
4787	2
4788	3
4789	11
4790	6
4791	10
4792	4
4793	5
4794	6
4795	7
4796	0
4797	5
4798	4
4799	6
4800	2
4801	4
4802	8
4803	6
4804	3
4805	8
4806	3
4807	7
4808	7
4809	1
4810	6
4811	0
4812	4
4813	6
4814	2
4815	4
4816	9
4817	2
4818	7
4819	3
4820	4
4821	9
4822	7
4823	6
4824	10
4825	3
4826	2
4827	3
4828	8
4829	6
4830	4
4831	5
4832	4
4833	6
4834	6
4835	2
4836	6
4837	5
4838	0
4839	8
4840	4
4841	5
4842	4
4843	5
4844	9
4845	3
4846	5
4847	3
4848	8
4849	10
4850	4
4851	6
4852	9
4853	5
4854	4
4855	7
4856	5
4857	6
4858	6
4859	4
4860	4
4861	2
4862	1
4863	4
4864	6
4865	3
4866	7
4867	4
4868	8
4869	3
4870	3
4871	6
4872	7
4873	5
4874	5
4875	5
4876	6
4877	3
4878	5
4879	7
4880	2
4881	4
4882	2
4883	5
4884	7
4885	7
4886	6
4887	0
4888	6
4889	9
4890	6
4891	10
4892	4
4893	3
4894	3
4895	7
4896	7
4897	6
4898	6
4899	6
4900	4
4901	3
4902	5
4903	3
4904	9
4905	7
4906	7
4907	12
4908	3
4909	7
4910	8
4911	2
4912	4
4913	7
4914	7
4915	6
4916	3
4917	2
4918	6
4919	9
4920	2
4921	6
4922	9
4923	5
4924	6
4925	8
4926	3
4927	4
4928	2
4929	8
4930	4
4931	1
4932	5
4933	4
4934	3
4935	8
4936	7
4937	3
4938	5
4939	7
4940	6
4941	5
4942	8
4943	6
4944	6
4945	2
4946	4
4947	11
4948	3
4949	4
4950	6
4951	5
4952	6
4953	5
4954	8
4955	2
4956	4
4957	3
4958	4
4959	5
4960	4
4961	4
4962	4
4963	7
4964	7
4965	7
4966	8
4967	3
4968	1
4969	7
4970	6
4971	4
4972	5
4973	7
4974	6
4975	7
4976	4
4977	4
4978	6
4979	8
4980	9
4981	6
4982	9
4983	3
4984	7
4985	7
4986	3
4987	5
4988	8
4989	9
4990	8
4991	6
4992	5
4993	6
4994	6
4995	2
4996	3
4997	2
4998	2
4999	3
5000	5
5001	6
5002	7
5003	1
5004	4
5005	5
5006	4
5007	4
5008	10
5009	4
5010	2
5011	6
5012	3
5013	3
5014	3
5015	6
5016	7
5017	3
5018	1
5019	6
5020	4
5021	3
5022	9
5023	5
5024	4
5025	2
5026	3
5027	3
5028	1
5029	6
5030	3
5031	3
5032	10
5033	5
5034	5
5035	7
5036	7
5037	6
5038	4
5039	7
5040	7
5041	4
5042	2
5043	6
5044	8
5045	6
5046	5
5047	5
5048	5
5049	5
5050	4
5051	3
5052	3
5053	3
5054	3
5055	7
5056	5
5057	3
5058	7
5059	2
5060	2
5061	3
5062	7
5063	6
5064	5
5065	6
5066	5
5067	4
5068	5
5069	6
5070	3
5071	5
5072	2
5073	6
5074	6
5075	8
5076	6
5077	2
5078	4
5079	4
5080	6
5081	6
5082	4
5083	3
5084	5
5085	5
5086	3
5087	7
5088	6
5089	5
5090	4
5091	6
5092	7
5093	4
5094	4
5095	3
5096	3
5097	4
5098	5
5099	5
5100	9
5101	5
5102	0
5103	8
5104	8
5105	5
5106	7
5107	8
5108	3
5109	2
5110	6
5111	4
5112	5
5113	6
5114	8
5115	5
5116	4
5117	4
5118	2
5119	3
5120	9
5121	5
5122	7
5123	4
5124	7
5125	7
5126	2
5127	10
5128	1
5129	3
5130	5
5131	9
5132	3
5133	5
5134	5
5135	4
5136	10
5137	6
5138	6
5139	5
5140	7
5141	5
5142	4
5143	5
5144	8
5145	6
5146	10
5147	3
5148	2
5149	1
5150	2
5151	5
5152	4
5153	8
5154	5
5155	6
5156	5
5157	8
5158	6
5159	5
5160	3
5161	6
5162	1
5163	5
5164	4
5165	5
5166	4
5167	7
5168	7
5169	5
5170	1
5171	8
5172	5
5173	4
5174	3
5175	4
5176	2
5177	7
5178	2
5179	5
5180	3
5181	4
5182	3
5183	6
5184	8
5185	3
5186	2
5187	7
5188	4
5189	0
5190	4
5191	3
5192	6
5193	6
5194	3
5195	4
5196	1
5197	3
5198	3
5199	4
5200	1
5201	6
5202	3
5203	4
5204	8
5205	3
5206	4
5207	4
5208	6
5209	6
5210	5
5211	6
5212	2
5213	6
5214	4
5215	8
5216	4
5217	3
5218	5
5219	6
5220	5
5221	8
5222	4
5223	5
5224	6
5225	4
5226	3
5227	3
5228	5
5229	6
5230	2
5231	1
5232	3
5233	7
5234	9
5235	8
5236	5
5237	1
5238	8
5239	5
5240	6
5241	4
5242	3
5243	6
5244	5
5245	7
5246	2
5247	10
5248	6
5249	5
5250	8
5251	4
5252	3
5253	5
5254	5
5255	5
5256	6
5257	4
5258	3
5259	5
5260	7
5261	3
5262	6
5263	3
5264	4
5265	6
5266	9
5267	9
5268	2
5269	4
5270	6
5271	3
5272	4
5273	3
5274	4
5275	10
5276	4
5277	7
5278	6
5279	4
5280	7
5281	5
5282	6
5283	4
5284	1
5285	2
5286	4
5287	8
5288	6
5289	3
5290	5
5291	1
5292	4
5293	9
5294	8
5295	6
5296	2
5297	9
5298	7
5299	6
5300	2
5301	1
5302	7
5303	3
5304	6
5305	8
5306	5
5307	1
5308	3
5309	3
5310	4
5311	7
5312	5
5313	1
5314	5
5315	2
5316	9
5317	8
5318	2
5319	5
5320	4
5321	6
5322	4
5323	6
5324	6
5325	7
5326	1
5327	12
5328	5
5329	3
5330	2
5331	3
5332	6
5333	3
5334	4
5335	6
5336	1
5337	6
5338	7
5339	0
5340	1
5341	2
5342	3
5343	8
5344	11
5345	2
5346	7
5347	7
5348	4
5349	4
5350	8
5351	3
5352	11
5353	8
5354	4
5355	6
5356	2
5357	7
5358	2
5359	5
5360	3
5361	5
5362	3
5363	0
5364	9
5365	4
5366	4
5367	6
5368	5
5369	6
5370	2
5371	4
5372	5
5373	6
5374	9
5375	7
5376	6
5377	4
5378	4
5379	1
5380	6
5381	4
5382	3
5383	5
5384	10
5385	4
5386	7
5387	7
5388	4
5389	7
5390	6
5391	2
5392	5
5393	10
5394	7
5395	2
5396	10
5397	5
5398	3
5399	3
5400	5
5401	4
5402	5
5403	4
5404	4
5405	6
5406	7
5407	3
5408	4
5409	3
5410	5
5411	4
5412	4
5413	4
5414	4
5415	5
5416	3
5417	3
5418	7
5419	2
5420	4
5421	0
5422	6
5423	8
5424	8
5425	6
5426	4
5427	2
5428	5
5429	8
5430	10
5431	5
5432	4
5433	4
5434	2
5435	4
5436	8
5437	5
5438	7
5439	6
5440	2
5441	4
5442	6
5443	5
5444	7
5445	9
5446	1
5447	4
5448	6
5449	7
5450	3
5451	6
5452	2
5453	4
5454	5
5455	3
5456	7
5457	9
5458	8
5459	7
5460	4
5461	7
5462	3
5463	7
5464	8
5465	3
5466	5
5467	6
5468	3
5469	5
5470	4
5471	6
5472	8
5473	1
5474	2
5475	3
5476	6
5477	5
5478	3
5479	3
5480	6
5481	5
5482	3
5483	2
5484	6
5485	1
5486	2
5487	9
5488	7
5489	10
5490	4
5491	4
5492	9
5493	0
5494	4
5495	1
5496	3
5497	8
5498	3
5499	6
5500	6
5501	3
5502	9
5503	1
5504	5
5505	4
5506	6
5507	6
5508	7
5509	3
5510	4
5511	3
5512	4
5513	4
5514	5
5515	7
5516	3
5517	3
5518	4
5519	4
5520	6
5521	1
5522	5
5523	6
5524	4
5525	5
5526	4
5527	6
5528	4
5529	7
5530	6
5531	6
5532	6
5533	2
5534	4
5535	6
5536	6
5537	4
5538	6
5539	3
5540	5
5541	5
5542	5
5543	2
5544	3
5545	4
5546	5
5547	6
5548	1
5549	10
5550	5
5551	4
5552	3
5553	3
5554	5
5555	7
5556	7
5557	4
5558	8
5559	4
5560	5
5561	5
5562	4
5563	11
5564	1
5565	6
5566	6
5567	5
5568	3
5569	3
5570	1
5571	8
5572	1
5573	3
5574	4
5575	6
5576	5
5577	6
5578	5
5579	2
5580	5
5581	13
5582	5
5583	3
5584	6
5585	5
5586	3
5587	6
5588	6
5589	4
5590	4
5591	7
5592	5
5593	4
5594	5
5595	4
5596	5
5597	6
5598	6
5599	8
5600	5
5601	6
5602	4
5603	5
5604	7
5605	7
5606	7
5607	6
5608	4
5609	0
5610	3
5611	4
5612	2
5613	9
5614	9
5615	5
5616	7
5617	3
5618	2
5619	7
5620	3
5621	3
5622	4
5623	2
5624	2
5625	5
5626	2
5627	6
5628	4
5629	4
5630	5
5631	4
5632	4
5633	5
5634	4
5635	4
5636	8
5637	5
5638	4
5639	4
5640	7
5641	7
5642	1
5643	9
5644	2
5645	3
5646	8
5647	3
5648	8
5649	6
5650	5
5651	5
5652	3
5653	3
5654	7
5655	2
5656	3
5657	5
5658	8
5659	7
5660	9
5661	5
5662	5
5663	2
5664	2
5665	3
5666	8
5667	6
5668	3
5669	7
5670	2
5671	4
5672	4
5673	4
5674	2
5675	4
5676	2
5677	4
5678	6
5679	9
5680	7
5681	2
5682	5
5683	4
5684	3
5685	9
5686	2
5687	4
5688	5
5689	7
5690	1
5691	6
5692	10
5693	6
5694	3
5695	8
5696	5
5697	5
5698	4
5699	6
5700	6
5701	5
5702	2
5703	10
5704	5
5705	4
5706	8
5707	8
5708	1
5709	4
5710	5
5711	8
5712	8
5713	1
5714	5
5715	4
5716	6
5717	12
5718	6
5719	5
5720	7
5721	9
5722	1
5723	5
5724	4
5725	2
5726	2
5727	2
5728	6
5729	7
5730	5
5731	6
5732	6
5733	2
5734	5
5735	7
5736	6
5737	4
5738	9
5739	4
5740	7
5741	2
5742	4
5743	11
5744	8
5745	5
5746	4
5747	4
5748	7
5749	5
5750	3
5751	5
5752	8
5753	5
5754	7
5755	4
5756	2
5757	4
5758	5
5759	3
5760	4
5761	1
5762	4
5763	7
5764	7
5765	5
5766	4
5767	5
5768	4
5769	6
5770	3
5771	5
5772	3
5773	5
5774	7
5775	4
5776	8
5777	5
5778	8
5779	7
5780	5
5781	6
5782	6
5783	1
5784	2
5785	6
5786	4
5787	6
5788	4
5789	2
5790	4
5791	3
5792	3
5793	9
5794	3
5795	2
5796	4
5797	6
5798	6
5799	3
5800	8
5801	8
5802	2
5803	2
5804	7
5805	9
5806	3
5807	4
5808	3
5809	6
5810	6
5811	7
5812	8
5813	3
5814	2
5815	6
5816	5
5817	2
5818	6
5819	3
5820	6
5821	5
5822	9
5823	3
5824	5
5825	3
5826	5
5827	4
5828	2
5829	6
5830	5
5831	2
5832	2
5833	7
5834	2
5835	7
5836	2
5837	5
5838	2
5839	5
5840	8
5841	3
5842	6
5843	5
5844	2
5845	4
5846	2
5847	11
5848	2
5849	5
5850	6
5851	5
5852	3
5853	4
5854	5
5855	4
5856	3
5857	5
5858	6
5859	7
5860	3
5861	9
5862	9
5863	3
5864	4
5865	5
5866	3
5867	6
5868	5
5869	7
5870	3
5871	4
5872	7
5873	4
5874	4
5875	4
5876	3
5877	4
5878	4
5879	5
5880	8
5881	2
5882	4
5883	6
5884	3
5885	4
5886	6
5887	4
5888	1
5889	6
5890	8
5891	4
5892	5
5893	5
5894	7
5895	7
5896	4
5897	2
5898	3
5899	1
5900	9
5901	2
5902	7
5903	6
5904	0
5905	6
5906	3
5907	5
5908	6
5909	9
5910	6
5911	1
5912	3
5913	9
5914	9
5915	4
5916	4
5917	3
5918	3
5919	5
5920	5
5921	6
5922	1
5923	5
5924	5
5925	5
5926	3
5927	6
5928	2
5929	2
5930	5
5931	3
5932	7
5933	5
5934	6
5935	4
5936	5
5937	3
5938	4
5939	9
5940	1
5941	8
5942	2
5943	6
5944	4
5945	4
5946	2
5947	7
5948	10
5949	4
5950	4
5951	6
5952	3
5953	1
5954	5
5955	4
5956	6
5957	5
5958	7
5959	8
5960	3
5961	4
5962	3
5963	7
5964	5
5965	4
5966	4
5967	7
5968	2
5969	0
5970	5
5971	2
5972	6
5973	7
5974	2
5975	3
5976	7
5977	5
5978	3
5979	5
5980	0
5981	5
5982	3
5983	7
5984	11
5985	5
5986	5
5987	4
5988	9
5989	4
5990	3
5991	5
5992	8
5993	7
5994	4
5995	3
5996	6
5997	4
5998	5
5999	5
6000	5
6001	3
6002	10
6003	4
6004	7
6005	10
6006	9
6007	9
6008	5
6009	3
6010	5
6011	6
6012	4
6013	2
6014	6
6015	8
6016	5
6017	6
6018	9
6019	4
6020	3
6021	5
6022	4
6023	6
6024	5
6025	2
6026	4
6027	5
6028	7
6029	8
6030	7
6031	8
6032	1
6033	7
6034	3
6035	8
6036	8
6037	5
6038	2
6039	6
6040	12
6041	2
6042	7
6043	3
6044	5
6045	4
6046	4
6047	4
6048	5
6049	2
6050	3
6051	8
6052	5
6053	4
6054	8
6055	3
6056	3
6057	4
6058	5
6059	8
6060	7
6061	1
6062	6
6063	6
6064	7
6065	8
6066	6
6067	8
6068	6
6069	4
6070	5
6071	5
6072	6
6073	7
6074	8
6075	6
6076	5
6077	5
6078	5
6079	3
6080	8
6081	4
6082	6
6083	7
6084	3
6085	8
6086	2
6087	3
6088	7
6089	4
6090	2
6091	9
6092	5
6093	7
6094	5
6095	4
6096	2
6097	3
6098	4
6099	8
6100	6
6101	6
6102	4
6103	6
6104	3
6105	3
6106	1
6107	3
6108	4
6109	5
6110	4
6111	7
6112	5
6113	7
6114	2
6115	5
6116	4
6117	5
6118	3
6119	7
6120	6
6121	2
6122	7
6123	3
6124	3
6125	3
6126	3
6127	6
6128	1
6129	4
6130	5
6131	4
6132	3
6133	5
6134	3
6135	3
6136	5
6137	6
6138	3
6139	5
6140	4
6141	3
6142	4
6143	4
6144	4
6145	6
6146	2
6147	4
6148	6
6149	5
6150	10
6151	3
6152	6
6153	5
6154	7
6155	3
6156	5
6157	6
6158	8
6159	2
6160	7
6161	5
6162	5
6163	11
6164	3
6165	5
6166	4
6167	2
6168	1
6169	7
6170	4
6171	4
6172	2
6173	3
6174	3
6175	8
6176	2
6177	6
6178	2
6179	4
6180	5
6181	6
6182	5
6183	2
6184	3
6185	6
6186	3
6187	2
6188	3
6189	1
6190	7
6191	11
6192	4
6193	3
6194	7
6195	7
6196	4
6197	5
6198	4
6199	5
6200	5
6201	2
6202	2
6203	7
6204	4
6205	2
6206	7
6207	5
6208	4
6209	8
6210	10
6211	5
6212	3
6213	5
6214	7
6215	6
6216	4
6217	8
6218	2
6219	2
6220	6
6221	4
6222	4
6223	8
6224	4
6225	6
6226	5
6227	1
6228	4
6229	3
6230	2
6231	5
6232	6
6233	5
6234	2
6235	8
6236	7
6237	3
6238	4
6239	4
6240	6
6241	2
6242	5
6243	6
6244	6
6245	5
6246	12
6247	2
6248	4
6249	5
6250	6
6251	6
6252	9
6253	4
6254	6
6255	3
6256	7
6257	4
6258	5
6259	4
6260	6
6261	6
6262	3
6263	2
6264	3
6265	3
6266	7
6267	2
6268	4
6269	8
6270	3
6271	8
6272	3
6273	4
6274	5
6275	10
6276	7
6277	4
6278	10
6279	7
6280	6
6281	11
6282	11
6283	4
6284	5
6285	7
6286	3
6287	10
6288	8
6289	8
6290	5
6291	4
6292	5
6293	3
6294	5
6295	4
6296	2
6297	5
6298	7
6299	4
6300	4
6301	6
6302	4
6303	3
6304	3
6305	5
6306	7
6307	3
6308	4
6309	7
6310	9
6311	9
6312	2
6313	7
6314	3
6315	3
6316	7
6317	8
6318	6
6319	3
6320	8
6321	5
6322	5
6323	5
6324	2
6325	10
6326	5
6327	2
6328	7
6329	5
6330	6
6331	2
6332	6
6333	4
6334	5
6335	3
6336	6
6337	2
6338	8
6339	6
6340	6
6341	7
6342	3
6343	2
6344	4
6345	3
6346	4
6347	4
6348	6
6349	5
6350	7
6351	3
6352	4
6353	7
6354	3
6355	2
6356	3
6357	3
6358	9
6359	4
6360	8
6361	3
6362	9
6363	5
6364	8
6365	4
6366	4
6367	6
6368	5
6369	5
6370	3
6371	8
6372	4
6373	6
6374	4
6375	6
6376	4
6377	2
6378	8
6379	4
6380	6
6381	5
6382	7
6383	2
6384	2
6385	5
6386	4
6387	7
6388	1
6389	7
6390	9
6391	1
6392	5
6393	3
6394	4
6395	4
6396	5
6397	4
6398	2
6399	5
6400	7
6401	6
6402	4
6403	7
6404	4
6405	7
6406	5
6407	4
6408	6
6409	4
6410	9
6411	2
6412	4
6413	2
6414	3
6415	5
6416	5
6417	3
6418	6
6419	3
6420	4
6421	1
6422	9
6423	6
6424	4
6425	5
6426	3
6427	5
6428	4
6429	3
6430	4
6431	7
6432	4
6433	1
6434	8
6435	3
6436	9
6437	7
6438	7
6439	4
6440	5
6441	10
6442	6
6443	6
6444	5
6445	4
6446	5
6447	6
6448	6
6449	7
6450	6
6451	5
6452	5
6453	1
6454	4
6455	8
6456	2
6457	6
6458	5
6459	4
6460	11
6461	7
6462	2
6463	7
6464	5
6465	6
6466	2
6467	7
6468	5
6469	6
6470	2
6471	7
6472	4
6473	4
6474	5
6475	4
6476	7
6477	5
6478	4
6479	5
6480	6
6481	6
6482	2
6483	6
6484	5
6485	1
6486	6
6487	5
6488	3
6489	7
6490	5
6491	7
6492	7
6493	6
6494	6
6495	10
6496	8
6497	8
6498	6
6499	2
6500	7
6501	8
6502	7
6503	6
6504	4
6505	6
6506	7
6507	4
6508	5
6509	7
6510	7
6511	5
6512	1
6513	2
6514	1
6515	13
6516	6
6517	3
6518	8
6519	4
6520	7
6521	7
6522	3
6523	4
6524	6
6525	3
6526	4
6527	8
6528	3
6529	4
6530	6
6531	5
6532	3
6533	5
6534	6
6535	5
6536	6
6537	2
6538	7
6539	2
6540	6
6541	10
6542	6
6543	6
6544	4
6545	3
6546	5
6547	3
6548	3
6549	1
6550	7
6551	2
6552	2
6553	4
6554	5
6555	3
6556	5
6557	4
6558	5
6559	6
6560	7
6561	10
6562	1
6563	5
6564	4
6565	6
6566	3
6567	9
6568	4
6569	6
6570	5
6571	5
6572	5
6573	6
6574	6
6575	0
6576	5
6577	2
6578	2
6579	2
6580	4
6581	7
6582	3
6583	4
6584	1
6585	2
6586	4
6587	10
6588	2
6589	7
6590	4
6591	3
6592	4
6593	2
6594	5
6595	3
6596	6
6597	11
6598	6
6599	5
6600	7
6601	3
6602	3
6603	4
6604	4
6605	3
6606	2
6607	5
6608	5
6609	5
6610	2
6611	7
6612	6
6613	4
6614	1
6615	2
6616	3
6617	5
6618	9
6619	4
6620	7
6621	3
6622	3
6623	3
6624	4
6625	6
6626	7
6627	5
6628	5
6629	9
6630	2
6631	6
6632	6
6633	4
6634	7
6635	6
6636	8
6637	11
6638	2
6639	11
6640	6
6641	6
6642	2
6643	9
6644	9
6645	7
6646	6
6647	3
6648	7
6649	8
6650	3
6651	4
6652	0
6653	7
6654	5
6655	5
6656	9
6657	1
6658	3
6659	6
6660	6
6661	4
6662	2
6663	2
6664	3
6665	5
6666	3
6667	9
6668	4
6669	4
6670	10
6671	7
6672	5
6673	4
6674	5
6675	0
6676	3
6677	5
6678	5
6679	5
6680	3
6681	11
6682	3
6683	2
6684	3
6685	7
6686	3
6687	3
6688	5
6689	1
6690	10
6691	8
6692	4
6693	5
6694	6
6695	2
6696	6
6697	7
6698	2
6699	4
6700	5
6701	7
6702	7
6703	3
6704	5
6705	3
6706	5
6707	5
6708	2
6709	8
6710	2
6711	7
6712	6
6713	6
6714	4
6715	3
6716	5
6717	1
6718	6
6719	8
6720	2
6721	5
6722	5
6723	6
6724	5
6725	2
6726	2
6727	3
6728	11
6729	4
6730	6
6731	5
6732	5
6733	7
6734	6
6735	4
6736	3
6737	8
6738	6
6739	5
6740	5
6741	3
6742	7
6743	5
6744	8
6745	5
6746	2
6747	1
6748	1
6749	3
6750	5
6751	8
6752	5
6753	2
6754	7
6755	3
6756	3
6757	5
6758	1
6759	2
6760	5
6761	2
6762	3
6763	7
6764	3
6765	4
6766	5
6767	7
6768	3
6769	4
6770	6
6771	3
6772	3
6773	4
6774	2
6775	2
6776	5
6777	4
6778	6
6779	6
6780	3
6781	5
6782	8
6783	7
6784	2
6785	5
6786	7
6787	7
6788	2
6789	2
6790	3
6791	2
6792	2
6793	6
6794	4
6795	4
6796	3
6797	5
6798	6
6799	8
6800	10
6801	5
6802	4
6803	4
6804	8
6805	4
6806	8
6807	6
6808	2
6809	4
6810	4
6811	5
6812	4
6813	9
6814	2
6815	4
6816	6
6817	2
6818	7
6819	5
6820	6
6821	11
6822	3
6823	3
6824	4
6825	3
6826	5
6827	4
6828	7
6829	3
6830	8
6831	3
6832	7
6833	9
6834	5
6835	2
6836	4
6837	4
6838	4
6839	3
6840	3
6841	3
6842	6
6843	3
6844	5
6845	6
6846	3
6847	3
6848	3
6849	7
6850	3
6851	5
6852	6
6853	6
6854	3
6855	5
6856	2
6857	7
6858	7
6859	7
6860	3
6861	6
6862	5
6863	3
6864	6
6865	4
6866	4
6867	2
6868	4
6869	7
6870	4
6871	3
6872	4
6873	5
6874	9
6875	4
6876	5
6877	7
6878	10
6879	6
6880	8
6881	3
6882	5
6883	6
6884	4
6885	4
6886	5
6887	7
6888	4
6889	4
6890	5
6891	4
6892	8
6893	7
6894	6
6895	0
6896	2
6897	2
6898	2
6899	5
6900	7
6901	4
6902	6
6903	5
6904	6
6905	5
6906	3
6907	5
6908	2
6909	5
6910	3
6911	6
6912	8
6913	6
6914	4
6915	4
6916	3
6917	3
6918	4
6919	5
6920	5
6921	3
6922	3
6923	1
6924	3
6925	2
6926	6
6927	6
6928	2
6929	5
6930	7
6931	5
6932	8
6933	3
6934	2
6935	2
6936	9
6937	6
6938	7
6939	5
6940	5
6941	8
6942	9
6943	6
6944	6
6945	5
6946	5
6947	5
6948	6
6949	4
6950	2
6951	3
6952	6
6953	9
6954	2
6955	6
6956	5
6957	4
6958	4
6959	7
6960	7
6961	4
6962	8
6963	5
6964	4
6965	7
6966	3
6967	6
6968	5
6969	3
6970	2
6971	9
6972	9
6973	3
6974	2
6975	6
6976	5
6977	1
6978	5
6979	2
6980	3
6981	8
6982	4
6983	8
6984	5
6985	3
6986	2
6987	4
6988	10
6989	6
6990	5
6991	5
6992	5
6993	9
6994	8
6995	5
6996	0
6997	8
6998	3
6999	4
7000	6
7001	2
7002	6
7003	8
7004	2
7005	3
7006	10
7007	4
7008	6
7009	8
7010	5
7011	0
7012	6
7013	6
7014	3
7015	5
7016	3
7017	6
7018	6
7019	3
7020	3
7021	9
7022	9
7023	3
7024	6
7025	5
7026	5
7027	3
7028	3
7029	3
7030	9
7031	4
7032	6
7033	4
7034	6
7035	3
7036	2
7037	5
7038	0
7039	3
7040	8
7041	6
7042	5
7043	0
7044	3
7045	6
7046	5
7047	5
7048	7
7049	1
7050	3
7051	6
7052	4
7053	10
7054	6
7055	4
7056	7
7057	6
7058	4
7059	4
7060	1
7061	4
7062	5
7063	4
7064	6
7065	3
7066	11
7067	5
7068	7
7069	7
7070	6
7071	7
7072	4
7073	3
7074	6
7075	5
7076	12
7077	7
7078	3
7079	1
7080	4
7081	7
7082	9
7083	11
7084	4
7085	1
7086	6
7087	9
7088	6
7089	4
7090	5
7091	8
7092	3
7093	8
7094	7
7095	6
7096	4
7097	3
7098	4
7099	6
7100	4
7101	11
7102	5
7103	4
7104	3
7105	4
7106	5
7107	9
7108	4
7109	2
7110	5
7111	7
7112	5
7113	3
7114	2
7115	4
7116	4
7117	2
7118	4
7119	2
7120	7
7121	7
7122	6
7123	6
7124	6
7125	5
7126	3
7127	7
7128	3
7129	5
7130	2
7131	1
7132	5
7133	3
7134	5
7135	3
7136	6
7137	3
7138	13
7139	4
7140	4
7141	6
7142	7
7143	3
7144	4
7145	4
7146	3
7147	7
7148	3
7149	8
7150	6
7151	6
7152	2
7153	2
7154	4
7155	5
7156	7
7157	6
7158	1
7159	4
7160	9
7161	5
7162	5
7163	10
7164	5
7165	3
7166	5
7167	2
7168	7
7169	6
7170	4
7171	4
7172	4
7173	6
7174	3
7175	5
7176	3
7177	10
7178	9
7179	4
7180	5
7181	2
7182	3
7183	4
7184	8
7185	6
7186	2
7187	3
7188	4
7189	3
7190	2
7191	5
7192	3
7193	3
7194	2
7195	9
7196	7
7197	3
7198	8
7199	2
7200	1
7201	7
7202	3
7203	6
7204	2
7205	5
7206	7
7207	5
7208	5
7209	4
7210	1
7211	1
7212	5
7213	3
7214	1
7215	3
7216	6
7217	2
7218	2
7219	0
7220	5
7221	5
7222	3
7223	3
7224	6
7225	8
7226	6
7227	4
7228	4
7229	4
7230	10
7231	4
7232	5
7233	5
7234	4
7235	5
7236	10
7237	5
7238	3
7239	6
7240	5
7241	8
7242	6
7243	4
7244	8
7245	5
7246	4
7247	3
7248	4
7249	2
7250	3
7251	5
7252	3
7253	7
7254	8
7255	3
7256	6
7257	5
7258	5
7259	8
7260	4
7261	5
7262	5
7263	7
7264	2
7265	5
7266	4
7267	2
7268	5
7269	3
7270	3
7271	5
7272	3
7273	7
7274	4
7275	4
7276	7
7277	6
7278	6
7279	9
7280	8
7281	3
7282	9
7283	4
7284	5
7285	6
7286	9
7287	6
7288	5
7289	6
7290	3
7291	3
7292	6
7293	5
7294	3
7295	7
7296	3
7297	4
7298	3
7299	5
7300	3
7301	2
7302	6
7303	7
7304	3
7305	1
7306	4
7307	5
7308	7
7309	4
7310	4
7311	5
7312	8
7313	5
7314	4
7315	4
7316	4
7317	3
7318	2
7319	3
7320	3
7321	4
7322	3
7323	4
7324	4
7325	5
7326	6
7327	2
7328	2
7329	9
7330	2
7331	7
7332	6
7333	5
7334	4
7335	1
7336	5
7337	4
7338	8
7339	3
7340	4
7341	6
7342	5
7343	6
7344	5
7345	4
7346	2
7347	7
7348	5
7349	1
7350	2
7351	7
7352	5
7353	4
7354	7
7355	3
7356	3
7357	9
7358	2
7359	5
7360	3
7361	5
7362	2
7363	5
7364	5
7365	6
7366	2
7367	4
7368	2
7369	3
7370	1
7371	2
7372	4
7373	6
7374	11
7375	2
7376	4
7377	2
7378	3
7379	2
7380	4
7381	7
7382	4
7383	1
7384	6
7385	6
7386	4
7387	1
7388	5
7389	7
7390	8
7391	7
7392	2
7393	7
7394	4
7395	7
7396	3
7397	5
7398	2
7399	6
7400	5
7401	5
7402	3
7403	7
7404	3
7405	5
7406	1
7407	5
7408	5
7409	3
7410	1
7411	4
7412	6
7413	6
7414	4
7415	6
7416	4
7417	4
7418	7
7419	7
7420	8
7421	4
7422	9
7423	8
7424	4
7425	6
7426	3
7427	6
7428	4
7429	5
7430	5
7431	2
7432	4
7433	3
7434	5
7435	3
7436	2
7437	3
7438	1
7439	6
7440	6
7441	8
7442	4
7443	5
7444	8
7445	7
7446	3
7447	4
7448	8
7449	4
7450	6
7451	0
7452	7
7453	7
7454	5
7455	6
7456	6
7457	2
7458	6
7459	4
7460	3
7461	5
7462	0
7463	5
7464	5
7465	6
7466	4
7467	6
7468	3
7469	3
7470	4
7471	5
7472	5
7473	2
7474	4
7475	5
7476	2
7477	6
7478	6
7479	8
7480	5
7481	4
7482	5
7483	10
7484	4
7485	2
7486	5
7487	4
7488	1
7489	8
7490	3
7491	6
7492	2
7493	6
7494	3
7495	3
7496	6
7497	1
7498	4
7499	7
7500	6
7501	4
7502	4
7503	1
7504	4
7505	9
7506	4
7507	5
7508	6
7509	6
7510	6
7511	4
7512	4
7513	5
7514	4
7515	4
7516	6
7517	3
7518	3
7519	2
7520	4
7521	12
7522	5
7523	2
7524	4
7525	0
7526	3
7527	6
7528	3
7529	7
7530	7
7531	4
7532	5
7533	10
7534	10
7535	3
7536	1
7537	3
7538	5
7539	7
7540	5
7541	7
7542	5
7543	2
7544	8
7545	5
7546	5
7547	5
7548	4
7549	5
7550	4
7551	5
7552	5
7553	3
7554	7
7555	4
7556	3
7557	8
7558	8
7559	9
7560	4
7561	6
7562	4
7563	3
7564	11
7565	4
7566	5
7567	5
7568	5
7569	6
7570	4
7571	4
7572	5
7573	5
7574	6
7575	9
7576	5
7577	7
7578	5
7579	2
7580	6
7581	7
7582	4
7583	3
7584	4
7585	6
7586	5
7587	7
7588	2
7589	5
7590	5
7591	4
7592	5
7593	6
7594	7
7595	4
7596	2
7597	5
7598	5
7599	5
7600	4
7601	3
7602	5
7603	7
7604	9
7605	9
7606	2
7607	5
7608	9
7609	3
7610	9
7611	7
7612	3
7613	3
7614	4
7615	4
7616	7
7617	3
7618	6
7619	13
7620	6
7621	3
7622	5
7623	7
7624	8
7625	1
7626	4
7627	6
7628	4
7629	5
7630	6
7631	5
7632	4
7633	8
7634	6
7635	5
7636	5
7637	1
7638	10
7639	3
7640	7
7641	3
7642	7
7643	5
7644	3
7645	3
7646	5
7647	6
7648	3
7649	5
7650	5
7651	1
7652	5
7653	5
7654	7
7655	11
7656	4
7657	6
7658	6
7659	2
7660	9
7661	5
7662	5
7663	5
7664	8
7665	5
7666	5
7667	5
7668	1
7669	4
7670	5
7671	10
7672	6
7673	1
7674	5
7675	3
7676	6
7677	5
7678	5
7679	7
7680	4
7681	1
7682	5
7683	6
7684	2
7685	6
7686	1
7687	7
7688	5
7689	5
7690	2
7691	5
7692	12
7693	5
7694	3
7695	5
7696	6
7697	4
7698	3
7699	2
7700	4
7701	3
7702	7
7703	3
7704	5
7705	4
7706	8
7707	7
7708	5
7709	7
7710	6
7711	3
7712	4
7713	4
7714	5
7715	5
7716	4
7717	6
7718	4
7719	5
7720	2
7721	8
7722	2
7723	8
7724	5
7725	4
7726	2
7727	2
7728	4
7729	5
7730	2
7731	7
7732	3
7733	7
7734	3
7735	7
7736	1
7737	3
7738	3
7739	2
7740	5
7741	0
7742	4
7743	9
7744	2
7745	6
7746	4
7747	9
7748	5
7749	10
7750	6
7751	6
7752	8
7753	8
7754	5
7755	4
7756	6
7757	4
7758	7
7759	6
7760	11
7761	5
7762	4
7763	7
7764	7
7765	7
7766	5
7767	3
7768	6
7769	4
7770	2
7771	8
7772	6
7773	6
7774	2
7775	7
7776	6
7777	5
7778	8
7779	4
7780	9
7781	4
7782	5
7783	8
7784	5
7785	5
7786	2
7787	5
7788	6
7789	9
7790	4
7791	3
7792	8
7793	5
7794	7
7795	5
7796	3
7797	4
7798	9
7799	4
7800	3
7801	4
7802	5
7803	6
7804	3
7805	7
7806	5
7807	3
7808	3
7809	2
7810	6
7811	2
7812	2
7813	3
7814	7
7815	3
7816	8
7817	8
7818	5
7819	6
7820	2
7821	4
7822	5
7823	3
7824	7
7825	3
7826	2
7827	7
7828	11
7829	6
7830	5
7831	1
7832	3
7833	6
7834	7
7835	5
7836	4
7837	3
7838	4
7839	6
7840	3
7841	4
7842	5
7843	4
7844	7
7845	1
7846	7
7847	6
7848	3
7849	0
7850	8
7851	3
7852	4
7853	4
7854	6
7855	3
7856	3
7857	5
7858	9
7859	3
7860	7
7861	1
7862	9
7863	4
7864	9
7865	3
7866	5
7867	3
7868	6
7869	6
7870	3
7871	4
7872	9
7873	7
7874	1
7875	4
7876	4
7877	2
7878	6
7879	6
7880	7
7881	8
7882	7
7883	2
7884	4
7885	2
7886	6
7887	4
7888	10
7889	3
7890	5
7891	4
7892	7
7893	7
7894	5
7895	6
7896	5
7897	3
7898	7
7899	5
7900	4
7901	6
7902	6
7903	6
7904	3
7905	9
7906	2
7907	6
7908	4
7909	3
7910	2
7911	3
7912	6
7913	3
7914	7
7915	4
7916	4
7917	3
7918	6
7919	5
7920	5
7921	2
7922	3
7923	3
7924	2
7925	3
7926	5
7927	4
7928	5
7929	5
7930	8
7931	10
7932	5
7933	4
7934	3
7935	7
7936	4
7937	4
7938	7
7939	3
7940	4
7941	5
7942	2
7943	5
7944	6
7945	8
7946	2
7947	2
7948	3
7949	5
7950	6
7951	5
7952	5
7953	7
7954	7
7955	5
7956	5
7957	3
7958	6
7959	6
7960	8
7961	3
7962	4
7963	10
7964	6
7965	7
7966	6
7967	3
7968	3
7969	7
7970	8
7971	9
7972	5
7973	4
7974	5
7975	1
7976	5
7977	6
7978	4
7979	5
7980	8
7981	3
7982	7
7983	4
7984	6
7985	8
7986	3
7987	0
7988	1
7989	6
7990	3
7991	5
7992	4
7993	11
7994	7
7995	6
7996	4
7997	7
7998	5
7999	4
8000	2
8001	7
8002	7
8003	2
8004	8
8005	2
8006	5
8007	3
8008	6
8009	2
8010	3
8011	5
8012	3
8013	6
8014	6
8015	8
8016	4
8017	9
8018	7
8019	4
8020	3
8021	3
8022	4
8023	5
8024	6
8025	5
8026	4
8027	5
8028	7
8029	8
8030	7
8031	10
8032	7
8033	10
8034	7
8035	1
8036	4
8037	3
8038	10
8039	5
8040	4
8041	5
8042	4
8043	3
8044	3
8045	8
8046	4
8047	4
8048	4
8049	4
8050	3
8051	5
8052	9
8053	5
8054	7
8055	7
8056	4
8057	7
8058	5
8059	8
8060	7
8061	4
8062	5
8063	2
8064	7
8065	5
8066	5
8067	6
8068	3
8069	7
8070	3
8071	7
8072	6
8073	4
8074	6
8075	7
8076	4
8077	9
8078	4
8079	2
8080	7
8081	2
8082	5
8083	5
8084	3
8085	7
8086	1
8087	5
8088	4
8089	4
8090	6
8091	2
8092	6
8093	3
8094	2
8095	3
8096	5
8097	5
8098	5
8099	7
8100	4
8101	4
8102	0
8103	7
8104	8
8105	10
8106	10
8107	4
8108	3
8109	7
8110	6
8111	4
8112	8
8113	10
8114	3
8115	5
8116	13
8117	4
8118	5
8119	10
8120	7
8121	6
8122	8
8123	5
8124	6
8125	2
8126	6
8127	6
8128	0
8129	4
8130	0
8131	8
8132	3
8133	5
8134	6
8135	0
8136	11
8137	7
8138	2
8139	2
8140	6
8141	6
8142	4
8143	3
8144	5
8145	4
8146	8
8147	7
8148	13
8149	5
8150	5
8151	1
8152	7
8153	3
8154	7
8155	6
8156	6
8157	9
8158	4
8159	5
8160	2
8161	7
8162	5
8163	5
8164	5
8165	4
8166	5
8167	3
8168	9
8169	5
8170	2
8171	6
8172	3
8173	1
8174	1
8175	4
8176	2
8177	7
8178	5
8179	3
8180	4
8181	4
8182	10
8183	2
8184	6
8185	7
8186	6
8187	5
8188	5
8189	6
8190	3
8191	8
8192	8