818 22 0.000183367 2.40698e-010 1.00781e-139 2.89646e-013 19.4059 7.62965e-009 0.885205 2.46203e-083 0 2.05615e-278 20.2913
819 22 0.000214055 2.96949e-010 8.23511e-139 5.34069e-013 20.703 2.92137e-008 1.01903 7.29471e-083 0 5.14654e-277 21.7223
820 22.8 0.00024964 3.66035e-010 6.68319e-138 9.78945e-013 21.9557 1.07173e-007 1.16996 2.15475e-082 0 1.27781e-275 23.1259
821 23.6 0.00029086 4.50811e-010 5.3867e-137 1.78381e-012 23.1457 3.76707e-007 1.33965 6.34544e-082 0 3.14705e-274 24.4857
822 24.8 0.000338562 5.5475e-010 4.31207e-136 3.23125e-012 24.2554 1.26864e-006 1.52986 1.86294e-081 0 7.68828e-273 25.7856
823 26 0.000393708 6.82075e-010 3.42826e-135 5.81865e-012 25.2672 4.09346e-006 1.7424 5.4527e-081 0 1.86313e-271 27.01
824 27.6 0.000457397 8.37912e-010 2.70698e-134 1.04161e-011 26.1648 1.2655e-005 1.97917 1.5911e-080 0 4.47864e-270 28.1444
825 29.2 0.000530879 1.02848e-009 2.12286e-133 1.8536e-011 26.9333 3.74842e-005 2.24211 4.62868e-080 0 1.06792e-268 29.176
826 30.8 0.000615575 1.26132e-009 1.65342e-132 3.27913e-011 27.5598 0.000106378 2.53319 1.34243e-079 0 2.5259e-267 30.0937
827 31.6 0.000713098 1.54556e-009 1.27899e-131 5.76676e-011 28.0332 0.000289252 2.85441 3.8815e-079 0 5.9263e-266 30.8886
828 32 0.000825279 1.89225e-009 9.82597e-131 1.00817e-010 28.3454 0.000753558 3.20777 1.11888e-078 0 1.37924e-264 31.5547
829 32.4 0.00095419 2.31473e-009 7.49736e-130 1.75214e-010 28.4907 0.00188094 3.59523 3.21543e-078 0 3.18407e-263 32.0888
830 32.8 0.00110218 2.82915e-009 5.68153e-129 3.02714e-010 28.4667 0.00449832 4.01874 9.21233e-078 0 7.29145e-262 32.4911
831 32.8 0.0012719 3.45496e-009 4.27609e-128 5.19908e-010 28.2737 0.0103073 4.48013 2.63132e-077 0 1.65628e-260 32.7654
832 32.8 0.00146634 4.21561e-009 3.19634e-127 8.87668e-010 27.9152 0.0226284 4.98114 7.49295e-077 0 3.73201e-259 32.9205
833 32.8 0.00168889 5.13937e-009 2.37292e-126 1.50663e-009 27.3975 0.0475973 5.52339 2.12719e-076 0 8.3414e-258 32.9702
834 32.8 0.00194335 6.26023e-009 1.74959e-125 2.54209e-009 26.7297 0.0959243 6.1083 6.0205e-076 0 1.84937e-256 32.9358
835 32.8 0.002234 7.61908e-009 1.2812e-124 4.26389e-009 25.9232 0.185222 6.7371 1.69877e-075 0 4.06721e-255 32.8477
836 32.8 0.00256565 9.26502e-009 9.31791e-124 7.10971e-009 24.9916 0.342668 7.41077 4.77869e-075 0 8.87273e-254 32.7476
837 32.8 0.00294372 1.1257e-008 6.73047e-123 1.1785e-008 23.9504 0.607396 8.13002 1.34017e-074 0 1.92002e-252 32.6908
838 32.8 0.00337425 1.36656e-008 4.82833e-122 1.94193e-008 22.8162 1.03155 8.89525 3.74698e-074 0 4.12139e-251 32.7464
839 32.8 0.00386404 1.65755e-008 3.44011e-121 3.18105e-008 21.6066 1.6785 9.70649 1.04443e-073 0 8.77545e-250 32.9955
840 33.6 0.00442067 2.00879e-008 2.43429e-120 5.1801e-008 20.3396 2.61682 10.5634 2.90236e-073 0 1.85346e-248 33.5242
841 34.4 0.00505264 2.43241e-008 1.71079e-119 8.38562e-008 19.0331 3.9088 11.4653 8.04074e-073 0 3.88316e-247 34.4122
842 35.6 0.00576941 2.94286e-008 1.19411e-118 1.34947e-007 17.7047 5.5941 12.4109 2.22083e-072 0 8.07004e-246 35.7154
843 37.6 0.00658154 3.5574e-008 8.27784e-118 2.15884e-007 16.3711 7.67069 13.3986 6.11519e-072 0 1.66362e-244 37.447
844 39.6 0.00750078 4.29663e-008 5.6992e-117 3.43328e-007 15.0481 10.0776 14.4263 1.67872e-071 0 3.40189e-243 39.5595
845 42 0.00854021 5.18507e-008 3.89704e-116 5.42785e-007 13.7499 12.6852 15.4912 4.5943e-071 0 6.90042e-242 41.9348
846 44 0.00971434 6.25192e-008 2.64655e-115 8.53055e-007 12.489 15.2986 16.5904 1.25353e-070 0 1.38841e-240 44.3877
847 46.4 0.0110393 7.53187e-008 1.78505e-114 1.33277e-006 11.2763 17.6778 17.72 3.40978e-070 0 2.77109e-239 46.6851
848 48.4 0.0125329 9.06617e-008 1.19576e-113 2.06998e-006 10.1209 19.5713 18.876 9.24677e-070 0 5.48617e-238 48.5807
849 50.4 0.014215 1.09038e-007 7.95539e-113 3.19599e-006 9.02988 20.7601 20.0537 2.49993e-069 0 1.0774e-236 49.8579
850 51.2 0.0161073 1.31027e-007 5.25659e-112 4.90541e-006 8.00863 21.0988 21.2479 6.73815e-069 0 2.09881e-235 50.3714
851 50.4 0.018234 1.57317e-007 3.44961e-111 7.48473e-006 7.06068 20.5448 22.4531 1.81062e-068 0 4.05562e-234 50.0768
852 48.8 0.0206218 1.88722e-007 2.24834e-110 1.13529e-005 6.18796 19.1675 23.6632 4.85051e-068 0 7.77373e-233 49.0393
853 46.8 0.0232998 2.26205e-007 1.45538e-109 1.71186e-005 5.39088 17.1335 24.8719 1.29546e-067 0 1.47805e-231 47.4196
854 44.8 0.0263003 2.70902e-007 9.35655e-109 2.56602e-005 4.66858 14.6738 26.0725 3.4493e-067 0 2.78765e-230 45.4413
855 43.2 0.0296587 3.24155e-007 5.97419e-108 3.82368e-005 4.01903 12.0409 27.2581 9.15618e-067 0 5.21525e-229 43.3477
856 41.2 0.0334139 3.87548e-007 3.7885e-107 5.66414e-005 3.43931 9.46655 28.4214 2.4231e-066 0 9.67833e-228 41.3607
857 40 0.0376084 4.62946e-007 2.38605e-106 8.34096e-005 2.92571 7.13087 29.5551 6.39296e-066 0 1.78161e-226 39.6494
858 38.8 0.0422888 5.52543e-007 1.4925e-105 0.000122104 2.47403 5.14649 30.652 1.68154e-065 0 3.25323e-225 38.3149
859 38 0.047506 6.5892e-007 9.27205e-105 0.000177694 2.07965 3.55874 31.7046 4.40947e-065 0 5.89257e-224 37.3907
860 37.2 0.0533157 7.85112e-007 5.72085e-104 0.000257066 1.73775 2.35776 32.7057 1.15276e-064 0 1.05872e-222 36.8548
861 36.8 0.0597785 9.34677e-007 3.50566e-103 0.0003697 1.44344 1.49665 33.6483 3.00447e-064 0 1.8869e-221 36.6485
862 36.4 0.0669603 1.11179e-006 2.13355e-102 0.000528546 1.19185 0.910248 34.5256 7.80673e-064 0 3.33582e-220 36.6951
863 36.4 0.074933 1.32135e-006 1.28962e-101 0.000751186 0.978259 0.530415 35.331 2.0223e-063 0 5.84986e-219 36.9154
864 36.8 0.0837745 1.56906e-006 7.74181e-101 0.00106131 0.798178 0.296135 36.0587 5.22269e-063 0 1.0176e-217 37.2378
865 37.2 0.0935693 1.86164e-006 4.61581e-100 0.00149062 0.647378 0.15841 36.703 1.34468e-062 0 1.75588e-216 37.6038
866 37.2 0.104409 2.20691e-006 2.73325e-099 0.00208124 0.52195 0.0811877 37.259 3.45156e-062 0 3.0054e-215 37.9686
867 37.2 0.116393 2.61398e-006 1.60743e-098 0.00288874 0.418322 0.0398673 37.7223 8.83259e-062 0 5.10267e-214 38.2998
868 37.2 0.129627 3.09352e-006 9.38884e-098 0.00398588 0.333277 0.0187569 38.0893 2.25338e-061 0 8.59372e-213 38.575
869 37.6 0.144228 3.65793e-006 5.44647e-097 0.00546727 0.263944 0.00845518 38.3572 5.73131e-061 0 1.43566e-211 38.7793
870 38.4 0.160319 4.32164e-006 3.13792e-096 0.00745499 0.207793 0.00365176 38.5237 1.45328e-060 0 2.3791e-210 38.9029
871 39.2 0.178035 5.10144e-006 1.79554e-095 0.0101054 0.162616 0.00151112 38.5876 3.67381e-060 0 3.91076e-209 38.9398
872 40 0.197518 6.01685e-006 1.0204e-094 0.0136173 0.126504 0.00059912 38.5482 9.2589e-060 0 6.37672e-208 38.8865
873 40.4 0.218924 7.09049e-006 5.7593e-094 0.0182414 0.0978274 0.000227586 38.406 2.32635e-059 0 1.03139e-206 38.7413
874 40.4 0.242416 8.34864e-006 3.22845e-093 0.0242916 0.0752018 8.28316e-005 38.1621 5.82729e-059 0 1.65476e-205 38.5041
875 40 0.268172 9.82169e-006 1.79739e-092 0.0321577 0.0574656 2.88844e-005 37.8185 1.45523e-058 0 2.63351e-204 38.1763
876 39.6 0.296379 1.15448e-005 9.93838e-092 0.0423198 0.0436515 9.65047e-006 37.3777 3.62301e-058 0 4.15743e-203 37.7601
877 39.2 0.327238 1.35588e-005 5.45773e-091 0.0553646 0.0329612 3.08924e-006 36.8434 8.99255e-058 0 6.51031e-202 37.259
878 38 0.360965 1.59106e-005 2.97669e-090 0.0720031 0.0247411 9.47483e-007 36.2197 2.2252e-057 0 1.01127e-200 36.6774
879 37.2 0.397785 1.86545e-005 1.61242e-089 0.0930895 0.0184607 2.78426e-007 35.5114 5.48948e-057 0 1.55819e-199 36.0208
880 36 0.43794 2.1853e-005 8.67459e-089 0.119641 0.0136926 7.83907e-008 34.7239 1.3501e-056 0 2.38157e-198 35.2952
881 34.4 0.481685 2.55782e-005 4.63493e-088 0.152859 0.0100958 2.11464e-008 33.8632 3.31036e-056 0 3.61072e-197 34.5078
882 33.2 0.529292 2.9913e-005 2.45958e-087 0.194147 0.00739953 5.46548e-009 32.9355 8.09205e-056 0 5.43015e-196 33.6664
883 32 0.581046 3.49528e-005 1.2963e-086 0.245133 0.00539114 1.35343e-009 31.9477 1.97204e-055 0 8.10062e-195 32.7793
884 30.4 0.637249 4.08071e-005 6.78533e-086 0.307682 0.00390453 3.21116e-010 30.9067 4.79124e-055 0 1.19871e-193 31.8555
885 29.2 0.698217 4.76016e-005 3.52746e-085 0.383914 0.00281106 7.2997e-011 29.8197 1.16052e-054 0 1.75953e-192 30.9047
886 28.4 0.764283 5.54802e-005 1.82128e-084 0.476207 0.00201179 1.58989e-011 28.694 2.80242e-054 0 2.56193e-191 29.9366
887 27.6 0.835798 6.46079e-005 9.33935e-084 0.587202 0.00143123 3.31776e-012 27.5371 6.74663e-054 0 3.70021e-190 28.9616
888 26.8 0.913128 7.51735e-005 4.75642e-083 0.719797 0.00101215 6.63347e-013 26.3562 1.61925e-053 0 5.3012e-189 27.9902
889 26 0.996654 8.73929e-005 2.40585e-082 0.877128 0.000711533 1.27073e-013 25.1586 3.87451e-053 0 7.53373e-188 27.0331
890 25.2 1.08678 0.000101512 1.20859e-081 1.06254 0.000497229 2.33231e-014 23.9511 9.24257e-053 0 1.06202e-186 26.1011
891 24.4 1.18391 0.000117813 6.03e-081 1.27956 0.000345406 4.10143e-015 22.7408 2.19808e-052 0 1.48507e-185 25.2047
892 24 1.28849 0.000136615 2.98798e-080 1.5318 0.000238515 6.91037e-016 21.5338 5.21155e-052 0 2.0599e-184 24.3545
893 23.6 1.40096 0.000158283 1.47049e-079 1.82296 0.000163724 1.11554e-016 20.3365 1.23187e-051 0 2.83423e-183 23.5607
894 23.2 1.52179 0.000183232 7.18741e-079 2.15666 0.000111718 1.72539e-017 19.1544 2.90294e-051 0 3.86823e-182 22.8331
895 22.8 1.65145 0.000211935 3.48904e-078 2.53639 7.57784e-005 2.55686e-018 17.9928 6.82e-051 0 5.23693e-181 22.1809
896 22.4 1.79044 0.000244925 1.68215e-077 2.96538 5.10952e-005 3.63031e-019 16.8565 1.59737e-050 0 7.03283e-180 21.6126
897 22 1.93926 0.00028281 8.05464e-077 3.44648 3.42473e-005 4.93853e-020 15.7497 3.72992e-050 0 9.36853e-179 21.1358
898 21.6 2.09844 0.000326279 3.83047e-076 3.982 2.28184e-005 6.4368e-021 14.6763 8.68298e-050 0 1.23794e-177 20.7571
899 21.2 2.2685 0.00037611 1.80918e-075 4.57359 1.51132e-005 8.03822e-022 13.6396 2.01517e-049 0 1.62263e-176 20.482
900 21.2 2.44999 0.000433183 8.48667e-075 5.22207 9.95035e-006 9.61761e-023 12.6421 4.6626e-049 0 2.10972e-175 20.3146
901 21.2 2.64347 0.000498494 3.95382e-074 5.92733 6.51228e-006 1.10253e-023 11.6863 1.07552e-048 0 2.72094e-174 20.2576
902 21.2 2.84948 0.000573166 1.82945e-073 6.68815 4.23682e-006 1.21097e-024 10.7739 2.47335e-048 0 3.48098e-173 20.3122
903 21.2 3.0686 0.000658463 8.40712e-073 7.50211 2.74006e-006 1.27437e-025 9.90624 5.67054e-048 0 4.41745e-172 20.4776
904 21.2 3.3014 0.000755813 3.83707e-072 8.36548 1.76153e-006 1.28491e-026 9.08408 1.2961e-047 0 5.56072e-171 20.7517
905 21.2 3.54845 0.000866819 1.7393e-071 9.27318 1.12573e-006 1.24127e-027 8.3079 2.95342e-047 0 6.94349e-170 21.1304
906 21.2 3.81033 0.000993285 7.83025e-071 10.2187 7.15138e-007 1.14889e-028 7.57773 6.70944e-047 0 8.60029e-169 21.6078
907 21.6 4.08761 0.00113724 3.50106e-070 11.1943 4.51604e-007 1.01885e-029 6.89327 1.51958e-046 0 1.05666e-167 22.1763
908 22 4.38086 0.00130095 1.55471e-069 12.1906 2.8349e-007 8.65683e-031 6.25387 3.43109e-046 0 1.2878e-166 22.8266
909 22.8 4.69064 0.00148696 6.85681e-069 13.1972 1.76901e-007 7.04733e-032 5.65863 7.72353e-046 0 1.55685e-165 23.548
910 23.6 5.0175 0.00169813 3.00344e-068 14.2027 1.09732e-007 5.49677e-033 5.10635 1.7333e-045 0 1.86696e-164 24.3283
911 24.8 5.36199 0.00193764 1.30659e-067 15.1947 6.76627e-008 4.10779e-034 4.59567 3.87798e-045 0 2.22081e-163 25.1543
912 25.6 5.72463 0.00220907 5.64529e-067 16.16 4.14742e-008 2.94122e-035 4.12501 8.64991e-045 0 2.62046e-162 26.0119
913 26.8 6.10594 0.00251637 2.42246e-066 17.0853 2.52708e-008 2.01773e-036 3.69265 1.9235e-044 0 3.06711e-161 26.8864
914 27.6 6.50639 0.00286399 1.03241e-065 17.957 1.53063e-008 1.32622e-037 3.29678 4.26428e-044 0 3.56099e-160 27.763
915 28.8 6.92644 0.00325687 4.36988e-065 18.7618 9.21585e-009 8.35195e-039 2.93548 9.42485e-044 0 4.10109e-159 28.627
916 29.6 7.36655 0.0037005 1.83701e-064 19.487 5.51585e-009 5.03938e-040 2.6068 2.07672e-043 0 4.68508e-158 29.464
917 30.4 7.82709 0.004201 7.66972e-064 20.1209 3.28172e-009 2.91329e-041 2.30873 4.56198e-043 0 5.30911e-157 30.2609
918 31.2 8.30845 0.00476514 3.18032e-063 20.6528 1.9409e-009 1.61364e-042 2.03928 9.99089e-043 0 5.96782e-156 31.0053
919 32 8.81094 0.00540045 1.30974e-062 21.0737 1.14108e-009 8.56345e-044 1.79646 2.18137e-042 0 6.65423e-155 31.6865
920 32.4 9.33486 0.00611528 5.35705e-062 21.3763 6.6687e-010 4.3542e-045 1.57833 4.74819e-042 0 7.35983e-154 32.2956
921 32.8 9.88044 0.00691885 2.17616e-061 21.5554 3.87417e-010 2.12122e-046 1.38298 1.03039e-041 0 8.07469e-153 32.8257
922 33.2 10.4479 0.00782137 8.77967e-061 21.6077 2.23732e-010 9.901e-048 1.20857 2.22919e-041 0 8.78764e-152 33.272
923 33.6 11.0373 0.00883411 3.51796e-060 21.5324 1.28437e-010 4.42783e-049 1.05333 4.80805e-041 0 9.48652e-151 33.6319
924 33.6 11.6488 0.00996953 1.4e-059 21.3308 7.32932e-011 1.89723e-050 0.915579 1.03387e-040 0 1.01585e-149 33.9051
925 33.6 12.2823 0.0112413 5.53336e-059 21.0064 4.15767e-011 7.78875e-052 0.793716 2.21632e-040 0 1.07905e-148 34.0936
926 33.6 12.9379 0.0126646 2.17207e-058 20.5648 2.34449e-011 3.0636e-053 0.686235 4.73671e-040 0 1.13695e-147 34.2016
927 33.6 13.6154 0.0142561 8.46805e-058 20.0138 1.31419e-011 1.15456e-054 0.591722 1.00924e-039 0 1.1883e-146 34.2352
928 34 14.3146 0.0160338 3.27882e-057 19.3627 7.32286e-012 4.16884e-056 0.508863 2.14381e-039 0 1.23198e-145 34.2021
929 34 15.0353 0.018018 1.26088e-056 18.6222 4.05616e-012 1.44222e-057 0.436438 4.53995e-039 0 1.26697e-144 34.1119
930 34 15.7771 0.0202305 4.81568e-056 17.8044 2.23338e-012 4.78044e-059 0.37332 9.58498e-039 0 1.29247e-143 33.975
931 34 16.5396 0.0226955 1.82669e-055 16.922 1.22242e-012 1.51817e-060 0.318478 2.01746e-038 0 1.30786e-142 33.8028
932 34 17.3223 0.0254391 6.88169e-055 15.9885 6.65108e-013 4.61946e-062 0.270965 4.23343e-038 0 1.31277e-141 33.6072
933 34 18.1247 0.0284903 2.57484e-054 15.0174 3.59729e-013 1.34672e-063 0.229925 8.85635e-038 0 1.30709e-140 33.4005
934 34 18.946 0.0318804 9.56818e-054 14.0221 1.93406e-013 3.7617e-065 0.19458 1.8471e-037 0 1.29095e-139 33.1945
935 34 19.7855 0.0356436 3.53129e-053 13.0155 1.03366e-013 1.00672e-066 0.164228 3.84062e-037 0 1.26475e-138 33.0008
936 33.6 20.6424 0.0398172 1.29438e-052 12.0098 5.49158e-014 2.58136e-068 0.13824 7.96133e-037 0 1.22909e-137 32.8303
937 33.6 21.5157 0.0444418 4.71208e-052 11.0165 2.9002e-014 6.34171e-070 0.116054 1.6453e-036 0 1.18482e-136 32.6928
938 33.2 22.4045 0.0495615 1.70368e-051 10.0458 1.52255e-014 1.49273e-071 0.0971677 3.38982e-036 0 1.13295e-135 32.597
939 33.2 23.3076 0.055224 6.11772e-051 9.10652 7.94563e-015 3.36648e-073 0.0811377 6.96278e-036 0 1.07463e-134 32.5505
940 33.2 24.2238 0.0614813 2.1818e-050 8.20637 4.12189e-015 7.27423e-075 0.0675712 1.42582e-035 0 1.01109e-133 32.5592
941 33.2 25.1519 0.0683895 7.72794e-050 7.35157 2.12557e-015 1.50597e-076 0.0561227 2.91084e-035 0 9.43657e-133 32.628
942 33.2 26.0905 0.0760095 2.71855e-049 6.54696 1.0896e-015 2.98718e-078 0.0464893 5.92444e-035 0 8.73624e-132 32.7599
943 33.2 27.0381 0.0844068 9.49805e-049 5.79602 5.5523e-016 5.67709e-080 0.0384066 1.20213e-034 0 8.02275e-131 32.9569
944 33.2 27.9932 0.0936523 3.29576e-048 5.10094 2.81248e-016 1.03373e-081 0.0316444 2.4318e-034 0 7.3082e-130 33.2194
945 33.2 28.9543 0.103822 1.1358e-047 4.46273 1.41618e-016 1.80346e-083 0.0260031 4.90431e-034 0 6.60367e-129 33.5468
946 33.2 29.9196 0.114999 3.88752e-047 3.88134 7.08857e-017 3.01455e-085 0.0213104 9.8606e-034 0 5.91901e-128 33.9372
947 33.6 30.8874 0.127271 1.3215e-046 3.35577 3.52705e-017 4.82789e-087 0.0174179 1.97653e-033 0 5.2626e-127 34.3879
948 33.6 31.8559 0.140733 4.46155e-046 2.88426 1.74452e-017 7.40814e-089 0.0141984 3.94981e-033 0 4.6413e-126 34.8951
949 33.6 32.8233 0.155487 1.49599e-045 2.46437 8.57736e-018 1.08913e-090 0.011543 7.86907e-033 0 4.06039e-125 35.4547
950 34 33.7876 0.171643 4.98191e-045 2.09319 4.19221e-018 1.53414e-092 0.0093592 1.56295e-032 0 3.52358e-124 36.0618
951 34.8 34.7468 0.189316 1.64774e-044 1.76742 2.03678e-018 2.07048e-094 0.00756824 3.09486e-032 0 3.03311e-123 36.7111
952 35.2 35.699 0.208631 5.41257e-044 1.48355 9.83689e-019 2.67727e-096 0.00610365 6.10957e-032 0 2.58989e-122 37.3973
953 36 36.642 0.229722 1.76581e-043 1.23793 4.72263e-019 3.3169e-098 0.00490933 1.20242e-031 0 2.19362e-121 38.1146
954 36.8 37.5739 0.252731 5.72147e-043 1.02688 2.25383e-019 3.93722e-100 0.00393815 2.35924e-031 0 1.84302e-120 38.8574
955 37.6 38.4925 0.277809 1.84118e-042 0.846785 1.06923e-019 4.47781e-102 0.00315065 4.61492e-031 0 1.53599e-119 39.6202
956 38.8 39.3957 0.305115 5.8845e-042 0.694156 5.04236e-020 4.8793e-104 0.00251389 8.99975e-031 0 1.26979e-118 40.3975
957 40 40.2814 0.334822 1.86787e-041 0.565681 2.36378e-020 5.09411e-106 0.00200047 1.74973e-030 0 1.04128e-117 41.1839
958 41.2 41.1475 0.367109 5.88854e-041 0.458265 1.10152e-020 5.09561e-108 0.00158765 3.39145e-030 0 8.4701e-117 41.9744
959 42.4 41.9918 0.402169 1.84371e-040 0.369055 5.10261e-021 4.88361e-110 0.00125665 6.5535e-030 3.03356e-321 6.83437e-116 42.7643
960 43.6 42.8124 0.440203 5.73328e-040 0.295459 2.34965e-021 4.4844e-112 0.000992 1.26251e-029 1.60102e-318 5.47012e-115 43.549
961 44.8 43.6071 0.481425 1.77067e-039 0.235143 1.07554e-021 3.94535e-114 0.000780995 2.42478e-029 8.035e-316 4.34294e-114 44.3244
962 46 44.3739 0.526061 5.43119e-039 0.186037 4.89396e-022 3.3257e-116 0.000613228 4.64283e-029 3.9271e-313 3.42025e-113 45.0866
963 47.6 45.1109 0.574347 1.65454e-038 0.146317 2.21364e-022 2.68596e-118 0.000480213 8.86274e-029 1.86934e-310 2.6719e-112 45.832
964 48.8 45.8161 0.626534 5.00593e-038 0.114399 9.95329e-023 2.07842e-120 0.000375046 1.68666e-028 8.66626e-308 2.07048e-111 46.5574
965 49.6 46.4876 0.682883 1.50424e-037 0.0889156 4.44875e-023 1.54093e-122 0.000292127 3.20007e-028 3.91296e-305 1.59152e-110 47.2597
966 50.8 47.1238 0.743668 4.48922e-037 0.0687013 1.97661e-023 1.09459e-124 0.000226933 6.05295e-028 1.72071e-302 1.2135e-109 47.9363
967 51.6 47.7227 0.809178 1.33061e-036 0.0527695 8.73005e-024 7.44969e-127 0.000175818 1.14143e-027 7.36952e-300 9.17813e-109 48.5849
968 52 48.283 0.879711 3.91701e-036 0.0402931 3.83287e-024 4.85783e-129 0.000135851 2.14587e-027 3.07397e-297 6.88585e-108 49.2031
969 52.8 48.8029 0.95558 1.1452e-035 0.030585 1.6728e-024 3.03503e-131 0.00010469 4.02191e-027 1.24879e-294 5.12448e-107 49.7891
970 53.2 49.281 1.03711 3.32533e-035 0.023079 7.25731e-025 1.81678e-133 8.04603e-005 7.51512e-027 4.94092e-292 3.78295e-106 50.3413
971 53.6 49.7161 1.12465 9.58984e-035 0.0173124 3.12982e-025 1.04198e-135 6.16733e-005 1.39995e-026 1.90395e-289 2.77012e-105 50.8581
972 53.6 50.1069 1.21854 2.74671e-034 0.01291 1.34176e-025 5.72576e-138 4.71467e-005 2.59995e-026 7.14549e-287 2.01213e-104 51.3384
973 54 50.4523 1.31914 7.81335e-034 0.00957028 5.718e-026 3.01457e-140 3.59454e-005 4.81383e-026 2.61179e-284 1.44977e-103 51.7811
974 54.4 50.7513 1.42684 2.20743e-033 0.00705268 2.42228e-026 1.52067e-142 2.73321e-005 8.88567e-026 9.29763e-282 1.03617e-102 52.1852
975 54.4 51.0031 1.54203 6.19384e-033 0.00516672 1.02004e-026 7.34956e-145 2.07272e-005 1.63518e-025 3.22356e-279 7.34606e-102 52.5503
976 54.8 51.207 1.6651 1.72607e-032 0.00376275 4.26994e-027 3.40334e-147 1.56764e-005 2.99994e-025 1.0885e-276 5.16611e-101 52.8758
977 54.8 51.3623 1.79647 4.77727e-032 0.00272412 1.7768e-027 1.50997e-149 1.18247e-005 5.48699e-025 3.57973e-274 3.6038e-100 53.1615
978 54.8 51.4686 1.93655 1.31319e-031 0.00196054 7.34967e-028 6.41871e-152 8.89552e-006 1.00053e-024 1.14657e-271 2.49372e-099 53.4072
979 54.4 51.5257 2.0858 3.58506e-031 0.00140268 3.0221e-028 2.61424e-154 6.67407e-006 1.81887e-024 3.57669e-269 1.71167e-098 53.6129
980 54.4 51.5333 2.24463 9.72057e-031 0.000997631 1.23527e-028 1.02014e-156 4.994e-006 3.29644e-024 1.08665e-266 1.16542e-097 53.779
981 54 51.4915 2.41352 2.61764e-030 0.000705362 5.01912e-029 3.8141e-159 3.72686e-006 5.95612e-024 3.21534e-264 7.87107e-097 53.9057
982 54 51.4003 2.5929 7.0009e-030 0.000495774 2.02724e-029 1.36629e-161 2.77381e-006 1.07289e-023 9.26604e-262 5.27318e-096 53.9937
983 54 51.26 2.78326 1.85961e-029 0.000346407 8.13943e-030 4.68933e-164 2.05896e-006 1.92674e-023 2.6007e-259 3.50428e-095 54.0436
984 53.6 51.0711 2.98506 4.90584e-029 0.000240613 3.2486e-030 1.54204e-166 1.52426e-006 3.44956e-023 7.1091e-257 2.31001e-094 54.0564
985 53.2 50.834 3.19878 1.28537e-028 0.000166143 1.28887e-030 4.85846e-169 1.1254e-006 6.15712e-023 1.89264e-254 1.51049e-093 54.0329
986 52.4 50.5494 3.42489 3.3448e-028 0.000114045 5.08318e-031 1.46663e-171 8.28687e-007 1.09564e-022 4.9074e-252 9.79736e-093 53.9744
987 52.4 50.2182 3.66387 8.64439e-028 7.78217e-005 1.99285e-031 4.24187e-174 6.08574e-007 1.9437e-022 1.23926e-249 6.3036e-092 53.8822
988 52 49.8413 3.9162 2.21883e-027 5.27904e-005 7.76648e-032 1.17547e-176 4.45733e-007 3.43769e-022 3.04793e-247 4.02306e-091 53.7576
989 52 49.4197 4.18236 5.65635e-027 3.55991e-005 3.00875e-032 3.12095e-179 3.25592e-007 6.06147e-022 7.30086e-245 2.54691e-090 53.6021
990 51.6 48.9547 4.46283 1.4321e-026 2.38646e-005 1.15867e-032 7.93921e-182 2.37198e-007 1.06552e-021 1.70323e-242 1.5994e-089 53.4176
991 51.2 48.4475 4.75805 3.6011e-026 1.59037e-005 4.43555e-033 1.93502e-184 1.7234e-007 1.86734e-021 3.86991e-240 9.96299e-089 53.2056
992 50.8 47.8996 5.06851 8.99334e-026 1.0536e-005 1.6879e-033 4.51868e-187 1.24882e-007 3.26254e-021 8.56364e-238 6.15616e-088 52.9681
993 50.4 47.3124 5.39464 2.23065e-025 6.93874e-006 6.38494e-034 1.01101e-189 9.02506e-008 5.68281e-021 1.84563e-235 3.77328e-087 52.707
994 50.4 46.6875 5.73689 5.49497e-025 4.54273e-006 2.40093e-034 2.16729e-192 6.50488e-008 9.86836e-021 3.874e-233 2.29412e-086 52.4244
995 50 46.0267 6.09568 1.34439e-024 2.95654e-006 8.9746e-035 4.45139e-195 4.67591e-008 1.70844e-020 7.9196e-231 1.38357e-085 52.1223
996 49.6 45.3316 6.47141 3.26668e-024 1.91285e-006 3.33474e-035 8.75976e-198 3.35221e-008 2.9487e-020 1.5768e-228 8.27704e-085 51.8031
997 49.6 44.6043 6.86447 7.8834e-024 1.23029e-006 1.23175e-035 1.6516e-200 2.39681e-008 5.07381e-020 3.05759e-226 4.91176e-084 51.4687
998 49.2 43.8464 7.27523 1.88949e-023 7.8662e-007 4.52265e-036 2.98358e-203 1.70913e-008 8.70387e-020 5.77444e-224 2.89126e-083 51.1217
999 49.2 43.0601 7.70403 4.4978e-023 4.9998e-007 1.65073e-036 5.16401e-206 1.2155e-008 1.48855e-019 1.06211e-221 1.6882e-082 50.7641
1000 48.8 42.2473 8.15118 1.06336e-022 3.15915e-007 5.98926e-037 8.56355e-209 8.62126e-009 2.53799e-019 1.90265e-219 9.77802e-082 50.3985
1001 48.8 41.4101 8.61697 2.4968e-022 1.98435e-007 2.16013e-037 1.36062e-211 6.09853e-009 4.31411e-019 3.31954e-217 5.61779e-081 50.027
1002 48.8 40.5504 9.10164 5.82254e-022 1.23908e-007 7.74463e-038 2.07129e-214 4.30247e-009 7.3108e-019 5.64059e-215 3.20161e-080 49.6521
1003 48.4 39.6706 9.60543 1.34854e-021 7.69142e-008 2.76015e-038 3.02106e-217 3.02725e-009 1.23513e-018 9.33471e-213 1.80992e-079 49.276
1004 48 38.7725 10.1285 3.102e-021 4.7462e-008 9.77861e-039 4.2218e-220 2.12431e-009 2.08035e-018 1.50455e-210 1.01494e-078 48.901
1005 48 37.8585 10.671 7.08668e-021 2.91149e-008 3.44377e-039 5.65265e-223 1.4867e-009 3.49327e-018 2.36178e-208 5.64554e-078 48.5295
1006 47.6 36.9305 11.233 1.60793e-020 1.77548e-008 1.2056e-039 7.25144e-226 1.03769e-009 5.84795e-018 3.6108e-206 3.11502e-077 48.1635
1007 47.6 35.9906 11.8146 3.62341e-020 1.07633e-008 4.19549e-040 8.91281e-229 7.22356e-010 9.75996e-018 5.37645e-204 1.70492e-076 47.8052
1008 47.2 35.041 12.4158 8.10946e-020 6.48644e-009 1.45136e-040 1.0496e-231 5.01501e-010 1.62393e-017 7.79681e-202 9.25629e-076 47.4568
1009 47.2 34.0838 13.0364 1.80256e-019 3.88595e-009 4.99092e-041 1.18426e-234 3.4724e-010 2.69377e-017 1.1012e-199 4.98491e-075 47.1202
1010 46.8 33.1208 13.6765 3.97935e-019 2.3143e-009 1.70607e-041 1.28024e-237 2.39788e-010 4.45479e-017 1.51477e-197 2.66296e-074 46.7974
1011 46.8 32.1542 14.3359 8.72486e-019 1.37016e-009 5.79732e-042 1.32602e-240 1.65143e-010 7.3446e-017 2.02934e-195 1.41111e-073 46.4901
1012 46.8 31.1859 15.0143 1.89989e-018 8.06403e-010 1.95825e-042 1.31592e-243 1.13431e-010 1.20721e-016 2.64785e-193 7.41731e-073 46.2002
1013 46.8 30.2176 15.7115 4.10889e-018 4.71807e-010 6.57539e-043 1.25119e-246 7.77041e-011 1.97821e-016 3.3648e-191 3.8674e-072 45.9291
1014 46.8 29.2513 16.4271 8.82559e-018 2.74415e-010 2.19476e-043 1.13982e-249 5.30875e-011 3.23174e-016 4.16442e-189 2.00023e-071 45.6784
1015 46.8 28.2888 17.1607 1.88273e-017 1.58665e-010 7.28224e-044 9.94874e-253 3.61725e-011 5.26349e-016 5.01972e-187 1.0262e-070 45.4494
1016 46.4 27.3317 17.9118 3.98892e-017 9.11975e-011 2.4019e-044 8.31987e-256 2.45812e-011 8.54644e-016 5.89295e-185 5.22237e-070 45.2435
1017 46.4 26.3816 18.68 8.39358e-017 5.21095e-011 7.87512e-045 6.66626e-259 1.66596e-011 1.38347e-015 6.73775e-183 2.63629e-069 45.0616
1018 46.4 25.44 19.4646 1.75414e-016 2.95992e-011 2.56668e-045 5.1176e-262 1.12607e-011 2.2327e-015 7.50286e-181 1.3201e-068 44.9047
1019 46.4 24.5086 20.265 3.64086e-016 1.67138e-011 8.31567e-046 3.76415e-265 7.59107e-012 3.59224e-015 8.13706e-179 6.55707e-068 44.7736
1020 46.4 23.5886 21.0804 7.50531e-016 9.38208e-012 2.67816e-046 2.65269e-268 5.10363e-012 5.76199e-015 8.59482e-177 3.23072e-067 44.6689
1021 46.4 22.6813 21.9099 1.53659e-015 5.23545e-012 8.57406e-047 1.79111e-271 3.42211e-012 9.21414e-015 8.84169e-175 1.57899e-066 44.5913
1022 46.4 21.788 22.7529 3.12443e-015 2.90428e-012 2.72866e-047 1.15871e-274 2.28847e-012 1.46896e-014 8.85856e-173 7.655e-066 44.5409
1023 46.4 20.9098 23.6082 6.3097e-015 1.6016e-012 8.63224e-048 7.18204e-278 1.52628e-012 2.33475e-014 8.6441e-171 3.68129e-065 44.518
1024 46.4 20.0477 24.4748 1.26552e-014 8.78011e-013 2.71463e-048 4.26518e-281 1.01523e-012 3.69952e-014 8.21496e-169 1.75608e-064 44.5226
1025 46.4 19.2028 25.3518 2.52091e-014 4.78494e-013 8.48613e-049 2.42685e-284 6.73487e-013 5.84419e-014 7.60362e-167 8.3095e-064 44.5546
1026 46.4 18.3757 26.2379 4.98732e-014 2.59228e-013 2.63706e-049 1.32302e-287 4.45588e-013 9.204e-014 6.85431e-165 3.90027e-063 44.6137
1027 46.4 17.5675 27.132 9.79945e-014 1.39611e-013 8.14599e-050 6.91051e-291 2.94019e-013 1.44512e-013 6.01778e-163 1.81594e-062 44.6994
1028 46.4 16.7786 28.0327 1.91232e-013 7.47457e-014 2.50138e-050 3.45835e-294 1.93488e-013 2.26206e-013 5.14563e-161 8.38684e-062 44.8113
1029 46 16.0098 28.9387 3.70632e-013 3.97817e-014 7.63532e-051 1.65824e-297 1.26991e-013 3.53003e-013 4.28518e-159 3.84222e-061 44.9486
1030 46 15.2616 29.8487 7.13429e-013 2.1048e-014 2.31679e-051 7.61801e-301 8.31244e-014 5.49196e-013 3.47559e-157 1.74604e-060 45.1103
1031 46 14.5344 30.7612 1.3639e-012 1.10705e-014 6.98809e-052 3.35316e-304 5.42653e-014 8.51825e-013 2.74548e-155 7.87074e-060 45.2956
1032 46 13.8285 31.6747 2.58963e-012 5.78838e-015 2.09528e-052 1.41411e-307 3.53308e-014 1.31719e-012 2.1122e-153 3.51936e-059 45.5032
1033 46 13.1443 32.5877 4.88335e-012 3.00868e-015 6.24509e-053 5.71388e-311 2.29416e-014 2.03057e-012 1.58264e-151 1.56099e-058 45.732
1034 46 12.482 33.4985 9.14582e-012 1.55462e-015 1.85032e-053 2.21206e-314 1.4857e-014 3.12079e-012 1.15494e-149 6.86794e-058 45.9805
1035 46 11.8416 34.4056 1.70118e-011 7.98554e-016 5.44963e-054 8.20498e-318 9.5957e-015 4.78171e-012 8.20849e-148 2.99737e-057 46.2472
1036 46.4 11.2233 35.3073 3.14271e-011 4.07768e-016 1.59551e-054 2.81617e-321 6.18102e-015 7.30427e-012 5.68195e-146 1.2976e-056 46.5306
1037 46.8 10.6271 36.2018 5.76608e-011 2.06992e-016 4.64349e-055 0 3.97083e-015 1.11236e-011 3.83054e-144 5.57226e-056 46.829
1038 46.8 10.0529 37.0876 1.05071e-010 1.04454e-016 1.34339e-055 0 2.54414e-015 1.68883e-011 2.51508e-142 2.37361e-055 47.1405
1039 47.2 9.50065 37.9628 1.90155e-010 5.23992e-017 3.8634e-056 0 1.62569e-015 2.55624e-011 1.60832e-140 1.00294e-054 47.4634
1040 47.6 8.97009 38.8256 3.41789e-010 2.61309e-017 1.10446e-056 0 1.03603e-015 3.85737e-011 1.00167e-138 4.20368e-054 47.7957
1041 47.6 8.46102 39.6745 6.10143e-010 1.29544e-017 3.13866e-057 0 6.58487e-016 5.80304e-011 6.07578e-137 1.74772e-053 48.1355
1042 47.6 7.97318 40.5074 1.08176e-009 6.38422e-018 8.86644e-058 0 4.17406e-016 8.70349e-011 3.5893e-135 7.20781e-053 48.4806
1043 47.6 7.50626 41.3228 1.90481e-009 3.12773e-018 2.48981e-058 0 2.63881e-016 1.30138e-010 2.06513e-133 2.94864e-052 48.8291
1044 47.6 7.0599 42.1189 3.33119e-009 1.52329e-018 6.95018e-059 0 1.66378e-016 1.93996e-010 1.15721e-131 1.19655e-051 49.1788
1045 48 6.63371 42.8938 5.78589e-009 7.37503e-019 1.92858e-059 0 1.04621e-016 2.88305e-010 6.31551e-130 4.81643e-051 49.5275
1046 48.4 6.22727 43.646 9.98081e-009 3.54958e-019 5.31975e-060 0 6.56121e-017 4.27156e-010 3.35685e-128 1.92313e-050 49.8733
1047 48.8 5.84011 44.3737 1.70996e-008 1.69832e-019 1.45867e-060 0 4.10379e-017 6.3095e-010 1.73774e-126 7.61694e-050 50.2138
1048 48.8 5.47178 45.0752 2.90957e-008 8.0778e-020 3.9759e-061 0 2.55991e-017 9.29132e-010 8.76128e-125 2.99254e-049 50.547
1049 49.2 5.12175 45.7491 4.91696e-008 3.81942e-020 1.07727e-061 0 1.59258e-017 1.36406e-009 4.30208e-123 1.16624e-048 50.8708
1050 49.6 4.78951 46.3935 8.25257e-008 1.79527e-020 2.90153e-062 0 9.88135e-018 1.99648e-009 2.0574e-121 4.50843e-048 51.183
1051 50 4.47452 47.0072 1.37564e-007 8.38871e-021 7.76859e-063 0 6.11462e-018 2.91319e-009 9.58271e-120 1.72882e-047 51.4817
1052 50.8 4.17624 47.5886 2.27744e-007 3.89664e-021 2.06761e-063 0 3.77364e-018 4.23788e-009 4.34697e-118 6.57602e-047 51.7648
1053 50.8 3.8941 48.1363 3.74466e-007 1.79935e-021 5.47025e-064 0 2.32268e-018 6.14612e-009 1.9205e-116 2.48121e-046 52.0304
1054 50.8 3.62754 48.649 6.11507e-007 8.25981e-022 1.43866e-064 0 1.42579e-018 8.88645e-009 8.26362e-115 9.28652e-046 52.2765
1055 50.8 3.37598 49.1255 9.91779e-007 3.76926e-022 3.76115e-065 0 8.72893e-019 1.28094e-008 3.46302e-113 3.44771e-045 52.5014
1056 50.8 3.13885 49.5645 1.59754e-006 1.7099e-022 9.77453e-066 0 5.32972e-019 1.84079e-008 1.41342e-111 1.26969e-044 52.7034
1057 51.2 2.91558 49.9651 2.55573e-006 7.71113e-023 2.52513e-066 0 3.24552e-019 2.63727e-008 5.61841e-110 4.63821e-044 52.8806
1058 51.6 2.70558 50.3261 4.0607e-006 3.45696e-023 6.48459e-067 0 1.97108e-019 3.76684e-008 2.17513e-108 1.68071e-043 53.0317
1059 51.6 2.50831 50.6468 6.40784e-006 1.54064e-023 1.65537e-067 0 1.19388e-019 5.36383e-008 8.20138e-107 6.04119e-043 53.1551
1060 52 2.32318 50.9263 1.00426e-005 6.82557e-024 4.20066e-068 0 7.21199e-020 7.6146e-008 3.01174e-105 2.15398e-042 53.2495
1061 52.4 2.14966 51.1639 1.56317e-005 3.00612e-024 1.05963e-068 0 4.34498e-020 1.07769e-007 1.07715e-103 7.61812e-042 53.3136
1062 53.2 1.98718 51.359 2.41651e-005 1.31615e-024 2.65706e-069 0 2.61071e-020 1.52059e-007 3.75202e-102 2.67265e-041 53.3462
1063 53.2 1.83522 51.5111 3.71019e-005 5.72839e-025 6.6231e-070 0 1.56447e-020 2.13898e-007 1.27287e-100 9.30092e-041 53.3464
1064 53.2 1.69326 51.6198 5.65755e-005 2.47851e-025 1.64109e-070 0 9.35005e-021 2.99968e-007 4.20561e-099 3.21068e-040 53.3132
1065 53.6 1.56078 51.6849 8.56809e-005 1.06606e-025 4.0422e-071 0 5.57312e-021 4.19388e-007 1.35333e-097 1.0994e-039 53.2458
1066 54 1.43728 51.7062 0.000128874 4.55826e-026 9.89723e-072 0 3.313e-021 5.84565e-007 4.2414e-096 3.73426e-039 53.1436
1067 54 1.32229 51.6836 0.000192517 1.93753e-026 2.40892e-072 0 1.96418e-021 8.12312e-007 1.29462e-094 1.25817e-038 53.0061
1068 54 1.21532 51.6172 0.000285626 8.18706e-027 5.82831e-073 0 1.16139e-021 1.12535e-006 3.84862e-093 4.20498e-038 52.8328
1069 54 1.11594 51.5072 0.000420873 3.43905e-027 1.40177e-073 0 6.84883e-022 1.55427e-006 1.11429e-091 1.39404e-037 52.6235
1070 53.6 1.0237 51.3538 0.000615925 1.43608e-027 3.35136e-074 0 4.02801e-022 2.14012e-006 3.14208e-090 4.58434e-037 52.3781
1071 53.6 0.938187 51.1574 0.00089522 5.96141e-028 7.96485e-075 0 2.36267e-022 2.93782e-006 8.62914e-089 1.49543e-036 52.0965
1072 53.2 0.858989 50.9185 0.00129228 2.46009e-028 1.88168e-075 0 1.38214e-022 4.02055e-006 2.30805e-087 4.83886e-036 51.7788
1073 52.4 0.785722 50.6378 0.0018527 1.00921e-028 4.41904e-076 0 8.06383e-023 5.48555e-006 6.01248e-086 1.55313e-035 51.4254
1074 51.6 0.718015 50.3159 0.00263803 4.1157e-029 1.03162e-076 0 4.69211e-023 7.46156e-006 1.52542e-084 4.94494e-035 51.0365
1075 50.8 0.655512 49.9536 0.0037306 1.66853e-029 2.39402e-077 0 2.7229e-023 1.01184e-005 3.76926e-083 1.56172e-034 50.6129
1076 51.2 0.597876 49.5519 0.00523964 6.72446e-030 5.52261e-078 0 1.57592e-023 1.36795e-005 9.07091e-082 4.89252e-034 50.155
1077 51.6 0.544784 49.1117 0.00730884 2.69408e-030 1.26641e-078 0 9.0965e-024 1.84374e-005 2.12606e-080 1.52037e-033 49.6638
1078 51.6 0.49593 48.6341 0.0101256 1.07298e-030 2.8868e-079 0 5.23664e-024 2.47746e-005 4.85319e-079 4.68659e-033 49.1402
1079 51.2 0.451024 48.1204 0.0139321 4.24822e-031 6.54139e-080 0 3.00655e-024 3.31883e-005 1.07897e-077 1.43302e-032 48.5854
1080 50.8 0.409791 47.5716 0.0190386 1.67205e-031 1.47345e-080 0 1.72156e-024 4.4324e-005 2.33625e-076 4.34644e-032 48.0005
1081 50 0.37197 46.9893 0.0258392 6.5422e-032 3.29925e-081 0 9.83138e-025 5.90155e-005 4.92674e-075 1.30769e-031 47.3871
1082 49.2 0.337315 46.3747 0.0348295 2.54465e-032 7.34354e-082 0 5.59944e-025 7.83372e-005 1.01188e-073 3.90268e-031 46.7469
1083 48.4 0.305595 45.7293 0.0466273 9.83927e-033 1.62483e-082 0 3.18062e-025 0.000103668 2.02408e-072 1.15534e-030 46.0816
1084 47.6 0.276593 45.0546 0.061995 3.78205e-033 3.57374e-083 0 1.80185e-025 0.000136771 3.94324e-071 3.3927e-030 45.3933
1085 46.4 0.250103 44.3522 0.0818649 1.44518e-033 7.81357e-084 0 1.01803e-025 0.000179894 7.48186e-070 9.88256e-030 44.6844
1086 45.2 0.225932 43.6238 0.107365 5.4897e-034 1.6982e-084 0 5.73646e-026 0.000235893 1.38259e-068 2.85549e-029 43.9573
1087 44 0.203902 42.8709 0.139847 2.07302e-034 3.66893e-085 0 3.22377e-026 0.000308381 2.48833e-067 8.18429e-029 43.215
1088 42.8 0.183843 42.0953 0.180912 7.78198e-035 7.87957e-086 0 1.80685e-026 0.000401915 4.36166e-066 2.32685e-028 42.4605
1089 41.6 0.165599 41.2986 0.232437 2.90407e-035 1.6822e-086 0 1.00999e-026 0.000522221 7.44601e-065 6.56214e-028 41.6972
1090 40.4 0.149021 40.4827 0.296597 1.07734e-035 3.56998e-087 0 5.63055e-027 0.00067647 1.23801e-063 1.83574e-027 40.929
1091 39.2 0.133975 39.6492 0.375884 3.97311e-036 7.53122e-088 0 3.13056e-027 0.000873609 2.00472e-062 5.09405e-027 40.16
1092 38 0.120332 38.8 0.473112 1.45659e-036 1.57934e-088 0 1.73593e-027 0.00112476 3.16165e-061 1.40218e-026 39.3945
1093 36.8 0.107975 37.9367 0.591425 5.30855e-037 3.29231e-089 0 9.60019e-028 0.0014437 4.85626e-060 3.82854e-026 38.6375
1094 36 0.0967936 37.0612 0.734275 1.92329e-037 6.82239e-090 0 5.29499e-028 0.00184743 7.26472e-059 1.03693e-025 37.8941
1095 35.2 0.0866869 36.1751 0.905404 6.92695e-038 1.40535e-090 0 2.91265e-028 0.00235685 1.05844e-057 2.78584e-025 37.1696
1096 34.4 0.077561 35.2803 1.10879 2.48011e-038 2.8777e-091 0 1.5979e-028 0.00299758 1.5019e-056 7.4242e-025 36.4697
1097 34 0.0693292 34.3785 1.3486 8.82734e-039 5.85757e-092 0 8.74279e-029 0.00380088 2.0756e-055 1.9626e-024 35.8002
1098 33.2 0.0619116 33.4712 1.62907 3.12334e-039 1.18523e-092 0 4.77076e-029 0.00480475 2.79369e-054 5.14638e-024 35.167
1099 32.8 0.0552346 32.5603 1.95443 1.0986e-039 2.38396e-093 0 2.59635e-029 0.00605525 3.66218e-053 1.33863e-023 34.576
1100 32.4 0.0492304 31.6473 2.32876 3.8414e-040 4.76659e-094 0 1.40921e-029 0.00760795 4.67553e-052 3.45388e-023 34.0329
1101 32.4 0.0438367 30.7338 2.75583 1.33527e-040 9.47389e-095 0 7.62829e-030 0.00952965 5.81368e-051 8.83979e-023 33.543
1102 32.4 0.0389965 29.8214 3.23896 4.61403e-041 1.87181e-095 0 4.11829e-030 0.0119004 7.04045e-050 2.24422e-022 33.1112
1103 32.4 0.0346574 28.9115 3.7808 1.58497e-041 3.67626e-096 0 2.2174e-030 0.0148156 8.30384e-049 5.65166e-022 32.7418
1104 32.4 0.0307716 28.0056 4.38314 5.41243e-042 7.17735e-097 0 1.19072e-030 0.0183886 9.53863e-048 1.41181e-021 32.4379
1105 32.4 0.0272952 27.105 5.04675 1.83736e-042 1.39294e-097 0 6.37694e-031 0.0227539 1.06714e-046 3.49835e-021 32.2018
1106 32.8 0.0241884 26.2112 5.77114 6.20048e-043 2.68729e-098 0 3.40607e-031 0.0280695 1.16275e-045 8.59882e-021 32.0346
1107 32.8 0.0214146 25.3254 6.55445 2.08012e-043 5.15357e-099 0 1.8144e-031 0.0345215 1.23391e-044 2.09654e-020 31.9357
1108 32.8 0.0189407 24.4487 7.39325 6.93714e-044 9.82459e-100 0 9.63939e-032 0.042327 1.27528e-043 5.07055e-020 31.9032
1109 32.8 0.0167365 23.5823 8.28244 2.29987e-044 1.8618e-100 0 5.10746e-032 0.0517391 1.28368e-042 1.21645e-019 31.9333
1110 33.2 0.0147746 22.7274 9.21522 7.57978e-045 3.50722e-101 0 2.69897e-032 0.0630515 1.25846e-041 2.89484e-019 32.0204
1111 33.2 0.0130302 21.8849 10.183 2.48336e-045 6.56757e-102 0 1.42242e-032 0.076603 1.20157e-040 6.83347e-019 32.1575
1112 33.2 0.0114807 21.0557 11.1757 8.08823e-046 1.22253e-102 0 7.47649e-033 0.0927834 1.11735e-039 1.6001e-018 32.3356
1113 33.6 0.0101057 20.2408 12.1813 2.61877e-046 2.26217e-103 0 3.91926e-033 0.112039 1.01195e-038 3.71655e-018 32.5442
1114 33.6 0.00888693 19.4409 13.1867 8.42893e-047 4.16106e-104 0 2.04903e-033 0.134878 8.92597e-038 8.5629e-018 32.7714
1115 33.2 0.00780761 18.6567 14.1777 2.69698e-047 7.60842e-105 0 1.0684e-033 0.161878 7.668e-037 1.957e-017 33.0041
1116 33.2 0.0068528 17.8891 15.1391 8.57851e-048 1.38292e-105 0 5.55588e-034 0.193691 6.41561e-036 4.43658e-017 33.2287
1117 33.2 0.00600897 17.1384 16.0552 2.71255e-048 2.49869e-106 0 2.88145e-034 0.231049 5.22784e-035 9.97687e-017 33.4307
1118 33.2 0.005264 16.4053 16.9105 8.52655e-049 4.48786e-107 0 1.49042e-034 0.274772 4.14893e-034 2.22551e-016 33.5959
1119 33.2 0.00460696 15.6903 17.6898 2.6644e-049 8.0127e-108 0 7.68853e-035 0.325773 3.20685e-033 4.92438e-016 33.7105
1120 33.2 0.00402806 14.9937 18.3786 8.27667e-050 1.4221e-108 0 3.95563e-035 0.385064 2.41407e-032 1.08084e-015 33.7614
1121 33.2 0.00351852 14.3158 18.9639 2.55589e-050 2.50896e-109 0 2.02967e-035 0.453758 1.76991e-031 2.35321e-015 33.737
1122 32.8 0.00307049 13.6571 19.4341 7.8462e-051 4.40017e-110 0 1.03866e-035 0.533076 1.26381e-030 5.08215e-015 33.6273
1123 32.8 0.00267694 13.0175 19.7801 2.39445e-051 7.67109e-111 0 5.30105e-036 0.624351 8.789e-030 1.08874e-014 33.4246
1124 32.8 0.00233159 12.3975 19.9947 7.26414e-052 1.3294e-111 0 2.69827e-036 0.729024 5.95288e-029 2.31359e-014 33.1235
1125 32.4 0.00202884 11.7969 20.0736 2.19075e-052 2.29018e-112 0 1.36977e-036 0.848652 3.92685e-028 4.87684e-014 32.7212
1126 32 0.00176371 11.2159 20.0152 6.56796e-053 3.92187e-113 0 6.93504e-037 0.984898 2.52284e-027 1.01971e-013 32.2178
1127 31.6 0.00153176 10.6544 19.8208 1.95749e-053 6.6762e-114 0 3.50177e-037 1.13953 1.57857e-026 2.11498e-013 31.6163
1128 31.2 0.00132903 10.1125 19.4941 5.7996e-054 1.12974e-114 0 1.76345e-037 1.31443 9.61985e-026 4.35134e-013 30.9224
1129 30.4 0.00115203 9.59004 19.042 1.70815e-054 1.90037e-115 0 8.85683e-038 1.51154 5.70954e-025 8.88029e-013 30.1447
1130 29.6 0.000997641 9.08683 18.4733 5.00134e-055 3.17769e-116 0 4.4364e-038 1.73292 3.30037e-024 1.79771e-012 29.2941
1131 28.8 0.000863114 8.60272 17.7992 1.45572e-055 5.28197e-117 0 2.21626e-038 1.98067 1.85803e-023 3.60995e-012 28.3835
1132 28 0.000746012 8.1375 17.0326 4.21208e-056 8.72756e-118 0 1.1042e-038 2.25693 1.01876e-022 7.19068e-012 27.4278
1133 26.8 0.000644178 7.6909 16.1878 1.21157e-056 1.43351e-118 0 5.48675e-039 2.56388 5.4403e-022 1.42078e-011 26.4432
1134 25.6 0.000555711 7.26265 15.2798 3.4644e-057 2.34058e-119 0 2.71906e-039 2.9037 2.82944e-021 2.78466e-011 25.4467
1135 24.4 0.000478933 6.85242 14.3242 9.8478e-058 3.79889e-120 0 1.34388e-039 3.27854 1.4332e-020 5.41385e-011 24.4556
1136 23.6 0.000412367 6.45989 13.3367 2.78279e-058 6.12918e-121 0 6.62432e-040 3.69048 7.07039e-020 1.04407e-010 23.4875
1137 22.4 0.000354712 6.08467 12.3325 7.81722e-059 9.83014e-122 0 3.25656e-040 4.14152 3.3971e-019 1.99728e-010 22.559
1138 21.2 0.000304826 5.72639 11.326 2.183e-059 1.56722e-122 0 1.59667e-040 4.63352 1.58965e-018 3.78998e-010 21.6862
1139 20.4 0.000261703 5.38463 10.3306 6.0602e-060 2.48377e-123 0 7.80746e-041 5.16815 7.24479e-018 7.13384e-010 20.8837
1140 19.6 0.000224466 5.05897 9.3584 1.67244e-060 3.91296e-124 0 3.80752e-041 5.74691 3.21572e-017 1.33198e-009 20.1645
1141 19.2 0.000192342 4.74898 8.41978 4.58821e-061 6.1279e-125 0 1.85187e-041 6.371 1.39014e-016 2.46695e-009 19.5399
1142 18.8 0.000164658 4.4542 7.52357 1.25131e-061 9.53959e-126 0 8.98296e-042 7.04133 5.85287e-016 4.53223e-009 19.0193
1143 18.8 0.000140822 4.17418 6.67685 3.3925e-062 1.47625e-126 0 4.34576e-042 7.75847 2.39998e-015 8.25945e-009 18.6096
1144 18.4 0.000120322 3.90844 5.88496 9.14332e-063 2.27092e-127 0 2.09676e-042 8.52258 9.58465e-015 1.49307e-008 18.3161
1145 18.4 0.000102707 3.65651 5.15157 2.44973e-063 3.47262e-128 0 1.00895e-042 9.33342 3.72798e-014 2.67728e-008 18.1416
1146 18.4 8.7587e-005 3.41792 4.47878 6.52474e-064 5.27866e-129 0 4.84207e-043 10.1902 1.41221e-013 4.7621e-008 18.087
1147 18.4 7.4621e-005 3.19219 3.86727 1.72758e-064 7.97632e-130 0 2.31755e-043 11.0918 5.2102e-013 8.40215e-008 18.1513
1148 18.8 6.35135e-005 2.97884 3.31645 4.54719e-065 1.1981e-130 0 1.10628e-043 12.0363 1.87214e-012 1.47052e-007 18.3317
1149 19.2 5.40075e-005 2.77739 2.82466 1.18981e-065 1.78894e-131 0 5.26669e-044 13.0214 6.55167e-012 2.55293e-007 18.6235
1150 19.6 4.58802e-005 2.58737 2.38937 3.09489e-066 2.65529e-132 0 2.50063e-044 14.0443 2.23303e-011 4.39639e-007 19.021
1151 20 3.89385e-005 2.4083 2.00736 8.00278e-067 3.91778e-133 0 1.18413e-044 15.1013 7.41252e-011 7.51002e-007 19.517
1152 20.4 3.30153e-005 2.23972 1.67491 2.05716e-067 5.74618e-134 0 5.59225e-045 16.1883 2.39644e-010 1.27255e-006 20.103
1153 21.2 2.79663e-005 2.08118 1.38797 5.25684e-068 8.37782e-135 0 2.63398e-045 17.3007 7.54563e-010 2.13893e-006 20.7699
1154 21.6 2.36667e-005 1.93222 1.14234 1.3354e-068 1.21421e-135 0 1.2373e-045 18.4331 2.31395e-009 3.5662e-006 21.5077
1155 22.4 2.00089e-005 1.7924 0.933757 3.37232e-069 1.74933e-136 0 5.79665e-046 19.5799 6.91101e-009 5.89798e-006 22.3061
1156 22.8 1.69002e-005 1.66129 0.758048 8.46598e-070 2.50529e-137 0 2.70842e-046 20.7345 2.01029e-008 9.67585e-006 23.1539
1157 23.6 1.42608e-005 1.53846 0.611201 2.11278e-070 3.56664e-138 0 1.2621e-046 21.8904 5.69512e-008 1.57457e-005 24.04
1158 24.4 1.20221e-005 1.42351 0.489435 5.2416e-071 5.04744e-139 0 5.86556e-047 23.0402 1.57137e-007 2.54171e-005 24.9531
1159 25.2 1.0125e-005 1.31602 0.389252 1.29271e-071 7.10061e-140 0 2.71871e-047 24.1764 4.22261e-007 4.06983e-005 25.8817
1160 26 8.51917e-006 1.21562 0.307461 3.16936e-072 9.92961e-141 0 1.25676e-047 25.2914 1.10513e-006 6.4642e-005 26.8146
1161 26.8 7.16112e-006 1.12193 0.241198 7.72451e-073 1.38032e-141 0 5.79406e-048 26.3771 2.81692e-006 0.000101846 27.7404
1162 27.6 6.01378e-006 1.03458 0.187924 1.87155e-073 1.9074e-142 0 2.6641e-048 27.4256 6.99303e-006 0.000159169 28.6483
1163 28.4 5.04542e-006 0.953224 0.145417 4.50776e-074 2.62008e-143 0 1.22167e-048 28.4289 1.69077e-005 0.000246752 29.5278
1164 29.6 4.22892e-006 0.877519 0.111756 1.07932e-074 3.57767e-144 0 5.58726e-049 29.379 3.98138e-005 0.000379448 30.3687
1165 30.8 3.54116e-006 0.807141 0.0853008 2.56905e-075 4.85621e-145 0 2.54847e-049 30.2683 9.13085e-005 0.000578805 31.1614
1166 31.6 2.9624e-006 0.741778 0.0646634 6.07887e-076 6.55249e-146 0 1.15931e-049 31.0895 0.000203947 0.00087579 31.897
1167 32.8 2.47586e-006 0.68113 0.0486842 1.4299e-076 8.78877e-147 0 5.25964e-050 31.8356 0.000443663 0.00131449 32.5672
1168 34 2.06723e-006 0.62491 0.0364034 3.34361e-077 1.17182e-147 0 2.37986e-050 32.5002 0.000939979 0.00195704 33.1644
1169 34.8 1.7244e-006 0.572844 0.0270346 7.77245e-078 1.55313e-148 0 1.07395e-050 33.0776 0.0019396 0.00289024 33.6823
1170 35.6 1.43704e-006 0.52467 0.0199399 1.7961e-078 2.04628e-149 0 4.83342e-051 33.5626 0.00389793 0.00423403 34.1154
1171 36 1.19641e-006 0.48014 0.0146066 4.12604e-079 2.68e-150 0 2.16952e-051 33.9509 0.00762933 0.00615266 34.4594
1172 36.4 9.95125e-007 0.439017 0.0106267 9.4225e-080 3.48913e-151 0 9.71204e-052 34.239 0.0145434 0.00886871 34.7121
1173 36.4 8.26908e-007 0.401075 0.00767847 2.13909e-080 4.51556e-152 0 4.33606e-052 34.4243 0.0270008 0.0126808 34.8728
1174 36 6.86466e-007 0.366102 0.00551029 4.82751e-081 5.80922e-153 0 1.93071e-052 34.5051 0.048822 0.0179854 34.9435
1175 35.6 5.69331e-007 0.333895 0.00392733 1.08305e-081 7.4291e-154 0 8.57391e-053 34.4807 0.0859772 0.0253035 34.9298
1176 34.8 4.71729e-007 0.304263 0.00278 2.41547e-082 9.44424e-155 0 3.79732e-053 34.3512 0.147462 0.0353127 34.841
1177 34 3.90485e-007 0.277025 0.00195442 5.35532e-083 1.19347e-155 0 1.67731e-053 34.1179 0.246324 0.0488843 34.6921
1178 33.2 3.22923e-007 0.252012 0.00136463 1.18032e-083 1.49922e-156 0 7.38905e-054 33.7829 0.400738 0.0671268 34.5041
1179 32.8 2.66794e-007 0.229063 0.000946312 2.5861e-084 1.87211e-157 0 3.2464e-054 33.3492 0.634957 0.0914346 34.3056
1180 32.4 2.2021e-007 0.208027 0.000651747 5.63276e-085 2.32387e-158 0 1.4225e-054 32.8207 0.979845 0.123542 34.1328
1181 32.8 1.81585e-007 0.188762 0.000445809 1.21963e-085 2.86749e-159 0 6.21642e-055 32.2021 1.47265 0.165579 34.0296
1182 33.2 1.49591e-007 0.171137 0.00030286 2.6252e-086 3.51727e-160 0 2.70936e-055 31.4989 2.15561 0.220132 34.0461
1183 34.4 1.23116e-007 0.155025 0.000204343 5.61733e-087 4.28866e-161 0 1.17769e-055 30.7171 3.07306 0.290303 34.2357
1184 35.2 1.01229e-007 0.140311 0.000136931 1.19489e-087 5.19815e-162 0 5.10545e-056 29.8634 4.26677 0.379758 34.6504
1185 36.4 8.31538e-008 0.126886 9.11312e-005 2.5267e-088 6.26309e-163 0 2.20737e-056 28.9449 5.76975 0.492777 35.3344
1186 37.6 6.82402e-008 0.114649 6.02362e-005 5.31142e-089 7.50138e-164 0 9.51816e-057 27.9692 7.59879 0.634283 36.3169
1187 38.8 5.59476e-008 0.103503 3.95432e-005 1.10994e-089 8.9311e-165 0 4.09326e-057 26.9439 9.74676 0.809847 37.6041
1188 40 4.58253e-008 0.093362 2.57817e-005 2.30577e-090 1.05702e-165 0 1.75559e-057 25.8771 12.176 1.02568 39.1722
1189 41.2 3.74984e-008 0.084143 1.66945e-005 4.76173e-091 1.24357e-166 0 7.50958e-058 24.7768 14.8142 1.28857 40.9638
1190 42.8 3.06551e-008 0.07577 1.07365e-005 9.77561e-092 1.45435e-167 0 3.20366e-058 23.651 17.5543 1.60581 42.8868
1191 44 2.50366e-008 0.0681723 6.85761e-006 1.99505e-092 1.69076e-168 0 1.36306e-058 22.5075 20.2589 1.98503 44.8195
1192 45.6 2.04283e-008 0.0612845 4.3502e-006 4.04755e-093 1.95392e-169 0 5.7839e-059 21.354 22.7707 2.43404 46.62
1193 47.2 1.66522e-008 0.0550458 2.74075e-006 8.16323e-094 2.24463e-170 0 2.44774e-059 20.1978 24.9268 2.96058 48.1402
1194 48.4 1.3561e-008 0.0494003 1.71496e-006 1.63667e-094 2.56326e-171 0 1.03311e-059 19.046 26.5757 3.57203 49.2432
1195 49.2 1.10331e-008 0.0442962 1.06577e-006 3.26206e-095 2.90974e-172 0 4.34877e-060 17.9052 27.5952 4.27504 49.8197
1196 49.6 8.96779e-009 0.0396857 6.57801e-007 6.46328e-096 3.28343e-173 0 1.82568e-060 16.7813 27.9068 5.07522 49.8031
1197 49.6 7.28209e-009 0.035525 4.03229e-007 1.27304e-096 3.6831e-174 0 7.644e-061 15.6801 27.4863 5.97664 49.1786
1198 48.8 5.90759e-009 0.0317735 2.4549e-007 2.49267e-097 4.10687e-175 0 3.19194e-061 14.6064 26.3665 6.98148 47.9862
1199 47.2 4.78792e-009 0.0283941 1.48436e-007 4.85195e-098 4.55219e-176 0 1.32931e-061 13.5648 24.633 8.08958 46.3158
1200 45.2 3.87674e-009 0.0253525 8.91391e-008 9.38854e-099 5.01582e-177 0 5.52124e-062 12.5591 22.4135 9.29807 44.2961
1201 42.8 3.13595e-009 0.0226176 5.31646e-008 1.80597e-099 5.49384e-178 0 2.2871e-062 11.5925 19.8624 10.601 42.0786
1202 40.4 2.53429e-009 0.0201606 3.1492e-008 3.45345e-100 5.98166e-179 0 9.44866e-063 10.6677 17.1429 11.9892 39.82
1203 37.6 2.04609e-009 0.0179553 1.85269e-008 6.56487e-101 6.47411e-180 0 3.89309e-063 9.78672 14.41 13.45 37.6647
1204 35.2 1.65035e-009 0.0159776 1.08251e-008 1.24059e-101 6.96547e-181 0 1.59976e-063 8.95113 11.797 14.9673 35.7314
1205 33.2 1.32988e-009 0.0142057 6.28176e-009 2.33057e-102 7.4496e-182 0 6.55625e-064 8.16193 9.40615 16.5215 34.1038
1206 32 1.0706e-009 0.0126196 3.6204e-009 4.35237e-103 7.92004e-183 0 2.67974e-064 7.41963 7.30431 18.0903 32.8269
1207 31.2 8.61052e-010 0.0112011 2.07232e-009 8.08017e-104 8.37017e-184 0 1.09237e-064 6.72427 5.52428 19.6486 31.9083
1208 30.8 6.91852e-010 0.00993357 1.17809e-009 1.49123e-104 8.79332e-185 0 4.44102e-065 6.0755 4.06913 21.1692 31.3237
1209 31.2 5.55366e-010 0.00880202 6.65163e-010 2.7359e-105 9.18298e-186 0 1.80067e-065 5.4726 2.91914 22.6237 31.0243
1210 31.2 4.45379e-010 0.00779276 3.72993e-010 4.98982e-106 9.53294e-187 0 7.28155e-066 4.91449 2.03957 23.9835 30.9454
1211 31.6 3.5683e-010 0.00689336 2.07729e-010 9.04691e-107 9.83744e-188 0 2.93664e-066 4.39985 1.38788 25.2203 31.0149
1212 31.6 2.85613e-010 0.0060926 1.14899e-010 1.63059e-107 1.00914e-188 0 1.18118e-066 3.9271 0.9198 26.3073 31.1603
1213 31.6 2.2839e-010 0.00538029 6.31194e-011 2.92161e-108 1.02903e-189 0 4.73827e-067 3.49446 0.593696 27.2201 31.3136
1214 31.6 1.82456e-010 0.00474722 3.44375e-011 5.20389e-109 1.04309e-190 0 1.89566e-067 3.1 0.373219 27.9377 31.4157
1215 31.6 1.4562e-010 0.0041851 1.86606e-011 9.21435e-110 1.05105e-191 0 7.56382e-068 2.74168 0.228503 28.4434 31.4177
1216 31.6 1.1611e-010 0.0036864 1.00425e-011 1.62193e-110 1.05279e-192 0 3.00994e-068 2.41739 0.136254 28.7249 31.2823
1217 31.2 9.24912e-011 0.00324438 5.36767e-012 2.83811e-111 1.04826e-193 0 1.19458e-068 2.12496 0.0791291 28.7757 30.983
1218 30.4 7.36061e-011 0.00285293 2.84939e-012 4.93693e-112 1.03755e-194 0 4.72832e-069 1.86221 0.0447561 28.5943 30.5042
1219 30 5.85208e-011 0.00250659 1.50225e-012 8.53719e-113 1.02085e-195 0 1.86654e-069 1.62698 0.0246545 28.1853 29.8394
1220 29.2 4.64825e-011 0.00220042 7.86606e-013 1.46758e-113 9.98447e-197 0 7.34865e-070 1.41712 0.0132273 27.5584 28.9909
1221 28 3.68852e-011 0.00193002 4.09069e-013 2.50797e-114 9.70737e-198 0 2.88546e-070 1.23057 0.00691151 26.7284 27.9678
1222 26.8 2.92414e-011 0.0016914 2.11281e-013 4.2606e-115 9.38188e-199 0 1.12995e-070 1.06533 0.00351726 25.7146 26.7852
1223 25.2 2.31593e-011 0.00148103 1.0838e-013 7.19531e-116 9.01344e-200 0 4.41309e-071 0.919456 0.00174327 24.5401 25.4628
1224 23.6 1.83247e-011 0.00129573 5.52153e-014 1.20798e-116 8.60803e-201 0 1.71895e-071 0.79114 0.000841503 23.2306 24.0238
1225 21.6 1.44854e-011 0.00113264 2.7938e-014 2.01604e-117 8.17201e-202 0 6.67764e-072 0.678657 0.000395617 21.8138 22.494
1226 20 1.14396e-011 0.000989249 1.40396e-014 3.34479e-118 7.71198e-203 0 2.58714e-072 0.580392 0.000181143 20.3185 20.9001
1227 18.8 9.02546e-012 0.000863274 7.00713e-015 5.51658e-119 7.23461e-204 0 9.99666e-073 0.494841 8.07791e-005 18.7733 19.2691
1228 18 7.11398e-012 0.000752703 3.47335e-015 9.04484e-120 6.74647e-205 0 3.85237e-073 0.420615 3.50837e-005 17.2059 17.6273
1229 17.6 5.60195e-012 0.000655737 1.70994e-015 1.47422e-120 6.25389e-206 0 1.4806e-073 0.356433 1.48402e-005 15.6423 15.9994
