817 24.7 9.66656e-013 0.000105578 7.61774e-010 5.12332e-126 4.43577e-092 0 8.68563e-256 21.8311 1.07829e-009 0.762392 22.5936
818 24.7 1.73605e-012 0.000124047 9.3217e-010 3.38645e-125 1.47642e-091 0 1.66264e-254 23.1272 4.38343e-009 0.880376 24.0077
819 25.1 3.10039e-012 0.000145602 1.13975e-009 2.22471e-124 4.89758e-091 0 3.15924e-253 24.3783 1.70734e-008 1.01394 25.3924
820 25.8 5.50602e-012 0.000170733 1.39241e-009 1.45257e-123 1.61912e-090 0 5.95878e-252 25.5694 6.37173e-008 1.16468 26.7343
821 26.8 9.72353e-012 0.000200003 1.69969e-009 9.42623e-123 5.33466e-090 0 1.11563e-250 26.6853 2.27836e-007 1.33431 28.0198
822 28 1.70756e-011 0.000234057 2.07309e-009 6.07957e-122 1.75171e-089 0 2.07336e-249 27.7114 7.8058e-007 1.52461 29.2362
823 29.4 2.9819e-011 0.000273637 2.52646e-009 3.89712e-121 5.73252e-089 0 3.82486e-248 28.6339 2.56237e-006 1.73747 30.3716
824 30.9 5.17816e-011 0.000319594 3.07645e-009 2.48285e-120 1.86964e-088 0 7.00402e-247 29.4399 8.05926e-006 1.97481 31.4151
825 32.4 8.94178e-011 0.000372897 3.74311e-009 1.57214e-119 6.07712e-088 0 1.27311e-245 30.1181 2.42872e-005 2.23867 32.3572
826 33.6 1.53546e-010 0.000434658 4.55052e-009 9.89394e-119 1.96864e-087 0 2.29708e-244 30.6588 7.01277e-005 2.53108 33.1904
827 34.6 2.6219e-010 0.000506145 5.52756e-009 6.18845e-118 6.35569e-087 0 4.11411e-243 31.0539 0.000194013 2.85415 33.9088
828 35.2 4.45206e-010 0.000588804 6.70889e-009 3.84707e-117 2.04497e-086 0 7.31414e-242 31.2978 0.000514282 3.20996 34.5088
829 35.6 7.51747e-010 0.000684281 8.13604e-009 2.37691e-116 6.55755e-086 0 1.29074e-240 31.3866 0.00130618 3.60061 34.9892
830 35.8 1.26226e-009 0.000794451 9.85871e-009 1.4596e-115 2.09567e-085 0 2.26103e-239 31.3193 0.00317856 4.02816 35.3514
831 35.9 2.1076e-009 0.000921441 1.19364e-008 8.90814e-115 6.67472e-085 0 3.93152e-238 31.0966 0.00741121 4.49459 35.5996
832 36 3.49941e-009 0.00106767 1.44401e-008 5.40353e-114 2.11871e-084 0 6.78587e-237 30.7221 0.0165568 5.00181 35.7415
833 36 5.77786e-009 0.00123587 1.74546e-008 3.25764e-113 6.70252e-084 0 1.16262e-235 30.2011 0.03544 5.55159 35.7893
834 35.9 9.48648e-009 0.00142915 2.10813e-008 1.95193e-112 2.11316e-083 0 1.97725e-234 29.5413 0.0726842 6.14555 35.7609
835 35.7 1.54885e-008 0.00165102 2.54407e-008 1.16241e-111 6.63982e-083 0 3.3379e-233 28.7522 0.142829 6.78512 35.6818
836 35.6 2.51465e-008 0.00190544 3.06764e-008 6.88006e-111 2.07925e-082 0 5.59337e-232 27.8451 0.268918 7.47151 35.5874
837 35.5 4.05986e-008 0.00219687 3.69595e-008 4.04725e-110 6.48914e-082 0 9.30387e-231 26.8324 0.485126 8.20563 35.5254
838 35.5 6.51794e-008 0.00253036 4.4493e-008 2.36626e-109 2.01835e-081 0 1.53618e-229 25.7281 0.83853 8.98812 35.5573
839 35.5 1.04058e-007 0.00291159 5.35184e-008 1.37499e-108 6.25651e-081 0 2.51774e-228 24.5465 1.38871 9.81928 35.7574
840 35.8 1.65199e-007 0.00334692 6.43219e-008 7.94099e-108 1.93284e-080 0 4.09608e-227 23.3027 2.2036 10.699 36.2087
841 36.6 2.60797e-007 0.00384351 7.7243e-008 4.5581e-107 5.951e-080 0 6.61478e-226 22.012 3.35031 11.6268 36.9929
842 37.8 4.09415e-007 0.0044094 9.2684e-008 2.60033e-106 1.82604e-079 0 1.06035e-224 20.6893 4.88051 12.6018 38.176
843 39.7 6.39133e-007 0.00505359 1.11121e-007 1.47438e-105 5.5842e-079 0 1.68724e-223 19.3494 6.81201 13.6225 39.789
844 41.8 9.92165e-007 0.00578613 1.33116e-007 8.30855e-105 1.70192e-078 0 2.66495e-222 18.0063 9.10992 14.687 41.809
845 44.2 1.53159e-006 0.00661827 1.59335e-007 4.65346e-104 5.16946e-078 0 4.17824e-221 16.6731 11.673 15.793 44.1458
846 46.5 2.35107e-006 0.00756257 1.90561e-007 2.59038e-103 1.56488e-077 0 6.50257e-220 15.3619 14.3312 16.9375 46.6381
847 49.1 3.58884e-006 0.00863302 2.27722e-007 1.43313e-102 4.72109e-077 0 1.00454e-218 14.0834 16.8581 18.117 49.0671
848 51.5 5.44765e-006 0.00984519 2.71906e-007 7.8803e-102 1.4195e-076 0 1.54041e-217 12.8471 19.0005 19.3275 51.185
849 53.5 8.22298e-006 0.0112164 3.24399e-007 4.30661e-101 4.25357e-076 0 2.34475e-216 11.661 20.5187 20.5646 52.7556
850 54.4 1.23428e-005 0.0127659 3.86708e-007 2.33919e-100 1.27029e-075 0 3.54279e-215 10.5319 21.2308 21.8232 53.5986
851 54 1.84232e-005 0.014515 4.60609e-007 1.26278e-099 3.78075e-075 0 5.31354e-214 9.46471 21.048 23.0978 53.625
852 52.4 2.73453e-005 0.0164874 5.48184e-007 6.7753e-099 1.12146e-074 0 7.91063e-213 8.4634 19.9933 24.3823 52.8555
853 50.5 4.03612e-005 0.0187092 6.51877e-007 3.61296e-098 3.31524e-074 0 1.16903e-211 7.53039 18.1965 25.6704 51.416
854 48.5 5.92396e-005 0.0212093 7.7455e-007 1.91485e-097 9.76733e-074 0 1.71488e-210 6.66692 15.8679 26.9552 49.5113
855 46.8 8.6462e-005 0.0240196 9.19555e-007 1.00865e-096 2.86791e-073 0 2.49705e-209 5.87311 13.2581 28.2298 47.3851
856 45.2 0.000125488 0.0271752 1.09082e-006 5.28058e-096 8.39234e-073 0 3.6092e-208 5.14808 10.6138 29.4867 45.2759
857 43.7 0.000181112 0.0307149 1.29291e-006 2.74763e-095 2.44754e-072 0 5.17826e-207 4.49012 8.14126 30.7183 43.3806
858 42.5 0.000259931 0.0346812 1.5312e-006 1.42092e-094 7.11383e-072 0 7.37473e-206 3.89678 5.9833 31.917 41.832
859 41.4 0.000370964 0.0391207 1.81193e-006 7.3033e-094 2.06066e-071 0 1.04255e-204 3.36503 4.21327 33.075 40.6928
860 40.7 0.000526469 0.0440846 2.14237e-006 3.7308e-093 5.9489e-071 0 1.46298e-203 2.89139 2.84268 34.1847 39.9634
861 40.2 0.000742983 0.0496291 2.531e-006 1.89418e-092 1.71158e-070 0 2.03782e-202 2.47206 1.83766 35.2384 39.5985
862 39.9 0.00104268 0.0558154 2.98768e-006 9.55819e-092 4.90776e-070 0 2.81764e-201 2.10304 1.13823 36.2289 39.527
863 39.8 0.00145508 0.0627104 3.52389e-006 4.79364e-091 1.40249e-069 0 3.86717e-200 1.78021 0.675503 37.149 39.6688
864 40 0.00201925 0.0703872 4.15293e-006 2.38941e-090 3.99433e-069 0 5.26854e-199 1.49944 0.384107 37.992 39.9479
865 40.2 0.00278649 0.0789252 4.89026e-006 1.18373e-089 1.13375e-068 0 7.12486e-198 1.25667 0.20927 38.7516 40.2993
866 40.1 0.00382377 0.088411 5.75378e-006 5.82838e-089 3.20713e-068 0 9.56426e-197 1.04797 0.109242 39.4223 40.6717
867 39.8 0.00521784 0.0989385 6.76426e-006 2.8522e-088 9.04162e-068 0 1.27443e-195 0.869587 0.0546392 39.9988 41.0272
868 39.7 0.00708035 0.110609 7.9457e-006 1.38722e-087 2.54041e-067 0 1.68566e-194 0.717978 0.0261846 40.4767 41.3386
869 40 0.00955399 0.123534 9.32586e-006 6.70578e-087 7.1136e-067 0 2.21315e-193 0.589854 0.0120232 40.8524 41.5874
870 40.5 0.0128198 0.137832 1.09368e-005 3.22172e-086 1.9852e-066 0 2.88432e-192 0.482184 0.00528956 41.1228 41.7609
871 41.2 0.0171057 0.153633 1.28155e-005 1.53837e-085 5.52135e-066 0 3.73134e-191 0.392207 0.00222972 41.2859 41.8511
872 41.8 0.022697 0.171074 1.50047e-005 7.3008e-085 1.53044e-065 0 4.79153e-190 0.317434 0.000900553 41.3403 41.8524
873 42.3 0.0299474 0.190306 1.75535e-005 3.44362e-084 4.22781e-065 0 6.10764e-189 0.255639 0.000348496 41.2856 41.7619
874 42.6 0.0392932 0.21149 2.05185e-005 1.61434e-083 1.16397e-064 0 7.72791e-188 0.20485 0.000129216 41.1223 41.5781
875 42.8 0.0512673 0.234798 2.39647e-005 7.52161e-083 3.19373e-064 0 9.70598e-187 0.163335 4.59054e-005 40.8517 41.3012
876 42.7 0.0665164 0.260416 2.79667e-005 3.48307e-082 8.73337e-064 0 1.21006e-185 0.129586 1.56257e-005 40.4758 40.9324
877 42.4 0.0858188 0.288543 3.26105e-005 1.60305e-081 2.38009e-063 0 1.49748e-184 0.102299 5.0962e-006 39.9977 40.4744
878 41.8 0.110104 0.319389 3.79942e-005 7.33281e-081 6.4645e-063 0 1.83953e-183 0.0803562 1.59251e-006 39.4209 39.9308
879 40.8 0.140471 0.353182 4.42306e-005 3.33371e-080 1.74986e-062 0 2.24306e-182 0.0628063 4.76811e-007 38.7501 39.3066
880 39.6 0.178212 0.390162 5.14486e-005 1.50633e-079 4.72064e-062 0 2.71496e-181 0.0488452 1.36786e-007 37.9902 38.6075
881 38.4 0.22483 0.430586 5.97955e-005 6.76471e-079 1.26919e-061 0 3.26194e-180 0.0377986 3.75979e-008 37.1471 37.8403
882 37.1 0.282056 0.474726 6.94397e-005 3.01935e-078 3.40079e-061 0 3.89025e-179 0.0291048 9.90185e-009 36.2268 37.0128
883 35.8 0.35187 0.522871 8.05736e-005 1.33941e-077 9.08159e-061 0 4.60541e-178 0.0222991 2.49861e-009 35.2362 36.1334
884 34.4 0.43651 0.575326 9.34162e-005 5.90537e-077 2.41698e-060 0 5.41188e-177 0.0169999 6.041e-010 34.1824 35.2113
885 33.2 0.538483 0.632415 0.000108217 2.58772e-076 6.41078e-060 0 6.31273e-176 0.0128956 1.39942e-010 33.0726 34.2565
886 32.1 0.660565 0.694478 0.000125261 1.127e-075 1.69464e-059 0 7.30929e-175 0.0097335 3.10613e-011 31.9145 33.2794
887 31.1 0.805794 0.761874 0.000144871 4.87826e-075 4.4645e-059 0 8.40083e-174 0.00731026 6.60569e-012 30.7157 32.2908
888 30.1 0.977459 0.83498 0.000167413 2.09866e-074 1.17219e-058 0 9.58426e-173 0.00546301 1.346e-012 29.484 31.3021
889 29.3 1.17907 0.914192 0.000193305 8.97333e-074 3.06725e-058 0 1.08539e-171 0.00406224 2.62787e-013 28.2271 30.3246
890 28.4 1.41431 0.999924 0.000223019 3.8133e-073 7.99887e-058 0 1.22011e-170 0.00300562 4.91577e-014 26.9525 29.37
891 27.6 1.687 1.09261 0.00025709 1.61059e-072 2.07892e-057 0 1.36145e-169 0.00221278 8.81064e-015 25.6676 28.4497
892 27 2.00102 1.1927 0.000296124 6.76088e-072 5.38486e-057 0 1.50798e-168 0.00162098 1.51305e-015 24.3795 27.5751
893 26.6 2.36022 1.30066 0.000340806 2.8207e-071 1.39008e-056 0 1.65797e-167 0.00118155 2.48959e-016 23.095 26.7574
894 26.2 2.76835 1.41699 0.000391909 1.16963e-070 3.57629e-056 0 1.80946e-166 0.00085696 3.92493e-017 21.8205 26.0071
895 25.7 3.22889 1.54219 0.000450307 4.82028e-070 9.16969e-056 0 1.96024e-165 0.00061845 5.92878e-018 20.5619 25.3341
896 25.3 3.745 1.67679 0.000516983 1.97439e-069 2.34317e-055 0 2.10794e-164 0.000444103 8.5808e-019 19.3249 24.7477
897 24.9 4.31932 1.82132 0.000593047 8.03764e-069 5.96737e-055 0 2.25008e-163 0.000317321 1.18993e-019 18.1144 24.2559
898 24.5 4.95387 1.97634 0.000679746 3.25207e-068 1.51457e-054 0 2.3841e-162 0.000225604 1.58103e-020 16.9349 23.8661
899 24.3 5.64989 2.14243 0.000778483 1.30776e-067 3.83111e-054 0 2.50751e-161 0.0001596 2.01276e-021 15.7905 23.5838
900 24.2 6.40767 2.32016 0.000890833 5.22673e-067 9.65802e-054 0 2.61787e-160 0.000112344 2.45511e-022 14.6847 23.4135
901 24.1 7.22646 2.51014 0.00101856 2.07619e-066 2.4265e-053 0 2.71296e-159 7.86874e-005 2.86933e-023 13.6202 23.3579
902 24 8.10433 2.71299 0.00116366 8.19674e-066 6.07575e-053 0 2.79079e-158 5.48397e-005 3.21306e-024 12.5996 23.4182
903 24 9.03803 2.92931 0.00132833 3.21625e-065 1.51617e-052 0 2.84971e-157 3.80294e-005 3.44736e-025 11.6248 23.5935
904 24.1 10.023 3.15973 0.00151508 1.25428e-064 3.77072e-052 0 2.88844e-156 2.62409e-005 3.54392e-026 10.6971 23.8813
905 24.2 11.0531 3.4049 0.00172666 4.86155e-064 9.34607e-052 0 2.90613e-155 1.80166e-005 3.49068e-027 9.81744 24.2772
906 24.5 12.121 3.66544 0.00196618 1.87279e-063 2.30867e-051 0 2.9024e-154 1.23084e-005 3.29432e-028 8.98639 24.7748
907 25 13.2177 3.942 0.00223709 7.17035e-063 5.6836e-051 0 2.87731e-153 8.36695e-006 2.97887e-029 8.204 25.366
908 25.6 14.3331 4.23522 0.00254326 2.72852e-062 1.39448e-050 0 2.83143e-152 5.65935e-006 2.58086e-030 7.46998 26.0409
909 26.4 15.4558 4.54572 0.00288896 1.03193e-061 3.40982e-050 0 2.76576e-151 3.80892e-006 2.14244e-031 6.7837 26.7881
910 27.3 16.5732 4.87414 0.00327897 3.87888e-061 8.30956e-050 0 2.68171e-150 2.55077e-006 1.70405e-032 6.14422 27.5948
911 28.4 17.672 5.22109 0.00371858 1.4491e-060 2.01815e-049 0 2.58106e-149 1.69971e-006 1.29862e-033 5.55035 28.4472
912 29.2 18.7384 5.58719 0.0042137 5.38055e-060 4.8849e-049 0 2.46589e-148 1.12698e-006 9.48233e-035 5.00067 29.3305
913 30.2 19.7581 5.97301 0.00477083 1.98559e-059 1.17838e-048 0 2.33851e-147 7.43516e-007 6.634e-036 4.49354 30.2294
914 31.1 20.7167 6.37914 0.00539721 7.28266e-059 2.833e-048 0 2.20137e-146 4.8809e-007 4.44699e-037 4.0272 31.1285
915 32.2 21.6005 6.8061 0.00610084 2.65475e-058 6.78789e-048 0 2.05701e-145 3.1882e-007 2.85618e-038 3.59973 32.0125
916 33.1 22.3961 7.25444 0.00689056 9.61822e-058 1.62088e-047 0 1.90796e-144 2.07217e-007 1.75766e-039 3.20916 32.8666
917 33.9 23.0912 7.72462 0.00777615 3.46338e-057 3.85741e-047 0 1.75667e-143 1.34011e-007 1.03636e-040 2.85342 33.677
918 34.6 23.6748 8.2171 0.00876838 1.23948e-056 9.14889e-047 0 1.60547e-142 8.62362e-008 5.85489e-042 2.53042 34.431
919 35.1 24.1374 8.73229 0.00987914 4.40877e-056 2.16257e-046 0 1.45647e-141 5.52173e-008 3.16924e-043 2.23807 35.1176
920 35.6 24.4715 9.27057 0.0111215 1.55858e-055 5.09447e-046 0 1.31157e-140 3.51799e-008 1.64369e-044 1.97428 35.7275
921 35.9 24.6715 9.83225 0.0125099 5.47617e-055 1.19607e-045 0 1.17238e-139 2.23023e-008 8.16801e-046 1.73698 36.2533
922 36.3 24.7342 10.4176 0.0140601 1.91232e-054 2.79861e-045 0 1.04024e-138 1.40682e-008 3.88902e-047 1.52418 36.69
923 36.7 24.6584 11.0268 0.0157894 6.63711e-054 6.52616e-045 0 9.16203e-138 8.83009e-009 1.77417e-048 1.33392 37.0349
924 36.7 24.4454 11.6601 0.017717 2.28946e-053 1.5167e-044 0 8.01009e-137 5.51474e-009 7.75492e-050 1.16434 37.2875
925 36.9 24.0987 12.3175 0.0198636 7.84914e-053 3.51294e-044 0 6.9514e-136 3.42705e-009 3.2478e-051 1.01363 37.4497
926 36.9 23.6242 12.999 0.0222522 2.67453e-052 8.10906e-044 0 5.9882e-135 2.1191e-009 1.30326e-052 0.880105 37.5256
927 37 23.0296 13.7046 0.0249076 9.05748e-052 1.86551e-043 0 5.12046e-134 1.30382e-009 5.01074e-054 0.762154 37.5212
928 37 22.3244 14.4341 0.027857 3.04862e-051 4.27715e-043 0 4.34621e-133 7.98209e-010 1.84587e-055 0.65827 37.4447
929 37.1 21.5199 15.1874 0.0311303 1.01985e-050 9.77324e-043 0 3.66187e-132 4.86241e-010 6.51526e-057 0.567046 37.3054
930 37 20.6284 15.9641 0.0347597 3.39079e-050 2.22562e-042 0 3.06255e-131 2.94729e-010 2.20338e-058 0.487177 37.1144
931 37 19.6633 16.7638 0.0387806 1.12048e-049 5.05117e-042 0 2.54245e-130 1.77757e-010 7.13967e-060 0.417454 36.8833
932 37 18.6385 17.5862 0.0432312 3.67995e-049 1.14251e-041 0 2.09513e-129 1.06676e-010 2.21664e-061 0.356766 36.6247
933 37 17.5685 18.4305 0.0481531 1.2012e-048 2.57548e-041 0 1.71379e-128 6.37006e-011 6.5939e-063 0.304096 36.3512
934 36.9 16.4672 19.2962 0.0535916 3.89694e-048 5.78608e-041 0 1.39154e-127 3.7849e-011 1.8794e-064 0.258519 36.0755
935 36.8 15.3488 20.1824 0.0595956 1.25651e-047 1.2955e-040 0 1.12156e-126 2.23769e-011 5.13243e-066 0.219194 35.81
936 36.6 14.2263 21.0884 0.0662181 4.02668e-047 2.89082e-040 0 8.97299e-126 1.31638e-011 1.34294e-067 0.18536 35.5663
937 36.5 13.1122 22.0132 0.0735164 1.28251e-046 6.42883e-040 0 7.12593e-125 7.70542e-012 3.36683e-069 0.156336 35.3553
938 36.3 12.0178 22.9557 0.0815523 4.05988e-046 1.42486e-039 0 5.6174e-124 4.48794e-012 8.08751e-071 0.131508 35.1866
939 36.2 10.9531 23.9148 0.0903926 1.27732e-045 3.1473e-039 0 4.3956e-123 2.60095e-012 1.86139e-072 0.110332 35.0687
940 36 9.92703 24.8892 0.100109 3.99412e-045 6.92841e-039 0 3.41421e-122 1.49987e-012 4.10477e-074 0.0923217 35.0086
941 35.8 8.94674 25.8775 0.11078 1.2413e-044 1.52005e-038 0 2.63239e-121 8.60615e-013 8.67301e-076 0.0770476 35.0121
942 35.5 8.01818 26.8784 0.122488 3.83416e-044 3.32361e-038 3.21143e-322 2.01466e-120 4.9136e-013 1.75582e-077 0.0641309 35.0832
943 35.4 7.14583 27.8902 0.135322 1.17706e-043 7.24254e-038 1.21016e-319 1.53052e-119 2.79142e-013 3.40581e-079 0.053239 35.2246
944 35.3 6.33278 28.9114 0.149379 3.59138e-043 1.57289e-037 4.15365e-317 1.15417e-118 1.57793e-013 6.32978e-081 0.0440804 35.4376
945 35.4 5.58087 29.9402 0.164762 1.08908e-042 3.40437e-037 1.39157e-314 8.63945e-118 8.87529e-014 1.12716e-082 0.036401 35.7222
946 35.4 4.89075 30.9748 0.18158 3.28243e-042 7.34349e-037 4.55522e-312 6.41938e-117 4.96722e-014 1.92316e-084 0.0299803 36.0771
947 35.5 4.262 32.0133 0.199951 9.83252e-042 1.57869e-036 1.45696e-309 4.73466e-116 2.76617e-014 3.14392e-086 0.024627 36.4999
948 35.6 3.69333 33.0537 0.22 2.92732e-041 3.38235e-036 4.55317e-307 3.46636e-115 1.53278e-014 4.92444e-088 0.0201763 36.9872
949 35.9 3.18264 34.0941 0.241863 8.66186e-041 7.22219e-036 1.39032e-304 2.51912e-114 8.45117e-015 7.39048e-090 0.0164863 37.5351
950 36.2 2.72724 35.1322 0.26568 2.54734e-040 1.53691e-035 4.14805e-302 1.81724e-113 4.63647e-015 1.06272e-091 0.0134356 38.1386
951 36.7 2.32393 36.166 0.291605 7.4456e-040 3.25953e-035 1.20922e-299 1.30126e-112 2.53101e-015 1.46417e-093 0.0109206 38.7925
952 37.4 1.9692 37.1933 0.319797 2.16295e-039 6.88954e-035 3.4443e-297 9.24923e-112 1.37479e-015 1.93283e-095 0.00885299 39.4911
953 38.2 1.65928 38.2117 0.350428 6.24496e-039 1.45129e-034 9.58574e-295 6.52583e-111 7.43039e-016 2.44471e-097 0.0071579 40.2285
954 39 1.39033 39.2189 0.38368 1.79204e-038 3.04681e-034 2.60665e-292 4.57042e-110 3.99597e-016 2.96271e-099 0.00577212 40.9987
955 40 1.15846 40.2128 0.419743 5.11095e-038 6.37479e-034 6.92581e-290 3.17735e-109 2.1383e-016 3.44017e-101 0.00464235 41.7956
956 41 0.959862 41.1908 0.458821 1.44874e-037 1.32927e-033 1.798e-287 2.19262e-108 1.13855e-016 3.82737e-103 0.00372386 42.6132
957 42.1 0.790865 42.1508 0.501127 4.08146e-037 2.76243e-033 4.56081e-285 1.50193e-107 6.03207e-017 4.07991e-105 0.00297922 43.4457
958 43.3 0.647979 43.0902 0.546886 1.14281e-036 5.72133e-033 1.13038e-282 1.02124e-106 3.17993e-017 4.16706e-107 0.0023772 44.2875
959 44.5 0.527941 44.0068 0.596336 3.18032e-036 1.18095e-032 2.7374e-280 6.89275e-106 1.66803e-017 4.07791e-109 0.00189183 45.133
960 45.9 0.427736 44.8983 0.649725 8.79635e-036 2.42936e-032 6.47715e-278 4.61793e-105 8.70615e-018 3.82362e-111 0.00150159 45.9772
961 47.2 0.344613 45.7623 0.707316 2.41807e-035 4.98061e-032 1.49748e-275 3.07108e-104 4.5215e-018 3.43512e-113 0.00118871 46.8154
962 48.5 0.276091 46.5966 0.769382 6.60649e-035 1.01766e-031 3.38275e-273 2.02733e-103 2.33655e-018 2.95691e-115 0.000938535 47.643
963 49.9 0.219958 47.3989 0.83621 1.79394e-034 2.07228e-031 7.46637e-271 1.32845e-102 1.20144e-018 2.43873e-117 0.000739061 48.4558
964 51.1 0.174257 48.1672 0.9081 4.84152e-034 4.20555e-031 1.6102e-268 8.64087e-102 6.14699e-019 1.92716e-119 0.000580448 49.2501
965 52.3 0.13728 48.8993 0.985365 1.29864e-033 8.50601e-031 3.393e-266 5.57902e-101 3.12939e-019 1.45916e-121 0.000454673 50.0224
966 53.4 0.107545 49.5932 1.06833 3.46206e-033 1.71458e-030 6.98584e-264 3.57559e-100 1.58522e-019 1.05856e-123 0.000355213 50.7694
967 54.3 0.0837799 50.247 1.15733 9.17304e-033 3.44443e-030 1.40535e-261 2.27471e-099 7.9902e-020 7.35798e-126 0.000276779 51.4883
968 55 0.0649014 50.8588 1.25273 2.41562e-032 6.89614e-030 2.76237e-259 1.43646e-098 4.00737e-020 4.90039e-128 0.000215094 52.1766
969 55.8 0.0499958 51.4269 1.35487 6.32235e-032 1.37601e-029 5.30531e-257 9.00433e-098 1.99984e-020 3.12703e-130 0.000166717 52.8319
970 56.3 0.0382982 51.9497 1.46415 1.64462e-031 2.73632e-029 9.95568e-255 5.6027e-097 9.93043e-021 1.91189e-132 0.000128879 53.4522
971 56.7 0.0291735 52.4256 1.58095 4.25193e-031 5.42302e-029 1.82542e-252 3.46045e-096 4.90653e-021 1.12001e-134 9.93662e-005 54.0358
972 56.9 0.0220986 52.8534 1.70567 1.09255e-030 1.07113e-028 3.27029e-250 2.12157e-095 2.41222e-021 6.28654e-137 7.64098e-005 54.5812
973 57.3 0.0166459 53.2317 1.83873 2.7902e-030 2.10849e-028 5.72454e-248 1.29113e-094 1.18003e-021 3.38088e-139 5.8602e-005 55.0871
974 57.7 0.0124685 53.5594 1.98055 7.08212e-030 4.13648e-028 9.791e-246 7.79963e-094 5.74388e-022 1.74212e-141 4.48259e-005 55.5525
975 58 0.00928722 53.8356 2.13156 1.7866e-029 8.08755e-028 1.63623e-243 4.67698e-093 2.78197e-022 8.60112e-144 3.41979e-005 55.9765
976 58.2 0.00687897 54.0595 2.2922 4.47945e-029 1.57591e-027 2.67174e-241 2.78386e-092 1.34071e-022 4.06875e-146 2.60209e-005 56.3586
977 58.3 0.00506672 54.2304 2.46295 1.11624e-028 3.06038e-027 4.2626e-239 1.64481e-091 6.42913e-023 1.84415e-148 1.97469e-005 56.6984
978 58.3 0.00371104 54.3478 2.64424 2.76458e-028 5.92306e-027 6.64487e-237 9.64664e-091 3.06764e-023 8.0087e-151 1.49462e-005 56.9957
979 58.3 0.0027029 54.4113 2.83656 6.80509e-028 1.14247e-026 1.01212e-234 5.61597e-090 1.45644e-023 3.33239e-153 1.12827e-005 57.2506
980 58 0.00195763 54.4207 3.04038 1.66485e-027 2.19621e-026 1.50628e-232 3.24536e-089 6.8804e-024 1.32856e-155 8.49476e-006 57.4631
981 57.8 0.00140992 54.3761 3.25619 4.0481e-027 4.20756e-026 2.19034e-230 1.86161e-088 3.23423e-024 5.07496e-158 6.37884e-006 57.6337
982 57.7 0.00100978 54.2775 3.48446 9.78279e-027 8.03369e-026 3.11207e-228 1.06e-087 1.51274e-024 1.85744e-160 4.77733e-006 57.763
983 57.6 0.000719156 54.1253 3.72568 2.34969e-026 1.52872e-025 4.32035e-226 5.99115e-087 7.04029e-025 6.51368e-163 3.56847e-006 57.8517
984 57.3 0.000509313 53.9199 3.98035 5.60909e-026 2.89914e-025 5.8603e-224 3.36128e-086 3.26026e-025 2.1886e-165 2.65848e-006 57.9008
985 57 0.000358684 53.6619 4.24895 1.33079e-025 5.47947e-025 7.76699e-222 1.87192e-085 1.50228e-025 7.04591e-168 1.97532e-006 57.9112
986 56.6 0.000251192 53.3521 4.53197 3.13808e-025 1.03214e-024 1.00581e-219 1.03481e-084 6.88783e-026 2.17338e-170 1.46384e-006 57.8843
987 56.3 0.00017493 52.9913 4.82989 7.35449e-025 1.93759e-024 1.27266e-217 5.67835e-084 3.14232e-026 6.4234e-173 1.08195e-006 57.8214
988 56.1 0.00012114 52.5807 5.14319 1.71308e-024 3.62508e-024 1.5734e-215 3.09295e-083 1.42644e-026 1.81896e-175 7.97571e-007 57.724
989 55.8 8.34213e-005 52.1215 5.47233 3.96586e-024 6.75928e-024 1.90063e-213 1.67229e-082 6.44303e-027 4.93526e-178 5.86391e-007 57.5939
990 55.6 5.71257e-005 51.6149 5.81778 9.125e-024 1.25606e-023 2.2433e-211 8.97515e-082 2.89576e-027 1.283e-180 4.29989e-007 57.4327
991 55.3 3.89002e-005 51.0624 6.17997 2.08672e-023 2.32622e-023 2.58707e-209 4.78145e-081 1.295e-027 3.19575e-183 3.14472e-007 57.2425
992 55 2.63414e-005 50.4657 6.55935 4.74275e-023 4.29357e-023 2.91515e-207 2.52852e-080 5.76252e-028 7.62689e-186 2.29382e-007 57.0251
993 54.7 1.77374e-005 49.8264 6.95633 1.07135e-022 7.89795e-023 3.20956e-205 1.32728e-079 2.55147e-028 1.74402e-188 1.66875e-007 56.7828
994 54.4 1.1877e-005 49.1464 7.37131 2.4053e-022 1.4479e-022 3.45271e-203 6.91591e-079 1.1241e-028 3.82108e-191 1.21081e-007 56.5177
995 54.2 7.9084e-006 48.4274 7.80465 5.36713e-022 2.6454e-022 3.62917e-201 3.57704e-078 4.92778e-029 8.02137e-194 8.7622e-008 56.2321
996 54 5.23645e-006 47.6715 8.25672 1.19028e-021 4.81696e-022 3.72723e-199 1.83649e-077 2.14948e-029 1.6134e-196 6.32418e-008 55.9283
997 53.8 3.44786e-006 46.8809 8.72783 2.62358e-021 8.74142e-022 3.74021e-197 9.35925e-077 9.32935e-030 3.1093e-199 4.55249e-008 55.6087
998 53.5 2.25751e-006 46.0575 9.21828 5.74742e-021 1.58095e-021 3.66723e-195 4.7346e-076 4.02907e-030 5.74134e-202 3.26849e-008 55.2758
999 53.4 1.46985e-006 45.2036 9.72833 1.25138e-020 2.84961e-021 3.51327e-193 2.37747e-075 1.73138e-030 1.01577e-204 2.34044e-008 54.9319
1000 53.2 9.51662e-007 44.3215 10.2582 2.70793e-020 5.11893e-021 3.28863e-191 1.18505e-074 7.40313e-031 1.72188e-207 1.67149e-008 54.5797
1001 53 6.12715e-007 43.4134 10.8081 5.82403e-020 9.16436e-021 3.00782e-189 5.86334e-074 3.14973e-031 2.79667e-210 1.19059e-008 54.2215
1002 52.8 3.92283e-007 42.4817 11.3782 1.24493e-019 1.63513e-020 2.68794e-187 2.87968e-073 1.33342e-031 4.35221e-213 8.45809e-009 53.8599
1003 52.6 2.4975e-007 41.5287 11.9685 2.64485e-019 2.90758e-020 2.34703e-185 1.40389e-072 5.61687e-032 6.48944e-216 5.9929e-009 53.4972
1004 52.3 1.58116e-007 40.5567 12.5792 5.58462e-019 5.15276e-020 2.00239e-183 6.79374e-072 2.35428e-032 9.27115e-219 4.23502e-009 53.1359
1005 52.1 9.95439e-008 39.5681 13.2102 1.17198e-018 9.10071e-020 1.66921e-181 3.26344e-071 9.81873e-033 1.26908e-221 2.98488e-009 52.7783
1006 51.9 6.23185e-008 38.5652 13.8616 2.44447e-018 1.60191e-019 1.35958e-179 1.55607e-070 4.07463e-033 1.66447e-224 2.09822e-009 52.4268
1007 51.8 3.87959e-008 37.5505 14.5332 5.06737e-018 2.81016e-019 1.082e-177 7.36504e-070 1.68251e-033 2.09165e-227 1.47106e-009 52.0836
1008 51.6 2.4017e-008 36.5261 15.2248 1.04404e-017 4.91306e-019 8.41365e-176 3.46026e-069 6.9129e-034 2.51845e-230 1.02864e-009 51.7509
1009 51.6 1.47849e-008 35.4943 15.9364 2.1379e-017 8.56055e-019 6.39252e-174 1.61373e-068 2.82617e-034 2.9054e-233 7.17376e-010 51.4307
1010 51.4 9.05073e-009 34.4574 16.6676 4.35102e-017 1.48655e-018 4.74561e-172 7.47039e-068 1.14967e-034 3.21151e-236 4.98983e-010 51.125
1011 51.3 5.50952e-009 33.4176 17.418 8.801e-017 2.57267e-018 3.44225e-170 3.43277e-067 4.6535e-035 3.40127e-239 3.4616e-010 50.8356
1012 51.1 3.3351e-009 32.3769 18.1874 1.76933e-016 4.43729e-018 2.43963e-168 1.56579e-066 1.87423e-035 3.45145e-242 2.39509e-010 50.5643
1013 51.1 2.00757e-009 31.3375 18.9752 3.53524e-016 7.62747e-018 1.68942e-166 7.08948e-066 7.51107e-036 3.35577e-245 1.6528e-010 50.3128
1014 51 1.2017e-009 30.3014 19.781 7.02047e-016 1.30669e-017 1.1431e-164 3.18627e-065 2.99513e-036 3.12616e-248 1.13756e-010 50.0824
1015 51 7.15303e-010 29.2703 20.6041 1.38563e-015 2.23095e-017 7.55718e-163 1.42148e-064 1.1884e-036 2.79036e-251 7.80869e-011 49.8745
1016 51 4.23397e-010 28.2463 21.444 2.71811e-015 3.79609e-017 4.88167e-161 6.29488e-064 4.69188e-037 2.38637e-254 5.3461e-011 49.6903
1017 51 2.49213e-010 27.231 22.2998 5.29931e-015 6.43743e-017 3.08111e-159 2.76709e-063 1.84317e-037 1.95545e-257 3.65047e-011 49.5308
1018 50.9 1.45868e-010 26.2261 23.1709 1.02685e-014 1.08797e-016 1.90011e-157 1.20739e-062 7.20476e-038 1.53526e-260 2.48608e-011 49.397
1019 50.9 8.49012e-011 25.2332 24.0562 1.97757e-014 1.83252e-016 1.14494e-155 5.22953e-062 2.80226e-038 1.15491e-263 1.68863e-011 49.2895
1020 50.9 4.91398e-011 24.2538 24.955 3.78523e-014 3.07616e-016 6.74086e-154 2.24836e-061 1.08451e-038 8.32424e-267 1.14395e-011 49.2089
1021 51 2.82826e-011 23.2892 25.8663 7.20091e-014 5.14633e-016 3.87776e-152 9.5953e-061 4.17629e-039 5.74869e-270 7.72915e-012 49.1555
1022 50.9 1.61871e-011 22.3408 26.7888 1.3615e-013 8.58054e-016 2.1796e-150 4.06481e-060 1.60024e-039 3.80385e-273 5.20848e-012 49.1296
1023 51 9.21267e-012 21.4097 27.7217 2.55849e-013 1.4258e-015 1.19703e-148 1.70927e-059 6.10116e-040 2.41161e-276 3.50061e-012 49.1314
1024 51.2 5.21396e-012 20.497 28.6635 4.77844e-013 2.3612e-015 6.42341e-147 7.13462e-059 2.3146e-040 1.46494e-279 2.34655e-012 49.1605
1025 51.2 2.93437e-012 19.6038 29.6131 8.86999e-013 3.89705e-015 3.36788e-145 2.95611e-058 8.73726e-041 8.5263e-283 1.5688e-012 49.2169
1026 51.2 1.6422e-012 18.7308 30.5692 1.63642e-012 6.41011e-015 1.72536e-143 1.21579e-057 3.28178e-041 4.7548e-286 1.04607e-012 49.2999
1027 51.1 9.13914e-013 17.8789 31.5303 3.00057e-012 1.05081e-014 8.63643e-142 4.96347e-057 1.22653e-041 2.54058e-289 6.95675e-013 49.4092
1028 50.9 5.05765e-013 17.0488 32.4951 5.46824e-012 1.71677e-014 4.22396e-140 2.01142e-056 4.56123e-042 1.30065e-292 4.6143e-013 49.5439
1029 50.8 2.78329e-013 16.2411 33.462 9.90436e-012 2.79529e-014 2.01854e-138 8.09111e-056 1.6878e-042 6.38001e-296 3.05252e-013 49.7031
1030 50.8 1.52312e-013 15.4563 34.4295 1.78296e-011 4.53597e-014 9.42509e-137 3.23075e-055 6.21434e-043 2.99854e-299 2.01402e-013 49.8858
1031 50.8 8.28845e-014 14.6948 35.396 3.19e-011 7.3357e-014 4.29997e-135 1.28052e-054 2.27669e-043 1.35029e-302 1.32533e-013 50.0909
1032 50.8 4.48517e-014 13.9569 36.36 5.67253e-011 1.18234e-013 1.9168e-133 5.03802e-054 8.29943e-044 5.82605e-306 8.69835e-014 50.3169
1033 50.9 2.41352e-014 13.243 37.3196 1.00253e-010 1.8992e-013 8.34873e-132 1.96753e-053 3.01042e-044 2.40852e-309 5.69381e-014 50.5626
1034 50.9 1.29148e-014 12.553 38.2733 1.76098e-010 3.04037e-013 3.553e-130 7.62735e-053 1.08653e-044 9.54016e-313 3.71726e-014 50.8263
1035 50.9 6.87209e-015 11.8872 39.2192 3.0743e-010 4.85078e-013 1.47741e-128 2.93504e-052 3.90203e-045 3.62068e-316 2.42045e-014 51.1065
1036 51.1 3.63627e-015 11.2455 40.1557 5.33425e-010 7.71303e-013 6.00259e-127 1.1211e-051 1.39436e-045 1.31575e-319 1.57189e-014 51.4012
1037 51.5 1.91333e-015 10.6279 41.081 9.1989e-010 1.22227e-012 2.38291e-125 4.25072e-051 4.95786e-046 0 1.01813e-014 51.7089
1038 51.7 1.00112e-015 10.0342 41.9932 1.57665e-009 1.93035e-012 9.2429e-124 1.59982e-050 1.75408e-046 0 6.57711e-015 52.0274
1039 52 5.20898e-016 9.46429 42.8905 2.68577e-009 3.03833e-012 3.503e-122 5.97679e-050 6.17501e-047 0 4.23762e-015 52.3548
1040 52.3 2.69514e-016 8.91786 43.7713 4.54713e-009 4.76608e-012 1.29719e-120 2.21643e-049 2.16303e-047 0 2.72309e-015 52.6891
1041 52.3 1.38668e-016 8.39463 44.6336 7.65142e-009 7.45103e-012 4.69352e-119 8.15886e-049 7.53914e-048 0 1.74524e-015 53.0282
1042 52.4 7.09476e-017 7.89425 45.4757 1.27962e-008 1.16091e-011 1.6593e-117 2.98122e-048 2.61467e-048 0 1.11558e-015 53.3699
1043 52.3 3.60964e-017 7.41632 46.2958 2.12695e-008 1.80265e-011 5.73169e-116 1.0813e-047 9.02289e-049 0 7.11216e-016 53.7121
1044 52.3 1.82623e-017 6.96041 47.0922 3.51374e-008 2.78966e-011 1.93452e-114 3.89306e-047 3.09821e-049 0 4.52225e-016 54.0526
1045 52.7 9.18782e-018 6.52603 47.8631 5.76921e-008 4.30248e-011 6.37959e-113 1.39131e-046 1.05855e-049 0 2.86788e-016 54.3891
1046 52.9 4.59658e-018 6.11268 48.6069 9.41452e-008 6.61326e-011 2.05563e-111 4.93565e-046 3.59869e-050 0 1.81393e-016 54.7195
1047 53.3 2.28677e-018 5.71982 49.3218 1.52692e-007 1.01307e-010 6.47186e-110 1.73802e-045 1.21735e-050 0 1.14429e-016 55.0417
1048 53.7 1.1313e-018 5.34689 50.0064 2.46132e-007 1.54665e-010 1.99088e-108 6.0751e-045 4.0975e-051 0 7.1995e-017 55.3533
1049 54.1 5.5654e-019 4.99331 50.6591 3.94328e-007 2.35329e-010 5.98399e-107 2.10786e-044 1.37233e-051 0 4.51775e-017 55.6524
1050 54.5 2.72258e-019 4.65848 51.2783 6.27887e-007 3.56849e-010 1.75739e-105 7.25972e-044 4.57334e-052 0 2.82746e-017 55.9368
1051 54.9 1.32444e-019 4.34178 51.8627 9.93667e-007 5.3929e-010 5.04288e-104 2.48191e-043 1.5165e-052 0 1.76491e-017 56.2044
1052 55.2 6.40688e-020 4.0426 52.4108 1.56292e-006 8.12248e-010 1.4139e-102 8.42254e-043 5.00366e-053 0 1.09876e-017 56.4534
1053 55.5 3.08196e-020 3.76029 52.9214 2.44324e-006 1.21922e-009 3.8734e-101 2.83719e-042 1.64274e-053 0 6.8224e-018 56.6817
1054 55.4 1.47426e-020 3.49422 53.3934 3.79605e-006 1.82392e-009 1.0368e-099 9.48686e-042 5.36639e-054 0 4.22498e-018 56.8876
1055 55.4 7.01271e-021 3.24375 53.8255 5.86184e-006 2.7193e-009 2.71164e-098 3.14881e-041 1.74435e-054 0 2.60955e-018 57.0693
1056 55.4 3.31714e-021 3.00824 54.2168 8.99644e-006 4.04052e-009 6.92945e-097 1.03743e-040 5.6418e-055 0 1.60753e-018 57.225
1057 55.6 1.56029e-021 2.78706 54.5662 1.37228e-005 5.98335e-009 1.7302e-095 3.39281e-040 1.81567e-055 0 9.87658e-019 57.3533
1058 55.9 7.29819e-022 2.57957 54.873 2.08042e-005 8.83041e-009 4.22112e-094 1.10142e-039 5.81423e-056 0 6.05211e-019 57.4526
1059 56.2 3.3946e-022 2.38516 55.1365 3.13469e-005 1.29881e-008 1.00621e-092 3.5492e-039 1.8526e-056 0 3.6988e-019 57.5217
1060 56.6 1.5701e-022 2.20321 55.3559 4.69433e-005 1.90387e-008 2.34359e-091 1.13527e-038 5.87364e-057 0 2.2546e-019 57.5592
1061 57 7.2216e-023 2.03312 55.5308 6.98695e-005 2.78137e-008 5.33342e-090 3.60461e-038 1.85297e-057 0 1.37066e-019 57.564
1062 57.3 3.30297e-023 1.8743 55.6607 0.000103356 4.04957e-008 1.18594e-088 1.13607e-037 5.81652e-058 0 8.31082e-020 57.5351
1063 57.5 1.50224e-023 1.72616 55.7453 0.000151958 5.87606e-008 2.57661e-087 3.55421e-037 1.81674e-058 0 5.02587e-020 57.4716
1064 57.8 6.79425e-024 1.58816 55.7843 0.000222046 8.49752e-008 5.46975e-086 1.10374e-036 5.64623e-059 0 3.03132e-020 57.3727
1065 58 3.05569e-024 1.45973 55.7778 0.000322478 1.22469e-007 1.13454e-084 3.40238e-036 1.74606e-059 0 1.8235e-020 57.2379
1066 58 1.3666e-024 1.34036 55.7257 0.00046547 1.75909e-007 2.29932e-083 1.04109e-035 5.37272e-060 0 1.09404e-020 57.0665
1067 58.1 6.0777e-025 1.22953 55.6281 0.000667757 2.51814e-007 4.55316e-082 3.16214e-035 1.64499e-060 0 6.5466e-021 56.8583
1068 57.9 2.68784e-025 1.12674 55.4853 0.000952097 3.59252e-007 8.80963e-081 9.53373e-035 5.01152e-061 0 3.90706e-021 56.613
1069 57.6 1.18204e-025 1.03152 55.2977 0.00134921 5.10795e-007 1.66546e-079 2.85321e-034 1.51918e-061 0 2.32562e-021 56.3305
1070 57.3 5.16923e-026 0.943405 55.0656 0.00190026 7.23807e-007 3.07639e-078 8.47608e-034 4.58232e-062 0 1.38064e-021 56.0109
1071 57.4 2.24795e-026 0.861962 54.7897 0.00266 1.02218e-006 5.5524e-077 2.49945e-033 1.3753e-062 0 8.17474e-022 55.6543
1072 56.8 9.72102e-027 0.786767 54.4706 0.00370072 1.43866e-006 9.79154e-076 7.31617e-033 4.10716e-063 0 4.8275e-022 55.261
1073 55.9 4.18025e-027 0.717418 54.1091 0.00511713 2.018e-006 1.68715e-074 2.12575e-032 1.22046e-063 0 2.8433e-022 54.8316
1074 54.9 1.78755e-027 0.653532 53.706 0.00703237 2.82104e-006 2.84045e-073 6.13097e-032 3.60859e-064 0 1.67024e-022 54.3666
1075 54.2 7.60118e-028 0.594744 53.2624 0.00960534 3.93031e-006 4.67252e-072 1.75523e-031 1.06167e-064 0 9.78558e-023 53.8668
1076 54.1 3.21417e-028 0.540706 52.7793 0.0130395 5.45723e-006 7.51014e-071 4.98805e-031 3.10795e-065 0 5.71805e-023 53.333
1077 54.4 1.35152e-028 0.491089 52.2578 0.0175931 7.55173e-006 1.17944e-069 1.40707e-030 9.05305e-066 0 3.33244e-023 52.7665
1078 54.4 5.65119e-029 0.445582 51.6991 0.0235917 1.04147e-005 1.80982e-068 3.93994e-030 2.62392e-066 0 1.93701e-023 52.1683
1079 54.1 2.34976e-029 0.403891 51.1047 0.0314421 1.43146e-005 2.71348e-067 1.0951e-029 7.56731e-067 0 1.12293e-023 51.54
1080 53.4 9.71568e-030 0.365737 50.4757 0.0416486 1.96082e-005 3.9751e-066 3.02137e-029 2.17154e-067 0 6.49274e-024 50.8831
1081 52.6 3.99474e-030 0.330858 49.8138 0.0548307 2.67686e-005 5.68987e-065 8.27457e-029 6.20052e-068 0 3.74418e-024 50.1995
1082 51.8 1.63331e-030 0.299007 49.1204 0.0717436 3.64201e-005 7.9577e-064 2.24945e-028 1.76167e-068 0 2.15347e-024 49.4911
1083 51 6.64071e-031 0.269955 48.397 0.0932992 4.93838e-005 1.08744e-062 6.07009e-028 4.9803e-069 0 1.2353e-024 48.7603
1084 50 2.68489e-031 0.243483 47.6453 0.120589 6.67355e-005 1.45195e-061 1.62594e-027 1.40095e-069 0 7.06744e-025 48.0094
1085 48.9 1.07945e-031 0.219389 46.8669 0.154908 8.98789e-005 1.89423e-060 4.32316e-027 3.92123e-070 0 4.03277e-025 47.2413
1086 47.7 4.31564e-032 0.197482 46.0636 0.197777 0.000120639 2.41459e-059 1.14101e-026 1.09209e-070 0 2.29509e-025 46.4589
1087 46.5 1.71575e-032 0.177587 45.237 0.250964 0.000161378 3.00737e-058 2.98927e-026 3.02642e-071 0 1.30271e-025 45.6657
1088 45.1 6.78307e-033 0.159537 44.3889 0.316508 0.000215144 3.65983e-057 7.77373e-026 8.34518e-072 0 7.3748e-026 44.8652
1089 43.8 2.66665e-033 0.143179 43.5212 0.396727 0.000285853 4.35177e-056 2.00671e-025 2.28969e-072 0 4.16395e-026 44.0613
1090 42.6 1.04248e-033 0.128371 42.6355 0.494237 0.000378516 5.05595e-055 5.14195e-025 6.25105e-073 0 2.34485e-026 43.2585
1091 41.3 4.05266e-034 0.11498 41.7337 0.611947 0.000499522 5.73947e-054 1.30786e-024 1.6981e-073 0 1.31697e-026 42.4611
1092 40.1 1.56666e-034 0.102884 40.8176 0.753057 0.000656982 6.36607e-053 3.30204e-024 4.58997e-074 0 7.37721e-027 41.6742
1093 39.1 6.02249e-035 0.0919684 39.8889 0.921037 0.000861154 6.89927e-052 8.27548e-024 1.2345e-074 0 4.12156e-027 40.9028
1094 38.1 2.3022e-035 0.0821295 38.9496 1.1196 0.00112496 7.30577e-051 2.0587e-023 3.30376e-075 0 2.29659e-027 40.1524
1095 37.3 8.75133e-036 0.0732703 38.0012 1.35264 0.0014646 7.55893e-050 5.08373e-023 8.7975e-076 0 1.27632e-027 39.4286
1096 36.6 3.30805e-036 0.0653017 37.0457 1.6242 0.00190034 7.64164e-049 1.24612e-022 2.33102e-076 0 7.07438e-028 38.7371
1097 36.1 1.24347e-036 0.058142 36.0846 1.93834 0.00245738 7.54821e-048 3.03199e-022 6.14564e-077 0 3.91085e-028 38.0836
1098 35.6 4.64796e-037 0.0517158 35.1198 2.2991 0.00316694 7.28505e-047 7.32293e-022 1.61222e-077 0 2.15629e-028 37.4738
1099 35.3 1.72765e-037 0.0459542 34.1528 2.71031 0.00406759 6.86994e-046 1.75562e-021 4.20838e-078 0 1.18576e-028 36.9131
1100 35 6.38581e-038 0.0407939 33.1853 3.17554 0.00520669 6.33002e-045 4.17797e-021 1.09305e-078 0 6.50338e-029 36.4068
1101 34.9 2.34715e-038 0.0361771 32.2188 3.69786 0.00664225 5.69886e-044 9.86937e-021 2.8249e-079 0 3.55742e-029 35.9595
1102 34.9 8.57889e-039 0.0320509 31.2549 4.27976 0.00844495 5.01306e-043 2.31421e-020 7.2644e-080 0 1.94082e-029 35.5752
1103 34.9 3.11808e-039 0.0283671 30.2951 4.92294 0.0107006 4.30873e-042 5.38648e-020 1.8588e-080 0 1.05606e-029 35.2571
1104 35 1.12696e-039 0.0250818 29.3408 5.62813 0.0135128 3.61848e-041 1.24451e-019 4.73258e-081 0 5.73117e-030 35.0075
1105 35.2 4.05037e-040 0.0221549 28.3932 6.39498 0.0170064 2.96918e-040 2.85415e-019 1.19895e-081 0 3.10208e-030 34.8274
1106 35.3 1.4476e-040 0.0195501 27.4539 7.22188 0.0213308 2.38055e-039 6.49751e-019 3.0223e-082 0 1.67462e-030 34.7166
1107 35.5 5.14476e-041 0.0172345 26.5239 8.10581 0.0266643 1.86487e-038 1.46827e-018 7.58069e-083 0 9.01638e-031 34.6736
1108 35.7 1.81823e-041 0.015178 25.6044 9.04228 0.0332187 1.42742e-037 3.29347e-018 1.89198e-083 0 4.84175e-031 34.6951
1109 35.9 6.38994e-042 0.0133536 24.6966 10.0252 0.0412441 1.06755e-036 7.33317e-018 4.69848e-084 0 2.59313e-031 34.7765
1110 36.1 2.23312e-042 0.0117369 23.8016 11.0471 0.0510352 7.80106e-036 1.62076e-017 1.16101e-084 0 1.38516e-031 34.9114
1111 36.3 7.76053e-043 0.0103056 22.9202 12.0986 0.0629371 5.56996e-035 3.55577e-017 2.85461e-085 0 7.37957e-032 35.0921
1112 36.4 2.68186e-043 0.00903989 22.0534 13.1692 0.077352 3.88581e-034 7.74352e-017 6.98382e-086 0 3.92116e-032 35.309
1113 36.6 9.2161e-044 0.00792174 21.2021 14.2468 0.0947468 2.64876e-033 1.67391e-016 1.7001e-086 0 2.07803e-032 35.5516
1114 36.6 3.14937e-044 0.00693501 20.3669 15.3184 0.115661 1.76415e-032 3.59182e-016 4.11806e-087 0 1.09835e-032 35.8079
1115 36.6 1.0702e-044 0.00606515 19.5487 16.3698 0.140714 1.14804e-031 7.65045e-016 9.92532e-088 0 5.79008e-033 36.0653
1116 36.4 3.61637e-045 0.00529912 18.748 17.3864 0.170614 7.29985e-031 1.61752e-015 2.3803e-088 0 3.04426e-033 36.3103
1117 36.4 1.21519e-045 0.00462525 17.9654 18.3531 0.206168 4.53525e-030 3.39468e-015 5.68007e-089 0 1.59636e-033 36.5293
1118 36.4 4.06054e-046 0.00403306 17.2014 19.2551 0.248288 2.75308e-029 7.07194e-015 1.34869e-089 0 8.34901e-034 36.7089
1119 36.4 1.34923e-046 0.00351319 16.4564 20.0779 0.298001 1.63294e-028 1.4624e-014 3.18642e-090 0 4.35504e-034 36.8358
1120 36.3 4.45817e-047 0.0030573 15.7308 20.8078 0.356459 9.46347e-028 3.00182e-014 7.49084e-091 0 2.2657e-034 36.8981
1121 36.3 1.46484e-047 0.00265792 15.025 21.4323 0.424941 5.35874e-027 6.11634e-014 1.75224e-091 0 1.17562e-034 36.8849
1122 36.1 4.78621e-048 0.00230842 14.339 21.9405 0.504867 2.96488e-026 1.23705e-013 4.0784e-092 0 6.08391e-035 36.7867
1123 36 1.5551e-048 0.00200288 13.6732 22.3234 0.597796 1.60281e-025 2.48355e-013 9.44545e-093 0 3.14017e-035 36.5965
1124 35.7 5.02445e-049 0.00173606 13.0277 22.5741 0.705436 8.46623e-025 4.94934e-013 2.17666e-093 0 1.6165e-035 36.3089
1125 35.5 1.6143e-049 0.00150329 12.4024 22.688 0.829642 4.36947e-024 9.79064e-013 4.99106e-094 0 8.29954e-036 35.9215
1126 35.1 5.15759e-050 0.00130043 11.7976 22.6629 0.972415 2.20343e-023 1.92249e-012 1.13875e-094 0 4.24996e-036 35.4342
1127 34.6 1.63861e-050 0.00112383 11.213 22.4994 1.1359 1.08568e-022 3.74719e-012 2.58525e-095 0 2.17054e-036 34.8495
1128 34 5.17688e-051 0.000970249 10.6488 22.2005 1.32239 5.22677e-022 7.24998e-012 5.83996e-096 0 1.10562e-036 34.1726
1129 33.4 1.6264e-051 0.000836823 10.1046 21.7716 1.53428 2.45866e-021 1.39238e-011 1.31266e-096 0 5.6169e-037 33.4113
1130 32.7 5.08102e-052 0.000721028 9.58042 21.2203 1.77411 1.13004e-020 2.6544e-011 2.93583e-097 0 2.84604e-037 32.5755
1131 32 1.57849e-052 0.000620639 9.076 20.5565 2.04448 5.07483e-020 5.02302e-011 6.53346e-098 0 1.43826e-037 31.6776
1132 31.1 4.87636e-053 0.000533697 8.59111 19.7917 2.34808 2.22679e-019 9.43522e-011 1.44674e-098 0 7.24918e-038 30.7314
1133 30.2 1.49802e-053 0.000458478 8.12548 18.9387 2.68765 9.54708e-019 1.75925e-010 3.18767e-099 0 3.64412e-038 29.7523
1134 29.1 4.57617e-054 0.000393469 7.6788 18.0117 3.06591 3.99938e-018 3.25608e-010 6.98862e-100 0 1.82705e-038 28.7568
1135 28 1.39013e-054 0.000337342 7.25075 17.0253 3.48559 1.63699e-017 5.98204e-010 1.52456e-100 0 9.13611e-039 27.762
1136 26.8 4.19925e-055 0.000288934 6.84096 15.9945 3.9493 6.54682e-017 1.09092e-009 3.30927e-101 0 4.55644e-039 26.785
1137 25.9 1.2614e-055 0.000247227 6.44906 14.9342 4.45957 2.55827e-016 1.97482e-009 7.14751e-102 0 2.26644e-039 25.843
1138 24.8 3.76792e-056 0.00021133 6.07463 13.8588 5.01873 9.76776e-016 3.54854e-009 1.53608e-102 0 1.12438e-039 24.9524
1139 23.9 1.11922e-056 0.000180465 5.71727 12.7823 5.62889 3.64396e-015 6.32938e-009 3.28478e-103 0 5.56338e-040 24.1286
1140 23.1 3.30594e-057 0.000153956 5.37654 11.7172 6.29188 1.32827e-014 1.12063e-008 6.9893e-104 0 2.74547e-040 23.3858
1141 22.4 9.71046e-058 0.00013121 5.05198 10.6752 7.00916 4.73072e-014 1.96948e-008 1.47978e-104 0 1.35129e-040 22.7365
1142 21.9 2.83628e-058 0.000111713 4.74313 9.66642 7.7818 1.64627e-013 3.43582e-008 3.11742e-105 0 6.63335e-041 22.1915
1143 21.6 8.23807e-059 9.50189e-005 4.44952 8.69939 8.61039 5.59765e-013 5.94975e-008 6.53474e-106 0 3.24766e-041 21.7594
1144 21.4 2.37939e-059 8.07393e-005 4.17067 7.78122 9.49496 1.8597e-012 1.02272e-007 1.363e-106 0 1.58585e-041 21.4469
1145 21.4 6.83397e-060 6.85375e-005 3.90611 6.91739 10.435 6.03685e-012 1.74503e-007 2.82878e-107 0 7.72337e-042 21.2586
1146 21.4 1.95184e-060 5.81218e-005 3.65533 6.11184 11.4293 1.91474e-011 2.95555e-007 5.84168e-108 0 3.7515e-042 21.1965
1147 21.6 5.54348e-061 4.92401e-005 3.41786 5.36707 12.476 5.93391e-011 4.96893e-007 1.20036e-108 0 1.81742e-042 21.261
1148 21.9 1.56562e-061 4.16742e-005 3.19321 4.68423 13.5725 1.79682e-010 8.29233e-007 2.45425e-109 0 8.78135e-043 21.45
1149 22.3 4.39698e-062 3.52357e-005 2.98088 4.06326 14.7154 5.31615e-010 1.37366e-006 4.99301e-110 0 4.23175e-043 21.7596
1150 22.8 1.22797e-062 2.97624e-005 2.7804 3.50305 15.9006 1.53682e-009 2.25877e-006 1.01074e-110 0 2.03391e-043 22.184
1151 23.4 3.41026e-063 2.51143e-005 2.59128 3.0016 17.123 4.3409e-009 3.68683e-006 2.03589e-111 0 9.74981e-044 22.716
1152 23.8 9.41788e-064 2.1171e-005 2.41305 2.55621 18.3772 1.19803e-008 5.97343e-006 4.0804e-112 0 4.66138e-044 23.3464
1153 24.4 2.58633e-064 1.78292e-005 2.24524 2.16359 19.6564 3.23064e-008 9.6069e-006 8.13741e-113 0 2.22273e-044 24.0652
1154 24.9 7.06285e-065 1.49999e-005 2.0874 1.82007 20.9535 8.51215e-008 1.53367e-005 1.61475e-113 0 1.05709e-044 24.861
1155 25.6 1.91797e-065 1.26071e-005 1.93906 1.52173 22.2607 2.1914e-007 2.43036e-005 3.18829e-114 0 5.01407e-045 25.7216
1156 26.3 5.17927e-066 1.05854e-005 1.79979 1.26451 23.5695 5.51235e-007 3.82293e-005 6.26393e-115 0 2.37204e-045 26.6338
1157 27.1 1.39079e-066 8.87915e-006 1.66916 1.04434 24.8707 1.35482e-006 5.96916e-005 1.22453e-115 0 1.1192e-045 27.5843
1158 27.8 3.7138e-067 7.4405e-006 1.54675 0.85723 26.1551 3.25357e-006 9.25163e-005 2.38193e-116 0 5.26679e-046 28.5592
1159 28.6 9.86149e-068 6.22875e-006 1.43214 0.69934 27.4127 7.63428e-006 0.000142335 4.61023e-117 0 2.47194e-046 29.5443
1160 29.4 2.60394e-068 5.20917e-006 1.32494 0.567042 28.6335 1.75028e-005 0.000217368 8.87875e-118 0 1.15713e-046 30.5258
1161 30.4 6.83732e-069 4.35215e-006 1.22477 0.456959 29.8076 3.92085e-005 0.00032951 1.70144e-118 0 5.40235e-047 31.4897
1162 31.5 1.78528e-069 3.63252e-006 1.13124 0.365995 30.9248 8.5819e-005 0.000495828 3.24425e-119 0 2.51556e-047 32.4226
1163 32.6 4.63545e-070 3.02887e-006 1.044 0.291345 31.9754 0.000183535 0.000740597 6.15528e-120 0 1.16826e-047 33.3117
1164 33.7 1.19686e-070 2.52302e-006 0.962696 0.230503 32.9498 0.000383516 0.00109805 1.16203e-120 0 5.41127e-048 34.1445
1165 34.8 3.07298e-071 2.09957e-006 0.887002 0.181251 33.839 0.000783035 0.00161604 2.18283e-121 0 2.49984e-048 34.9097
1166 35.8 7.84587e-072 1.74545e-006 0.816591 0.141651 34.6347 0.00156211 0.00236086 4.08e-122 0 1.1518e-048 35.5969
1167 36.9 1.992e-072 1.44961e-006 0.751155 0.110026 35.3292 0.00304489 0.00342356 7.58811e-123 0 5.29293e-049 36.1968
1168 37.7 5.02923e-073 1.20272e-006 0.690398 0.0849385 35.9156 0.00579913 0.00492804 1.40424e-123 0 2.42588e-049 36.7017
1169 38.5 1.26264e-073 9.96892e-007 0.634036 0.0651704 36.3883 0.0107916 0.00704142 2.58575e-124 0 1.10891e-049 37.1053
1170 38.9 3.15227e-074 8.25465e-007 0.5818 0.0496972 36.7425 0.0196219 0.00998701 4.73768e-125 0 5.05562e-050 37.4036
1171 39.2 7.82589e-075 6.82837e-007 0.53343 0.0376659 36.9746 0.03486 0.0140605 8.63734e-126 0 2.29883e-050 37.5946
1172 39.2 1.93201e-075 5.64292e-007 0.488683 0.0283727 37.0823 0.0605126 0.0196496 1.56686e-126 0 1.04254e-050 37.6796
1173 38.8 4.74295e-076 4.65864e-007 0.447323 0.0212417 37.0646 0.102635 0.0272581 2.82822e-127 0 4.71555e-051 37.663
1174 38.1 1.15786e-076 3.84222e-007 0.409129 0.0158056 36.9215 0.170089 0.0375342 5.07964e-128 0 2.12728e-051 37.554
1175 37.3 2.81078e-077 3.16573e-007 0.37389 0.0116888 36.6545 0.275415 0.0513036 9.07793e-129 0 9.5713e-052 37.3668
1176 36.4 6.78521e-078 2.60576e-007 0.341407 0.00859141 36.2663 0.435744 0.0696078 1.61427e-129 0 4.29507e-052 37.1217
1177 35.7 1.62879e-078 2.14271e-007 0.311491 0.00627616 35.7609 0.673607 0.0937469 2.85628e-130 0 1.92231e-052 36.846
1178 35.1 3.88807e-079 1.76019e-007 0.283965 0.00455679 35.1432 1.01745 0.125327 5.02875e-131 0 8.58084e-053 36.5745
1179 34.8 9.22927e-080 1.44452e-007 0.258659 0.00328821 34.4194 1.50159 0.166312 8.80956e-132 0 3.82023e-053 36.3493
1180 34.8 2.17854e-080 1.18429e-007 0.235416 0.00235828 33.5964 2.16532 0.219073 1.53562e-132 0 1.6963e-053 36.2186
1181 35.4 5.11364e-081 9.69971e-008 0.214086 0.001681 32.6822 3.05086 0.286447 2.66347e-133 0 7.51223e-054 36.2353
1182 36.2 1.1936e-081 7.93649e-008 0.19453 0.0011909 31.6853 4.20006 0.371783 4.59672e-134 0 3.31809e-054 36.4529
1183 37.4 2.77049e-082 6.48734e-008 0.176616 0.000838527 30.6149 5.64962 0.478986 7.89373e-135 0 1.46171e-054 36.9209
1184 38.7 6.39465e-083 5.29752e-008 0.16022 0.000586807 29.4806 7.42531 0.612557 1.34881e-135 0 6.42227e-055 37.6792
1185 40.1 1.46772e-083 4.32163e-008 0.145228 0.000408139 28.2922 9.53546 0.777604 2.29328e-136 0 2.81429e-055 38.7509
1186 41.4 3.34993e-084 3.52201e-008 0.13153 0.000282135 27.0599 11.9647 0.979851 3.87968e-137 0 1.22999e-055 40.1363
1187 43 7.60313e-085 2.86749e-008 0.119028 0.000193839 25.7938 14.6686 1.2256 6.53087e-138 0 5.36153e-056 41.8072
1188 44.4 1.71599e-085 2.33228e-008 0.107626 0.000132362 24.5037 17.5716 1.5217 1.09391e-138 0 2.33093e-056 43.7047
1189 45.9 3.85127e-086 1.89508e-008 0.097236 8.98291e-005 23.1993 20.5667 1.87542 1.82316e-139 0 1.0107e-056 45.7388
1190 47.3 8.59523e-087 1.53831e-008 0.0877776 6.0591e-005 21.8901 23.5206 2.29433 3.02347e-140 0 4.37088e-057 47.7929
1191 48.8 1.90755e-087 1.24747e-008 0.0791745 4.06195e-005 20.585 26.2824 2.78615 4.98908e-141 0 1.88525e-057 49.7327
1192 50.1 4.2098e-088 1.01061e-008 0.0713562 2.70643e-005 19.2921 28.6954 3.35846 8.19163e-142 0 8.11003e-058 51.4173
1193 51.4 9.23873e-089 8.17904e-009 0.0642574 1.79223e-005 18.0193 30.6119 4.01851 1.33831e-142 0 3.4796e-058 52.714
1194 52.4 2.01617e-089 6.6129e-009 0.0578175 1.17958e-005 16.7735 31.9081 4.77287 2.17558e-143 0 1.48898e-058 53.5123
1195 53.1 4.37532e-090 5.34133e-009 0.0519805 7.71604e-006 15.561 32.497 5.62709 3.51909e-144 0 6.35483e-059 53.737
1196 53.4 9.44183e-091 4.30998e-009 0.0466945 5.01647e-006 14.3874 32.3382 6.58531 5.66396e-145 0 2.70502e-059 53.3576
1197 52.9 2.02614e-091 3.47431e-009 0.0419119 3.24144e-006 13.2572 31.4428 7.64995 9.07079e-146 0 1.14839e-059 52.3918
1198 51.9 4.32361e-092 2.7979e-009 0.0375883 2.08167e-006 12.1745 29.8715 8.82124 1.44546e-146 0 4.86256e-060 50.9048
1199 50.2 9.17466e-093 2.25093e-009 0.0336832 1.32869e-006 11.1424 27.7284 10.0969 2.29193e-147 0 2.05349e-060 49.0014
1200 48.2 1.93597e-093 1.80909e-009 0.0301591 8.42884e-007 10.1633 25.1492 11.472 3.61602e-148 0 8.64914e-061 46.8146
1201 45.6 4.06231e-094 1.45254e-009 0.0269816 5.31433e-007 9.23888 22.2871 12.9383 5.6767e-149 0 3.63335e-061 44.4913
1202 42.7 8.47643e-095 1.1651e-009 0.0241192 3.33016e-007 8.37013 19.2982 14.4846 8.8674e-150 0 1.52228e-061 42.177
1203 39.9 1.75881e-095 9.33614e-010 0.0215429 2.07404e-007 7.55741 16.3271 16.0962 1.37826e-150 0 6.36114e-062 40.0022
1204 37.4 3.62902e-096 7.47377e-010 0.019226 1.28382e-007 6.80052 13.4969 17.7553 2.13158e-151 0 2.65112e-062 38.072
1205 35.4 7.44604e-097 5.97696e-010 0.0171442 7.8982e-008 6.09874 10.9016 19.4412 3.28025e-152 0 1.10199e-062 36.4587
1206 34 1.51924e-097 4.77517e-010 0.0152754 4.82933e-008 5.45087 8.60357 21.1304 5.02282e-153 0 4.56854e-063 35.2001
1207 33.4 3.08244e-098 3.81123e-010 0.0135991 2.93481e-008 4.85534 6.63435 22.7972 7.65284e-154 0 1.889e-063 34.3005
1208 33.1 6.21909e-099 3.03886e-010 0.0120969 1.7726e-008 4.31025 4.99861 24.4142 1.1602e-154 0 7.79004e-064 33.7352
1209 33.3 1.24774e-099 2.42061e-010 0.0107519 1.06408e-008 3.81341 3.67986 25.9534 1.75016e-155 0 3.20406e-064 33.4575
1210 33.6 2.48937e-100 1.92622e-010 0.00954857 6.34856e-009 3.36242 2.64695 27.3865 2.627e-156 0 1.31436e-064 33.4054
1211 34 4.93877e-101 1.53129e-010 0.008473 3.76453e-009 2.95474 1.86033 28.6857 3.92351e-157 0 5.37753e-065 33.5093
1212 34.3 9.74346e-102 1.21612e-010 0.00751243 2.21862e-009 2.58771 1.27752 29.8253 5.83077e-158 0 2.19434e-065 33.698
1213 34.7 1.9115e-102 9.64854e-011 0.00665532 1.29954e-009 2.2586 0.857187 30.7817 8.62206e-159 0 8.93056e-066 33.9042
1214 34.8 3.72906e-103 7.64745e-011 0.00589118 7.56539e-010 1.96468 0.561973 31.5348 1.26862e-159 0 3.62499e-066 34.0674
1215 34.8 7.2342e-104 6.05536e-011 0.00521052 4.37733e-010 1.70323 0.359987 32.0684 1.85732e-160 0 1.46753e-066 34.1368
1216 34.4 1.39556e-104 4.78995e-011 0.00460473 2.51723e-010 1.47157 0.225315 32.3707 2.70569e-161 0 5.92547e-067 34.0722
1217 34 2.67713e-105 3.78522e-011 0.00406604 1.4387e-010 1.26712 0.137792 32.4353 3.92197e-162 0 2.38622e-067 33.8443
1218 33.3 5.1069e-106 2.98827e-011 0.00358744 8.17251e-011 1.08739 0.0823359 32.2605 5.65673e-163 0 9.58413e-068 33.4338
1219 32.8 9.68747e-107 2.35676e-011 0.00316258 4.61397e-011 0.92999 0.0480713 31.8504 8.11822e-164 0 3.83926e-068 32.8316
1220 32 1.82738e-107 1.85686e-011 0.00278577 2.58899e-011 0.792685 0.027423 31.2138 1.15929e-164 0 1.53389e-068 32.0367
1221 31 3.42778e-108 1.46155e-011 0.00245184 1.44385e-011 0.673366 0.0152853 30.3647 1.64724e-165 0 6.11219e-069 31.0558
1222 29.8 6.39386e-109 1.14925e-011 0.00215618 8.00289e-012 0.570072 0.00832465 29.321 2.32894e-166 0 2.42914e-069 29.9016
1223 28.2 1.18598e-109 9.02785e-012 0.00189462 4.40868e-012 0.480991 0.00442985 28.1047 3.27638e-167 0 9.62854e-070 28.592
1224 26.4 2.18756e-110 7.08471e-012 0.00166342 2.41382e-012 0.404457 0.00230326 26.7404 4.58634e-168 0 3.80647e-070 27.1488
1225 24.7 4.01241e-111 5.55428e-012 0.00145925 1.31352e-012 0.338951 0.00117012 25.2549 6.3881e-169 0 1.50085e-070 25.5965
1226 23.1 7.31842e-112 4.35013e-012 0.00127909 7.10405e-013 0.283093 0.000580827 23.6762 8.85346e-170 0 5.90209e-071 23.9612
1227 21.9 1.32738e-112 3.40365e-012 0.00112026 3.81865e-013 0.23564 0.000281706 22.0328 1.22093e-170 0 2.31488e-071 22.2698
1228 21 2.39407e-113 2.66046e-012 0.000980346 2.04009e-013 0.195478 0.000133498 20.3523 1.67533e-171 0 9.05531e-072 20.5489
1229 20.6 4.29383e-114 2.07747e-012 0.000857207 1.08324e-013 0.161612 6.18142e-005 18.6616 2.28742e-172 0 3.5329e-072 18.8241
