p	I1 / %
0	0.7
1	0.7
2	0.7
3	0.7
4	0.7
5	0.7
6	0.7
7	0.7
8	0.7
9	0.7
10	0.7
11	0.7
12	0.7
13	0.7
14	0.7
15	0.7
16	0.7
17	0.7
18	0.7
19	0.7
20	0.7
21	0.7
22	0.7
23	0.7
24	0.7
25	0.7
26	0.7
27	0.7
28	0.7
29	0.7
30	0.7
31	0.8
32	0.8
33	0.8
34	0.8
35	0.8
36	0.8
37	0.8
38	0.8
39	0.8
40	0.8
41	0.8
42	0.8
43	0.8
44	0.8
45	0.8
46	0.8
47	0.8
48	0.8
49	0.8
50	0.8
51	0.8
52	0.8
53	0.8
54	0.8
55	0.8
56	0.8
57	0.8
58	0.8
59	0.8
60	0.8
61	0.8
62	0.8
63	0.8
64	0.8
65	0.8
66	0.8
67	0.8
68	0.8
69	0.8
70	0.8
71	0.8
72	0.8
73	0.8
74	0.8
75	0.8
76	0.8
77	0.8
78	0.8
79	0.8
80	0.8
81	0.8
82	0.8
83	0.8
84	0.9
85	1.0
86	1.1
87	1.2
88	1.2
89	1.2
90	1.2
91	1.2
92	1.2
93	1.3
94	1.3
95	1.5
96	1.6
97	1.6
98	1.6
99	2.0
100	2.0
101	2.0
102	2.0
103	2.0
104	2.0
105	2.0
106	2.0
107	2.0
108	2.2
109	2.4
110	2.4
111	2.6
112	2.8
113	3.2
114	3.2
115	3.2
116	3.2
117	3.2
118	3.2
119	3.2
120	3.2
121	3.2
122	3.2
123	3.3
124	3.6
125	4.0
126	4.0
127	4.0
128	4.4
129	4.6
130	4.6
131	4.4
132	4.4
133	4.4
134	4.4
135	4.4
136	4.4
137	4.4
138	4.7
139	5.1
140	5.4
141	5.6
142	5.6
143	5.6
144	5.6
145	5.8
146	5.8
147	5.8
148	5.9
149	5.9
150	5.9
151	6.0
152	6.0
153	6.4
154	6.8
155	7.2
156	7.6
157	7.9
158	7.9
159	7.9
160	8.0
161	8.0
162	8.0
163	8.0
164	7.9
165	8.0
166	8.2
167	8.6
168	8.8
169	9.0
170	9.3
171	9.6
172	9.7
173	9.7
174	9.6
175	9.6
176	9.9
177	10.2
178	10.2
179	10.2
180	10.3
181	10.7
182	11.1
183	11.3
184	11.5
185	11.8
186	11.9
187	12.0
188	12.0
189	12.0
190	12.0
191	12.0
192	12.3
193	12.7
194	12.9
195	13.2
196	13.4
197	13.6
198	13.8
199	14.1
200	14.4
201	14.4
202	14.4
203	14.4
204	14.3
205	14.2
206	14.2
207	14.3
208	14.5
209	14.9
210	15.5
211	16.2
212	16.6
213	16.7
214	16.7
215	16.8
216	16.9
217	16.9
218	16.8
219	16.4
220	16.0
221	16.0
222	16.1
223	16.1
224	16.3
225	16.7
226	17.2
227	18.1
228	18.8
229	19.1
230	19.1
231	19.1
232	19.2
233	19.2
234	18.9
235	18.4
236	17.9
237	17.6
238	17.7
239	17.9
240	18.0
241	18.2
242	18.6
243	19.4
244	20.2
245	20.9
246	21.0
247	21.0
248	21.0
249	21.1
250	21.0
251	20.6
252	20.0
253	19.6
254	19.2
255	19.2
256	19.5
257	19.8
258	19.9
259	20.3
260	21.1
261	22.1
262	22.8
263	23.1
264	23.1
265	23.1
266	23.1
267	23.1
268	22.7
269	22.2
270	21.5
271	21.0
272	20.7
273	20.8
274	20.9
275	21.2
276	21.4
277	22.0
278	22.7
279	23.5
280	24.0
281	24.2
282	24.2
283	24.2
284	24.4
285	24.5
286	24.1
287	23.4
288	22.5
289	21.8
290	21.5
291	21.7
292	21.9
293	22.2
294	22.4
295	22.9
296	23.8
297	25.1
298	26.2
299	26.6
300	26.5
301	26.5
302	26.5
303	26.5
304	26.1
305	25.4
306	24.2
307	23.4
308	22.9
309	22.9
310	23.1
311	23.4
312	23.4
313	23.6
314	24.2
315	25.4
316	26.8
317	27.8
318	28.2
319	28.2
320	28.1
321	28.1
322	28.0
323	27.4
324	26.3
325	25.0
326	23.9
327	23.3
328	23.1
329	23.5
330	23.9
331	24.0
332	24.0
333	24.4
334	25.6
335	27.2
336	28.6
337	29.4
338	29.5
339	29.3
340	29.3
341	29.3
342	29.1
343	28.4
344	27.2
345	26.0
346	24.7
347	24.0
348	23.9
349	24.3
350	24.7
351	24.7
352	24.7
353	25.1
354	26.2
355	27.9
356	29.4
357	30.2
358	30.0
359	29.7
360	29.6
361	29.8
362	29.8
363	29.4
364	28.3
365	27.0
366	25.8
367	25.0
368	24.7
369	25.1
370	25.5
371	25.8
372	25.8
373	26.0
374	26.6
375	28.0
376	29.7
377	31.0
378	31.3
379	31.0
380	30.5
381	30.3
382	30.3
383	30.3
384	29.8
385	28.6
386	27.1
387	25.9
388	25.1
389	24.9
390	25.0
391	25.4
392	25.9
393	26.2
394	26.4
395	26.8
396	27.9
397	29.7
398	31.5
399	32.6
400	32.7
401	32.3
402	31.8
403	31.6
404	31.6
405	31.3
406	30.5
407	29.3
408	27.8
409	26.6
410	25.8
411	25.4
412	25.5
413	25.9
414	26.2
415	26.2
416	26.2
417	26.6
418	27.6
419	29.3
420	31.4
421	33.0
422	33.6
423	33.4
424	32.8
425	32.4
426	32.4
427	32.4
428	32.0
429	30.9
430	29.5
431	28.0
432	26.5
433	25.6
434	25.1
435	25.2
436	26.1
437	26.6
438	26.9
439	26.9
440	27.3
441	28.3
442	30.3
443	32.7
444	34.5
445	35.3
446	35.1
447	34.3
448	33.5
449	33.3
450	33.5
451	33.5
452	32.9
453	31.7
454	30.0
455	28.3
456	26.8
457	26.0
458	25.7
459	26.2
460	27.1
461	27.8
462	28.0
463	28.0
464	27.9
465	28.6
466	30.3
467	33.0
468	35.4
469	36.6
470	36.5
471	35.4
472	34.0
473	33.1
474	33.1
475	33.6
476	33.6
477	32.6
478	31.1
479	29.4
480	27.8
481	26.4
482	25.5
483	25.3
484	25.8
485	26.8
486	27.7
487	28.1
488	28.1
489	28.1
490	28.5
491	30.2
492	32.9
493	36.0
494	38.0
495	38.4
496	37.6
497	36.4
498	35.3
499	34.9
500	35.3
501	35.9
502	35.8
503	34.8
504	33.0
505	30.7
506	28.3
507	26.6
508	25.5
509	25.4
510	26.0
511	27.3
512	29.2
513	29.5
514	29.5
515	29.1
516	28.8
517	29.3
518	31.2
519	34.6
520	37.8
521	39.8
522	39.9
523	38.8
524	37.3
525	36.2
526	35.8
527	36.2
528	37.0
529	37.4
530	36.6
531	34.9
532	32.5
533	30.1
534	28.0
535	26.5
536	25.8
537	26.0
538	27.2
539	28.7
540	30.0
541	30.5
542	30.2
543	29.8
544	29.5
545	30.1
546	32.0
547	35.2
548	38.8
549	41.5
550	42.1
551	41.4
552	39.6
553	37.8
554	36.6
555	36.3
556	37.1
557	38.2
558	38.6
559	37.7
560	35.6
561	33.0
562	30.4
563	28.3
564	26.7
565	25.7
566	25.6
567	26.4
568	27.9
569	29.7
570	30.9
571	31.3
572	30.9
573	30.5
574	30.3
575	30.9
576	32.6
577	35.9
578	39.9
579	43.0
580	44.1
581	43.3
582	41.4
583	39.4
584	37.7
585	36.7
586	36.7
587	37.7
588	38.8
589	39.0
590	37.7
591	35.4
592	32.6
593	30.0
594	27.9
595	26.2
596	25.2
597	24.8
598	25.4
599	26.8
600	28.8
601	30.6
602	31.6
603	31.8
604	31.5
605	31.1
606	30.8
607	31.2
608	32.7
609	35.7
610	39.6
611	43.5
612	45.6
613	45.7
614	44.2
615	42.1
616	39.9
617	38.1
618	37.2
619	37.4
620	38.5
621	39.9
622	40.2
623	39.2
624	37.0
625	34.3
626	31.7
627	29.3
628	27.3
629	25.8
630	24.9
631	24.8
632	25.5
633	26.8
634	28.7
635	30.6
636	31.8
637	32.4
638	32.3
639	32.0
640	31.6
641	31.6
642	32.0
643	33.4
644	36.2
645	40.2
646	44.1
647	46.9
648	47.6
649	46.8
650	44.8
651	42.5
652	40.5
653	38.8
654	38.0
655	38.3
656	39.3
657	40.6
658	41.3
659	40.8
660	38.9
661	36.4
662	33.6
663	31.2
664	29.0
665	27.3
666	26.0
667	25.2
668	24.8
669	25.0
670	25.9
671	27.5
672	29.5
673	31.3
674	32.5
675	32.9
676	32.7
677	32.5
678	32.1
679	32.1
680	32.3
681	33.0
682	34.6
683	37.5
684	41.6
685	45.6
686	48.4
687	49.4
688	48.7
689	46.8
690	44.2
691	41.7
692	39.7
693	38.4
694	37.6
695	37.6
696	38.4
697	39.6
698	40.5
699	40.5
700	39.4
701	37.5
702	35.1
703	32.7
704	30.6
705	28.7
706	27.2
707	26.1
708	25.4
709	25.0
710	25.0
711	25.4
712	26.4
713	28.0
714	29.9
715	31.5
716	32.8
717	33.6
718	33.9
719	33.8
720	33.4
721	33.0
722	32.6
723	32.7
724	33.2
725	34.5
726	36.6
727	40.0
728	43.9
729	47.6
730	50.2
731	51.3
732	51.0
733	49.7
734	47.7
735	45.5
736	43.4
737	41.6
738	40.2
739	39.5
740	39.3
741	39.8
742	40.7
743	41.8
744	42.4
745	42.4
746	41.4
747	39.7
748	37.5
749	35.1
750	32.9
751	31.0
752	29.3
753	27.9
754	26.7
755	25.7
756	24.9
757	24.5
758	24.3
759	24.6
760	25.4
761	26.5
762	27.9
763	29.5
764	31.2
765	32.7
766	33.8
767	34.6
768	34.9
769	34.9
770	34.8
771	34.7
772	34.5
773	34.4
774	34.3
775	34.6
776	35.3
777	36.8
778	39.4
779	42.7
780	46.3
781	49.5
782	51.7
783	53.1
784	53.2
785	52.4
786	50.7
787	48.7
788	46.1
789	43.0
790	39.8
791	37.4
792	36.1
793	35.5
794	35.0
795	35.0
796	34.9
797	35.2
798	36.5
799	38.6
800	40.4
801	41.1
802	40.6
803	39.5
804	37.8
805	36.0
806	34.2
807	32.5
808	31.0
809	29.8
810	28.6
811	27.5
812	26.7
813	26.0
814	25.5
815	25.1
816	24.8
817	24.7
818	24.7
819	25.1
820	25.8
821	26.8
822	28.0
823	29.4
824	30.9
825	32.4
826	33.6
827	34.6
828	35.2
829	35.6
830	35.8
831	35.9
832	36.0
833	36.0
834	35.9
835	35.7
836	35.6
837	35.5
838	35.5
839	35.5
840	35.8
841	36.6
842	37.8
843	39.7
844	41.8
845	44.2
846	46.5
847	49.1
848	51.5
849	53.5
850	54.4
851	54.0
852	52.4
853	50.5
854	48.5
855	46.8
856	45.2
857	43.7
858	42.5
859	41.4
860	40.7
861	40.2
862	39.9
863	39.8
864	40.0
865	40.2
866	40.1
867	39.8
868	39.7
869	40.0
870	40.5
871	41.2
872	41.8
873	42.3
874	42.6
875	42.8
876	42.7
877	42.4
878	41.8
879	40.8
880	39.6
881	38.4
882	37.1
883	35.8
884	34.4
885	33.2
886	32.1
887	31.1
888	30.1
889	29.3
890	28.4
891	27.6
892	27.0
893	26.6
894	26.2
895	25.7
896	25.3
897	24.9
898	24.5
899	24.3
900	24.2
901	24.1
902	24.0
903	24.0
904	24.1
905	24.2
906	24.5
907	25.0
908	25.6
909	26.4
910	27.3
911	28.4
912	29.2
913	30.2
914	31.1
915	32.2
916	33.1
917	33.9
918	34.6
919	35.1
920	35.6
921	35.9
922	36.3
923	36.7
924	36.7
925	36.9
926	36.9
927	37.0
928	37.0
929	37.1
930	37.0
931	37.0
932	37.0
933	37.0
934	36.9
935	36.8
936	36.6
937	36.5
938	36.3
939	36.2
940	36.0
941	35.8
942	35.5
943	35.4
944	35.3
945	35.4
946	35.4
947	35.5
948	35.6
949	35.9
950	36.2
951	36.7
952	37.4
953	38.2
954	39.0
955	40.0
956	41.0
957	42.1
958	43.3
959	44.5
960	45.9
961	47.2
962	48.5
963	49.9
964	51.1
965	52.3
966	53.4
967	54.3
968	55.0
969	55.8
970	56.3
971	56.7
972	56.9
973	57.3
974	57.7
975	58.0
976	58.2
977	58.3
978	58.3
979	58.3
980	58.0
981	57.8
982	57.7
983	57.6
984	57.3
985	57.0
986	56.6
987	56.3
988	56.1
989	55.8
990	55.6
991	55.3
992	55.0
993	54.7
994	54.4
995	54.2
996	54.0
997	53.8
998	53.5
999	53.4
1000	53.2
1001	53.0
1002	52.8
1003	52.6
1004	52.3
1005	52.1
1006	51.9
1007	51.8
1008	51.6
1009	51.6
1010	51.4
1011	51.3
1012	51.1
1013	51.1
1014	51.0
1015	51.0
1016	51.0
1017	51.0
1018	50.9
1019	50.9
1020	50.9
1021	51.0
1022	50.9
1023	51.0
1024	51.2
1025	51.2
1026	51.2
1027	51.1
1028	50.9
1029	50.8
1030	50.8
1031	50.8
1032	50.8
1033	50.9
1034	50.9
1035	50.9
1036	51.1
1037	51.5
1038	51.7
1039	52.0
1040	52.3
1041	52.3
1042	52.4
1043	52.3
1044	52.3
1045	52.7
1046	52.9
1047	53.3
1048	53.7
1049	54.1
1050	54.5
1051	54.9
1052	55.2
1053	55.5
1054	55.4
1055	55.4
1056	55.4
1057	55.6
1058	55.9
1059	56.2
1060	56.6
1061	57.0
1062	57.3
1063	57.5
1064	57.8
1065	58.0
1066	58.0
1067	58.1
1068	57.9
1069	57.6
1070	57.3
1071	57.4
1072	56.8
1073	55.9
1074	54.9
1075	54.2
1076	54.1
1077	54.4
1078	54.4
1079	54.1
1080	53.4
1081	52.6
1082	51.8
1083	51.0
1084	50.0
1085	48.9
1086	47.7
1087	46.5
1088	45.1
1089	43.8
1090	42.6
1091	41.3
1092	40.1
1093	39.1
1094	38.1
1095	37.3
1096	36.6
1097	36.1
1098	35.6
1099	35.3
1100	35.0
1101	34.9
1102	34.9
1103	34.9
1104	35.0
1105	35.2
1106	35.3
1107	35.5
1108	35.7
1109	35.9
1110	36.1
1111	36.3
1112	36.4
1113	36.6
1114	36.6
1115	36.6
1116	36.4
1117	36.4
1118	36.4
1119	36.4
1120	36.3
1121	36.3
1122	36.1
1123	36.0
1124	35.7
1125	35.5
1126	35.1
1127	34.6
1128	34.0
1129	33.4
1130	32.7
1131	32.0
1132	31.1
1133	30.2
1134	29.1
1135	28.0
1136	26.8
1137	25.9
1138	24.8
1139	23.9
1140	23.1
1141	22.4
1142	21.9
1143	21.6
1144	21.4
1145	21.4
1146	21.4
1147	21.6
1148	21.9
1149	22.3
1150	22.8
1151	23.4
1152	23.8
1153	24.4
1154	24.9
1155	25.6
1156	26.3
1157	27.1
1158	27.8
1159	28.6
1160	29.4
1161	30.4
1162	31.5
1163	32.6
1164	33.7
1165	34.8
1166	35.8
1167	36.9
1168	37.7
1169	38.5
1170	38.9
1171	39.2
1172	39.2
1173	38.8
1174	38.1
1175	37.3
1176	36.4
1177	35.7
1178	35.1
1179	34.8
1180	34.8
1181	35.4
1182	36.2
1183	37.4
1184	38.7
1185	40.1
1186	41.4
1187	43.0
1188	44.4
1189	45.9
1190	47.3
1191	48.8
1192	50.1
1193	51.4
1194	52.4
1195	53.1
1196	53.4
1197	52.9
1198	51.9
1199	50.2
1200	48.2
1201	45.6
1202	42.7
1203	39.9
1204	37.4
1205	35.4
1206	34.0
1207	33.4
1208	33.1
1209	33.3
1210	33.6
1211	34.0
1212	34.3
1213	34.7
1214	34.8
1215	34.8
1216	34.4
1217	34.0
1218	33.3
1219	32.8
1220	32.0
1221	31.0
1222	29.8
1223	28.2
1224	26.4
1225	24.7
1226	23.1
1227	21.9
1228	21.0
1229	20.6
1230	20.6
1231	20.9
1232	21.4
1233	22.1
1234	22.7
1235	23.6
1236	24.6
1237	25.8
1238	27.0
1239	28.2
1240	29.7
1241	31.1
1242	32.6
1243	34.2
1244	35.5
1245	36.5
1246	36.8
1247	36.6
1248	35.8
1249	34.8
1250	33.7
1251	33.1
1252	33.2
1253	34.0
1254	35.6
1255	37.6
1256	39.8
1257	41.9
1258	43.9
1259	45.9
1260	47.6
1261	49.2
1262	50.3
1263	50.8
1264	50.5
1265	49.3
1266	46.8
1267	43.3
1268	39.6
1269	36.3
1270	34.0
1271	32.6
1272	32.1
1273	32.2
1274	32.5
1275	32.9
1276	33.3
1277	33.3
1278	33.0
1279	32.7
1280	31.9
1281	30.7
1282	29.1
1283	27.3
1284	25.2
1285	23.3
1286	21.6
1287	20.3
1288	19.6
1289	19.6
1290	20.1
1291	21.0
1292	22.2
1293	23.4
1294	24.6
1295	26.0
1296	27.7
1297	29.6
1298	31.4
1299	33.2
1300	34.5
1301	35.3
1302	35.2
1303	34.4
1304	33.1
1305	32.0
1306	31.6
1307	32.3
1308	34.0
1309	36.4
1310	38.9
1311	41.3
1312	43.6
1313	45.8
1314	47.5
1315	48.7
1316	48.8
1317	47.2
1318	44.0
1319	39.8
1320	35.9
1321	33.1
1322	31.5
1323	31.0
1324	31.1
1325	31.6
1326	31.9
1327	32.1
1328	31.9
1329	31.4
1330	30.3
1331	28.6
1332	26.3
1333	23.8
1334	21.5
1335	19.9
1336	19.1
1337	19.1
1338	19.6
1339	20.7
1340	22.1
1341	24.0
1342	26.0
1343	28.0
1344	30.0
1345	31.7
1346	32.8
1347	33.1
1348	32.8
1349	31.9
1350	30.7
1351	30.0
1352	30.2
1353	31.9
1354	34.8
1355	38.1
1356	41.0
1357	43.7
1358	45.7
1359	46.7
1360	46.3
1361	44.3
1362	40.7
1363	36.5
1364	32.9
1365	30.6
1366	29.7
1367	29.7
1368	30.4
1369	31.0
1370	31.4
1371	31.1
1372	30.3
1373	28.5
1374	25.9
1375	23.1
1376	20.7
1377	19.1
1378	18.4
1379	18.7
1380	19.7
1381	21.4
1382	23.3
1383	25.6
1384	27.9
1385	30.1
1386	31.9
1387	33.1
1388	33.0
1389	31.9
1390	30.4
1391	29.5
1392	30.0
1393	32.2
1394	35.3
1395	38.8
1396	42.0
1397	44.7
1398	46.2
1399	46.0
1400	43.1
1401	38.3
1402	33.7
1403	30.5
1404	28.9
1405	28.7
1406	29.1
1407	29.8
1408	30.1
1409	30.0
1410	28.8
1411	26.4
1412	23.3
1413	20.5
1414	18.6
1415	17.8
1416	18.0
1417	19.2
1418	21.1
1419	23.5
1420	26.0
1421	28.4
1422	30.5
1423	31.9
1424	32.0
1425	30.8
1426	29.2
1427	28.5
1428	29.2
1429	31.7
1430	35.3
1431	39.1
1432	42.4
1433	44.7
1434	45.0
1435	42.3
1436	37.5
1437	32.7
1438	29.5
1439	28.0
1440	27.9
1441	28.3
1442	28.7
1443	28.6
1444	27.4
1445	25.3
1446	22.5
1447	19.7
1448	17.8
1449	17.1
1450	17.4
1451	18.8
1452	20.9
1453	23.6
1454	26.3
1455	28.6
1456	30.2
1457	30.6
1458	29.6
1459	28.2
1460	27.4
1461	28.3
1462	31.0
1463	34.9
1464	38.7
1465	41.8
1466	43.1
1467	41.4
1468	36.9
1469	32.0
1470	28.5
1471	26.9
1472	26.8
1473	27.6
1474	28.5
1475	28.8
1476	27.5
1477	24.7
1478	21.3
1479	18.7
1480	17.3
1481	17.2
1482	18.4
1483	20.6
1484	23.3
1485	26.2
1486	28.6
1487	30.0
1488	29.8
1489	28.5
1490	27.2
1491	27.1
1492	28.6
1493	31.8
1494	35.8
1495	39.6
1496	41.5
1497	40.1
1498	35.7
1499	30.8
1500	27.5
1501	26.0
1502	25.9
1503	26.8
1504	27.6
1505	27.3
1506	25.3
1507	22.1
1508	19.2
1509	17.4
1510	16.9
1511	17.7
1512	19.5
1513	22.3
1514	25.1
1515	27.5
1516	28.6
1517	28.2
1518	26.9
1519	26.1
1520	26.6
1521	29.1
1522	32.8
1523	36.9
1524	39.5
1525	38.8
1526	34.8
1527	29.9
1528	26.4
1529	24.8
1530	24.4
1531	24.9
1532	25.4
1533	24.9
1534	22.8
1535	20.0
1536	16.3
1537	15.8
1538	16.2
1539	17.8
1540	20.3
1541	23.4
1542	26.2
1543	27.7
1544	27.5
1545	26.3
1546	25.4
1547	25.8
1548	27.9
1549	31.4
1550	35.1
1551	37.1
1552	35.8
1553	31.6
1554	27.2
1555	24.5
1556	23.6
1557	23.9
1558	24.6
1559	24.5
1560	22.9
1561	20.2
1562	17.8
1563	16.3
1564	16.2
1565	17.3
1566	19.7
1567	22.6
1568	25.2
1569	26.5
1570	26.2
1571	25.1
1572	24.6
1573	25.5
1574	28.0
1575	31.5
1576	34.3
1577	34.7
1578	31.8
1579	27.6
1580	24.3
1581	22.9
1582	22.9
1583	23.3
1584	23.3
1585	22.1
1586	19.8
1587	17.7
1588	16.3
1589	16.2
1590	17.4
1591	19.8
1592	22.6
1593	24.6
1594	25.3
1595	24.7
1596	23.8
1597	24.1
1598	25.6
1599	28.3
1600	30.9
1601	32.1
1602	30.6
1603	26.9
1604	23.6
1605	22.0
1606	21.4
1607	21.5
1608	21.2
1609	20.3
1610	18.5
1611	16.8
1612	15.6
1613	15.7
1614	17.1
1615	19.4
1616	21.8
1617	23.6
1618	24.1
1619	23.7
1620	23.4
1621	24.4
1622	26.3
1623	28.3
1624	29.4
1625	28.8
1626	26.1
1627	23.0
1628	21.3
1629	20.6
1630	20.6
1631	20.4
1632	19.6
1633	18.2
1634	16.7
1635	15.9
1636	16.1
1637	17.0
1638	18.2
1639	19.6
1640	20.7
1641	20.9
1642	20.8
1643	21.6
1644	23.2
1645	24.8
1646	25.9
1647	26.3
1648	25.1
1649	22.7
1650	20.7
1651	19.8
1652	19.4
1653	19.1
1654	18.4
1655	17.5
1656	16.3
1657	15.8
1658	16.2
1659	17.4
1660	19.0
1661	20.6
1662	21.8
1663	22.4
1664	22.7
1665	23.3
1666	24.1
1667	24.8
1668	24.9
1669	24.4
1670	22.6
1671	20.6
1672	18.8
1673	17.9
1674	17.4
1675	17.0
1676	16.4
1677	15.8
1678	15.4
1679	15.5
1680	16.3
1681	17.5
1682	18.9
1683	20.3
1684	21.3
1685	22.0
1686	22.4
1687	22.7
1688	22.7
1689	22.5
1690	21.8
1691	20.6
1692	18.8
1693	17.3
1694	16.4
1695	15.8
1696	15.4
1697	15.0
1698	14.7
1699	14.7
1700	15.1
1701	15.9
1702	17.1
1703	18.5
1704	19.8
1705	20.7
1706	21.0
1707	20.9
1708	20.6
1709	20.2
1710	19.8
1711	19.0
1712	17.5
1713	16.0
1714	14.8
1715	14.1
1716	13.8
1717	13.8
1718	13.8
1719	13.8
1720	14.2
1721	15.0
1722	16.1
1723	17.5
1724	18.7
1725	19.3
1726	19.3
1727	18.9
1728	18.4
1729	18.0
1730	17.4
1731	16.6
1732	15.0
1733	13.7
1734	12.6
1735	12.2
1736	12.0
1737	12.0
1738	12.2
1739	12.6
1740	13.2
1741	14.2
1742	15.2
1743	16.2
1744	16.9
1745	16.9
1746	16.7
1747	16.3
1748	15.9
1749	15.3
1750	14.5
1751	13.3
1752	12.0
1753	11.2
1754	10.8
1755	10.8
1756	10.7
1757	10.7
1758	10.7
1759	11.1
1760	11.9
1761	12.8
1762	13.7
1763	14.4
1764	14.5
1765	14.1
1766	13.5
1767	13.0
1768	12.4
1769	11.5
1770	10.5
1771	9.7
1772	9.3
1773	9.2
1774	9.2
1775	9.2
1776	9.4
1777	9.8
1778	10.2
1779	10.8
1780	11.4
1781	11.8
1782	11.9
1783	11.7
1784	11.2
1785	10.8
1786	10.4
1787	9.7
1788	8.9
1789	8.1
1790	7.6
1791	7.2
1792	7.2
1793	7.2
1794	7.2
1795	7.6
1796	8.0
1797	8.5
1798	8.9
1799	9.3
1800	9.3
1801	9.2
1802	8.9
1803	8.5
1804	8.0
1805	7.4
1806	6.8
1807	6.4
1808	6.0
1809	6.0
1810	6.0
1811	6.0
1812	6.0
1813	6.4
1814	6.7
1815	6.9
1816	7.0
1817	7.0
1818	7.0
1819	6.8
1820	6.4
1821	6.0
1822	5.6
1823	5.2
1824	4.8
1825	4.4
1826	4.4
1827	4.4
1828	4.4
1829	4.4
1830	4.4
1831	4.6
1832	4.7
1833	4.8
1834	4.8
1835	4.9
1836	4.6
1837	4.3
1838	4.0
1839	3.9
1840	3.7
1841	3.5
1842	3.2
1843	3.2
1844	3.1
1845	3.1
1846	3.2
1847	3.2
1848	3.2
1849	3.2
1850	3.2
1851	3.2
1852	3.2
1853	3.1
1854	2.8
1855	2.8
1856	2.7
1857	2.5
1858	2.2
1859	2.0
1860	2.0
1861	2.0
1862	2.0
1863	2.0
1864	2.0
1865	2.0
1866	2.0
1867	2.0
1868	2.0
1869	2.0
1870	1.9
1871	1.8
1872	1.6
1873	1.6
1874	1.4
1875	1.4
1876	1.3
1877	1.2
1878	1.2
1879	1.2
1880	1.2
1881	1.2
1882	1.2
1883	1.2
1884	1.2
1885	1.2
1886	1.2
1887	1.2
1888	1.1
1889	1.1
1890	1.0
1891	1.0
1892	0.8
1893	0.8
1894	0.8
1895	0.8
1896	0.8
1897	0.8
1898	0.8
1899	0.8
1900	0.8
1901	0.8
1902	0.8
1903	0.8
1904	0.8
1905	0.8
1906	0.8
1907	0.8
1908	0.8
1909	0.8
1910	0.8
1911	0.8
1912	0.8
1913	0.8
1914	0.8
1915	0.8
1916	0.7
1917	0.7
1918	0.7
1919	0.7
1920	0.7
1921	0.7
1922	0.7
1923	0.7
1924	0.6
1925	0.6
1926	0.6
1927	0.6
1928	0.6
1929	0.6
1930	0.6
1931	0.6
1932	0.5
1933	0.5
1934	0.5
1935	0.5
1936	0.5
1937	0.5
1938	0.5
1939	0.4
1940	0.4
1941	0.4
1942	0.4
1943	0.4
1944	0.4
1945	0.4
1946	0.4
1947	0.4
1948	0.4
1949	0.4
1950	0.4
1951	0.4
1952	0.4
1953	0.4
1954	0.4
1955	0.4
1956	0.4
1957	0.4
1958	0.4
1959	0.4
1960	0.4
1961	0.4
1962	0.4
1963	0.4
1964	0.4
1965	0.4
1966	0.4
1967	0.4
1968	0.4
1969	0.4
1970	0.4
1971	0.4
1972	0.4
1973	0.4
1974	0.4
1975	0.4
1976	0.4
1977	0.4
1978	0.4
1979	0.4
1980	0.4
1981	0.4
1982	0.4
1983	0.4
1984	0.4
1985	0.4
1986	0.4
1987	0.4
1988	0.4
1989	0.4
1990	0.4
1991	0.4
1992	0.4
1993	0.4
1994	0.4
1995	0.4
1996	0.4
1997	0.4
1998	0.4
1999	0.4
2000	0.4
2001	0.4
2002	0.4
2003	0.4
2004	0.4
2005	0.4
2006	0.4
2007	0.4
2008	0.4
2009	0.4
2010	0.4
2011	0.4
2012	0.4
2013	0.4
2014	0.4
2015	0.4
2016	0.4
2017	0.4
2018	0.4
2019	0.4
2020	0.4
2021	0.4
2022	0.4
2023	0.4
2024	0.4
2025	0.4
2026	0.4
2027	0.4
2028	0.4
2029	0.4
2030	0.4
2031	0.4
2032	0.4
2033	0.4
2034	0.4
2035	0.4
2036	0.4
2037	0.4
2038	0.4
2039	0.4
2040	0.4
2041	0.4
2042	0.4
2043	0.4
2044	0.4
2045	0.4
2046	0.4
2047	0.4
