817 26 2.04659e-012 0.000123952 2.03246e-010 5.5909e-119 23.5213 1.63713e-008 0.635515 2.74522e-100 0 1.69078e-256 24.1569
818 26.2 3.63686e-012 0.000145287 2.51378e-010 3.31815e-118 24.8722 5.66912e-008 0.737857 1.02093e-099 0 3.2524e-255 25.6102
819 26.6 6.4272e-012 0.000170127 3.10642e-010 1.95796e-117 26.1683 1.8904e-007 0.854363 3.78267e-099 0 6.21025e-254 27.0228
820 27.5 1.12957e-011 0.00019902 3.83547e-010 1.14869e-116 27.3934 6.07013e-007 0.986588 1.39634e-098 0 1.17707e-252 28.3802
821 28.6 1.97426e-011 0.000232593 4.73156e-010 6.70027e-116 28.5316 1.87693e-006 1.1362 5.13533e-098 0 2.21454e-251 29.668
822 29.9 3.43157e-011 0.000271565 5.83197e-010 3.88575e-115 29.5674 5.5886e-006 1.30495 1.88162e-097 0 4.13572e-250 30.8726
823 31.2 5.9317e-011 0.000316758 7.18211e-010 2.24053e-114 30.4867 1.60238e-005 1.49471 6.86886e-097 0 7.66668e-249 31.9817
824 32.6 1.01968e-010 0.000369112 8.83722e-010 1.28445e-113 31.2763 4.42416e-005 1.70744 2.49818e-096 0 1.41075e-247 32.9841
825 34 1.74319e-010 0.0004297 1.08644e-009 7.32111e-113 31.9249 0.000117626 1.94517 9.05208e-096 0 2.57681e-246 33.8706
826 35 2.96363e-010 0.000499747 1.33451e-009 4.14886e-112 32.4229 0.000301149 2.21 3.26784e-095 0 4.67198e-245 34.6337
827 35.8 5.01074e-010 0.000580645 1.63781e-009 2.33761e-111 32.7629 0.000742447 2.50409 1.17533e-094 0 8.40828e-244 35.2683
828 36.3 8.42514e-010 0.000673982 2.00831e-009 1.30951e-110 32.9399 0.0017626 2.82964 4.21158e-094 0 1.50211e-242 35.772
829 36.6 1.4088e-009 0.00078156 2.46051e-009 7.29349e-110 32.9512 0.00402949 3.18887 1.50355e-093 0 2.66368e-241 36.1449
830 36.7 2.34272e-009 0.000905427 3.01193e-009 4.03883e-109 32.7966 0.00887055 3.58398 5.34783e-093 0 4.68869e-240 36.3903
831 36.8 3.87427e-009 0.0010479 3.68376e-009 2.22366e-108 32.4784 0.0188043 4.01715 1.89506e-092 0 8.19235e-239 36.5154
832 36.8 6.37172e-009 0.00121162 4.50157e-009 1.21723e-107 32.0014 0.0383856 4.49049 6.69047e-092 0 1.42087e-237 36.5314
833 36.7 1.04213e-008 0.00139954 5.49621e-009 6.62473e-107 31.3727 0.0754547 5.00602 2.35329e-091 0 2.44616e-236 36.4556
834 36.5 1.69505e-008 0.00161504 6.70484e-009 3.58473e-106 30.6015 0.142827 5.56564 8.24675e-091 0 4.18027e-235 36.3116
835 36.3 2.74184e-008 0.00186191 8.17221e-009 1.92858e-105 29.6991 0.260339 6.17109 2.87923e-090 0 7.09107e-234 36.1324
836 36 4.41063e-008 0.00214442 9.95215e-009 1.0316e-104 28.6783 0.456955 6.82388 1.00151e-089 0 1.19401e-232 35.9612
837 35.9 7.05596e-008 0.00246739 1.21093e-008 5.48624e-104 27.5531 0.772349 7.52532 3.47075e-089 0 1.99567e-231 35.8532
838 35.8 1.12256e-007 0.00283624 1.47214e-008 2.90089e-103 26.3389 1.25707 8.2764 1.19833e-088 0 3.311e-230 35.8752
839 35.9 1.77607e-007 0.00325705 1.78816e-008 1.52504e-102 25.0514 1.9702 9.07783 4.1221e-088 0 5.45277e-229 36.1027
840 36.2 2.79454e-007 0.00373665 2.17014e-008 7.97116e-102 23.7069 2.9735 9.92992 1.41269e-087 0 8.9138e-228 36.6141
841 36.9 4.37277e-007 0.0042827 2.63146e-008 4.14243e-101 22.3217 4.32146 10.8326 4.82348e-087 0 1.44642e-226 37.4801
842 38.2 6.80459e-007 0.00490376 3.18809e-008 2.14033e-100 20.9117 6.04783 11.7854 1.64082e-086 0 2.32979e-225 38.7498
843 40.2 1.05304e-006 0.00560942 3.85914e-008 1.09951e-099 19.4921 8.1503 12.7873 5.56095e-086 0 3.72498e-224 40.4353
844 42.4 1.62063e-006 0.00641037 4.66743e-008 5.61575e-099 18.0774 10.5768 13.8368 1.87769e-085 0 5.91181e-223 42.4974
845 44.8 2.48041e-006 0.00731855 5.64015e-008 2.85174e-098 16.6811 13.2172 14.932 6.31663e-085 0 9.3133e-222 44.8376
846 47.2 3.77536e-006 0.00834725 6.80973e-008 1.4398e-097 15.3151 15.9049 16.0703 2.11706e-084 0 1.45638e-220 47.2985
847 49.9 5.71469e-006 0.00951128 8.21476e-008 7.22753e-097 13.9902 18.4301 17.2485 7.06918e-084 0 2.26065e-219 49.6782
848 52.3 8.6025e-006 0.0108271 9.90116e-008 3.60718e-096 12.7156 20.565 18.463 2.35175e-083 0 3.48321e-218 51.7545
849 54.3 1.28782e-005 0.0123129 1.19235e-007 1.78994e-095 11.4989 22.0972 19.7096 7.79471e-083 0 5.32738e-217 53.3181
850 55.3 1.91726e-005 0.0139889 1.43465e-007 8.83081e-095 10.3464 22.8639 20.9835 2.57392e-082 0 8.08789e-216 54.2078
851 54.9 2.83861e-005 0.0158777 1.72471e-007 4.33167e-094 9.26248 22.7809 22.2792 8.46795e-082 0 1.21883e-214 54.3385
852 53.3 4.17955e-005 0.0180039 2.07164e-007 2.11253e-093 8.25039 21.8572 23.591 2.77554e-081 0 1.82323e-213 53.7166
853 51.3 6.11998e-005 0.0203949 2.4862e-007 1.02433e-092 7.31191 20.1942 24.9124 9.06366e-081 0 2.70723e-212 52.4389
854 49.4 8.91187e-005 0.023081 2.98115e-007 4.93823e-092 6.44756 17.9664 26.2366 2.94881e-080 0 3.99023e-211 50.6738
855 47.7 0.000129058 0.0260954 3.57156e-007 2.36698e-091 5.65678 15.3923 27.5565 9.5582e-080 0 5.83791e-210 48.6319
856 46.1 0.000185866 0.0294747 4.27523e-007 1.128e-090 4.938 12.6985 28.8646 3.08669e-079 0 8.47821e-209 46.5307
857 44.6 0.000266202 0.0332592 5.11312e-007 5.34463e-090 4.28886 10.088 30.1528 9.93107e-079 0 1.22219e-207 44.5632
858 43.4 0.000379159 0.0374931 6.10997e-007 2.51777e-089 3.70631 7.71727 31.4134 3.18336e-078 0 1.74889e-206 42.8749
859 42.4 0.000537068 0.0422247 7.29488e-007 1.17926e-088 3.18676 5.68497 32.6382 1.01663e-077 0 2.48411e-205 41.5527
860 41.6 0.000756545 0.0475072 8.70209e-007 5.49151e-088 2.72625 4.03272 33.8189 3.23465e-077 0 3.50243e-204 40.6262
861 41.1 0.00105983 0.0533985 1.03718e-006 2.54254e-087 2.32055 2.7547 34.9476 1.02536e-076 0 4.90179e-203 40.0773
862 40.7 0.00147652 0.0599619 1.23513e-006 1.1704e-086 1.96529 1.81199 36.0163 3.23828e-076 0 6.80969e-202 39.855
863 40.6 0.00204568 0.0672664 1.46959e-006 5.35668e-086 1.65603 1.14774 37.0172 1.01892e-075 0 9.39049e-201 39.8903
864 40.6 0.00281861 0.0753872 1.74706e-006 2.43752e-085 1.38842 0.70006 37.943 3.19411e-075 0 1.28539e-199 40.1097
865 40.7 0.00386216 0.0844061 2.07512e-006 1.10279e-084 1.15819 0.411182 38.7867 9.97581e-075 0 1.74651e-198 40.4444
866 40.5 0.00526287 0.094412 2.46267e-006 4.96054e-084 0.961277 0.232562 39.5419 3.10408e-074 0 2.35557e-197 40.8355
867 40.1 0.00713202 0.105501 2.92008e-006 2.21849e-083 0.793827 0.126662 40.2028 9.62286e-074 0 3.1536e-196 41.236
868 39.8 0.00961171 0.117778 3.45946e-006 9.86457e-083 0.652246 0.0664298 40.7642 2.97209e-073 0 4.19088e-195 41.6103
869 39.9 0.0128821 0.131355 4.09496e-006 4.36105e-082 0.53322 0.0335494 41.2216 9.14551e-073 0 5.5283e-194 41.9326
870 40.4 0.01717 0.146355 4.84303e-006 1.91688e-081 0.43372 0.0163159 41.5713 2.80375e-072 0 7.23877e-193 42.1849
871 41.1 0.0227589 0.162908 5.72282e-006 8.37708e-081 0.351012 0.00764088 41.8106 8.56364e-072 0 9.40863e-192 42.3549
872 41.7 0.0300007 0.181158 6.75662e-006 3.63984e-080 0.282645 0.00344573 41.9375 2.60594e-071 0 1.21388e-190 42.4348
873 42.3 0.0393286 0.201255 7.97031e-006 1.5724e-079 0.226449 0.00149632 41.951 7.90053e-071 0 1.55458e-189 42.4195
874 42.8 0.0512724 0.223364 9.39392e-006 6.75362e-079 0.180513 0.000625712 41.851 2.38636e-070 0 1.97623e-188 42.3067
875 43.3 0.0664747 0.247661 1.10623e-005 2.88405e-078 0.143171 0.000251959 41.6382 7.18127e-070 0 2.49372e-187 42.0958
876 43.4 0.0857092 0.274333 1.30157e-005 1.2245e-077 0.112982 9.76989e-005 41.3145 2.15305e-069 0 3.12355e-186 41.7876
877 43.4 0.1099 0.303581 1.5301e-005 5.16904e-077 0.0887104 3.64801e-005 40.8824 6.43123e-069 0 3.88361e-185 41.3846
878 42.9 0.14014 0.335621 1.7972e-005 2.16946e-076 0.0693022 1.31168e-005 40.3453 1.9139e-068 0 4.79303e-184 40.8904
879 42.1 0.177716 0.37068 2.1091e-005 9.05286e-076 0.0538677 4.54156e-006 39.7076 5.67458e-068 0 5.87182e-183 40.3099
880 41.1 0.224124 0.409003 2.47301e-005 3.75588e-075 0.0416599 1.51422e-006 38.9743 1.67623e-067 0 7.1404e-182 39.6491
881 39.9 0.281092 0.450848 2.89722e-005 1.54928e-074 0.0320565 4.86158e-007 38.151 4.93311e-067 0 8.61906e-181 38.915
882 38.5 0.350595 0.49649 3.39127e-005 6.35391e-074 0.0245428 1.50304e-007 37.2441 1.44642e-066 0 1.03273e-179 38.1158
883 37.3 0.434872 0.546221 3.96616e-005 2.59086e-073 0.0186956 4.47478e-008 36.2604 4.22527e-066 0 1.22828e-178 37.2602
884 35.9 0.536432 0.600347 4.6345e-005 1.05036e-072 0.0141698 1.28286e-008 35.2071 1.22971e-065 0 1.4501e-177 36.3581
885 34.6 0.658061 0.659194 5.41082e-005 4.23375e-072 0.0106856 3.54152e-009 34.092 3.56563e-065 0 1.69937e-176 35.42
886 33.4 0.802814 0.723104 6.31173e-005 1.6967e-071 0.0080175 9.4147e-010 32.9229 1.03005e-064 0 1.9768e-175 34.4569
887 32.5 0.974006 0.792438 7.35632e-005 6.76044e-071 0.00598534 2.41007e-010 31.7078 2.96459e-064 0 2.28258e-174 33.4803
888 31.4 1.17518 0.867573 8.56641e-005 2.67817e-070 0.00444578 5.94097e-011 30.455 8.50079e-064 0 2.61623e-173 32.5023
889 30.5 1.4101 0.948907 9.96696e-005 1.05486e-069 0.00328561 1.41024e-011 29.1726 2.42852e-063 0 2.97656e-172 31.535
890 29.6 1.68263 1.03686 0.000115865 4.13086e-069 0.00241597 3.22353e-012 27.8685 6.91208e-063 0 3.36156e-171 30.5906
891 28.9 1.99676 1.13185 0.000134577 1.60835e-068 0.00176757 7.09539e-013 26.5508 1.96004e-062 0 3.76838e-170 29.6813
892 28.2 2.35647 1.23435 0.000156175 6.22604e-068 0.00128668 1.50393e-013 25.2269 5.5374e-062 0 4.19331e-169 28.8191
893 27.7 2.76565 1.34481 0.000181085 2.39627e-067 0.000931908 3.06962e-014 23.9041 1.5586e-061 0 4.63176e-168 28.0157
894 27.3 3.22796 1.46374 0.000209786 9.16963e-067 0.000671559 6.03318e-015 22.5895 4.37069e-061 0 5.07835e-167 27.2821
895 26.9 3.74677 1.59163 0.000242828 3.48867e-066 0.000481508 1.14186e-015 21.2894 1.2211e-060 0 5.52696e-166 26.6285
896 26.4 4.32498 1.72901 0.000280831 1.31965e-065 0.000343504 2.08108e-016 20.0099 3.39892e-060 0 5.97088e-165 26.0645
897 26 4.96489 1.87641 0.000324503 4.96309e-065 0.00024382 3.65231e-017 18.7563 9.42578e-060 0 6.40292e-164 25.5982
898 25.6 5.66803 2.0344 0.000374644 1.85582e-064 0.000172193 6.17237e-018 17.5338 2.60423e-059 0 6.81561e-163 25.2368
899 25.6 6.43506 2.20354 0.00043216 6.89944e-064 0.000120995 1.00448e-018 16.3466 7.16852e-059 0 7.20145e-162 24.9857
900 25.5 7.2656 2.38442 0.000498077 2.55025e-063 8.45924e-005 1.57412e-019 15.1985 1.96592e-058 0 7.55304e-161 24.8491
901 25.5 8.15807 2.57763 0.000573555 9.37223e-063 5.88441e-005 2.37542e-020 14.0929 5.37142e-058 0 7.86343e-160 24.8292
902 25.5 9.10965 2.78379 0.000659902 3.42449e-062 4.07271e-005 3.45182e-021 13.0323 1.46217e-057 0 8.12624e-159 24.9264
903 25.5 10.1161 3.00351 0.000758595 1.24406e-061 2.80461e-005 4.83016e-022 12.0189 3.96548e-057 0 8.33594e-158 25.1393
904 25.6 11.1718 3.2374 0.000871298 4.49343e-061 1.92163e-005 6.50849e-023 11.0544 1.07147e-056 0 8.48804e-157 25.4645
905 25.9 12.2696 3.48612 0.000999884 1.61364e-060 1.31001e-005 8.4451e-024 10.1397 2.88436e-056 0 8.57922e-156 25.8965
906 26.2 13.401 3.75029 0.00114646 5.76141e-060 8.88568e-006 1.0552e-024 9.27559 7.73583e-056 0 8.60748e-155 26.428
907 26.8 14.5559 4.03054 0.00131339 2.04523e-059 5.99672e-006 1.26961e-025 8.46215 2.06705e-055 0 8.57219e-154 27.0499
908 27.5 15.7232 4.32752 0.00150333 7.21852e-059 4.02667e-006 1.471e-026 7.69916 5.50277e-055 0 8.47412e-153 27.7514
909 28.4 16.8904 4.64185 0.00171927 2.53306e-058 2.69021e-006 1.64119e-027 6.98601 1.45948e-054 0 8.31545e-152 28.52
910 29.3 18.0441 4.97416 0.00196452 8.83763e-058 1.78828e-006 1.76324e-028 6.32177 3.85659e-054 0 8.09961e-151 29.342
911 30.3 19.1704 5.32507 0.00224283 3.06562e-057 1.18275e-006 1.82419e-029 5.70521 1.0153e-053 0 7.83124e-150 30.2029
912 31.2 20.2546 5.69519 0.00255837 1.05729e-056 7.78325e-007 1.81733e-030 5.13486 2.66301e-053 0 7.51595e-149 31.0872
913 32.1 21.282 6.08509 0.00291578 3.62542e-056 5.09608e-007 1.74343e-031 4.60902 6.95886e-053 0 7.1602e-148 31.9791
914 32.9 22.2383 6.49536 0.00332027 1.236e-055 3.31986e-007 1.61057e-032 4.12584 1.81171e-052 0 6.77102e-147 32.8628
915 33.9 23.1093 6.92653 0.00377762 4.18955e-055 2.15186e-007 1.43272e-033 3.68332 4.69925e-052 0 6.35581e-146 33.7229
916 34.7 23.882 7.37913 0.00429427 1.41192e-054 1.38776e-007 1.22729e-034 3.27937 1.21438e-051 0 5.92209e-145 34.5448
917 35.4 24.5444 7.85364 0.00487737 4.73091e-054 8.9048e-008 1.01237e-035 2.91182 3.12655e-051 0 5.4773e-144 35.3147
918 35.9 25.086 8.35053 0.00553489 1.57606e-053 5.68516e-008 8.04149e-037 2.57847 8.01982e-051 0 5.02859e-143 36.0205
919 36.4 25.4981 8.8702 0.00627565 5.22025e-053 3.61136e-008 6.15092e-038 2.2771 2.04951e-050 0 4.58261e-142 36.6517
920 36.8 25.7741 9.41303 0.00710941 1.7191e-052 2.28248e-008 4.53053e-039 2.00552 5.21823e-050 0 4.14542e-141 37.1998
921 37.2 25.9093 9.97936 0.00804703 5.62867e-052 1.43533e-008 3.2134e-040 1.76155 1.32368e-049 0 3.72229e-140 37.6583
922 37.5 25.9016 10.5694 0.00910046 1.83232e-051 8.98057e-009 2.19475e-041 1.54308 3.34525e-049 0 3.31772e-139 38.0232
923 37.8 25.7511 11.1835 0.0102829 5.93046e-051 5.5907e-009 1.44348e-042 1.34804 8.4229e-049 0 2.93534e-138 38.2929
924 37.8 25.4602 11.8217 0.0116091 1.9084e-050 3.46287e-009 9.14203e-044 1.17447 2.11291e-048 0 2.57788e-137 38.468
925 37.9 25.0337 12.4842 0.0130949 6.10577e-050 2.1341e-009 5.57545e-045 1.02048 5.28066e-048 0 2.24727e-136 38.5515
926 37.9 24.4786 13.171 0.0147583 1.94225e-049 1.30859e-009 3.27434e-046 0.884279 1.31487e-047 0 1.94463e-135 38.5487
927 37.9 23.8038 13.882 0.0166186 6.14271e-049 7.98362e-010 1.85171e-047 0.764185 3.26184e-047 0 1.67034e-134 38.4666
928 37.9 23.0199 14.6171 0.0186973 1.93156e-048 4.84624e-010 1.00839e-048 0.658615 8.06175e-047 0 1.42416e-133 38.3144
929 37.9 22.1391 15.3762 0.021018 6.03877e-048 2.92698e-010 5.28794e-050 0.566093 1.9851e-046 0 1.20532e-132 38.1024
930 37.9 21.1745 16.1589 0.0236063 1.87707e-047 1.7589e-010 2.67025e-051 0.485252 4.86994e-046 0 1.01259e-131 37.8422
931 37.9 20.1402 16.9649 0.0264905 5.80104e-047 1.05165e-010 1.29844e-052 0.414831 1.19029e-045 3.55727e-322 8.44407e-131 37.5464
932 37.8 19.0508 17.7938 0.0297016 1.78247e-046 6.25623e-011 6.07996e-054 0.35367 2.89845e-045 1.32168e-319 6.98969e-130 37.2279
933 37.7 17.9209 18.645 0.0332733 5.44542e-046 3.70306e-011 2.74147e-055 0.30071 7.03181e-045 3.56976e-317 5.74317e-129 36.8999
934 37.6 16.765 19.5179 0.0372424 1.65399e-045 2.18081e-011 1.19034e-056 0.254989 1.69963e-044 9.43184e-315 4.68417e-128 36.5751
935 37.4 15.5972 20.4117 0.0416491 4.99488e-045 1.27786e-011 4.97697e-058 0.215635 4.09289e-044 2.43947e-312 3.79229e-127 36.2662
936 37.1 14.4307 21.3257 0.0465372 1.49972e-044 7.45003e-012 2.00385e-059 0.181861 9.81954e-044 6.1764e-310 3.0476e-126 35.9848
937 36.9 13.2777 22.2589 0.0519541 4.47701e-044 4.32157e-012 7.76909e-061 0.152962 2.34714e-043 1.5308e-307 2.4311e-125 35.7416
938 36.7 12.1495 23.2103 0.0579518 1.32879e-043 2.49421e-012 2.90056e-062 0.128308 5.58953e-043 3.71399e-305 1.92502e-124 35.5461
939 36.5 11.0559 24.1788 0.0645861 3.9212e-043 1.4323e-012 1.04279e-063 0.107336 1.32616e-042 8.82077e-303 1.51305e-123 35.4066
940 36.3 10.0052 25.1632 0.0719181 1.15046e-042 8.18356e-013 3.61011e-065 0.0895485 3.13477e-042 2.05076e-300 1.18049e-122 35.3299
941 36.1 9.00438 26.1622 0.0800135 3.35597e-042 4.65222e-013 1.2035e-066 0.074507 7.38247e-042 4.66727e-298 9.14229e-122 35.3211
942 35.8 8.05899 27.1743 0.0889435 9.73321e-042 2.6314e-013 3.8635e-068 0.0618242 1.73214e-041 1.03981e-295 7.02809e-121 35.384
943 35.6 7.17308 28.198 0.0987851 2.80664e-041 1.48088e-013 1.19432e-069 0.0511616 4.04905e-041 2.2677e-293 5.36299e-120 35.5211
944 35.5 6.34933 29.2319 0.109621 8.04653e-041 8.2921e-014 3.55521e-071 0.0422234 9.42995e-041 4.84129e-291 4.06223e-119 35.733
945 35.5 5.58919 30.2741 0.121542 2.29363e-040 4.61973e-014 1.0191e-072 0.0347525 2.18803e-040 1.01176e-288 3.05429e-118 36.0195
946 35.6 4.89291 31.3229 0.134642 6.50024e-040 2.56081e-014 2.81301e-074 0.028526 5.05804e-040 2.06983e-286 2.27951e-117 36.379
947 35.7 4.25974 32.3765 0.149026 1.83159e-039 1.41237e-014 7.47711e-076 0.0233518 1.16493e-039 4.14509e-284 1.68874e-116 36.8086
948 35.9 3.68805 33.4329 0.164805 5.13119e-039 7.75043e-015 1.91382e-077 0.0190644 2.67302e-039 8.12597e-282 1.24185e-115 37.3048
949 36.2 3.17548 34.4902 0.182098 1.42923e-038 4.23168e-015 4.71709e-079 0.0155221 6.11072e-039 1.5594e-279 9.06496e-115 37.8633
950 36.5 2.71906 35.5462 0.201032 3.958e-038 2.29884e-015 1.11957e-080 0.0126038 1.39178e-038 2.92943e-277 6.56824e-114 38.4789
951 37 2.3154 36.5989 0.221744 1.08979e-037 1.24255e-015 2.5588e-082 0.0102064 3.15815e-038 5.38703e-275 4.72411e-113 39.1462
952 37.7 1.96079 37.646 0.24438 2.98334e-037 6.68229e-016 5.63154e-084 0.00824273 7.13976e-038 9.69746e-273 3.3727e-112 39.8595
953 38.5 1.65133 38.6854 0.269094 8.11996e-037 3.57558e-016 1.1935e-085 0.00663883 1.60813e-037 1.70887e-270 2.39015e-111 40.6125
954 39.3 1.38304 39.7148 0.296053 2.19734e-036 1.90361e-016 2.4357e-087 0.00533256 3.60866e-037 2.94781e-268 1.68135e-110 41.3992
955 40.4 1.15195 40.7318 0.325432 5.91198e-036 1.00836e-016 4.78664e-089 0.00427172 8.06782e-037 4.97775e-266 1.17403e-109 42.2135
956 41.3 0.95418 41.7342 0.357419 1.58147e-035 5.31451e-017 9.05824e-091 0.00341267 1.79703e-036 8.22827e-264 8.13744e-109 43.0492
957 42.5 0.786004 42.7196 0.392212 4.20611e-035 2.78689e-017 1.65068e-092 0.002719 3.98785e-036 1.33145e-261 5.59866e-108 43.9006
958 43.8 0.643898 43.6857 0.430023 1.11222e-034 1.45407e-017 2.89658e-094 0.00216046 8.81679e-036 2.10904e-259 3.82356e-107 44.7618
959 45.1 0.524574 44.6301 0.471072 2.92413e-034 7.54844e-018 4.89458e-096 0.00171202 1.94209e-035 3.27028e-257 2.59203e-106 45.6274
960 46.4 0.425006 45.5505 0.515596 7.6435e-034 3.89888e-018 7.96435e-098 0.00135299 4.26201e-035 4.96394e-255 1.74421e-105 46.4924
961 47.8 0.342437 46.4446 0.563842 1.98646e-033 2.00369e-018 1.24793e-099 0.00106636 9.3185e-035 7.37583e-253 1.16505e-104 47.3519
962 49.2 0.274387 47.3101 0.616073 5.13288e-033 1.02454e-018 1.88295e-101 0.000838174 2.02985e-034 1.07284e-250 7.72469e-104 48.2014
963 50.5 0.218648 48.1447 0.672563 1.31866e-032 5.2124e-019 2.73584e-103 0.000657037 4.40525e-034 1.52758e-248 5.08397e-103 49.0366
964 51.8 0.17327 48.9464 0.733601 3.3682e-032 2.63848e-019 3.82779e-105 0.000513652 9.52495e-034 2.12918e-246 3.32134e-102 49.8538
965 53 0.136553 49.713 0.799489 8.55373e-032 1.32886e-019 5.15717e-107 0.000400472 2.05183e-033 2.90512e-244 2.15382e-101 50.6494
966 54.1 0.107023 50.4424 0.870546 2.15975e-031 6.65907e-020 6.69084e-109 0.000311385 4.4036e-033 3.88022e-242 1.38642e-100 51.4202
967 55 0.0834158 51.1326 0.947103 5.42182e-031 3.32014e-020 8.35902e-111 0.000241461 9.41588e-033 5.07331e-240 8.85866e-100 52.1633
968 55.8 0.0646575 51.7818 1.02951 1.35325e-030 1.64705e-020 1.00562e-112 0.000186733 2.00586e-032 6.49333e-238 5.6186e-099 52.8761
969 56.7 0.0498411 52.3881 1.11811 3.35818e-030 8.12957e-021 1.16499e-114 0.000144018 4.25723e-032 8.13552e-236 3.53733e-098 53.5562
970 57.1 0.0382079 52.9499 1.21331 8.28555e-030 3.99242e-021 1.29961e-116 0.000110774 9.00202e-032 9.97803e-234 2.21061e-097 54.2015
971 57.6 0.0291284 53.4656 1.31547 2.0325e-029 1.9508e-021 1.39608e-118 8.49731e-005 1.89644e-031 1.19797e-231 1.37131e-096 54.8102
972 57.9 0.0220841 53.9337 1.425 4.95715e-029 9.48417e-022 1.44416e-120 6.50053e-005 3.9804e-031 1.40796e-229 8.44394e-096 55.3808
973 58.3 0.0166509 54.3529 1.54234 1.20206e-028 4.58769e-022 1.43854e-122 4.95952e-005 8.3234e-031 1.61985e-227 5.16111e-095 55.9119
974 58.7 0.0124852 54.722 1.66789 2.89809e-028 2.20799e-022 1.37987e-124 3.77358e-005 1.73405e-030 1.82432e-225 3.13133e-094 56.4024
975 59 0.00931003 55.04 1.80211 6.94689e-028 1.05733e-022 1.27455e-126 2.86346e-005 3.59922e-030 2.01126e-223 1.88583e-093 56.8514
976 59.2 0.00690405 55.3058 1.94546 1.65562e-027 5.03767e-023 1.13366e-128 2.16697e-005 7.44291e-030 2.1706e-221 1.12736e-092 57.2582
977 59.3 0.0050916 55.5189 2.09841 3.92304e-027 2.38813e-023 9.70988e-131 1.63545e-005 1.53343e-029 2.29314e-219 6.68979e-092 57.6224
978 59.3 0.00373425 55.6784 2.26143 9.24224e-027 1.12641e-023 8.00849e-133 1.23097e-005 3.14754e-029 2.37151e-217 3.94048e-091 57.9436
979 59.2 0.00272364 55.784 2.43502 2.16483e-026 5.28619e-024 6.36053e-135 9.24012e-006 6.43674e-029 2.40082e-215 2.30395e-090 58.2218
980 59 0.00197558 55.8354 2.61968 5.04153e-026 2.4683e-024 4.86454e-137 6.91724e-006 1.31144e-028 2.37923e-213 1.33716e-089 58.457
981 58.9 0.00142507 55.8324 2.81591 1.16733e-025 1.14673e-024 3.58257e-139 5.1643e-006 2.66205e-028 2.30811e-211 7.70343e-089 58.6497
982 58.8 0.00102229 55.7749 3.02425 2.6873e-025 5.30072e-025 2.54071e-141 3.84516e-006 5.38358e-028 2.19188e-209 4.40525e-088 58.8002
983 58.6 0.000729313 55.6633 3.2452 6.1508e-025 2.4379e-025 1.73508e-143 2.85522e-006 1.08471e-027 2.0376e-207 2.50061e-087 58.9092
984 58.4 0.000517427 55.4978 3.4793 1.39971e-024 1.11559e-025 1.14101e-145 2.11441e-006 2.17742e-027 1.85423e-205 1.40899e-086 58.9776
985 58.1 0.000365076 55.2789 3.72707 3.16693e-024 5.0793e-026 7.22549e-148 1.56157e-006 4.35469e-027 1.65177e-203 7.88056e-086 59.0063
986 57.8 0.000256162 55.0071 3.98906 7.12409e-024 2.30097e-026 4.40605e-150 1.15016e-006 8.67679e-027 1.44038e-201 4.37517e-085 58.9965
987 57.5 0.000178749 54.6834 4.26579 1.59336e-023 1.03711e-026 2.58724e-152 8.44848e-007 1.72246e-026 1.22955e-199 2.41112e-084 58.9494
988 57.1 0.000124042 54.3087 4.55779 3.54314e-023 4.65105e-027 1.46295e-154 6.18902e-007 3.40662e-026 1.02744e-197 1.31896e-083 58.8666
989 57 8.56041e-005 53.884 4.86558 7.83351e-023 2.07531e-027 7.9658e-157 4.52156e-007 6.71254e-026 8.40445e-196 7.16196e-083 58.7496
990 56.7 5.87513e-005 53.4105 5.1897 1.72193e-022 9.21352e-028 4.17671e-159 3.29442e-007 1.31776e-025 6.72983e-194 3.86029e-082 58.6003
991 56.4 4.00994e-005 52.8896 5.53064 3.7633e-022 4.06983e-028 2.10885e-161 2.39383e-007 2.57735e-025 5.27522e-192 2.06536e-081 58.4203
992 56 2.7218e-005 52.3228 5.88891 8.17735e-022 1.78869e-028 1.02532e-163 1.73472e-007 5.02222e-025 4.04779e-190 1.09688e-080 58.2117
993 55.7 1.83726e-005 51.7116 6.265 1.76664e-021 7.82173e-029 4.80045e-166 1.25369e-007 9.75003e-025 3.04045e-188 5.78241e-080 57.9766
994 55.4 1.23335e-005 51.0578 6.65936 3.7947e-021 3.40313e-029 2.16426e-168 9.03599e-008 1.88583e-024 2.23563e-186 3.02585e-079 57.7171
995 55.3 8.23374e-006 50.3631 7.07246 8.10397e-021 1.47321e-029 9.39599e-171 6.49507e-008 3.63401e-024 1.60917e-184 1.57171e-078 57.4356
996 55 5.46646e-006 49.6295 7.50473 1.72072e-020 6.34538e-030 3.92809e-173 4.65603e-008 6.97681e-024 1.13383e-182 8.10376e-078 57.1342
997 54.9 3.60922e-006 48.8589 7.95656 3.63258e-020 2.71932e-030 1.58134e-175 3.32867e-008 1.33449e-023 7.8205e-181 4.14751e-077 56.8155
998 54.6 2.36984e-006 48.0534 8.42833 7.62452e-020 1.1595e-030 6.13021e-178 2.37328e-008 2.54307e-023 5.28035e-179 2.10706e-076 56.4818
999 54.5 1.54747e-006 47.2152 8.9204 1.59111e-019 4.91915e-031 2.2884e-180 1.68753e-008 4.82824e-023 3.49006e-177 1.06256e-075 56.1356
1000 54.3 1.0049e-006 46.3464 9.43308 3.30128e-019 2.07643e-031 8.22607e-183 1.19668e-008 9.13285e-023 2.25811e-175 5.31884e-075 55.7795
1001 54.2 6.48965e-007 45.4493 9.96663 6.81014e-019 8.72078e-032 2.84747e-185 8.46302e-009 1.72112e-022 1.43021e-173 2.64282e-074 55.4159
1002 54 4.1679e-007 44.5261 10.5213 1.39676e-018 3.64419e-032 9.49143e-188 5.96895e-009 3.23149e-022 8.86736e-172 1.30349e-073 55.0474
1003 53.8 2.66202e-007 43.5792 11.0973 2.84825e-018 1.51515e-032 3.04656e-190 4.1985e-009 6.04478e-022 5.38185e-170 6.38167e-073 54.6765
1004 53.4 1.69084e-007 42.6109 11.6947 5.77469e-018 6.26784e-033 9.41659e-193 2.94519e-009 1.12654e-021 3.1975e-168 3.10133e-072 54.3056
1005 53.2 1.06805e-007 41.6235 12.3137 1.16405e-017 2.57982e-033 2.80274e-195 2.06042e-009 2.09169e-021 1.85965e-166 1.49607e-071 53.9372
1006 53 6.70936e-008 40.6193 12.9544 2.33294e-017 1.0565e-033 8.03301e-198 1.43755e-009 3.86933e-021 1.05875e-164 7.16375e-071 53.5737
1007 52.8 4.19147e-008 39.6008 13.6166 4.64869e-017 4.30485e-034 2.21707e-200 1.00026e-009 7.13117e-021 5.90062e-163 3.405e-070 53.2174
1008 52.7 2.60405e-008 38.5702 14.3003 9.20976e-017 1.74524e-034 5.89231e-203 6.94108e-010 1.3094e-020 3.21917e-161 1.60651e-069 52.8706
1009 52.6 1.60891e-008 37.5298 15.0055 1.81409e-016 7.03982e-035 1.50799e-205 4.80357e-010 2.39537e-020 1.71922e-159 7.52376e-069 52.5354
1010 52.5 9.88576e-009 36.482 15.7319 3.55272e-016 2.82538e-035 3.71634e-208 3.31531e-010 4.36574e-020 8.98795e-158 3.49764e-068 52.2139
1011 52.3 6.0407e-009 35.4288 16.4793 6.91761e-016 1.12824e-035 8.81939e-211 2.28196e-010 7.9274e-020 4.59972e-156 1.614e-067 51.9081
1012 52.2 3.67081e-009 34.3725 17.2473 1.33919e-015 4.48262e-036 2.01543e-213 1.56645e-010 1.43413e-019 2.30433e-154 7.39296e-067 51.6198
1013 52.1 2.21837e-009 33.3152 18.0356 2.57763e-015 1.77204e-036 4.43509e-216 1.07238e-010 2.58486e-019 1.13005e-152 3.36141e-066 51.3508
1014 52.1 1.33323e-009 32.259 18.8437 4.93279e-015 6.96982e-037 9.39816e-219 7.32154e-011 4.64162e-019 5.42495e-151 1.51709e-065 51.1027
1015 52.1 7.96842e-010 31.2059 19.671 9.38545e-015 2.72759e-037 1.91774e-221 4.98518e-011 8.30404e-019 2.54938e-149 6.79657e-065 50.8769
1016 52 4.73629e-010 30.1577 20.517 1.77546e-014 1.06205e-037 3.76825e-224 3.38518e-011 1.48012e-018 1.17277e-147 3.02243e-064 50.6747
1017 52 2.79964e-010 29.1163 21.381 3.33932e-014 4.11455e-038 7.13013e-227 2.29249e-011 2.62839e-018 5.28123e-146 1.33416e-063 50.4973
1018 52 1.64575e-010 28.0836 22.2622 6.24449e-014 1.58601e-038 1.29915e-229 1.5483e-011 4.65018e-018 2.32808e-144 5.84588e-063 50.3457
1019 52 9.62106e-011 27.061 23.1597 1.16099e-013 6.08273e-039 2.27944e-232 1.04287e-011 8.19666e-018 1.00462e-142 2.5426e-062 50.2208
1020 52 5.59345e-011 26.0503 24.0728 2.14611e-013 2.32113e-039 3.85126e-235 7.00526e-012 1.43943e-017 4.24376e-141 1.09773e-061 50.1231
1021 52 3.23396e-011 25.0529 25.0002 3.94429e-013 8.81271e-040 6.26589e-238 4.69292e-012 2.51844e-017 1.75485e-139 4.70434e-061 50.0532
1022 52 1.85946e-011 24.0702 25.9411 7.20736e-013 3.32911e-040 9.81677e-241 3.13535e-012 4.38995e-017 7.10345e-138 2.0012e-060 50.0114
1023 52.1 1.06326e-011 23.1036 26.8943 1.30941e-012 1.25128e-040 1.48102e-243 2.08907e-012 7.62384e-017 2.81476e-136 8.45025e-060 49.9978
1024 52 6.04626e-012 22.1541 27.8584 2.3652e-012 4.67941e-041 2.15158e-246 1.38817e-012 1.31909e-016 1.09183e-134 3.5419e-059 50.0126
1025 52 3.41927e-012 21.223 28.8323 4.24769e-012 1.74115e-041 3.00995e-249 9.19931e-013 2.27385e-016 4.14583e-133 1.47364e-058 50.0553
1026 52 1.92299e-012 20.3112 29.8146 7.58454e-012 6.44598e-042 4.05478e-252 6.07984e-013 3.90515e-016 1.54102e-131 6.08601e-058 50.1258
1027 51.9 1.07552e-012 19.4197 30.8038 1.34647e-011 2.37438e-042 5.25994e-255 4.00731e-013 6.68189e-016 5.60722e-130 2.49495e-057 50.2235
1028 51.6 5.98218e-013 18.5492 31.7984 2.37661e-011 8.70205e-043 6.57053e-258 2.63412e-013 1.13906e-015 1.99723e-128 1.01526e-056 50.3476
1029 51.6 3.309e-013 17.7004 32.7969 4.17072e-011 3.17322e-043 7.90361e-261 1.72681e-013 1.93456e-015 6.96387e-127 4.10095e-056 50.4974
1030 51.6 1.82025e-013 16.8741 33.7977 7.27706e-011 1.1513e-043 9.15496e-264 1.12895e-013 3.27344e-015 2.37692e-125 1.64428e-055 50.6718
1031 51.6 9.95785e-014 16.0706 34.7991 1.26239e-010 4.15609e-044 1.02116e-266 7.36086e-014 5.51841e-015 7.94184e-124 6.5442e-055 50.8697
1032 51.6 5.41747e-014 15.2905 35.7992 2.17732e-010 1.49276e-044 1.09682e-269 4.78637e-014 9.2685e-015 2.59758e-122 2.58538e-054 51.0897
1033 51.7 2.93106e-014 14.5341 36.7965 3.73374e-010 5.33462e-045 1.13444e-272 3.1039e-014 1.55093e-014 8.31684e-121 1.01386e-053 51.3306
1034 51.7 1.57707e-014 13.8017 37.7889 6.36586e-010 1.89682e-045 1.12989e-275 2.0074e-014 2.5856e-014 2.60669e-119 3.94659e-053 51.5906
1035 51.7 8.43872e-015 13.0933 38.7748 1.0791e-009 6.71054e-046 1.08366e-278 1.29474e-014 4.29455e-014 7.99765e-118 1.52494e-052 51.8681
1036 51.8 4.49054e-015 12.4093 39.7521 1.8187e-009 2.36209e-046 1.00083e-281 8.32824e-015 7.10658e-014 2.40202e-116 5.84886e-052 52.1614
1037 52.2 2.3764e-015 11.7495 40.719 3.04755e-009 8.27266e-047 8.90081e-285 5.34255e-015 1.17163e-013 7.0621e-115 2.22678e-051 52.4685
1038 52.6 1.25065e-015 11.114 41.6736 5.07729e-009 2.88272e-047 7.62264e-288 3.41796e-015 1.92445e-013 2.03251e-113 8.41531e-051 52.7875
1039 52.7 6.54565e-016 10.5026 42.6138 8.4102e-009 9.99466e-048 6.28618e-291 2.18077e-015 3.14927e-013 5.72627e-112 3.15683e-050 53.1164
1040 53.1 3.40696e-016 9.91516 43.5377 1.38507e-008 3.4478e-048 4.992e-294 1.38764e-015 5.13453e-013 1.57926e-110 1.17549e-049 53.4529
1041 53.1 1.76351e-016 9.35146 44.4434 2.26794e-008 1.18338e-048 3.8174e-297 8.80573e-016 8.34022e-013 4.26361e-109 4.34486e-049 53.7949
1042 53.1 9.07794e-017 8.81122 45.3289 3.69217e-008 4.04126e-049 2.81103e-300 5.57286e-016 1.34971e-012 1.12679e-107 1.59412e-048 54.1401
1043 53.1 4.64723e-017 8.29411 46.1923 5.97618e-008 1.37315e-049 1.99329e-303 3.51734e-016 2.17617e-012 2.91507e-106 5.80565e-048 54.4864
1044 53.1 2.36592e-017 7.79973 47.0316 9.61742e-008 4.64223e-050 1.36107e-306 2.21399e-016 3.49566e-012 7.38241e-105 2.0988e-047 54.8313
1045 53.4 1.19785e-017 7.32768 47.8449 1.53881e-007 1.56151e-050 8.94943e-310 1.38982e-016 5.5944e-012 1.83016e-103 7.53142e-047 55.1726
1046 53.7 6.03119e-018 6.87749 48.6305 2.44796e-007 5.22601e-051 5.66652e-313 8.70092e-017 8.92e-012 4.44141e-102 2.68269e-046 55.508
1047 54 3.01996e-018 6.44867 49.3864 3.87182e-007 1.74022e-051 3.45496e-316 5.43245e-017 1.41698e-011 1.0551e-100 9.48534e-046 55.8351
1048 54.4 1.50383e-018 6.0407 50.1109 6.08861e-007 5.76566e-052 2.02824e-319 3.38259e-017 2.24258e-011 2.45364e-099 3.32907e-045 56.1516
1049 54.8 7.44718e-019 5.65303 50.8023 9.51949e-007 1.90064e-052 1.13635e-322 2.10052e-017 3.53606e-011 5.58557e-098 1.15979e-044 56.4553
1050 55.3 3.66761e-019 5.28508 51.4589 1.47979e-006 6.23393e-053 0 1.30085e-017 5.55491e-011 1.24471e-096 4.01074e-044 56.744
1051 55.7 1.79628e-019 4.93627 52.0792 2.28708e-006 2.03438e-053 0 8.03439e-018 8.69406e-011 2.71524e-095 1.37676e-043 57.0154
1052 56 8.74905e-020 4.60599 52.6615 3.51441e-006 6.60556e-054 0 4.94881e-018 1.35567e-010 5.79816e-094 4.69112e-043 57.2675
1053 56.3 4.23785e-020 4.29362 53.2046 5.36928e-006 2.13401e-054 0 3.03999e-018 2.10607e-010 1.21203e-092 1.58666e-042 57.4982
1054 56.2 2.04141e-020 3.99853 53.707 8.1559e-006 6.85949e-055 0 1.86238e-018 3.25971e-010 2.48017e-091 5.32696e-042 57.7056
1055 56.2 9.77935e-021 3.7201 54.1676 1.23174e-005 2.19379e-055 0 1.13785e-018 5.02657e-010 4.96808e-090 1.77526e-041 57.8877
1056 56.3 4.65896e-021 3.45769 54.585 1.84953e-005 6.98086e-056 0 6.93312e-019 7.72237e-010 9.74178e-089 5.87263e-041 58.0427
1057 56.5 2.20732e-021 3.21065 54.9584 2.76117e-005 2.21019e-056 0 4.21302e-019 1.182e-009 1.86995e-087 1.92837e-040 58.1691
1058 56.7 1.04002e-021 2.97836 55.2867 4.09843e-005 6.96242e-057 0 2.55319e-019 1.80248e-009 3.51368e-086 6.28546e-040 58.2651
1059 57 4.87318e-022 2.76019 55.5691 6.0483e-005 2.18222e-057 0 1.54311e-019 2.73848e-009 6.46305e-085 2.03362e-039 58.3294
1060 57.4 2.27082e-022 2.5555 55.8049 8.87447e-005 6.80529e-058 0 9.30105e-020 4.14511e-009 1.16374e-083 6.53117e-039 58.3605
1061 57.8 1.05233e-022 2.36369 55.9935 0.000129462 2.11156e-058 0 5.59103e-020 6.25099e-009 2.05122e-082 2.08209e-038 58.3573
1062 58 4.84971e-023 2.18415 56.1344 0.000187774 6.5188e-059 0 3.35177e-020 9.3918e-009 3.53926e-081 6.58864e-038 58.3187
1063 58.3 2.22269e-023 2.01627 56.2272 0.000270783 2.00235e-059 0 2.00393e-020 1.40584e-008 5.97798e-080 2.06957e-037 58.2437
1064 58.4 1.01307e-023 1.85949 56.2717 0.000388238 6.1196e-060 0 1.19485e-020 2.09657e-008 9.88412e-079 6.45284e-037 58.1315
1065 58.7 4.59198e-024 1.71323 56.2677 0.000553436 1.86086e-060 0 7.10502e-021 3.11509e-008 1.59979e-077 1.99715e-036 57.9815
1066 58.8 2.06994e-024 1.57693 56.2154 0.000784385 5.63006e-061 0 4.2135e-021 4.61124e-008 2.53472e-076 6.13559e-036 57.7931
1067 58.8 9.27924e-025 1.45007 56.1148 0.00110531 1.69481e-061 0 2.49197e-021 6.80067e-008 3.93133e-075 1.87107e-035 57.566
1068 58.6 4.1368e-025 1.33211 55.9662 0.00154856 5.07618e-062 0 1.46983e-021 9.99247e-008 5.96884e-074 5.66386e-035 57.2999
1069 58.3 1.83407e-025 1.22255 55.77 0.00215708 1.51273e-062 0 8.646e-022 1.46279e-007 8.87119e-073 1.70185e-034 56.9947
1070 57.9 8.08656e-026 1.12092 55.5266 0.00298742 4.48535e-063 0 5.07209e-022 2.13341e-007 1.29067e-071 5.07597e-034 56.6505
1071 58 3.54576e-026 1.02673 55.2367 0.00411356 1.32324e-063 0 2.96744e-022 3.09996e-007 1.8382e-070 1.50281e-033 56.2675
1072 57.4 1.54616e-026 0.939536 54.901 0.00563161 3.8841e-064 0 1.73141e-022 4.48771e-007 2.56277e-069 4.41648e-033 55.8462
1073 56.5 6.70495e-027 0.858912 54.5205 0.00766547 1.13436e-064 0 1.00749e-022 6.47262e-007 3.49759e-068 1.28836e-032 55.3871
1074 55.4 2.89158e-027 0.784441 54.096 0.0103738 3.29624e-065 0 5.84664e-023 9.30083e-007 4.67272e-067 3.73064e-032 54.8908
1075 54.7 1.24015e-027 0.71573 53.6286 0.0139581 9.53007e-066 0 3.38373e-023 1.33153e-006 6.111e-066 1.07231e-031 54.3583
1076 54.6 5.28942e-028 0.652401 53.1195 0.0186728 2.74146e-066 0 1.95303e-023 1.89918e-006 7.82343e-065 3.05944e-031 53.7906
1077 54.7 2.24358e-028 0.594096 52.57 0.0248362 7.84651e-067 0 1.1242e-023 2.69878e-006 9.80445e-064 8.66466e-031 53.1889
1078 54.7 9.46394e-029 0.540474 51.9814 0.0328437 2.2345e-067 0 6.45361e-024 3.82083e-006 1.20279e-062 2.43585e-030 52.5547
1079 54.5 3.97009e-029 0.491214 51.3551 0.0431828 6.33128e-068 0 3.69476e-024 5.38931e-006 1.44444e-061 6.79728e-030 51.8895
1080 53.8 1.65626e-029 0.446008 50.6928 0.0564498 1.78489e-068 0 2.10956e-024 7.57349e-006 1.69806e-060 1.88282e-029 51.1953
1081 52.9 6.8715e-030 0.404568 49.9959 0.0733678 5.00658e-069 0 1.20122e-024 1.06034e-005 1.95409e-059 5.1769e-029 50.4739
1082 52.1 2.83514e-030 0.366621 49.2662 0.0948071 1.39727e-069 0 6.82143e-025 1.47905e-005 2.20131e-058 1.41292e-028 49.7277
1083 51.2 1.16331e-030 0.33191 48.5054 0.121806 3.87994e-070 0 3.86325e-025 2.05544e-005 2.42749e-057 3.82784e-028 48.9591
1084 50.3 4.74692e-031 0.300192 47.7152 0.155592 1.07196e-070 0 2.18199e-025 2.84587e-005 2.62045e-056 1.02938e-027 48.171
1085 49.1 1.92632e-031 0.271241 46.8976 0.197606 2.94676e-071 0 1.22907e-025 3.92565e-005 2.76908e-055 2.74782e-027 47.3664
1086 47.9 7.77394e-032 0.244843 46.0542 0.249519 8.05966e-072 0 6.90437e-026 5.39505e-005 2.86443e-054 7.28095e-027 46.5486
1087 46.6 3.11998e-032 0.220799 45.1871 0.313256 2.1933e-072 0 3.86808e-026 7.38697e-005 2.90056e-053 1.91503e-026 45.7213
1088 45.2 1.24526e-032 0.198922 44.2982 0.39101 5.93864e-073 0 2.16117e-026 0.000100768 2.87519e-052 4.99975e-026 44.8883
1089 43.9 4.94275e-033 0.179038 43.3895 0.485253 1.59987e-073 0 1.20422e-026 0.000136952 2.78994e-051 1.29572e-025 44.0539
1090 42.6 1.95107e-033 0.160985 42.4628 0.598744 4.28837e-074 0 6.69189e-027 0.000185438 2.6501e-050 3.33319e-025 43.2227
1091 41.3 7.65907e-034 0.144611 41.5201 0.734523 1.14369e-074 0 3.70863e-027 0.000250159 2.46419e-049 8.51132e-025 42.3995
1092 40.1 2.99003e-034 0.129776 40.5634 0.895905 3.03482e-075 0 2.04976e-027 0.000336218 2.24298e-048 2.15735e-024 41.5895
1093 39 1.16085e-034 0.116349 39.5947 1.08645 8.01246e-076 0 1.12983e-027 0.000450207 1.99857e-047 5.42792e-024 40.798
1094 38 4.48199e-035 0.10421 38.6159 1.30994 2.10478e-076 0 6.21083e-028 0.000600606 1.74324e-046 1.35561e-023 40.0306
1095 37.1 1.72094e-035 0.0932466 37.6288 1.57031 5.5012e-077 0 3.40494e-028 0.000798279 1.48845e-045 3.36063e-023 39.2932
1096 36.4 6.57137e-036 0.0833553 36.6355 1.87159 1.43059e-077 0 1.86162e-028 0.00105708 1.24409e-044 8.26982e-023 38.5915
1097 35.9 2.49543e-036 0.0744405 35.6376 2.21783 3.70155e-078 0 1.01507e-028 0.00139459 1.01792e-043 2.02004e-022 37.9313
1098 35.4 9.42395e-037 0.0664145 34.6371 2.61298 9.52929e-079 0 5.51985e-029 0.00183303 8.15299e-043 4.89789e-022 37.3184
1099 35.1 3.53931e-037 0.0591961 33.6358 3.06082 2.44087e-079 0 2.99351e-029 0.0024004 6.39237e-042 1.17882e-021 36.7582
1100 34.7 1.32191e-037 0.0527108 32.6353 3.56478 6.22069e-080 0 1.61904e-029 0.00313171 4.90623e-041 2.81626e-021 36.2559
1101 34.6 4.91001e-038 0.0468903 31.6373 4.12779 1.5774e-080 0 8.73286e-030 0.00407069 3.68618e-040 6.67861e-021 35.816
1102 34.6 1.81368e-038 0.0416719 30.6434 4.75221 3.97971e-081 0 4.69765e-030 0.00527158 2.7111e-039 1.57212e-020 35.4426
1103 34.7 6.6625e-039 0.0369982 29.6552 5.43959 9.99013e-082 0 2.52016e-030 0.00680142 1.9519e-038 3.67346e-020 35.1386
1104 34.7 2.43395e-039 0.0328166 28.6742 6.19053 2.49517e-082 0 1.34834e-030 0.00874271 1.37566e-037 8.52023e-020 34.9063
1105 35 8.84268e-040 0.0290793 27.7018 7.00458 6.20064e-083 0 7.19436e-031 0.0111964 9.49087e-037 1.96162e-019 34.7467
1106 35.1 3.19487e-040 0.0257425 26.7393 7.88005 1.53314e-083 0 3.82833e-031 0.0142856 6.40978e-036 4.48297e-019 34.6594
1107 35.4 1.14795e-040 0.0227664 25.7881 8.81389 3.77169e-084 0 2.03166e-031 0.0181596 4.23761e-035 1.01696e-018 34.6429
1108 35.7 4.10192e-041 0.0201148 24.8493 9.80162 9.23206e-085 0 1.07527e-031 0.0229985 2.74247e-034 2.28998e-018 34.694
1109 35.9 1.45764e-041 0.0177547 23.9241 10.8373 2.24838e-085 0 5.67549e-032 0.0290188 1.73742e-033 5.11853e-018 34.8082
1110 36.2 5.15124e-042 0.0156562 23.0135 11.9134 5.44816e-086 0 2.98755e-032 0.0364793 1.07748e-032 1.13566e-017 34.979
1111 36.6 1.81038e-042 0.0137923 22.1185 13.021 1.31353e-086 0 1.56838e-032 0.0456879 6.54113e-032 2.50113e-017 35.199
1112 36.8 6.32744e-043 0.0121385 21.2401 14.1495 3.15091e-087 0 8.21125e-033 0.0570088 3.88723e-031 5.46781e-017 35.4587
1113 37 2.19929e-043 0.0106726 20.3789 15.2874 7.52042e-088 0 4.28737e-033 0.0708711 2.26136e-030 1.18653e-016 35.7479
1114 37 7.60212e-044 0.00937454 19.5359 16.4216 1.7859e-088 0 2.23253e-033 0.0877776 1.28778e-029 2.55582e-016 36.0547
1115 37 2.61328e-044 0.00822635 18.7116 17.5385 4.21969e-089 0 1.15938e-033 0.108314 7.17881e-029 5.46475e-016 36.3667
1116 37 8.93374e-045 0.00721177 17.9067 18.6234 9.92002e-090 0 6.00453e-034 0.13316 3.91748e-028 1.15984e-015 36.6705
1117 37 3.03724e-045 0.00631615 17.1217 19.6616 2.32035e-090 0 3.10138e-034 0.163098 2.09268e-027 2.4435e-015 36.9528
1118 37.1 1.02689e-045 0.00552638 16.357 20.6382 5.40011e-091 0 1.59755e-034 0.199026 1.09431e-026 5.10993e-015 37.1997
1119 37.1 3.45275e-046 0.00483064 15.613 21.5385 1.25043e-091 0 8.20689e-035 0.241968 5.6017e-026 1.06073e-014 37.3983
1120 37.1 1.15453e-046 0.00421839 14.89 22.3487 2.88089e-092 0 4.20461e-035 0.293085 2.80699e-025 2.18566e-014 37.536
1121 37 3.83921e-047 0.00368014 14.1883 23.0558 6.60393e-093 0 2.1483e-035 0.353684 1.37691e-024 4.47043e-014 37.6015
1122 36.9 1.26963e-047 0.00320744 13.508 23.6483 1.50621e-093 0 1.09469e-035 0.42523 6.61164e-024 9.07616e-014 37.5848
1123 36.8 4.17551e-048 0.00279274 12.8493 24.1164 3.41805e-094 0 5.56297e-036 0.509354 3.10782e-023 1.82912e-013 37.4779
1124 36.6 1.36565e-048 0.00242928 12.2122 24.4522 7.71756e-095 0 2.81934e-036 0.607858 1.43003e-022 3.65907e-013 37.2747
1125 36.4 4.4419e-049 0.00211107 11.5967 24.6499 1.73376e-095 0 1.42499e-036 0.722723 6.4413e-022 7.26586e-013 36.9714
1126 36 1.4368e-049 0.00183276 11.0027 24.7061 3.87533e-096 0 7.1829e-037 0.856107 2.84018e-021 1.43216e-012 36.5667
1127 35.6 4.62189e-050 0.00158958 10.4302 24.6198 8.61857e-097 0 3.61086e-037 1.01035 1.22591e-020 2.80209e-012 36.0619
1128 35.1 1.47857e-050 0.00137733 9.87891 24.3926 1.90709e-097 0 1.81028e-037 1.18796 5.17981e-020 5.44203e-012 35.4608
1129 34.6 4.70394e-051 0.00119226 9.34875 24.0283 4.19871e-098 0 9.05116e-038 1.39161 2.14245e-019 1.04912e-011 34.7699
1130 34 1.48826e-051 0.00103105 8.83943 23.5332 9.19748e-099 0 4.51322e-038 1.62413 8.6746e-019 2.00762e-011 33.9978
1131 33.3 4.68268e-052 0.000890766 8.35067 22.9155 2.00461e-099 0 2.24435e-038 1.88847 3.43819e-018 3.81349e-011 33.1556
1132 32.5 1.46524e-052 0.000768821 7.88214 22.1856 4.34712e-100 0 1.11306e-038 2.1877 1.33399e-017 7.19038e-011 32.2562
1133 31.6 4.55952e-053 0.000662925 7.4335 21.3553 9.37951e-101 0 5.5052e-039 2.52495 5.06659e-017 1.34576e-010 31.3144
1134 30.6 1.411e-053 0.000571057 7.00437 20.4377 2.01358e-101 0 2.71549e-039 2.90337 1.88374e-016 2.50019e-010 30.346
1135 29.7 4.34245e-054 0.000491441 6.59432 19.4469 4.30095e-102 0 1.33582e-039 3.32614 6.85597e-016 4.61069e-010 29.3678
1136 28.6 1.32905e-054 0.000422513 6.20295 18.3975 9.14049e-103 0 6.55347e-040 3.79633 2.44263e-015 8.44005e-010 28.3972
1137 27.6 4.04522e-055 0.000362899 5.82978 17.3046 1.93278e-103 0 3.2064e-040 4.31694 8.51901e-015 1.5336e-009 27.4517
1138 26.5 1.22445e-055 0.000311393 5.47434 16.1829 4.06636e-104 0 1.56454e-040 4.89073 2.90845e-014 2.7661e-009 26.5483
1139 25.6 3.68588e-056 0.000266936 5.13615 15.0468 8.5121e-105 0 7.61344e-041 5.52024 9.72022e-014 4.95234e-009 25.7034
1140 24.7 1.10341e-056 0.000228604 4.81471 13.9098 1.77287e-105 0 3.69486e-041 6.20769 3.18004e-013 8.80117e-009 24.9325
1141 24 3.28496e-057 0.000195585 4.50951 12.7848 3.67388e-106 0 1.78829e-041 6.95486 1.01843e-012 1.5526e-008 24.2493
1142 23.5 9.72572e-058 0.000167172 4.22001 11.683 7.57498e-107 0 8.63182e-042 7.76307 3.19278e-012 2.71871e-008 23.6663
1143 23.1 2.86359e-058 0.000142748 3.9457 10.6148 1.55399e-107 0 4.15518e-042 8.63307 9.79831e-012 4.7256e-008 23.1937
1144 22.9 8.38491e-059 0.000121774 3.68605 9.58866 3.17192e-108 0 1.99481e-042 9.56498 2.94357e-011 8.15337e-008 22.8398
1145 22.8 2.44165e-059 0.00010378 3.44052 8.61186 6.44176e-109 0 9.55071e-043 10.5582 8.65643e-011 1.39639e-007 22.6107
1146 22.8 7.07077e-060 8.83585e-005 3.20859 7.69004 1.30166e-109 0 4.5603e-043 11.6113 2.49199e-010 2.3739e-007 22.5101
1147 22.8 2.03633e-060 7.51556e-005 2.98971 6.82735 2.61696e-110 0 2.17158e-043 12.7222 7.02253e-010 4.00595e-007 22.5393
1148 23.1 5.83211e-061 6.38632e-005 2.78337 6.02654 5.23486e-111 0 1.03129e-043 13.8876 1.93724e-009 6.71021e-007 22.6976
1149 23.5 1.66112e-061 5.42147e-005 2.58904 5.28902 1.04189e-111 0 4.88437e-044 15.1036 5.23137e-009 1.11572e-006 22.9817
1150 23.9 4.70518e-062 4.59791e-005 2.40621 4.61504 2.06324e-112 0 2.30707e-044 16.3652 1.3829e-008 1.84146e-006 23.3865
1151 24.5 1.3254e-062 3.89565e-005 2.23436 4.00375 4.06522e-113 0 1.08677e-044 17.6663 3.57853e-008 3.01686e-006 23.9045
1152 24.9 3.71294e-063 3.29743e-005 2.073 3.45344 7.96943e-114 0 5.10547e-045 19.0003 9.06487e-008 4.90611e-006 24.5268
1153 25.4 1.03439e-063 2.78836e-005 1.92164 2.96161 1.55446e-114 0 2.39198e-045 20.3592 2.24781e-007 7.91965e-006 25.2425
1154 26 2.86583e-064 2.35559e-005 1.7798 2.5252 3.01676e-115 0 1.11765e-045 21.7344 5.45633e-007 1.269e-005 26.0394
1155 26.7 7.89613e-065 1.98804e-005 1.64701 2.14071 5.82519e-116 0 5.20804e-046 23.1164 1.29653e-006 2.0184e-005 26.9042
1156 27.4 2.16359e-065 1.67621e-005 1.52281 1.8043 1.11915e-116 0 2.42029e-046 24.4952 3.01583e-006 3.18669e-005 27.8224
1157 28.2 5.89569e-066 1.41192e-005 1.40677 1.51201 2.13932e-117 0 1.12172e-046 25.86 6.86709e-006 4.99412e-005 28.7789
1158 29 1.59768e-066 1.18814e-005 1.29846 1.25977 4.06884e-118 0 5.18471e-047 27.1996 1.53067e-005 7.76902e-005 29.758
1159 29.8 4.30572e-067 9.98848e-006 1.19745 1.04357 7.69971e-119 0 2.38994e-047 28.5026 3.33987e-005 0.000119967 30.7437
1160 30.7 1.15398e-067 8.38899e-006 1.10335 0.859491 1.44973e-119 0 1.09869e-047 29.7572 7.13379e-005 0.000183884 31.7203
1161 31.7 3.07573e-068 7.03877e-006 1.01577 0.703809 2.71587e-120 0 5.03716e-048 30.9518 0.00014916 0.000279778 32.6719
1162 32.7 8.1526e-069 5.90011e-006 0.934335 0.573008 5.06219e-121 0 2.30314e-048 32.0751 0.000305301 0.000422544 33.5832
1163 33.8 2.14903e-069 4.94084e-006 0.858691 0.463829 9.38809e-122 0 1.05021e-048 33.1159 0.000611708 0.000633457 34.4396
1164 34.9 5.6336e-070 4.1335e-006 0.788492 0.373291 1.73231e-122 0 4.77594e-049 34.0637 0.00119978 0.000942649 35.2276
1165 36 1.46868e-070 3.45471e-006 0.723409 0.298696 3.18039e-123 0 2.16603e-049 34.9087 0.00230357 0.00139242 35.9345
1166 37 3.80773e-071 2.88458e-006 0.663126 0.237631 5.80959e-124 0 9.79697e-050 35.642 0.00432955 0.00204164 36.5491
1167 37.9 9.81756e-072 2.40619e-006 0.607345 0.187962 1.05589e-124 0 4.4192e-050 36.2558 0.00796574 0.00297149 37.062
1168 38.6 2.51732e-072 2.00518e-006 0.555777 0.147818 1.90942e-125 0 1.98801e-050 36.7434 0.0143467 0.00429297 37.4657
1169 39.2 6.41906e-073 1.66938e-006 0.50815 0.115579 3.43551e-126 0 8.91903e-051 37.0996 0.025294 0.00615644 37.7548
1170 39.6 1.6278e-073 1.38845e-006 0.464204 0.0898504 6.15022e-127 0 3.99062e-051 37.3203 0.0436542 0.00876371 37.9267
1171 39.6 4.10516e-074 1.15368e-006 0.423694 0.0694472 1.09546e-127 0 1.78068e-051 37.4031 0.0737525 0.0123832 37.9824
1172 39.3 1.02957e-074 9.57672e-007 0.386387 0.0533681 1.9414e-128 0 7.9242e-052 37.3471 0.121974 0.0173687 37.9262
1173 38.6 2.56792e-075 7.9419e-007 0.352061 0.0407756 3.42326e-129 0 3.5168e-052 37.153 0.19747 0.0241819 37.7675
1174 37.8 6.36946e-076 6.57974e-007 0.320509 0.030975 6.00585e-130 0 1.55655e-052 36.8228 0.312952 0.0334194 37.5207
1175 36.8 1.57117e-076 5.4459e-007 0.291533 0.0233945 1.04838e-130 0 6.87075e-053 36.3603 0.485506 0.0458454 37.2065
1176 35.9 3.85425e-077 4.50306e-007 0.264949 0.0175675 1.82082e-131 0 3.0246e-053 35.7704 0.737316 0.0624281 36.8527
1177 35.1 9.40276e-078 3.71982e-007 0.240582 0.0131159 3.1465e-132 0 1.32787e-053 35.0596 1.09611 0.0843824 36.4938
1178 34.6 2.28123e-078 3.06982e-007 0.218268 0.0097359 5.40999e-133 0 5.81386e-054 34.2356 1.59513 0.113217 36.1719
1179 34.4 5.50401e-079 2.53094e-007 0.197853 0.00718535 9.25494e-134 0 2.53863e-054 33.307 2.27238 0.150785 35.9352
1180 34.6 1.32065e-079 2.08462e-007 0.179193 0.00527244 1.57529e-134 0 1.10549e-054 32.2834 3.16889 0.19934 35.8361
1181 35.3 3.15134e-080 1.71533e-007 0.162154 0.00384651 2.6678e-135 0 4.80106e-055 31.1753 4.32588 0.261587 35.9287
1182 36.3 7.47824e-081 1.41009e-007 0.146608 0.00279007 4.49528e-136 0 2.07942e-055 29.9935 5.78074 0.340743 36.2644
1183 37.6 1.76483e-081 1.15803e-007 0.132439 0.00201213 7.53648e-137 0 8.98193e-056 28.7496 7.56196 0.440579 36.8866
1184 39.1 4.14192e-082 9.50107e-008 0.119536 0.00144274 1.25716e-137 0 3.8692e-056 27.4551 9.68339 0.56547 37.825
1185 40.6 9.66718e-083 7.78755e-008 0.107798 0.00102852 2.0865e-138 0 1.66225e-056 26.1217 12.1384 0.720414 39.0894
1186 42 2.24386e-083 6.37684e-008 0.0971283 0.000729001 3.44553e-139 0 7.12187e-057 24.7609 14.8949 0.911051 40.6648
1187 43.6 5.17952e-084 5.2166e-008 0.0874396 0.000513732 5.66112e-140 0 3.0431e-057 23.384 17.8919 1.14364 42.5075
1188 45.1 1.189e-084 4.2633e-008 0.0786496 0.000359946 9.25459e-141 0 1.29677e-057 22.0018 21.0386 1.42504 44.5444
1189 46.7 2.71438e-085 3.48082e-008 0.0706824 0.000250744 1.50529e-141 0 5.511e-058 20.6245 24.2169 1.76259 46.6748
1190 48.1 6.1625e-086 2.83918e-008 0.0634676 0.000173666 2.43609e-142 0 2.33573e-058 19.2617 27.2873 2.16402 48.7767
1191 49.6 1.39137e-086 2.31357e-008 0.0569402 0.000119589 3.9226e-143 0 9.87278e-059 17.9223 30.0986 2.6373 50.7153
1192 50.9 3.1241e-087 1.88342e-008 0.0510401 8.18769e-005 6.2844e-144 0 4.16178e-059 16.6142 32.4992 3.19041 52.355
1193 52.1 6.97598e-088 1.53176e-008 0.0457121 5.57343e-005 1.00176e-144 0 1.74961e-059 15.3445 34.3512 3.83107 53.5725
1194 53.1 1.54911e-088 1.24454e-008 0.040905 3.77204e-005 1.5888e-145 0 7.33548e-060 14.1193 35.5428 4.56648 54.2695
1195 53.8 3.42105e-089 1.01019e-008 0.0365719 2.53817e-005 2.50718e-146 0 3.06717e-060 12.9437 36.0001 5.40294 54.3833
1196 54 7.51335e-090 8.19174e-009 0.0326697 1.69808e-005 3.93649e-147 0 1.279e-060 11.822 35.6942 6.34552 53.8944
1197 53.5 1.64099e-090 6.63629e-009 0.0291588 1.12951e-005 6.14953e-148 0 5.31899e-061 10.7575 34.6444 7.39761 52.8287
1198 52.4 3.56431e-091 5.37095e-009 0.0260028 7.46983e-006 9.55837e-149 0 2.20602e-061 9.75255 32.9162 8.56059 51.2554
1199 50.6 7.69915e-092 4.34264e-009 0.0231684 4.91162e-006 1.4782e-149 0 9.1246e-062 8.8087 30.6146 9.83339 49.2799
1200 48.5 1.6539e-092 3.50778e-009 0.0206252 3.21093e-006 2.27454e-150 0 3.76393e-062 7.92669 27.8734 11.2122 47.0329
1201 45.8 3.53322e-093 2.83067e-009 0.0183454 2.08703e-006 3.48225e-151 0 1.54843e-062 7.10656 24.8423 12.6901 44.6573
1202 42.9 7.50641e-094 2.28203e-009 0.0163035 1.34871e-006 5.3044e-152 0 6.35283e-063 6.34765 21.6739 14.257 42.2948
1203 40 1.58595e-094 1.83794e-009 0.0144765 8.66567e-007 8.03936e-153 0 2.59935e-063 5.64877 18.5107 15.8993 40.0732
1204 37.4 3.33232e-095 1.47883e-009 0.0128431 5.53576e-007 1.21231e-153 0 1.06069e-063 5.0082 15.4757 17.6001 38.0968
1205 35.3 6.96309e-096 1.18872e-009 0.0113842 3.51596e-007 1.81893e-154 0 4.31651e-064 4.42381 12.6654 19.3393 36.4399
1206 33.9 1.44695e-096 9.54596e-010 0.0100824 2.22025e-007 2.71536e-155 0 1.75187e-064 3.89312 10.1468 21.0937 35.1438
1207 33.2 2.99023e-097 7.65836e-010 0.00892171 1.39397e-007 4.03318e-156 0 7.09077e-065 3.41339 7.95764 22.8378 34.2177
1208 33 6.14542e-098 6.13803e-010 0.00788787 8.70156e-008 5.9604e-157 0 2.86226e-065 2.98167 6.10912 24.5438 33.6425
1209 33.2 1.25602e-098 4.91472e-010 0.00696783 5.40048e-008 8.7642e-158 0 1.15225e-065 2.59491 4.59108 26.1829 33.3758
1210 33.5 2.55294e-099 3.93138e-010 0.00614981 3.33242e-008 1.28221e-158 0 4.62605e-066 2.24994 3.37748 27.7256 33.3592
1211 34 5.16039e-100 3.14173e-010 0.00542315 2.04446e-008 1.86643e-159 0 1.85224e-066 1.94359 2.43228 29.1428 33.5241
1212 34.4 1.03734e-100 2.50823e-010 0.00477825 1.24707e-008 2.70318e-160 0 7.39617e-067 1.67274 1.71465 30.4068 33.7989
1213 34.9 2.07376e-101 2.00053e-010 0.0042064 7.56301e-009 3.89534e-161 0 2.94537e-067 1.43429 1.18326 31.4917 34.1135
1214 35.2 4.12281e-102 1.59404e-010 0.00369981 4.56027e-009 5.58503e-162 0 1.16976e-067 1.22527 0.799325 32.375 34.4033
1215 35.3 8.15128e-103 1.2689e-010 0.00325143 2.73388e-009 7.96736e-163 0 4.63316e-068 1.04283 0.52858 33.0378 34.6125
1216 35.2 1.60272e-103 1.0091e-010 0.00285493 1.62952e-009 1.13087e-163 0 1.83013e-068 0.884269 0.342168 33.4658 34.6951
1217 34.8 3.1339e-104 8.01712e-011 0.00250463 9.65675e-010 1.59705e-164 0 7.20955e-069 0.747035 0.216825 33.6494 34.6158
1218 34.3 6.09412e-105 6.36325e-011 0.00219541 5.68978e-010 2.24405e-165 0 2.83243e-069 0.628758 0.1345 33.5847 34.3502
1219 33.8 1.17851e-105 5.04564e-011 0.00192272 3.33313e-010 3.1373e-166 0 1.10977e-069 0.527246 0.0816724 33.2731 33.884
1220 33.1 2.2665e-106 3.99696e-011 0.00168245 1.94134e-010 4.36403e-167 0 4.33642e-070 0.440484 0.048548 32.7215 33.2122
1221 32.2 4.33487e-107 3.16315e-011 0.00147094 1.12419e-010 6.03988e-168 0 1.68987e-070 0.366635 0.0282493 31.9419 32.3382
1222 31.1 8.24506e-108 2.50085e-011 0.00128491 6.47254e-011 8.31721e-169 0 6.56746e-071 0.304035 0.0160912 30.951 31.2724
1223 29.6 1.55958e-108 1.97529e-011 0.00112144 3.7051e-011 1.13956e-169 0 2.54546e-071 0.251189 0.0089724 29.7699 30.0312
1224 27.9 2.93374e-109 1.55866e-011 0.000977927 2.10871e-011 1.55347e-170 0 9.83915e-072 0.206759 0.00489746 28.4228 28.6355
1225 26.2 5.48823e-110 1.22871e-011 0.000852046 1.19324e-011 2.10706e-171 0 3.79291e-072 0.169557 0.00261683 26.9367 27.1098
1226 24.7 1.02104e-110 9.67661e-012 0.00074173 6.71317e-012 2.84355e-172 0 1.45818e-072 0.138533 0.00136874 25.3402 25.4808
1227 23.4 1.88907e-111 7.61332e-012 0.000645141 3.7551e-012 3.81816e-173 0 5.5908e-073 0.112766 0.000700824 23.6626 23.7767
1228 22.5 3.47578e-112 5.98414e-012 0.000560648 2.08837e-012 5.10099e-174 0 2.13777e-073 0.091451 0.000351268 21.9333 22.0256
1229 22 6.35996e-113 4.699e-012 0.000486801 1.15474e-012 6.78055e-175 0 8.1521e-074 0.0738901 0.00017235 20.1805 20.255
