817 27.6 5.74674e-012 0.000101642 2.99674e-010 2.06305e-114 25.3705 1.09373e-007 0.528758 1.5388e-107 0 1.3977e-250 25.8994
818 27.9 1.00462e-011 0.000119472 3.69767e-010 1.14148e-113 26.7912 3.38687e-007 0.617688 6.30973e-107 0 2.50726e-249 27.409
819 28.5 1.74679e-011 0.00014029 4.55867e-010 6.28093e-113 28.1482 1.0135e-006 0.719564 2.57693e-106 0 4.4653e-248 28.8679
820 29.4 3.0209e-011 0.000164572 5.61534e-010 3.43695e-112 29.4241 2.9308e-006 0.835903 1.04823e-105 0 7.89527e-247 30.2602
821 30.6 5.19625e-011 0.000192865 6.91105e-010 1.87033e-111 30.6022 8.19004e-006 0.968345 4.24694e-105 0 1.38596e-245 31.5708
822 31.8 8.88998e-011 0.000225799 8.49849e-010 1.01217e-110 31.6663 2.21168e-005 1.11864 1.71378e-104 0 2.41545e-244 32.7852
823 33.3 1.51276e-010 0.000264095 1.04416e-009 5.44738e-110 32.6016 5.7716e-005 1.28866 6.8881e-104 0 4.17937e-243 33.8905
824 34.5 2.56033e-010 0.000308579 1.28181e-009 2.91551e-109 33.3944 0.000145548 1.48039 2.75744e-103 0 7.17944e-242 34.8753
825 35.9 4.31001e-010 0.000360198 1.57221e-009 1.5518e-108 34.0334 0.000354695 1.69589 1.09945e-102 0 1.22444e-240 35.73
826 36.8 7.21638e-010 0.000420035 1.92675e-009 8.21396e-108 34.509 0.000835296 1.93735 4.36623e-102 0 2.07323e-239 36.4476
827 37.5 1.20176e-009 0.000489327 2.35923e-009 4.32377e-107 34.8141 0.00190091 2.20702 1.72703e-101 0 3.48517e-238 37.0235
828 37.9 1.99055e-009 0.000569484 2.88632e-009 2.26343e-106 34.9441 0.00418044 2.50721 6.8039e-101 0 5.81656e-237 37.456
829 38.1 3.27935e-009 0.000662115 3.52815e-009 1.17833e-105 34.8969 0.00888419 2.84029 2.6698e-100 0 9.63772e-236 37.7468
830 38.1 5.37352e-009 0.000769049 4.30903e-009 6.10043e-105 34.6734 0.0182453 3.20864 1.04342e-099 0 1.58543e-234 37.9011
831 38.2 8.75764e-009 0.000892368 5.25826e-009 3.14086e-104 34.2769 0.0362095 3.61466 4.06169e-099 0 2.58933e-233 37.9287
832 38.1 1.41962e-008 0.00103443 6.41112e-009 1.60817e-103 33.7134 0.0694432 4.0607 1.57476e-098 0 4.19849e-232 37.8445
833 38 2.28885e-008 0.00119793 7.81006e-009 8.18858e-103 32.9912 0.128699 4.54906 6.08116e-098 0 6.75872e-231 37.6701
834 37.7 3.67044e-008 0.00138589 9.50616e-009 4.14648e-102 32.121 0.230492 5.08194 2.33895e-097 0 1.08019e-229 37.4348
835 37.4 5.85432e-008 0.00160175 1.15607e-008 2.08807e-101 31.1155 0.39891 5.66141 8.96018e-097 0 1.71397e-228 37.1774
836 37.1 9.28736e-008 0.00184939 1.40473e-008 1.0457e-100 29.9888 0.667162 6.28936 3.41882e-096 0 2.70005e-227 36.9472
837 36.9 1.46543e-007 0.00213321 1.70543e-008 5.20788e-100 28.7566 1.07826 6.96748 1.29927e-095 0 4.22285e-226 36.8045
838 36.7 2.29984e-007 0.00245814 2.06872e-008 2.57935e-099 27.4354 1.68405 7.69719 4.91794e-095 0 6.55701e-225 36.8191
839 36.8 3.58992e-007 0.00282975 2.50725e-008 1.27044e-098 26.0424 2.54168 8.47962 1.85409e-094 0 1.01081e-223 37.0665
840 37.2 5.57354e-007 0.00325431 3.03616e-008 6.2229e-098 24.5949 3.70703 9.31552 6.96212e-094 0 1.54704e-222 37.6207
841 37.9 8.60666e-007 0.00373887 3.67351e-008 3.03127e-097 23.1103 5.22477 10.2053 2.60384e-093 0 2.35071e-221 38.5441
842 39.3 1.32189e-006 0.0042913 4.44086e-008 1.46843e-096 21.6054 7.11617 11.1489 9.69954e-093 0 3.54619e-220 39.8747
843 41.2 2.01936e-006 0.00492048 5.36392e-008 7.07415e-096 20.0962 9.36617 12.1457 3.59874e-092 0 5.31117e-219 41.613
844 43.5 3.06825e-006 0.00563632 6.47332e-008 3.38914e-095 18.5977 11.9128 13.1948 1.32988e-091 0 7.8974e-218 43.711
845 45.9 4.63686e-006 0.00644989 7.8055e-008 1.61473e-094 17.1239 14.6421 14.2946 4.89481e-091 0 1.16585e-216 46.067
846 48.4 6.96972e-006 0.00737357 9.40382e-008 7.65077e-094 15.687 17.3913 15.4428 1.79442e-090 0 1.70871e-215 48.5284
847 51.2 1.04199e-005 0.00842118 1.13198e-007 3.605e-093 14.298 19.9616 16.6367 6.55199e-090 0 2.48634e-214 50.9047
848 53.8 1.54942e-005 0.00960808 1.36144e-007 1.68927e-092 12.9659 22.141 17.8729 2.38279e-089 0 3.59185e-213 52.9894
849 55.9 2.29157e-005 0.0109514 1.63603e-007 7.87203e-092 11.6985 23.732 19.1474 8.63101e-089 0 5.15158e-212 54.5889
850 56.9 3.37097e-005 0.0124701 1.96432e-007 3.64812e-091 10.5014 24.5816 20.4557 3.11387e-088 0 7.33549e-211 55.5512
851 56.5 4.93212e-005 0.0141854 2.35647e-007 1.68131e-090 9.37918 24.605 21.7924 1.11893e-087 0 1.03701e-209 55.7907
852 55 7.17744e-005 0.0161207 2.8245e-007 7.70581e-090 8.33444 23.7997 23.1516 4.00465e-087 0 1.45547e-208 55.302
853 53 0.000103887 0.0183017 3.38261e-007 3.51224e-089 7.36857 22.2463 24.5271 1.42755e-086 0 2.0281e-207 54.1604
854 51 0.00014956 0.0207573 4.04753e-007 1.59201e-088 6.48166 20.0947 25.9118 5.06852e-086 0 2.80569e-206 52.5091
855 49.2 0.000214152 0.0235189 4.83903e-007 7.17629e-088 5.67262 17.5405 27.2984 1.79239e-085 0 3.85352e-205 50.5353
856 47.6 0.000304992 0.0266216 5.78037e-007 3.21699e-087 4.93944 14.7959 28.679 6.31318e-085 0 5.2546e-204 48.4412
857 46.3 0.000432029 0.0301037 6.89895e-007 1.43415e-086 4.27924 12.0608 30.0453 2.21476e-084 0 7.11359e-203 46.4159
858 45 0.000608687 0.0340074 8.22696e-007 6.35816e-086 3.68852 9.50054 31.389 7.73867e-084 0 9.56099e-202 44.6127
859 43.9 0.000852967 0.0383794 9.80223e-007 2.80327e-085 3.16324 7.23198 32.7014 2.69321e-083 0 1.2758e-200 43.1358
860 43 0.00118885 0.0432703 1.16692e-006 1.22911e-084 2.69903 5.3199 33.9735 9.33546e-083 0 1.69016e-199 42.0369
861 42.6 0.00164809 0.0487362 1.38799e-006 5.35936e-084 2.29129 3.7817 35.1968 3.22303e-082 0 2.223e-198 41.3202
862 42.2 0.00227245 0.0548382 1.64953e-006 2.32396e-083 1.93529 2.59781 36.3624 1.1083e-081 0 2.9028e-197 40.9526
863 42 0.00311646 0.0616429 1.95867e-006 1.00217e-082 1.62633 1.72451 37.4619 3.79586e-081 0 3.76323e-196 40.8775
864 42 0.00425097 0.0692232 2.32378e-006 4.29779e-082 1.35978 1.10627 38.4869 1.29487e-080 0 4.84361e-195 41.0265
865 42 0.00576729 0.0776586 2.75459e-006 1.83292e-081 1.13115 0.68579 39.4298 4.39954e-080 0 6.18932e-194 41.3302
866 41.7 0.00778239 0.0870356 3.26249e-006 7.77389e-081 0.936203 0.410828 40.2831 1.48885e-079 0 7.85206e-193 41.725
867 41.2 0.0104451 0.097448 3.86074e-006 3.27889e-080 0.77093 0.23783 41.0401 5.01829e-079 0 9.88984e-192 42.1568
868 40.8 0.0139434 0.108998 4.56479e-006 1.37534e-079 0.631619 0.133048 41.6947 1.68471e-078 0 1.23669e-190 42.5824
869 40.8 0.0185132 0.121796 5.39263e-006 5.73702e-079 0.514862 0.0719265 42.2417 5.6332e-078 0 1.53532e-189 42.9688
870 41.1 0.0244485 0.135961 6.36517e-006 2.3799e-078 0.417563 0.0375756 42.6765 1.87607e-077 0 1.89235e-188 43.292
871 41.8 0.0321131 0.151624 7.5067e-006 9.81803e-078 0.336938 0.0189697 42.9955 6.22308e-077 0 2.31563e-187 43.5351
872 42.4 0.0419535 0.168923 8.84539e-006 4.02796e-077 0.270503 0.00925448 43.1961 2.05601e-076 0 2.81322e-186 43.6867
873 43.1 0.0545145 0.18801 1.04139e-005 1.64339e-076 0.216068 0.00436295 43.2766 6.76561e-076 0 3.39316e-185 43.7396
874 43.7 0.0704552 0.209045 1.22502e-005 6.66791e-076 0.171713 0.00198768 43.2364 2.21744e-075 0 4.06322e-184 43.6896
875 44.3 0.0905674 0.232203 1.43979e-005 2.6905e-075 0.135773 0.000875082 43.0757 7.23868e-075 0 4.83061e-183 43.5352
876 44.7 0.115795 0.257671 1.69077e-005 1.07962e-074 0.106811 0.000372296 42.796 2.35359e-074 0 5.70163e-182 43.2767
877 44.8 0.147252 0.285649 1.98381e-005 4.30829e-074 0.0836023 0.000153061 42.3995 7.6219e-074 0 6.68132e-181 42.9162
878 44.5 0.186249 0.316351 2.32565e-005 1.70975e-073 0.0651049 6.08106e-005 41.8895 2.45844e-073 0 7.77305e-180 42.4573
879 43.8 0.234305 0.350005 2.72407e-005 6.74767e-073 0.0504435 2.3347e-005 41.2703 7.89802e-073 0 8.97813e-179 41.9051
880 42.9 0.293176 0.386855 3.18803e-005 2.64832e-072 0.0388859 8.66201e-006 40.5468 2.5272e-072 0 1.02955e-177 41.2658
881 41.9 0.364865 0.42716 3.72782e-005 1.03367e-071 0.0298246 3.10559e-006 39.7249 8.05423e-072 0 1.17212e-176 40.5468
882 40.6 0.451641 0.471198 4.35529e-005 4.01223e-071 0.022759 1.07598e-006 38.8112 2.55665e-071 0 1.32484e-175 39.7568
883 39.3 0.556048 0.519259 5.08404e-005 1.54877e-070 0.0172793 3.60251e-007 37.8127 8.08316e-071 0 1.48669e-174 38.9053
884 37.8 0.680908 0.571656 5.92966e-005 5.94538e-070 0.0130526 1.16558e-007 36.7372 2.54539e-070 0 1.65632e-173 38.0029
885 36.6 0.82932 0.628715 6.91004e-005 2.2697e-069 0.00980981 3.64431e-008 35.5927 7.98342e-070 0 1.83203e-172 37.0606
886 35.3 1.00465 0.690784 8.04564e-005 8.6169e-069 0.00733535 1.1011e-008 34.3877 2.49395e-069 0 2.01182e-171 36.0906
887 34.2 1.21049 0.758228 9.35988e-005 3.25333e-068 0.00545728 3.21495e-009 33.1309 7.75976e-069 0 2.19335e-170 35.1052
888 33.1 1.45067 0.831431 0.000108795 1.22152e-067 0.0040395 9.07108e-010 31.831 2.40476e-068 0 2.37408e-169 34.1172
889 32.1 1.72915 0.910798 0.000126351 4.56107e-067 0.00297492 2.47332e-010 30.4968 7.42264e-068 0 2.55121e-168 33.1398
890 31.2 2.05 0.996751 0.000146614 1.69366e-066 0.0021798 6.51689e-011 29.1371 2.28196e-067 0 2.72185e-167 32.1861
891 30.4 2.41731 1.08973 0.000169982 6.25435e-066 0.00158912 1.65934e-011 27.7603 6.98747e-067 0 2.88302e-166 31.2691
892 29.7 2.8351 1.19021 0.000196906 2.29685e-065 0.00115263 4.08291e-012 26.3748 2.13106e-066 0 3.03177e-165 30.4015
893 29.3 3.30722 1.29866 0.0002279 8.38834e-065 0.000831799 9.70823e-013 24.9886 6.4734e-066 0 3.16527e-164 29.5956
894 28.8 3.8372 1.41559 0.000263548 3.04659e-064 0.000597232 2.23073e-013 23.6093 1.95854e-065 0 3.28089e-163 28.8629
895 28.4 4.42816 1.54151 0.000304512 1.10039e-063 0.000426642 4.95327e-014 22.2439 5.90196e-065 0 3.37628e-162 28.2143
896 27.9 5.08264 1.67697 0.000351543 3.95253e-063 0.000303235 1.06285e-014 20.899 1.77142e-064 0 3.44945e-161 27.6592
897 27.5 5.80248 1.82252 0.000405492 1.41188e-062 0.000214432 2.2039e-015 19.5806 5.29555e-064 0 3.49887e-160 27.2062
898 27.1 6.58863 1.97875 0.000467321 5.01548e-062 0.000150868 4.41619e-016 18.2943 1.57675e-063 0 3.52347e-159 26.8623
899 27 7.44104 2.14623 0.000538118 1.77184e-061 0.000105609 8.55148e-017 17.0448 4.67602e-063 0 3.52274e-158 26.6327
900 27 8.35853 2.32558 0.000619112 6.22485e-061 7.35526e-005 1.60019e-017 15.8363 1.38119e-062 0 3.49667e-157 26.5212
901 27 9.33865 2.51743 0.00071169 2.17485e-060 5.09673e-005 2.8936e-018 14.6725 4.06344e-062 0 3.44584e-156 26.5294
902 27 10.3776 2.72239 0.000817413 7.55653e-060 3.51383e-005 5.05641e-019 13.5564 1.19068e-061 0 3.37133e-155 26.6572
903 27.2 11.47 2.94112 0.00093804 2.61103e-059 2.41027e-005 8.53854e-020 12.4902 3.47505e-061 0 3.27472e-154 26.9023
904 27.4 12.6093 3.17427 0.00107555 8.9721e-059 1.64492e-005 1.39336e-020 11.4757 1.01016e-060 0 3.158e-153 27.2604
905 27.8 13.7872 3.42251 0.00123217 3.066e-058 1.11692e-005 2.19724e-021 10.5143 2.9247e-060 0 3.02354e-152 27.7252
906 28.2 14.994 3.6865 0.00141039 1.04194e-057 7.54558e-006 3.34834e-022 9.60653 8.43402e-060 0 2.87398e-151 28.2884
907 28.9 16.2187 3.96692 0.00161301 3.52135e-057 5.07177e-006 4.93083e-023 8.75267 2.42243e-059 0 2.71219e-150 28.9399
908 29.6 17.449 4.26443 0.00184316 1.18351e-056 3.39174e-006 7.01692e-024 7.95246 6.92995e-059 0 2.54109e-149 29.6678
909 30.5 18.6718 4.57971 0.00210436 3.95572e-056 2.25673e-006 9.64963e-025 7.20526 1.97457e-058 0 2.36367e-148 30.4588
910 31.4 19.8727 4.91342 0.00240052 1.31485e-055 1.49394e-006 1.28236e-025 6.51006 5.60373e-058 0 2.18282e-147 31.2986
911 32.5 21.0371 5.26622 0.00273603 4.3463e-055 9.83973e-007 1.64683e-026 5.86553 1.58396e-057 0 2.00132e-146 32.1716
912 33.3 22.1499 5.63876 0.00311578 1.42876e-054 6.44804e-007 2.04374e-027 5.27008 4.45939e-057 0 1.82171e-145 33.0619
913 34.2 23.1962 6.03166 0.0035452 4.6708e-054 4.20405e-007 2.45096e-028 4.72187 1.25046e-056 0 1.6463e-144 33.9533
914 35 24.1612 6.44554 0.00403036 1.51851e-053 2.72712e-007 2.84044e-029 4.21889 3.4924e-056 0 1.47708e-143 34.8296
915 35.8 25.0309 6.88098 0.00457801 4.90954e-053 1.76009e-007 3.18107e-030 3.75898 9.715e-056 0 1.31573e-142 35.6755
916 36.6 25.7925 7.33856 0.00519565 1.57855e-052 1.13022e-007 3.44268e-031 3.33986 2.69168e-055 0 1.16357e-141 36.4761
917 37.2 26.4343 7.8188 0.00589158 5.0474e-052 7.22079e-008 3.60045e-032 2.9592 7.42794e-055 0 1.02161e-140 37.2182
918 37.7 26.9463 8.32221 0.00667502 1.60499e-051 4.58989e-008 3.63877e-033 2.61462 2.04162e-054 0 8.90516e-140 37.8898
919 38.1 27.3205 8.84925 0.0075562 5.07543e-051 2.90279e-008 3.55377e-034 2.30371 5.58914e-054 0 7.70665e-139 38.481
920 38.5 27.5508 9.40033 0.00854641 1.59613e-050 1.82652e-008 3.35399e-035 2.02412 1.52397e-053 0 6.62148e-138 38.9838
921 38.8 27.6337 9.97583 0.00965814 4.99178e-050 1.14348e-008 3.05893e-036 1.7735 4.13879e-053 0 5.6482e-137 39.3926
922 39 27.5677 10.5761 0.0109052 1.55253e-049 7.12246e-009 2.69598e-037 1.54957 1.11952e-052 0 4.78334e-136 39.7042
923 39.2 27.3539 11.2013 0.0123027 4.80194e-049 4.41393e-009 2.29615e-038 1.35015 3.01614e-052 5.578e-321 4.02177e-135 39.9176
924 39.2 26.9958 11.8517 0.0138675 1.47703e-048 2.72156e-009 1.88982e-039 1.17311 8.09349e-052 1.31895e-318 3.35714e-134 40.0344
925 39.3 26.499 12.5274 0.015618 4.51809e-048 1.66957e-009 1.50306e-040 1.01644 2.16313e-051 2.98321e-316 2.7822e-133 40.0585
926 39.3 25.8715 13.2286 0.0175745 1.37441e-047 1.01903e-009 1.15524e-041 0.878237 5.75826e-051 6.61307e-314 2.28914e-132 39.9959
927 39.3 25.1229 13.9551 0.0197592 4.15787e-047 6.1882e-010 8.58031e-043 0.75671 1.52673e-050 1.43686e-311 1.86991e-131 39.8545
928 39.2 24.2648 14.707 0.0221965 1.25089e-046 3.73885e-010 6.15845e-044 0.650182 4.03179e-050 3.05997e-309 1.51648e-130 39.6441
929 39.2 23.3099 15.4839 0.0249132 3.74253e-046 2.24754e-010 4.27147e-045 0.557092 1.06046e-049 6.38722e-307 1.22101e-129 39.3759
930 39.2 22.2722 16.2858 0.0279385 1.11353e-045 1.34422e-010 2.86299e-046 0.476 2.77815e-049 1.30677e-304 9.76032e-129 39.0619
931 39.2 21.1661 17.1122 0.0313045 3.29486e-045 7.99893e-011 1.85439e-047 0.405577 7.24902e-049 2.62046e-302 7.74598e-128 38.7152
932 39 20.0068 17.9627 0.0350461 9.69537e-045 4.73574e-011 1.16069e-048 0.34461 1.88393e-048 5.1505e-300 6.10316e-127 38.3491
933 38.9 18.8093 18.8367 0.0392015 2.83718e-044 2.78958e-011 7.02055e-050 0.29199 4.87656e-048 9.92231e-298 4.77418e-126 37.9772
934 38.7 17.5883 19.7337 0.0438122 8.25663e-044 1.63488e-011 4.10358e-051 0.246716 1.25726e-047 1.87356e-295 3.70773e-125 37.6125
935 38.4 16.3581 20.6529 0.0489233 2.38954e-043 9.53297e-012 2.31788e-052 0.20788 3.22849e-047 3.46749e-293 2.8588e-124 37.2678
936 38.2 15.1321 21.5935 0.0545842 6.87732e-043 5.53052e-012 1.26519e-053 0.174669 8.25727e-047 6.29007e-291 2.18839e-123 36.9549
937 37.9 13.9227 22.5545 0.0608481 1.96843e-042 3.19227e-012 6.67358e-055 0.146354 2.10347e-046 1.11837e-288 1.66315e-122 36.6844
938 37.7 12.7411 23.535 0.067773 5.6029e-042 1.83328e-012 3.40172e-056 0.122288 5.33702e-046 1.94899e-286 1.25488e-121 36.4661
939 37.5 11.597 24.5337 0.0754216 1.586e-041 1.0475e-012 1.67562e-057 0.101894 1.34873e-045 3.3291e-284 9.40031e-121 36.308
940 37.3 10.4988 25.5494 0.0838618 4.46463e-041 5.95489e-013 7.97607e-059 0.0846639 3.39478e-045 5.57358e-282 6.99111e-120 36.2168
941 37 9.45356 26.5808 0.093167 1.24986e-040 3.36813e-013 3.66893e-060 0.0701515 8.51065e-045 9.14606e-280 5.16197e-119 36.1977
942 36.7 8.46656 27.6264 0.103416 3.47964e-040 1.8954e-013 1.6309e-061 0.0579646 2.12509e-044 1.47104e-277 3.784e-118 36.2543
943 36.4 7.54182 28.6846 0.114695 9.63388e-040 1.06123e-013 7.00572e-063 0.0477613 5.2851e-044 2.31905e-275 2.75393e-117 36.3889
944 36.3 6.68194 29.7539 0.127096 2.65254e-039 5.91167e-014 2.90814e-064 0.0392443 1.30916e-043 3.58332e-273 1.98985e-116 36.6022
945 36.4 5.88826 30.8324 0.140717 7.26303e-039 3.27648e-014 1.16658e-065 0.0321562 3.22994e-043 5.42693e-271 1.42742e-115 36.8935
946 36.4 5.16094 31.9183 0.155666 1.97773e-038 1.80676e-014 4.52221e-067 0.0262748 7.93704e-043 8.0559e-269 1.0166e-114 37.2611
947 36.5 4.49912 33.0096 0.172055 5.35565e-038 9.91267e-015 1.69404e-068 0.0214092 1.94261e-042 1.1721e-266 7.1881e-114 37.7022
948 36.8 3.90108 34.1045 0.190008 1.44228e-037 5.41097e-015 6.13246e-070 0.017396 4.73562e-042 1.67152e-264 5.04596e-113 38.2129
949 37 3.36433 35.2007 0.209655 3.86264e-037 2.9387e-015 2.14527e-071 0.0140957 1.14982e-041 2.3364e-262 3.51674e-112 38.7887
950 37.4 2.88583 36.2961 0.231136 1.02875e-036 1.58793e-015 7.25215e-073 0.0113897 2.78064e-041 3.20093e-260 2.43333e-111 39.4244
951 38 2.46207 37.3884 0.2546 2.72479e-036 8.53694e-016 2.36913e-074 0.00917744 6.69767e-041 4.29829e-258 1.67158e-110 40.1143
952 38.7 2.08923 38.4755 0.280208 7.17712e-036 4.56635e-016 7.47907e-076 0.00737428 1.60681e-040 5.65729e-256 1.14004e-109 40.8523
953 39.5 1.76332 39.5549 0.308128 1.88001e-035 2.43014e-016 2.28162e-077 0.00590888 3.83945e-040 7.29816e-254 7.71932e-109 41.6322
954 40.4 1.48024 40.6242 0.338541 4.89741e-035 1.28674e-016 6.72631e-079 0.00472147 9.13769e-040 9.22805e-252 5.18923e-108 42.4477
955 41.3 1.23592 41.6811 0.371639 1.26872e-034 6.77864e-017 1.91623e-080 0.00376216 2.16604e-039 1.14366e-249 3.46332e-107 43.2924
956 42.5 1.02638 42.723 0.407625 3.26859e-034 3.55297e-017 5.27538e-082 0.0029894 5.11397e-039 1.38925e-247 2.29482e-106 44.16
957 43.7 0.847779 43.7476 0.446713 8.37433e-034 1.85283e-017 1.40345e-083 0.00236874 1.20258e-038 1.65406e-245 1.50963e-105 45.0445
958 44.9 0.696489 44.7523 0.489133 2.1337e-033 9.61339e-018 3.60811e-085 0.00187171 2.81664e-038 1.93027e-243 9.85955e-105 45.9398
959 46.2 0.56912 45.7347 0.535124 5.40643e-033 4.96264e-018 8.96393e-087 0.00147485 6.57072e-038 2.20788e-241 6.39308e-104 46.8404
960 47.6 0.462541 46.6923 0.58494 1.36233e-032 2.54885e-018 2.15206e-088 0.00115889 1.52671e-037 2.47528e-239 4.11556e-103 47.7409
961 49.1 0.373899 47.6226 0.638848 3.41389e-032 1.30248e-018 4.99283e-090 0.000908085 3.53315e-037 2.71997e-237 2.63035e-102 48.6363
962 50.5 0.300619 48.5234 0.697129 8.50767e-032 6.62206e-019 1.11938e-091 0.000709572 8.14389e-037 2.92953e-235 1.66902e-101 49.5218
963 51.9 0.240401 49.3921 0.760078 2.10846e-031 3.34974e-019 2.42518e-093 0.000552909 1.86966e-036 3.0926e-233 1.05143e-100 50.3931
964 53.2 0.191211 50.2265 0.828004 5.19656e-031 1.68587e-019 5.07747e-095 0.000429634 4.27522e-036 3.19993e-231 6.57597e-100 51.2462
965 54.4 0.151268 51.0244 0.901231 1.27368e-030 8.44176e-020 1.02728e-096 0.000332913 9.73679e-036 3.24526e-229 4.08326e-099 52.0772
966 55.6 0.119025 51.7835 0.980098 3.10456e-030 4.2057e-020 2.00848e-098 0.000257246 2.2087e-035 3.2259e-227 2.51721e-098 52.8829
967 56.6 0.0931511 52.5018 1.06496 7.52545e-030 2.08467e-020 3.79474e-100 0.000198224 4.99021e-035 3.143e-225 1.54063e-097 53.6601
968 57.4 0.0725094 53.1773 1.15618 1.8141e-029 1.0281e-020 6.92843e-102 0.000152317 1.12296e-034 3.00145e-223 9.36145e-097 54.4061
969 58.2 0.0561383 53.808 1.25414 4.34893e-029 5.04458e-021 1.22243e-103 0.000116716 2.51694e-034 2.80937e-221 5.64746e-096 55.1184
970 58.8 0.0432296 54.3923 1.35924 1.03681e-028 2.4627e-021 2.08426e-105 8.91861e-005 5.61881e-034 2.57738e-219 3.38243e-095 55.7948
971 59.2 0.0331101 54.9283 1.4719 2.45816e-028 1.19617e-021 3.43411e-107 6.79598e-005 1.24933e-033 2.31761e-217 2.01127e-094 56.4334
972 59.6 0.025223 55.4146 1.59253 5.79584e-028 5.78059e-022 5.46783e-109 5.16409e-005 2.76679e-033 2.04265e-215 1.18735e-093 57.0324
973 60 0.0191113 55.8498 1.72158 1.35899e-027 2.77936e-022 8.41304e-111 3.91312e-005 6.10289e-033 1.76457e-213 6.95906e-093 57.5905
974 60.4 0.0144027 56.2326 1.85949 3.16891e-027 1.32958e-022 1.25092e-112 2.95692e-005 1.34078e-032 1.49409e-211 4.04939e-092 58.1065
975 60.8 0.0107957 56.5618 2.00675 7.34851e-027 6.32818e-023 1.79738e-114 2.22815e-005 2.93388e-032 1.23996e-209 2.33934e-091 58.5794
976 60.9 0.00804858 56.8366 2.16382 1.69466e-026 2.99667e-023 2.49568e-116 1.67431e-005 6.39427e-032 1.00863e-207 1.34173e-090 59.0084
977 61.1 0.0059682 57.056 2.33119 3.88652e-026 1.41187e-023 3.3487e-118 1.25462e-005 1.38804e-031 8.04163e-206 7.64012e-090 59.3932
978 61.1 0.00440175 57.2195 2.50936 8.86406e-026 6.61829e-024 4.34209e-120 9.37516e-006 3.00106e-031 6.2842e-204 4.31918e-089 59.7332
979 61 0.00322898 57.3265 2.69885 2.01048e-025 3.08669e-024 5.44076e-122 6.98604e-006 6.46266e-031 4.81336e-202 2.4242e-088 60.0286
980 60.9 0.00235593 57.3768 2.90018 4.53483e-025 1.4323e-024 6.58805e-124 5.19124e-006 1.38615e-030 3.61359e-200 1.35083e-087 60.2793
981 60.7 0.00170969 57.3701 3.11386 1.01722e-024 6.61261e-025 7.70889e-126 3.84679e-006 2.96123e-030 2.65902e-198 7.4731e-087 60.4857
982 60.6 0.00123404 57.3066 3.34043 2.26917e-024 3.03743e-025 8.71693e-128 2.84258e-006 6.30082e-030 1.91777e-196 4.10455e-086 60.6483
983 60.5 0.000885926 57.1864 3.58044 5.03397e-024 1.38815e-025 9.52516e-130 2.09466e-006 1.33532e-029 1.3557e-194 2.23818e-085 60.7677
984 60.2 0.000632593 57.0098 3.83441 1.11058e-023 6.3119e-026 1.00581e-131 1.53923e-006 2.81861e-029 9.39337e-193 1.21169e-084 60.8448
985 60 0.000449271 56.7774 4.1029 2.43659e-023 2.85549e-026 1.02636e-133 1.12792e-006 5.92581e-029 6.37928e-191 6.51259e-084 60.8807
986 59.6 0.000317359 56.4899 4.38644 5.31632e-023 1.28527e-026 1.01209e-135 8.24217e-007 1.24086e-028 4.24634e-189 3.47521e-083 60.8766
987 59.3 0.000222972 56.1481 4.68558 1.15354e-022 5.75581e-027 9.64447e-138 6.00609e-007 2.58799e-028 2.77045e-187 1.84109e-082 60.8339
988 59.1 0.000155814 55.753 5.00085 2.48914e-022 2.56456e-027 8.88122e-140 4.36445e-007 5.37605e-028 1.77164e-185 9.68352e-082 60.754
989 58.8 0.000108298 55.3057 5.33278 5.34148e-022 1.13688e-027 7.90322e-142 3.16267e-007 1.11231e-027 1.11044e-183 5.05659e-081 60.6386
990 58.6 7.48675e-005 54.8077 5.6819 1.1399e-021 5.01434e-028 6.7963e-144 2.28542e-007 2.29221e-027 6.82192e-182 2.62149e-080 60.4897
991 58.3 5.14781e-005 54.2603 6.0487 2.41917e-021 2.20043e-028 5.64778e-146 1.64689e-007 4.70483e-027 4.1078e-180 1.34929e-079 60.309
992 58 3.52054e-005 53.665 6.43369 5.10577e-021 9.60718e-029 4.53545e-148 1.18345e-007 9.61825e-027 2.4244e-178 6.89487e-079 60.0988
993 57.6 2.39472e-005 53.0237 6.83735 1.07164e-020 4.17331e-029 3.51966e-150 8.48056e-008 1.95844e-026 1.40246e-176 3.49795e-078 59.8611
994 57.4 1.62015e-005 52.3381 7.26013 2.23684e-020 1.80369e-029 2.63947e-152 6.06018e-008 3.97182e-026 7.95191e-175 1.76184e-077 59.5982
995 57.2 1.09022e-005 51.6101 7.70248 4.64314e-020 7.75597e-030 1.91281e-154 4.3185e-008 8.02287e-026 4.41919e-173 8.8102e-077 59.3126
996 56.9 7.2968e-006 50.8417 8.16482 9.58483e-020 3.31824e-030 1.33956e-156 3.0688e-008 1.61411e-025 2.40717e-171 4.37392e-076 59.0065
997 56.7 4.85744e-006 50.0351 8.64752 1.96766e-019 1.41245e-030 9.06547e-159 2.17466e-008 3.23444e-025 1.28517e-169 2.15586e-075 58.6826
998 56.5 3.21617e-006 49.1925 9.15095 4.0171e-019 5.98186e-031 5.92865e-161 1.53674e-008 6.45548e-025 6.72526e-168 1.05496e-074 58.3434
999 56.2 2.11801e-006 48.3161 9.67543 8.15583e-019 2.52054e-031 3.74678e-163 1.08292e-008 1.28328e-024 3.44944e-166 5.1253e-074 57.9915
1000 56 1.38732e-006 47.4082 10.2212 1.64671e-018 1.05669e-031 2.28822e-165 7.60993e-009 2.54083e-024 1.73412e-164 2.4721e-073 57.6295
1001 55.9 9.03816e-007 46.4713 10.7886 3.30646e-018 4.40754e-032 1.35044e-167 5.33276e-009 5.01063e-024 8.54484e-163 1.18381e-072 57.2599
1002 55.7 5.85655e-007 45.5077 11.3778 6.6024e-018 1.82912e-032 7.70172e-170 3.72658e-009 9.84175e-024 4.12686e-161 5.62807e-072 56.8855
1003 55.5 3.77452e-007 44.5199 11.9889 1.3111e-017 7.55234e-033 4.24461e-172 2.5969e-009 1.92537e-023 1.95356e-159 2.65647e-071 56.5088
1004 55.2 2.41957e-007 43.5103 12.6221 2.58919e-017 3.10254e-033 2.26061e-174 1.80463e-009 3.75164e-023 9.06416e-158 1.24484e-070 56.1324
1005 55 1.54267e-007 42.4815 13.2774 5.08494e-017 1.26808e-033 1.16346e-176 1.25057e-009 7.28097e-023 4.12211e-156 5.7915e-070 55.7589
1006 54.9 9.78285e-008 41.4359 13.9548 9.93122e-017 5.15673e-034 5.78646e-179 8.64203e-010 1.40741e-022 1.8374e-154 2.67506e-069 55.3906
1007 54.7 6.17042e-008 40.3759 14.6542 1.92892e-016 2.0864e-034 2.78107e-181 5.95539e-010 2.70966e-022 8.02749e-153 1.22671e-068 55.03
1008 54.5 3.87099e-008 39.304 15.3755 3.7258e-016 8.39875e-035 1.29166e-183 4.09253e-010 5.19603e-022 3.43754e-151 5.58489e-068 54.6795
1009 54.5 2.41539e-008 38.2226 16.1186 7.15681e-016 3.36379e-035 5.79724e-186 2.80453e-010 9.9241e-022 1.44281e-149 2.52437e-067 54.3412
1010 54.3 1.49902e-008 37.1341 16.8832 1.36714e-015 1.34041e-035 2.51438e-188 1.91653e-010 1.88788e-021 5.93555e-148 1.13281e-066 54.0173
1011 54.2 9.25312e-009 36.0408 17.669 2.59719e-015 5.31425e-036 1.05385e-190 1.30605e-010 3.577e-021 2.39334e-146 5.04695e-066 53.7098
1012 54 5.681e-009 34.945 18.4756 4.90667e-015 2.09624e-036 4.26839e-193 8.87545e-011 6.75035e-021 9.45892e-145 2.23237e-065 53.4206
1013 54 3.46912e-009 33.8489 19.3026 9.2186e-015 8.22692e-037 1.67065e-195 6.01462e-011 1.26881e-020 3.66412e-143 9.80319e-065 53.1515
1014 53.9 2.10704e-009 32.7547 20.1493 1.72241e-014 3.21239e-037 6.31894e-198 4.06455e-011 2.37537e-020 1.3912e-141 4.27401e-064 52.9041
1015 53.8 1.27286e-009 31.6645 21.0153 3.2004e-014 1.248e-037 2.30962e-200 2.73908e-011 4.42921e-020 5.1773e-140 1.84999e-063 52.6797
1016 53.8 7.64801e-010 30.5801 21.8998 5.91379e-014 4.82389e-038 8.15779e-203 1.8407e-011 8.22594e-020 1.88846e-138 7.95002e-063 52.4799
1017 53.8 4.5706e-010 29.5036 22.802 1.08673e-013 1.85513e-038 2.78447e-205 1.23353e-011 1.52162e-019 6.75157e-137 3.39182e-062 52.3056
1018 53.8 2.71678e-010 28.4368 23.7211 1.98596e-013 7.09821e-039 9.18438e-208 8.24336e-012 2.80344e-019 2.36589e-135 1.43669e-061 52.1579
1019 53.8 1.60618e-010 27.3813 24.6563 3.60924e-013 2.7022e-039 2.92748e-210 5.49345e-012 5.14445e-019 8.12596e-134 6.04172e-061 52.0376
1020 53.8 9.44478e-011 26.3389 25.6065 6.52312e-013 1.02349e-039 9.01728e-213 3.65067e-012 9.40263e-019 2.73557e-132 2.52245e-060 51.9454
1021 53.9 5.52391e-011 25.3111 26.5706 1.17244e-012 3.85693e-040 2.68407e-215 2.41929e-012 1.71168e-018 9.02636e-131 1.04556e-059 51.8816
1022 53.9 3.21335e-011 24.2992 27.5475 2.09564e-012 1.4461e-040 7.72057e-218 1.59879e-012 3.10354e-018 2.91924e-129 4.30273e-059 51.8467
1023 53.9 1.85921e-011 23.3047 28.5359 3.72511e-012 5.39447e-041 2.14606e-220 1.05361e-012 5.60475e-018 9.25378e-128 1.75794e-058 51.8405
1024 54 1.06993e-011 22.3286 29.5346 6.58501e-012 2.00214e-041 5.76463e-223 6.924e-013 1.00813e-017 2.87515e-126 7.13065e-058 51.8632
1025 54 6.12407e-012 21.3723 30.5422 1.15762e-011 7.39329e-042 1.49637e-225 4.53755e-013 1.8061e-017 8.75575e-125 2.87157e-057 51.9144
1026 54 3.48644e-012 20.4366 31.5572 2.02383e-011 2.71629e-042 3.75355e-228 2.96533e-013 3.22276e-017 2.61348e-123 1.14809e-056 51.9938
1027 53.9 1.97416e-012 19.5225 32.5781 3.51863e-011 9.92907e-043 9.09878e-231 1.93246e-013 5.72766e-017 7.64604e-122 4.55721e-056 52.1006
1028 53.7 1.11183e-012 18.6308 33.6034 6.08371e-011 3.61108e-043 2.13138e-233 1.25585e-013 1.01389e-016 2.19253e-120 1.79592e-055 52.2341
1029 53.6 6.22807e-013 17.7622 34.6313 1.04606e-010 1.30666e-043 4.82477e-236 8.1386e-014 1.78758e-016 6.16236e-119 7.02652e-055 52.3935
1030 53.5 3.46997e-013 16.9173 35.6603 1.78872e-010 4.70416e-044 1.05543e-238 5.25957e-014 3.13908e-016 1.69762e-117 2.72935e-054 52.5776
1031 53.5 1.9229e-013 16.0966 36.6885 3.04172e-010 1.68499e-044 2.23109e-241 3.38951e-014 5.49039e-016 4.58381e-116 1.05256e-053 52.7851
1032 53.5 1.05985e-013 15.3005 37.7142 5.14389e-010 6.00494e-045 4.55768e-244 2.17827e-014 9.5646e-016 1.21312e-114 4.02992e-053 53.0147
1033 53.6 5.81015e-014 14.5294 38.7355 8.65085e-010 2.1292e-045 8.99721e-247 1.39596e-014 1.65956e-015 3.14684e-113 1.53184e-052 53.2649
1034 53.6 3.16803e-014 13.7834 39.7505 1.44684e-009 7.51134e-046 1.71636e-249 8.92118e-015 2.86802e-015 8.00085e-112 5.7809e-052 53.5339
1035 53.7 1.7181e-014 13.0628 40.7573 2.40645e-009 2.63643e-046 3.16407e-252 5.68537e-015 4.93666e-015 1.99384e-110 2.16592e-051 53.8201
1036 53.8 9.26759e-015 12.3676 41.754 3.9804e-009 9.2068e-047 5.63665e-255 3.61312e-015 8.46346e-015 4.87008e-109 8.0567e-051 54.1216
1037 54.2 4.97212e-015 11.6978 42.7386 6.54744e-009 3.19888e-047 9.70359e-258 2.28977e-015 1.44519e-014 1.16593e-107 2.97534e-050 54.4363
1038 54.5 2.65322e-015 11.0532 43.709 1.07105e-008 1.10581e-047 1.61429e-260 1.44707e-015 2.45791e-014 2.73593e-106 1.09089e-049 54.7623
1039 54.7 1.4082e-015 10.4338 44.6634 1.74239e-008 3.80331e-048 2.59518e-263 9.11959e-016 4.16359e-014 6.29255e-105 3.97094e-049 55.0973
1040 55 7.43379e-016 9.83941 45.5997 2.81885e-008 1.30148e-048 4.03172e-266 5.73122e-016 7.0248e-014 1.41854e-103 1.43506e-048 55.4391
1041 54.9 3.90315e-016 9.26964 46.5159 4.53518e-008 4.43107e-049 6.05273e-269 3.59176e-016 1.18049e-013 3.13435e-102 5.14888e-048 55.7855
1042 55 2.03834e-016 8.7242 47.41 7.25625e-008 1.50098e-049 8.78109e-272 2.24467e-016 1.97585e-013 6.78806e-101 1.83409e-047 56.1342
1043 55 1.05876e-016 8.20272 48.2802 1.15458e-007 5.05868e-050 1.23107e-274 1.3989e-016 3.29388e-013 1.44091e-099 6.48626e-047 56.4829
1044 55 5.46984e-017 7.70475 49.1243 1.82696e-007 1.69627e-050 1.66784e-277 8.69377e-017 5.4692e-013 2.99791e-098 2.27737e-046 56.829
1045 55.3 2.81067e-017 7.22984 49.9406 2.87495e-007 5.65912e-051 2.18355e-280 5.38786e-017 9.04489e-013 6.11355e-097 7.93852e-046 57.1704
1046 55.5 1.43649e-017 6.77747 50.7271 4.49909e-007 1.87844e-051 2.76254e-283 3.32975e-017 1.48986e-012 1.22197e-095 2.74733e-045 57.5046
1047 55.9 7.30216e-018 6.34711 51.4821 7.00187e-007 6.20357e-052 3.37747e-286 2.05208e-017 2.44428e-012 2.39397e-094 9.43947e-045 57.8292
1048 56.3 3.69197e-018 5.93818 52.2037 1.08367e-006 2.03836e-052 3.99036e-289 1.26114e-017 3.99409e-012 4.59695e-093 3.21996e-044 58.1419
1049 56.7 1.85662e-018 5.55008 52.8903 1.66792e-006 6.66373e-053 4.55584e-292 7.72896e-018 6.50053e-012 8.65191e-092 1.09048e-043 58.4404
1050 57.2 9.28637e-019 5.18221 53.5403 2.55299e-006 2.16745e-053 5.02647e-295 4.72352e-018 1.05376e-011 1.59605e-090 3.66651e-043 58.7225
1051 57.6 4.61983e-019 4.83392 54.1519 3.88611e-006 7.01415e-054 5.35913e-298 2.8787e-018 1.70137e-011 2.88585e-089 1.22392e-042 58.9859
1052 58 2.28593e-019 4.50456 54.7239 5.8827e-006 2.25838e-054 5.52157e-301 1.74951e-018 2.73601e-011 5.11438e-088 4.05619e-042 59.2285
1053 58.2 1.12501e-019 4.19349 55.2547 8.8559e-006 7.23461e-055 5.49753e-304 1.06028e-018 4.38227e-011 8.88391e-087 1.33459e-041 59.4482
1054 58.2 5.50694e-020 3.90002 55.7431 1.32582e-005 2.30584e-055 5.28944e-307 6.40788e-019 6.99107e-011 1.51254e-085 4.3596e-041 59.6432
1055 58.2 2.68114e-020 3.62349 56.1879 1.97391e-005 7.31202e-056 4.91801e-310 3.86184e-019 1.11084e-010 2.52408e-084 1.41387e-040 59.8114
1056 58.2 1.29834e-020 3.36324 56.5879 2.92259e-005 2.30697e-056 4.41882e-313 2.32093e-019 1.75801e-010 4.12848e-083 4.55237e-040 59.9512
1057 58.4 6.25334e-021 3.11857 56.9421 4.3033e-005 7.24172e-057 3.83672e-316 1.39097e-019 2.77111e-010 6.61865e-082 1.45523e-039 60.0607
1058 58.6 2.99567e-021 2.88884 57.2497 6.30129e-005 2.26171e-057 3.21913e-319 8.31302e-020 4.3506e-010 1.04002e-080 4.6184e-039 60.1386
1059 58.9 1.42736e-021 2.67338 57.5098 9.17597e-005 7.02794e-058 2.42092e-322 4.95436e-020 6.80311e-010 1.60179e-079 1.45518e-038 60.1833
1060 59.2 6.76444e-022 2.47154 57.7219 0.000132883 2.17277e-058 0 2.94445e-020 1.05957e-009 2.41802e-078 4.55206e-038 60.1936
1061 59.6 3.1885e-022 2.28266 57.8853 0.000191373 6.68339e-059 0 1.74505e-020 1.64366e-009 3.57773e-077 1.41373e-037 60.1682
1062 59.8 1.49485e-022 2.10614 57.9997 0.000274086 2.04538e-059 0 1.03133e-020 2.53956e-009 5.18857e-076 4.35901e-037 60.1061
1063 60 6.97058e-023 1.94133 58.0647 0.00039038 6.22799e-060 0 6.07822e-021 3.90812e-009 7.37529e-075 1.33437e-036 60.0064
1064 60.2 3.23293e-023 1.78765 58.0802 0.000552945 1.88676e-060 0 3.57225e-021 5.99019e-009 1.02755e-073 4.05537e-036 59.8684
1065 60.4 1.49135e-023 1.6445 58.0462 0.000778882 5.68697e-061 0 2.0936e-021 9.14482e-009 1.4032e-072 1.22363e-035 59.6915
1066 60.5 6.84263e-024 1.51131 57.9627 0.00109108 1.70546e-061 0 1.22358e-021 1.39051e-008 1.87813e-071 3.66553e-035 59.4751
1067 60.5 3.12265e-024 1.38753 57.8299 0.00151997 5.08858e-062 0 7.13116e-022 2.10588e-008 2.46392e-070 1.09015e-034 59.219
1068 60.3 1.41736e-024 1.27263 57.6483 0.00210575 1.51059e-062 0 4.14452e-022 3.17656e-008 3.16825e-069 3.21888e-034 58.923
1069 60 6.39876e-025 1.16608 57.4182 0.00290117 4.46164e-063 0 2.40201e-022 4.77247e-008 3.99303e-068 9.436e-034 58.5872
1070 59.6 2.87321e-025 1.0674 57.1403 0.00397498 1.3111e-063 0 1.38824e-022 7.14154e-008 4.93264e-067 2.74623e-033 58.2116
1071 59.6 1.28321e-025 0.976094 56.8151 0.00541616 3.83331e-064 0 8.0009e-023 1.0644e-007 5.97238e-066 7.93507e-033 57.7967
1072 59 5.70014e-026 0.891716 56.4437 0.00733908 1.11508e-064 0 4.59835e-023 1.58008e-007 7.08774e-065 2.27631e-032 57.3428
1073 58 2.51843e-026 0.813824 56.0269 0.00988978 3.22727e-065 0 2.63543e-023 2.33623e-007 8.24442e-064 6.48301e-032 56.8506
1074 56.8 1.10671e-026 0.741999 55.5657 0.0132534 9.29309e-066 0 1.50622e-023 3.44045e-007 9.3995e-063 1.83311e-031 56.3209
1075 56 4.83718e-027 0.675842 55.0613 0.0176628 2.66244e-066 0 8.58447e-024 5.04635e-007 1.05037e-061 5.14595e-031 55.7548
1076 56 2.10286e-027 0.614974 54.5149 0.0234093 7.58919e-067 0 4.87893e-024 7.3723e-007 1.15046e-060 1.4342e-030 55.1533
1077 56.1 9.09254e-028 0.559032 53.9279 0.030854 2.15232e-067 0 2.76518e-024 1.07273e-006 1.23507e-059 3.96842e-030 54.5178
1078 56.1 3.91037e-028 0.507675 53.3017 0.0404416 6.07314e-068 0 1.56282e-024 1.55469e-006 1.29958e-058 1.09016e-029 53.8499
1079 55.7 1.67266e-028 0.460579 52.6379 0.0527157 1.70496e-068 0 8.80811e-025 2.24417e-006 1.34032e-057 2.97325e-029 53.1512
1080 55.1 7.11631e-029 0.417438 51.938 0.0683354 4.76226e-069 0 4.95043e-025 3.22651e-006 1.35489e-056 8.05078e-029 52.4238
1081 54.2 3.01134e-029 0.377962 51.2037 0.088094 1.32345e-069 0 2.77454e-025 4.62032e-006 1.34244e-055 2.16426e-028 51.6698
1082 53.3 1.26743e-029 0.34188 50.4367 0.112938 3.65928e-070 0 1.55069e-025 6.58983e-006 1.30369e-054 5.77626e-028 50.8916
1083 52.4 5.3057e-030 0.308936 49.6389 0.14399 1.00665e-070 0 8.64267e-026 9.36137e-006 1.24093e-053 1.53056e-027 50.0918
1084 51.4 2.20912e-030 0.278889 48.812 0.182564 2.75524e-071 0 4.80349e-026 1.32455e-005 1.15775e-052 4.02642e-027 49.2734
1085 50.2 9.14861e-031 0.251515 47.9579 0.230194 7.503e-072 0 2.66228e-026 1.86663e-005 1.05869e-051 1.05161e-026 48.4396
1086 49 3.76832e-031 0.226603 47.0786 0.288646 2.03285e-072 0 1.47142e-026 2.62006e-005 9.48898e-051 2.7268e-026 47.5939
1087 47.6 1.54382e-031 0.203956 46.176 0.359943 5.4799e-073 0 8.10976e-027 3.66291e-005 8.33606e-050 7.01972e-026 46.7399
1088 46.2 6.29079e-032 0.18339 45.252 0.44637 1.46972e-073 0 4.45724e-027 5.10042e-005 7.17785e-049 1.79412e-025 45.8818
1089 44.8 2.54959e-032 0.164735 44.3087 0.550492 3.92186e-074 0 2.44293e-027 7.07371e-005 6.05787e-048 4.55249e-025 45.024
1090 43.5 1.02776e-032 0.14783 43.3481 0.675152 1.04123e-074 0 1.33519e-027 9.77128e-005 5.01115e-047 1.14686e-024 44.1712
1091 42.2 4.12072e-033 0.132529 42.3722 0.823468 2.75039e-075 0 7.27718e-028 0.000134437 4.063e-046 2.86841e-024 43.3283
1092 41 1.64327e-033 0.118694 41.3828 0.998817 7.22834e-076 0 3.95522e-028 0.000184225 3.22885e-045 7.12255e-024 42.5005
1093 39.9 6.51786e-034 0.106197 40.3821 1.20481 1.89007e-076 0 2.1437e-028 0.000251444 2.51502e-044 1.75588e-023 41.6934
1094 38.8 2.57133e-034 0.0949219 39.372 1.44527 4.91715e-077 0 1.15863e-028 0.000341819 1.92012e-043 4.29756e-023 40.9126
1095 38 1.00895e-034 0.0847598 38.3544 1.72414 1.27275e-077 0 6.24474e-029 0.000462823 1.43683e-042 1.04427e-022 40.1638
1096 37.2 3.93763e-035 0.0756105 37.3313 2.04545 3.27772e-078 0 3.35637e-029 0.00062416 1.05384e-041 2.51925e-022 39.453
1097 36.7 1.52848e-035 0.067382 36.3045 2.41324 8.39834e-079 0 1.79892e-029 0.000838377 7.57596e-041 6.03385e-022 38.7859
1098 36.2 5.90124e-036 0.0599894 35.2757 2.83143 2.14097e-079 0 9.61486e-030 0.00112162 5.33816e-040 1.43477e-021 38.1683
1099 35.8 2.26612e-036 0.0533549 34.2469 3.30375 5.43031e-080 0 5.1246e-030 0.00149457 3.6867e-039 3.38718e-021 37.6055
1100 35.5 8.65527e-037 0.047407 33.2198 3.83356 1.37035e-080 0 2.72373e-030 0.00198357 2.49561e-038 7.93887e-021 37.1027
1101 35.5 3.28803e-037 0.0420805 32.1959 4.42376 3.44062e-081 0 1.44363e-030 0.00262206 1.65579e-037 1.84733e-020 36.6644
1102 35.4 1.24236e-037 0.0373153 31.177 5.07663 8.59483e-082 0 7.63019e-031 0.00345223 1.07678e-036 4.26773e-020 36.2944
1103 35.5 4.66894e-038 0.033057 30.1646 5.79368 2.13615e-082 0 4.02162e-031 0.0045271 6.86346e-036 9.78846e-020 35.9959
1104 35.5 1.7452e-038 0.0292555 29.1602 6.57547 5.28231e-083 0 2.11376e-031 0.00591294 4.28795e-035 2.22894e-019 35.7709
1105 35.8 6.48831e-039 0.0258656 28.1652 7.42155 1.2996e-083 0 1.10789e-031 0.00769218 2.62572e-034 5.03903e-019 35.6203
1106 35.9 2.39924e-039 0.0228457 27.1809 8.33022 3.18121e-084 0 5.7906e-032 0.00996686 1.57593e-033 1.131e-018 35.544
1107 36.2 8.82417e-040 0.0201585 26.2087 9.29849 7.74765e-085 0 3.01813e-032 0.0128626 9.27088e-033 2.52024e-018 35.5402
1108 36.6 3.22799e-040 0.0177696 25.2497 10.322 1.87734e-085 0 1.5687e-032 0.0165335 5.34559e-032 5.57556e-018 35.606
1109 36.9 1.17448e-040 0.0156484 24.305 11.3948 4.52597e-086 0 8.13073e-033 0.0211671 3.02108e-031 1.22462e-017 35.7366
1110 37.2 4.2503e-041 0.0137666 23.3757 12.5097 1.08562e-086 0 4.20249e-033 0.0269911 1.67348e-030 2.67041e-017 35.9262
1111 37.6 1.52985e-041 0.0120992 22.4628 13.6578 2.59081e-087 0 2.16606e-033 0.0342802 9.08599e-030 5.78125e-017 36.167
1112 37.8 5.47693e-042 0.0106232 21.5671 14.829 6.15164e-088 0 1.11332e-033 0.043364 4.83521e-029 1.2426e-016 36.45
1113 38.1 1.95022e-042 0.00931796 20.6894 16.0115 1.45326e-088 0 5.70636e-034 0.0546358 2.52203e-028 2.65159e-016 36.7649
1114 38.2 6.90693e-043 0.008165 19.8306 17.193 3.41577e-089 0 2.91665e-034 0.0685628 1.28937e-027 5.61754e-016 37.1003
1115 38.2 2.43302e-043 0.00714761 18.9912 18.3596 7.98786e-090 0 1.48661e-034 0.0856963 6.46095e-027 1.18155e-015 37.4436
1116 38.3 8.52439e-044 0.00625079 18.1718 19.497 1.85852e-090 0 7.55609e-035 0.106684 3.17327e-026 2.46732e-015 37.7818
1117 38.4 2.97056e-044 0.00546107 17.3729 20.5906 4.30231e-091 0 3.82987e-035 0.132281 1.5276e-025 5.1152e-015 38.1013
1118 38.4 1.02961e-044 0.00476639 16.595 21.6254 9.90901e-092 0 1.93579e-035 0.163365 7.20785e-025 1.05285e-014 38.3886
1119 38.4 3.54945e-045 0.00415595 15.8384 22.5868 2.27067e-092 0 9.75708e-036 0.200948 3.33345e-024 2.15147e-014 38.6303
1120 38.4 1.21705e-045 0.0036201 15.1034 23.4606 5.17695e-093 0 4.9042e-036 0.246191 1.51103e-023 4.36486e-014 38.8138
1121 38.4 4.15063e-046 0.00315021 14.3902 24.2335 1.17433e-093 0 2.45813e-036 0.300416 6.71343e-023 8.79167e-014 38.9273
1122 38.3 1.40792e-046 0.00273859 13.699 24.8937 2.65033e-094 0 1.22865e-036 0.36512 2.92353e-022 1.75808e-013 38.9606
1123 38.2 4.75004e-047 0.0023784 13.0299 25.4306 5.95123e-095 0 6.12403e-037 0.441989 1.24785e-021 3.49036e-013 38.9049
1124 38 1.59395e-047 0.00206353 12.3829 25.8356 1.32956e-095 0 3.04393e-037 0.532906 5.22049e-021 6.87967e-013 38.7535
1125 37.9 5.31998e-048 0.00178857 11.758 26.1021 2.95533e-096 0 1.50876e-037 0.639959 2.14068e-020 1.34627e-012 38.5018
1126 37.4 1.76605e-048 0.00154871 11.1551 26.2257 6.53582e-097 0 7.45747e-038 0.765449 8.60365e-020 2.61554e-012 38.1477
1127 37.1 5.83113e-049 0.00133969 10.574 26.2042 1.4381e-097 0 3.67579e-038 0.911891 3.38928e-019 5.04494e-012 37.6915
1128 36.6 1.91496e-049 0.00115773 10.0147 26.0382 3.14828e-098 0 1.80675e-038 1.08201 1.30865e-018 9.66088e-012 37.1361
1129 36.1 6.25498e-050 0.000999491 9.47694 25.7303 6.85729e-099 0 8.85586e-039 1.27875 4.95257e-018 1.83672e-011 36.487
1130 35.6 2.03212e-050 0.000862024 8.96036 25.2856 1.48603e-099 0 4.32864e-039 1.50522 1.83709e-017 3.46686e-011 35.7521
1131 35 6.56643e-051 0.000742727 8.46471 24.7114 3.20405e-100 0 2.10989e-039 1.76473 6.67918e-017 6.49671e-011 34.9416
1132 34.2 2.11041e-051 0.000639305 7.98967 24.0168 6.8733e-101 0 1.02554e-039 2.06072 2.38017e-016 1.2087e-010 34.0678
1133 33.4 6.74625e-052 0.000549738 7.53485 23.2127 1.46699e-101 0 4.97092e-040 2.39675 8.3135e-016 2.23258e-010 33.1449
1134 32.5 2.14494e-052 0.000472251 7.09986 22.3117 3.11519e-102 0 2.40274e-040 2.77645 2.84611e-015 4.09413e-010 32.1885
1135 31.5 6.78305e-053 0.000405283 6.68427 21.3272 6.5817e-103 0 1.15814e-040 3.20346 9.5502e-015 7.45389e-010 31.2153
1136 30.5 2.1335e-053 0.000347467 6.28765 20.2735 1.38352e-103 0 5.56681e-041 3.68139 3.14098e-014 1.34732e-009 30.2429
1137 29.5 6.6745e-054 0.000297604 5.90951 19.1654 2.89355e-104 0 2.66832e-041 4.21372 1.01253e-013 2.41781e-009 29.289
1138 28.4 2.07683e-054 0.000254643 5.54938 18.0178 6.02103e-105 0 1.27543e-041 4.80379 3.19924e-013 4.30765e-009 28.3713
1139 27.5 6.42749e-055 0.000217668 5.20675 16.8454 1.24654e-105 0 6.07941e-042 5.45461 9.90775e-013 7.61946e-009 27.507
1140 26.6 1.97852e-055 0.000185877 4.88111 15.6623 2.56766e-106 0 2.88971e-042 6.16889 3.00743e-012 1.33805e-008 26.7124
1141 25.9 6.05752e-056 0.000158572 4.57193 14.4818 5.26215e-107 0 1.36973e-042 6.94885 8.94764e-012 2.33286e-008 26.0027
1142 25.3 1.84462e-056 0.000135143 4.27868 13.3163 1.07296e-107 0 6.47443e-043 7.79617 2.60924e-011 4.03803e-008 25.3913
1143 24.9 5.58699e-057 0.000115062 4.00083 12.177 2.17672e-108 0 3.0518e-043 8.7119 7.45779e-011 6.93932e-008 24.8898
1144 24.6 1.68308e-057 9.78681e-005 3.73782 11.0737 4.39356e-109 0 1.43449e-043 9.69633 2.08929e-010 1.18394e-007 24.5079
1145 24.4 5.04303e-058 8.31606e-005 3.48913 10.0147 8.82317e-110 0 6.72398e-044 10.7489 5.73694e-010 2.00543e-007 24.2528
1146 24.4 1.50291e-058 7.05933e-005 3.25421 9.00692 1.76291e-110 0 3.14299e-044 11.8682 1.54402e-009 3.3725e-007 24.1294
1147 24.4 4.45486e-059 5.98657e-005 3.03252 8.05583 3.50452e-111 0 1.46503e-044 13.0517 4.07304e-009 5.63068e-007 24.1401
1148 24.6 1.31339e-059 5.0718e-005 2.82352 7.16538 6.93145e-112 0 6.80983e-045 14.2959 1.05312e-008 9.33333e-007 24.2849
1149 25.1 3.8513e-060 4.29255e-005 2.62668 6.33815 1.364e-112 0 3.15656e-045 15.5962 2.66886e-008 1.53595e-006 24.5611
1150 25.5 1.12326e-060 3.62942e-005 2.44148 5.57545 2.67055e-113 0 1.45908e-045 16.9469 6.62929e-008 2.50948e-006 24.9639
1151 26 3.25845e-061 3.06569e-005 2.2674 4.87744 5.20216e-114 0 6.72559e-046 18.3411 1.61399e-007 4.07059e-006 25.4859
1152 26.4 9.40154e-062 2.58695e-005 2.10394 4.24325 1.00823e-114 0 3.0915e-046 19.7706 3.85146e-007 6.55534e-006 26.1179
1153 26.9 2.69801e-062 2.18081e-005 1.95059 3.67113 1.94417e-115 0 1.41709e-046 21.2266 9.00831e-007 1.04809e-005 26.8483
1154 27.6 7.701e-063 1.83661e-005 1.80688 3.1586 3.72995e-116 0 6.47753e-047 22.6987 2.06516e-006 1.66368e-005 27.6643
1155 28.3 2.18629e-063 1.5452e-005 1.67233 2.70262 7.11978e-117 0 2.95264e-047 24.1761 4.64039e-006 2.62183e-005 28.5511
1156 29 6.17342e-064 1.29873e-005 1.54648 2.29969 1.35216e-117 0 1.34214e-047 25.6469 1.02199e-005 4.1021e-005 29.4931
1157 29.8 1.73381e-064 1.0905e-005 1.42888 1.94602 2.55495e-118 0 6.08379e-048 27.0984 2.20615e-005 6.37196e-005 30.4734
1158 30.6 4.84322e-065 9.14745e-006 1.3191 1.63765 4.80322e-119 0 2.75002e-048 28.5179 4.6678e-005 9.82665e-005 31.4748
1159 31.5 1.34563e-065 7.66555e-006 1.21671 1.37053 8.98419e-120 0 1.23961e-048 29.8919 9.68015e-005 0.000150454 32.4794
1160 32.4 3.71854e-066 6.41736e-006 1.12132 1.14064 1.67194e-120 0 5.57215e-049 31.207 0.000196763 0.000228701 33.4694
1161 33.6 1.02206e-066 5.36708e-006 1.03252 0.944076 3.0957e-121 0 2.49774e-049 32.4499 0.000392011 0.000345142 34.4272
1162 34.6 2.79409e-067 4.48424e-006 0.949941 0.777066 5.70285e-122 0 1.1165e-049 33.6076 0.000765499 0.000517123 35.3359
1163 35.7 7.59733e-068 3.7429e-006 0.873222 0.636067 1.04525e-122 0 4.97688e-050 34.6676 0.00146515 0.000769227 36.1792
1164 36.8 2.05466e-068 3.12103e-006 0.802015 0.517777 1.90609e-123 0 2.21229e-050 35.6184 0.00274861 0.00113601 36.942
1165 37.8 5.52681e-069 2.59989e-006 0.735986 0.419158 3.45831e-124 0 9.80653e-051 36.4491 0.005054 0.00166561 37.6109
1166 38.8 1.47866e-069 2.16363e-006 0.674817 0.337447 6.2428e-125 0 4.33486e-051 37.1503 0.00910857 0.00242456 38.1741
1167 39.6 3.93476e-070 1.79878e-006 0.618204 0.270165 1.12122e-125 0 1.91083e-051 37.7138 0.01609 0.00350395 38.6217
1168 40.3 1.04142e-070 1.49398e-006 0.565858 0.215103 2.00353e-126 0 8.39958e-052 38.133 0.0278583 0.00502744 38.9468
1169 40.7 2.74152e-071 1.23959e-006 0.517502 0.170317 3.56204e-127 0 3.68196e-052 38.4029 0.0472765 0.00716148 39.1452
1170 40.8 7.17819e-072 1.0275e-006 0.472875 0.134111 6.30081e-128 0 1.60949e-052 38.5204 0.0786373 0.010128 39.2161
1171 40.7 1.86937e-072 8.50853e-007 0.431727 0.105019 1.10889e-128 0 7.01591e-053 38.484 0.128204 0.0142204 39.1631
1172 40.2 4.84209e-073 7.03875e-007 0.393824 0.0817828 1.94168e-129 0 3.04977e-053 38.2941 0.204866 0.0198228 38.9944
1173 39.4 1.24747e-073 5.8171e-007 0.358942 0.0633362 3.38269e-130 0 1.32202e-053 37.953 0.32087 0.0274336 38.7236
1174 38.3 3.19655e-074 4.80271e-007 0.326871 0.0487794 5.86329e-131 0 5.71473e-054 37.4648 0.492584 0.0376936 38.3708
1175 37.2 8.1469e-075 3.96127e-007 0.297412 0.0373607 1.01115e-131 0 2.46343e-054 36.8353 0.741179 0.0514183 37.9626
1176 36.3 2.06519e-075 3.26402e-007 0.270376 0.0284569 1.73495e-132 0 1.05894e-054 36.0717 1.0931 0.0696359 37.5333
1177 35.6 5.20698e-076 2.68682e-007 0.245589 0.0215554 2.96179e-133 0 4.53934e-055 35.183 1.5801 0.0936299 37.1239
1178 35.1 1.30578e-076 2.20951e-007 0.222884 0.0162375 5.03056e-134 0 1.94043e-055 34.1792 2.23874 0.124986 36.782
1179 35.2 3.25694e-077 1.81518e-007 0.202105 0.012164 8.50107e-135 0 8.27166e-056 33.0714 3.10896 0.165644 36.5603
1180 35.5 8.07993e-078 1.48975e-007 0.183107 0.00906204 1.42931e-135 0 3.5162e-056 31.8718 4.23174 0.217948 36.5137
1181 36.3 1.99372e-078 1.22145e-007 0.165754 0.00671384 2.39098e-136 0 1.49053e-056 30.5931 5.64566 0.284707 36.6959
1182 37.5 4.89301e-079 1.00048e-007 0.149917 0.00494665 3.97942e-137 0 6.30082e-057 29.2485 7.38247 0.369239 37.1551
1183 38.9 1.19439e-079 8.18673e-008 0.135477 0.00362448 6.5896e-138 0 2.65607e-057 27.8513 9.46197 0.475427 37.9278
1184 40.5 2.89985e-080 6.69239e-008 0.122324 0.00264104 1.08566e-138 0 1.11653e-057 26.415 11.8865 0.607751 39.0342
1185 42 7.00262e-081 5.46538e-008 0.110354 0.00191381 1.77961e-139 0 4.68044e-058 24.9528 14.6358 0.771317 40.4722
1186 43.6 1.68191e-081 4.45891e-008 0.0994701 0.00137916 2.90236e-140 0 1.95655e-058 23.4774 17.6633 0.971865 42.2134
1187 45.2 4.01795e-082 3.63418e-008 0.0895832 0.000988389 4.70948e-141 0 8.1561e-059 22.001 20.8939 1.21575 44.2013
1188 46.8 9.5469e-083 2.95905e-008 0.0806103 0.000704424 7.6031e-142 0 3.39048e-059 20.5352 24.2248 1.5099 46.3512
1189 48.3 2.2562e-083 2.40696e-008 0.0724742 0.00049927 1.22125e-142 0 1.40549e-059 19.0906 27.5291 1.86174 48.5544
1190 49.8 5.30336e-084 1.95593e-008 0.0651037 0.00035191 1.9517e-143 0 5.81005e-060 17.6767 30.6631 2.27906 50.6843
1191 51.3 1.23989e-084 1.58784e-008 0.0584329 0.000246673 3.10325e-144 0 2.39508e-060 16.3022 33.4759 2.76986 52.6066
1192 52.6 2.88317e-085 1.28774e-008 0.0524009 0.000171951 4.90926e-145 0 9.84572e-061 14.9745 35.8212 3.34214 54.1904
1193 53.8 6.66831e-086 1.04333e-008 0.0469515 0.000119202 7.72701e-146 0 4.0361e-061 13.7001 37.5699 4.00367 55.3207
1194 54.8 1.53398e-086 8.44467e-009 0.0420329 8.21784e-005 1.21005e-146 0 1.64992e-061 12.4841 38.6218 4.76164 55.9096
1195 55.4 3.50978e-087 6.8283e-009 0.0375975 5.63411e-005 1.88534e-147 0 6.72594e-062 11.3306 38.915 5.62239 55.9056
1196 55.5 7.98726e-088 5.51584e-009 0.0336015 3.84138e-005 2.92261e-148 0 2.73419e-062 10.2426 38.432 6.591 55.2993
1197 54.9 1.8079e-088 4.45123e-009 0.0300045 2.60462e-005 4.50763e-149 0 1.10839e-062 9.22213 37.2016 7.67092 54.1247
1198 53.7 4.07011e-089 3.58853e-009 0.0267697 1.75629e-005 6.91705e-150 0 4.48068e-063 8.27019 35.2957 8.86359 52.4563
1199 51.9 9.11375e-090 2.89017e-009 0.0238634 1.17772e-005 1.05606e-150 0 1.80627e-063 7.3869 32.8227 10.168 50.4016
1200 49.7 2.02976e-090 2.32541e-009 0.0212544 7.85382e-006 1.60418e-151 0 7.26117e-064 6.57161 29.9171 11.5806 48.0906
1201 46.9 4.49626e-091 1.86915e-009 0.0189145 5.20854e-006 2.42445e-152 0 2.91084e-064 5.82296 26.7274 13.0945 45.6638
1202 43.9 9.90636e-092 1.50092e-009 0.0168178 3.43514e-006 3.6456e-153 0 1.16364e-064 5.13901 23.4037 14.6999 43.2594
1203 40.8 2.17088e-092 1.20404e-009 0.0149408 2.25304e-006 5.45405e-154 0 4.6388e-065 4.51728 20.0866 16.3834 41.0022
1204 38.2 4.73166e-093 9.64919e-010 0.013262 1.46955e-006 8.11831e-155 0 1.84408e-065 3.95492 16.8974 18.1284 38.994
1205 36.1 1.02577e-093 7.72523e-010 0.0117618 9.53231e-007 1.20229e-155 0 7.31039e-066 3.44875 13.9323 19.9151 37.3079
1206 34.6 2.21178e-094 6.17876e-010 0.0104223 6.149e-007 1.77152e-156 0 2.88994e-066 2.99535 11.2595 21.7205 35.9858
1207 34 4.74343e-095 4.93697e-010 0.00922758 3.94463e-007 2.59704e-157 0 1.13926e-066 2.59117 8.91887 23.5192 35.0385
1208 33.7 1.01181e-095 3.94083e-010 0.00816281 2.51653e-007 3.78797e-158 0 4.47865e-067 2.23259 6.92454 25.2838 34.4491
1209 34 2.14668e-096 3.14257e-010 0.00721475 1.59658e-007 5.49706e-159 0 1.75573e-067 1.91595 5.26944 26.9853 34.1779
1210 34.4 4.52992e-097 2.50352e-010 0.00637136 1.00734e-007 7.93689e-160 0 6.86363e-068 1.63765 3.93034 28.5942 34.1685
1211 34.9 9.5076e-098 1.99244e-010 0.00562176 6.32056e-008 1.14016e-160 0 2.67571e-068 1.39419 2.87334 30.0811 34.3543
1212 35.4 1.98476e-098 1.58413e-010 0.00495612 3.94393e-008 1.62958e-161 0 1.04018e-068 1.18218 2.05891 31.4178 34.6639
1213 35.8 4.12102e-099 1.25824e-010 0.00436557 2.44735e-008 2.3173e-162 0 4.03245e-069 0.998411 1.44603 32.578 35.0268
1214 36.2 8.51056e-100 9.98403e-011 0.0038421 1.51028e-008 3.27857e-163 0 1.55889e-069 0.839842 0.995432 33.538 35.3771
1215 36.4 1.74811e-100 7.91439e-011 0.00337852 9.26863e-009 4.61511e-164 0 6.00963e-070 0.703637 0.671641 34.2781 35.6567
1216 36.3 3.57139e-101 6.26755e-011 0.00296834 5.65675e-009 6.4636e-165 0 2.3103e-070 0.587169 0.444176 34.7825 35.8169
1217 36 7.2571e-102 4.95846e-011 0.00260574 3.43331e-009 9.00665e-166 0 8.85678e-071 0.488022 0.287915 35.0406 35.8192
1218 35.6 1.46672e-102 3.91891e-011 0.00228548 2.0723e-009 1.24867e-166 0 3.38587e-071 0.403998 0.182922 35.0468 35.636
1219 35.1 2.9484e-103 3.09424e-011 0.00200287 1.24391e-009 1.72237e-167 0 1.29078e-071 0.333105 0.11391 34.8009 35.2499
1220 34.5 5.89502e-104 2.44068e-011 0.00175371 7.42534e-010 2.36375e-168 0 4.90707e-072 0.273556 0.0695258 34.3082 34.6531
1221 33.7 1.17231e-104 1.92325e-011 0.00153423 4.40798e-010 3.22755e-169 0 1.86028e-072 0.223756 0.0415934 33.5793 33.8462
1222 32.6 2.31875e-105 1.51402e-011 0.00134108 2.6023e-010 4.38469e-170 0 7.0327e-073 0.182291 0.024389 32.6295 32.8376
1223 31.1 4.56169e-106 1.19068e-011 0.00117125 1.52781e-010 5.92653e-171 0 2.65126e-073 0.147917 0.014017 31.4786 31.6417
1224 29.6 8.92593e-107 9.35465e-012 0.00102205 8.92025e-011 7.97e-172 0 9.96715e-074 0.119546 0.00789606 30.15 30.2784
1225 28 1.73716e-107 7.34226e-012 0.000891093 5.17938e-011 1.06638e-172 0 3.7366e-074 0.0962308 0.0043597 28.6697 28.7712
1226 26.4 3.36266e-108 5.75706e-012 0.000776255 2.99071e-011 1.41958e-173 0 1.39691e-074 0.0771535 0.00235936 27.0661 27.1464
1227 25 6.47416e-109 4.50963e-012 0.00067564 1.71737e-011 1.8802e-174 0 5.20773e-075 0.0616113 0.00125148 25.3684 25.4319
1228 24.1 1.23977e-109 3.52899e-012 0.000587565 9.80728e-012 2.47767e-175 0 1.93604e-075 0.0490035 0.000650651 23.6062 23.6565
1229 23.6 2.36134e-110 2.75885e-012 0.000510535 5.56965e-012 3.24847e-176 0 7.17743e-076 0.0388202 0.00033156 21.8085 21.8482
