816 30.2 1.58958e-011 0.000109758 1.44029e-010 8.91072e-106 27.798 1.35984e-007 0.292768 3.96432e-123 0 1.70813e-240 28.0909
817 30.3 2.7199e-011 0.000128777 1.787e-010 4.30181e-105 29.2366 3.9923e-007 0.347826 1.99035e-122 0 2.7068e-239 29.5846
818 30.7 4.63006e-011 0.000150946 2.21525e-010 2.06627e-104 30.6172 1.13596e-006 0.412005 9.94726e-122 0 4.25993e-238 31.0293
819 31.5 7.84122e-011 0.000176759 2.74372e-010 9.87467e-104 31.9247 3.13263e-006 0.486571 4.94872e-121 0 6.65821e-237 32.4115
820 32.5 1.32112e-010 0.000206786 3.39531e-010 4.69522e-103 33.1447 8.37257e-006 0.572916 2.45074e-120 0 1.03353e-235 33.7178
821 33.8 2.21445e-010 0.000241679 4.19797e-010 2.2212e-102 34.263 2.16877e-005 0.672571 1.20814e-119 0 1.5933e-234 34.9358
822 35.1 3.69275e-010 0.000282185 5.18586e-010 1.04549e-101 35.2664 5.4447e-005 0.787204 5.92856e-119 0 2.43939e-233 36.0539
823 36.5 6.1263e-010 0.000329161 6.40064e-010 4.89606e-101 36.1428 0.000132477 0.918626 2.89599e-118 0 3.70916e-232 37.0619
824 37.7 1.01114e-009 0.000383584 7.8931e-010 2.28125e-100 36.8813 0.000312399 1.06879 1.40818e-117 0 5.60117e-231 37.9508
825 39 1.66029e-009 0.000446572 9.72508e-010 1.05755e-099 37.4727 0.000713978 1.23979 6.8161e-117 0 8.40024e-230 38.7137
826 39.8 2.71218e-009 0.000519398 1.19718e-009 4.87779e-099 37.9096 0.00158149 1.43385 3.28418e-116 0 1.25116e-228 39.3455
827 40.4 4.40776e-009 0.000603514 1.47248e-009 2.23844e-098 38.1863 0.00339509 1.65335 1.57519e-115 0 1.85074e-227 39.8436
828 40.7 7.12657e-009 0.000700573 1.8095e-009 1.02204e-097 38.2992 0.00706385 1.90075 7.52062e-115 0 2.71887e-226 40.2077
829 40.9 1.14632e-008 0.000812451 2.22171e-009 4.64286e-097 38.247 0.0142442 2.17866 3.57428e-114 0 3.96679e-225 40.4407
830 40.9 1.8344e-008 0.000941281 2.72546e-009 2.09847e-096 38.0302 0.0278379 2.48975 1.69098e-113 0 5.74779e-224 40.5487
831 40.9 2.92041e-008 0.00108948 3.34051e-009 9.43668e-096 37.6517 0.0527282 2.83676 7.96347e-113 0 8.27125e-223 40.5423
832 40.9 4.62548e-008 0.00125979 4.0908e-009 4.22215e-095 37.1164 0.096795 3.2225 3.7332e-112 0 1.18209e-221 40.4369
833 40.8 7.28841e-008 0.00145531 5.00523e-009 1.87952e-094 36.431 0.172214 3.64976 1.74211e-111 0 1.6778e-220 40.2544
834 40.5 1.14254e-007 0.00167954 6.11873e-009 8.3245e-094 35.6041 0.296954 4.12134 8.0925e-111 0 2.36505e-219 40.0241
835 40.1 1.78186e-007 0.00193644 7.47342e-009 3.66833e-093 34.6461 0.496266 4.63997 3.74201e-110 0 3.31093e-218 39.7843
836 39.8 2.76464e-007 0.00223047 9.12009e-009 1.60833e-092 33.5686 0.803795 5.20826 1.72243e-109 0 4.60329e-217 39.5829
837 39.6 4.26742e-007 0.00256665 1.11199e-008 7.01589e-092 32.3844 1.26177 5.82872 7.89212e-109 0 6.35619e-216 39.4775
838 39.3 6.55323e-007 0.00295063 1.35464e-008 3.04501e-091 31.1074 1.91965 6.50362 3.59965e-108 0 8.71636e-215 39.5336
839 39.3 1.00117e-006 0.00338877 1.64879e-008 1.3149e-090 29.752 2.83053 7.23501 1.63433e-107 0 1.18709e-213 39.8209
840 39.7 1.52168e-006 0.00388818 2.00508e-008 5.64929e-090 28.333 4.045 8.02464 7.38645e-107 0 1.60561e-212 40.4065
841 40.5 2.30093e-006 0.00445687 2.43622e-008 2.41487e-089 26.8654 5.6024 8.87389 3.32312e-106 0 2.15678e-211 41.3461
842 41.8 3.46134e-006 0.00510378 2.9575e-008 1.02705e-088 25.3641 7.5203 9.78373 1.48823e-105 0 2.87728e-210 42.6732
843 43.7 5.18023e-006 0.00583891 3.58718e-008 4.346e-088 23.8434 9.78365 10.7547 6.63451e-105 0 3.81214e-209 44.3876
844 46.1 7.71287e-006 0.00667345 4.34714e-008 1.82973e-087 22.3174 12.3359 11.7867 2.94417e-104 0 5.01608e-208 46.4467
845 48.6 1.14247e-005 0.00761986 5.26351e-008 7.66443e-087 20.799 15.0747 12.8792 1.30056e-103 0 6.55495e-207 48.7604
846 51.2 1.6836e-005 0.00869204 6.36749e-008 3.19428e-086 19.3004 17.8537 14.0309 5.71891e-103 0 8.50716e-206 51.1937
847 54.1 2.46828e-005 0.00990547 7.6963e-008 1.32454e-085 17.8326 20.4934 15.2401 2.50329e-102 0 1.0965e-204 53.576
848 56.8 3.60008e-005 0.0112773 9.29431e-008 5.46453e-085 16.4054 22.7985 16.504 1.09074e-101 0 1.4036e-203 55.7192
849 59.1 5.22389e-005 0.0128267 1.12143e-007 2.24306e-084 15.0274 24.5811 17.8195 4.73095e-101 0 1.78438e-202 57.4408
850 60.4 7.54115e-005 0.0145749 1.35192e-007 9.16067e-084 13.7058 25.6863 19.1823 2.04263e-100 0 2.25289e-201 58.5891
851 60.1 0.000108304 0.0165451 1.62836e-007 3.7223e-083 12.4466 26.0141 20.5878 8.77899e-100 0 2.8249e-200 59.0651
852 58.6 0.000154744 0.0187636 1.95962e-007 1.50486e-082 11.2544 25.534 22.0304 3.75591e-099 0 3.51783e-199 58.8377
853 56.7 0.000219961 0.0212588 2.35621e-007 6.05308e-082 10.1325 24.2905 23.5036 1.59956e-098 0 4.35068e-198 57.948
854 54.7 0.000311058 0.0240624 2.83059e-007 2.42246e-081 9.08311 22.3953 25.0006 6.78107e-098 0 5.34379e-197 56.5033
855 53 0.000437623 0.0272094 3.39751e-007 9.64573e-081 8.10734 20.0117 26.5135 2.86162e-097 0 6.51855e-196 54.6601
856 51.3 0.000612521 0.0307381 4.07443e-007 3.82131e-080 7.20521 17.3306 28.0341 1.2021e-096 0 7.89699e-195 52.6013
857 49.8 0.000852912 0.0346907 4.88195e-007 1.50622e-079 6.37587 14.5462 29.5534 5.0267e-096 0 9.50128e-194 50.511
858 48.6 0.00118155 0.0391136 5.84443e-007 5.90692e-079 5.61768 11.8329 31.0621 2.09238e-095 0 1.1353e-192 48.553
859 47.5 0.0016284 0.0440576 6.99055e-007 2.3048e-078 4.92832 9.32906 32.5504 8.66986e-095 0 1.34726e-191 46.8535
860 46.6 0.00223271 0.0495783 8.35415e-007 8.94754e-078 4.30492 7.12835 34.0082 3.57601e-094 0 1.58782e-190 45.4933
861 46 0.00304556 0.0557366 9.97504e-007 3.45599e-077 3.74417 5.27892 35.4253 1.46825e-093 0 1.85849e-189 44.5072
862 45.5 0.004133 0.0625992 1.19e-006 1.32813e-076 3.24243 3.78885 36.7913 6.00089e-093 0 2.16038e-188 43.8893
863 45.2 0.00557989 0.0702384 1.41841e-006 5.07815e-076 2.79583 2.63556 38.0959 2.44144e-092 0 2.49406e-187 43.6031
864 45.2 0.00749461 0.0787333 1.68919e-006 1.93184e-075 2.40035 1.77682 39.3291 9.88759e-092 0 2.85954e-186 43.5925
865 45.1 0.0100146 0.0881701 2.00991e-006 7.31195e-075 2.05194 1.16097 40.4811 3.98611e-091 0 3.25606e-185 43.7922
866 44.7 0.0133133 0.0986421 2.38943e-006 2.75356e-074 1.74653 0.735195 41.5424 1.59964e-090 0 3.68214e-184 44.1361
867 44 0.0176074 0.110251 2.83815e-006 1.0317e-073 1.48018 0.451221 42.5044 6.39016e-090 0 4.13539e-183 44.5636
868 43.4 0.0231671 0.123106 3.36819e-006 3.84602e-073 1.24904 0.268399 43.3588 2.54106e-089 0 4.61257e-182 45.0226
869 43.2 0.0303255 0.137327 3.99373e-006 1.42649e-072 1.04945 0.154731 44.0985 1.00585e-088 0 5.10951e-181 45.4703
870 43.3 0.0394919 0.153041 4.73132e-006 5.26409e-072 0.87796 0.0864527 44.7169 3.96337e-088 0 5.62114e-180 45.8739
871 43.9 0.0511648 0.170389 5.60025e-006 1.93275e-071 0.731325 0.046815 45.2087 1.55457e-087 0 6.14157e-179 46.2084
872 44.6 0.0659474 0.189518 6.62299e-006 7.06038e-071 0.606555 0.0245695 45.5695 6.06977e-087 0 6.66414e-178 46.4561
873 45.3 0.0845642 0.210591 7.82568e-006 2.56613e-070 0.500905 0.0124972 45.7961 2.35911e-086 0 7.18156e-177 46.6046
874 45.9 0.107879 0.23378 9.2387e-006 9.27955e-070 0.411874 0.00616077 45.8865 9.12722e-086 0 7.68604e-176 46.6462
875 46.7 0.136915 0.259271 1.08974e-005 3.33867e-069 0.337208 0.00294349 45.8398 3.51515e-085 0 8.16952e-175 46.5762
876 47.4 0.172874 0.287261 1.28426e-005 1.19514e-068 0.274888 0.00136299 45.6566 1.34761e-084 0 8.62382e-174 46.393
877 47.8 0.217155 0.317965 1.51219e-005 4.2566e-068 0.22312 0.000611689 45.3384 5.14277e-084 0 9.04092e-173 46.0972
878 47.7 0.271376 0.351609 1.77902e-005 1.50836e-067 0.180321 0.000266056 44.888 1.95364e-083 0 9.41315e-172 45.6916
879 47.3 0.337394 0.388435 2.0911e-005 5.31798e-067 0.145103 0.000112155 44.3095 7.38769e-083 0 9.73345e-171 45.1806
880 46.5 0.417317 0.428702 2.4558e-005 1.86546e-066 0.116261 4.58217e-005 43.6079 2.78091e-082 0 9.99559e-170 44.5703
881 45.6 0.51352 0.472684 2.88158e-005 6.51063e-066 0.0927499 1.81438e-005 42.7894 1.04203e-081 0 1.01944e-168 43.8684
882 44.4 0.628654 0.520672 3.37824e-005 2.26078e-065 0.0736747 6.9629e-006 41.861 3.88674e-081 0 1.03257e-167 43.084
883 43.1 0.765647 0.572975 3.95704e-005 7.81077e-065 0.0582704 2.58974e-006 40.8304 1.44313e-080 0 1.0387e-166 42.2274
884 41.5 0.927701 0.629921 4.63098e-005 2.68489e-064 0.0458883 9.33531e-007 39.7064 5.33387e-080 0 1.0377e-165 41.31
885 40.2 1.11828 0.691854 5.41497e-005 9.18244e-064 0.0359816 3.26141e-007 38.4981 1.96243e-079 0 1.02958e-164 40.3443
886 38.9 1.34108 0.759139 6.32617e-005 3.12455e-063 0.0280921 1.1043e-007 37.2152 7.18717e-079 0 1.01452e-163 39.3436
887 37.6 1.60002 0.83216 7.38425e-005 1.05783e-062 0.0218379 3.62389e-008 35.8677 2.62022e-078 0 9.92817e-163 38.3218
888 36.5 1.89913 0.911318 8.6118e-005 3.56322e-062 0.016903 1.15257e-008 34.4659 9.50894e-078 0 9.64913e-162 37.2933
889 35.3 2.24259 0.997038 0.000100347 1.19417e-061 0.0130268 3.55275e-009 33.0199 3.43511e-077 0 9.31357e-161 36.2727
890 34.2 2.63454 1.08976 0.000116824 3.98191e-061 0.00999632 1.06137e-009 31.5403 1.23528e-076 0 8.92799e-160 35.2747
891 33.4 3.07911 1.18995 0.000135889 1.32103e-060 0.00763775 3.07308e-010 30.037 4.42183e-076 0 8.49966e-159 34.3139
892 32.6 3.5802 1.2981 0.000157927 4.36047e-060 0.00581053 8.62354e-011 28.52 1.57563e-075 0 8.03634e-158 33.4043
893 32.1 4.14145 1.41469 0.000183379 1.43203e-059 0.00440139 2.34532e-011 26.9989 5.58884e-075 0 7.54614e-157 32.5596
894 31.6 4.76607 1.54026 0.000212747 4.67917e-059 0.00331962 6.18194e-012 25.4826 1.97334e-074 0 7.03722e-156 31.7924
895 31.1 5.45671 1.67535 0.000246604 1.52119e-058 0.00249294 1.57926e-012 23.9796 6.93584e-074 0 6.51759e-155 31.1144
896 30.5 6.21533 1.82052 0.0002856 4.92038e-058 0.00186406 3.91007e-013 22.498 2.42666e-073 0 5.99491e-154 30.536
897 30.1 7.04305 1.97635 0.000330474 1.58348e-057 0.00138782 9.38257e-014 21.0449 8.45152e-073 0 5.4763e-153 30.0661
898 29.8 7.93999 2.14344 0.000382065 5.07017e-057 0.0010288 2.18205e-014 19.627 2.93005e-072 0 4.96824e-152 29.7118
899 29.8 8.90516 2.32239 0.000441325 1.61522e-056 0.000759364 4.91826e-015 18.2499 1.01118e-071 0 4.47638e-151 29.4787
900 29.7 9.93634 2.51384 0.000509333 5.11964e-056 0.000558079 1.0744e-015 16.9189 3.47375e-071 0 4.00553e-150 29.3701
901 29.7 11.03 2.71844 0.000587307 1.61453e-055 0.000408382 2.27469e-016 15.6381 1.1879e-070 0 3.55962e-149 29.3875
902 29.8 12.181 2.93683 0.000676629 5.06583e-055 0.000297551 4.6675e-017 14.4111 4.04371e-070 0 3.14165e-148 29.5299
903 30 13.3831 3.16969 0.000778857 1.58144e-054 0.000215864 9.28221e-018 13.2408 1.37023e-069 0 2.75372e-147 29.7946
904 30.3 14.6283 3.41769 0.000895747 4.91196e-054 0.000155928 1.78906e-018 12.1292 4.62189e-069 0 2.39713e-146 30.1762
905 30.8 15.9072 3.68152 0.00102928 1.51794e-053 0.000112148 3.34196e-019 11.0777 1.55189e-068 0 2.0724e-145 30.6676
906 31.3 17.2089 3.96187 0.00118169 4.66717e-053 8.03128e-005 6.0504e-020 10.0873 5.18701e-068 0 1.77937e-144 31.2593
907 32.1 18.5216 4.25943 0.00135549 1.42774e-052 5.72667e-005 1.06163e-020 9.15794 1.72579e-067 0 1.51728e-143 31.9404
908 32.9 19.832 4.57489 0.0015535 4.34555e-052 4.06578e-005 1.80536e-021 8.28942 5.71575e-067 0 1.28493e-142 32.6979
909 33.9 21.1259 4.90894 0.00177887 1.31595e-051 2.87415e-005 2.97551e-022 7.48088 1.8844e-066 0 1.08068e-141 33.5176
910 34.8 22.3887 5.26228 0.00203517 3.96489e-051 2.02302e-005 4.75297e-023 6.73105 6.18426e-066 0 9.02669e-141 34.3841
911 35.8 23.605 5.63558 0.00232636 1.18856e-050 1.4178e-005 7.35822e-024 6.03831 2.02031e-065 0 7.48804e-140 35.2813
912 36.6 24.7596 6.02949 0.0026569 3.54495e-050 9.89362e-006 1.10404e-024 5.4007 6.56993e-065 0 6.16904e-139 36.1924
913 37.4 25.8371 6.44468 0.00303176 1.05196e-049 6.87416e-006 1.60547e-025 4.816 2.12676e-064 0 5.0475e-138 37.1009
914 38.2 26.8231 6.88178 0.0034565 3.10587e-049 4.75563e-006 2.26269e-026 4.28179 6.85317e-064 2.71736e-320 4.10152e-137 37.9901
915 39 27.7036 7.34139 0.0039373 9.12363e-049 3.27583e-006 3.09068e-027 3.79547 2.19826e-063 5.24798e-318 3.30996e-136 38.8444
916 39.7 28.4659 7.82409 0.00448107 2.66655e-048 2.24677e-006 4.09154e-028 3.35435 7.01909e-063 9.94495e-316 2.65284e-135 39.6489
917 40.3 29.099 8.33044 0.0050955 7.7541e-048 1.53434e-006 5.24958e-029 2.95565 2.23099e-062 1.84943e-313 2.11158e-134 40.3902
918 40.7 29.5933 8.86095 0.00578913 2.24342e-047 1.0433e-006 6.52781e-030 2.59657 7.05876e-062 3.37529e-311 1.66922e-133 41.0566
919 41.1 29.9414 9.4161 0.00657144 6.45787e-047 7.06348e-007 7.86711e-031 2.27431 2.22318e-061 6.04537e-309 1.31048e-132 41.6384
920 41.4 30.1379 9.99631 0.00745297 1.84955e-046 4.76161e-007 9.189e-032 1.9861 6.97002e-061 1.06261e-306 1.02178e-131 42.1278
921 41.7 30.1798 10.602 0.00844538 5.27036e-046 3.19605e-007 1.04022e-032 1.72923 2.17525e-060 1.83299e-304 7.91213e-131 42.5195
922 41.9 30.0665 11.2334 0.0095616 1.49422e-045 2.13599e-007 1.14127e-033 1.5011 6.75769e-060 3.10303e-302 6.08469e-130 42.8106
923 42.1 29.7998 11.8909 0.0108159 4.21488e-045 1.42137e-007 1.21355e-034 1.29917 2.08979e-059 5.15525e-300 4.64722e-129 43.0007
924 42.1 29.3836 12.5747 0.0122241 1.18292e-044 9.41762e-008 1.25063e-035 1.12105 6.4331e-059 8.40527e-298 3.52499e-128 43.0916
925 42.2 28.8244 13.2849 0.0138036 3.30312e-044 6.21297e-008 1.24913e-036 0.964465 1.9713e-058 1.3449e-295 2.65541e-127 43.0876
926 42.2 28.1306 14.0216 0.0155736 9.17679e-044 4.08114e-008 1.20918e-037 0.827275 6.01313e-058 2.11188e-293 1.98663e-126 42.995
927 42.2 27.3124 14.7848 0.0175552 2.53662e-043 2.66924e-008 1.13444e-038 0.707482 1.82584e-057 3.25451e-291 1.47608e-125 42.8222
928 42.2 26.3817 15.5743 0.0197718 6.97622e-043 1.73828e-008 1.03151e-039 0.60323 5.51873e-057 4.92198e-289 1.08921e-124 42.579
929 42.2 25.3518 16.3902 0.0222488 1.9089e-042 1.12713e-008 9.09015e-041 0.512805 1.66047e-056 7.30521e-287 7.98225e-124 42.277
930 42.1 24.237 17.232 0.0250143 5.19688e-042 7.27706e-009 7.7638e-042 0.434634 4.97321e-056 1.06405e-284 5.80962e-123 41.9286
931 42 23.0521 18.0995 0.028099 1.40767e-041 4.67801e-009 6.42662e-043 0.36728 1.48271e-055 1.52101e-282 4.19933e-122 41.5469
932 41.9 21.8125 18.9921 0.0315366 3.79367e-041 2.99427e-009 5.1558e-044 0.309438 4.40039e-055 2.13372e-280 3.01454e-121 41.1456
933 41.8 20.5335 19.9095 0.0353639 1.01722e-040 1.90829e-009 4.0088e-045 0.259927 1.29999e-054 2.93753e-278 2.14918e-120 40.7383
934 41.5 19.2302 20.851 0.0396212 2.71375e-040 1.21094e-009 3.02091e-046 0.217686 3.82301e-054 3.96886e-276 1.52171e-119 40.3384
935 41.3 17.9171 21.8157 0.0443522 7.20316e-040 7.65113e-010 2.20631e-047 0.181766 1.11914e-053 5.26243e-274 1.07005e-118 39.9589
936 41 16.6078 22.8029 0.049605 1.90228e-039 4.81341e-010 1.56171e-048 0.15132 3.26119e-053 6.8477e-272 7.4728e-118 39.6117
937 40.7 15.3152 23.8117 0.0554314 4.99832e-039 3.01512e-010 1.07137e-049 0.125598 9.45985e-053 8.74464e-270 5.1829e-117 39.3079
938 40.4 14.0506 24.841 0.0618882 1.30669e-038 1.88053e-010 7.1233e-051 0.103937 2.73153e-052 1.09592e-267 3.57003e-116 39.0574
939 40.1 12.8241 25.8896 0.0690369 3.39874e-038 1.16784e-010 4.59018e-052 0.0857553 7.85133e-052 1.34788e-265 2.4422e-115 38.8686
940 39.9 11.6446 26.9563 0.0769442 8.79556e-038 7.22116e-011 2.86671e-053 0.0705429 2.24644e-051 1.6269e-263 1.6592e-114 38.7484
941 39.6 10.5193 28.0397 0.0856825 2.26468e-037 4.44587e-011 1.73517e-054 0.0578559 6.39824e-051 1.92713e-261 1.11951e-113 38.7025
942 39.2 9.45385 29.1384 0.0953299 5.80161e-037 2.7254e-011 1.0179e-055 0.047309 1.81402e-050 2.24026e-259 7.50179e-113 38.7349
943 39 8.45268 30.2507 0.105971 1.47873e-036 1.66353e-011 5.78728e-057 0.0385693 5.1196e-050 2.55578e-257 4.99243e-112 38.8479
944 38.8 7.5187 31.375 0.117698 3.74997e-036 1.011e-011 3.18895e-058 0.0313504 1.43829e-049 2.86145e-255 3.29966e-111 39.0427
945 38.8 6.65357 32.5094 0.130608 9.46161e-036 6.11788e-012 1.70305e-059 0.0254065 4.02226e-049 3.14404e-253 2.16589e-110 39.319
946 38.8 5.85772 33.6523 0.144808 2.3752e-035 3.68615e-012 8.81475e-061 0.0205281 1.11972e-048 3.39022e-251 1.41192e-109 39.6753
947 38.9 5.13057 34.8014 0.160411 5.93246e-035 2.21141e-012 4.4218e-062 0.016537 3.10286e-048 3.58762e-249 9.14108e-109 40.109
948 39.2 4.4706 35.9549 0.177542 1.47424e-034 1.32096e-012 2.14977e-063 0.013282 8.55913e-048 3.72582e-247 5.8775e-108 40.6163
949 39.5 3.87551 37.1106 0.19633 3.645e-034 7.85663e-013 1.01296e-064 0.0106359 2.35024e-047 3.79731e-245 3.75316e-107 41.1931
950 39.8 3.34237 38.2662 0.216917 8.96658e-034 4.65272e-013 4.62589e-066 0.00849158 6.42405e-047 3.79811e-243 2.38019e-106 41.834
951 40.3 2.86776 39.4196 0.239454 2.1946e-033 2.74348e-013 2.04741e-067 0.00675933 1.74792e-046 3.72819e-241 1.49912e-105 42.5335
952 41 2.4479 40.5683 0.264103 5.34418e-033 1.61072e-013 8.7825e-069 0.00536439 4.7342e-046 3.59142e-239 9.37713e-105 43.2856
953 41.8 2.07877 41.7099 0.291035 1.29481e-032 9.41595e-014 3.65121e-070 0.00424463 1.2764e-045 3.39525e-237 5.82523e-104 44.084
954 42.7 1.75624 42.842 0.320433 3.12125e-032 5.48065e-014 1.47116e-071 0.00334858 3.42565e-045 3.15004e-235 3.5939e-103 44.9221
955 43.8 1.47613 43.9622 0.352494 7.486e-032 3.17632e-014 5.74499e-073 0.0026338 9.15192e-045 2.86813e-233 2.20206e-102 45.7935
956 44.9 1.23432 45.0679 0.387424 1.78636e-031 1.83291e-014 2.17432e-074 0.00206542 2.43387e-044 2.56283e-231 1.33999e-101 46.6917
957 46.1 1.02681 46.1565 0.425445 4.24119e-031 1.05313e-014 7.97559e-076 0.00161486 6.44311e-044 2.24739e-229 8.0981e-101 47.6104
958 47.4 0.849806 47.2256 0.46679 1.00185e-030 6.02489e-015 2.83535e-077 0.00125882 1.69789e-043 1.93408e-227 4.86043e-100 48.5434
959 48.8 0.699698 48.2725 0.511707 2.35462e-030 3.43194e-015 9.76913e-079 0.000978355 4.45387e-043 1.63346e-225 2.89718e-099 49.4849
960 50.3 0.573145 49.2948 0.560456 5.50597e-030 1.9465e-015 3.26219e-080 0.000758106 1.163e-042 1.35389e-223 1.71509e-098 50.4291
961 51.8 0.467069 50.2898 0.613315 1.28099e-029 1.09924e-015 1.05577e-081 0.000585687 3.02299e-042 1.10127e-221 1.00834e-097 51.3708
962 53.2 0.378669 51.2551 0.670574 2.96521e-029 6.181e-016 3.31156e-083 0.000451131 7.82183e-042 8.79107e-220 5.88757e-097 52.3048
963 54.7 0.305423 52.1883 0.73254 6.82912e-029 3.46056e-016 1.0067e-084 0.000346451 2.01463e-041 6.88698e-218 3.4141e-096 53.2266
964 56 0.24508 53.0868 0.799534 1.56485e-028 1.92912e-016 2.96604e-086 0.000265267 5.1653e-041 5.29485e-216 1.96619e-095 54.1317
965 57.3 0.195648 53.9485 0.871895 3.56762e-028 1.07077e-016 8.46946e-088 0.000202501 1.31829e-040 3.995e-214 1.12456e-094 55.0162
966 58.6 0.155384 54.7709 0.949976 8.09249e-028 5.91779e-017 2.3439e-089 0.000154125 3.3492e-040 2.95814e-212 6.38781e-094 55.8764
967 59.7 0.122772 55.5519 1.03415 1.82635e-027 3.25646e-017 6.28679e-091 0.000116956 8.47004e-040 2.1496e-210 3.60354e-093 56.7089
968 60.5 0.0965061 56.2893 1.12479 4.10096e-027 1.78425e-017 1.63427e-092 8.84853e-005 2.13228e-039 1.53297e-208 2.01891e-092 57.5107
969 61.4 0.0754699 56.9812 1.22232 9.16189e-027 9.73402e-018 4.1174e-094 6.67457e-005 5.3434e-039 1.07288e-206 1.12335e-091 58.279
970 62 0.0587159 57.6256 1.32715 2.03649e-026 5.28752e-018 1.00537e-095 5.01969e-005 1.33293e-038 7.36893e-205 6.20757e-091 59.0115
971 62.5 0.0454465 58.2207 1.43971 4.5038e-026 2.8598e-018 2.37923e-097 3.76386e-005 3.30986e-038 4.96702e-203 3.40673e-090 59.7059
972 62.9 0.0349952 58.7649 1.56045 9.91001e-026 1.54009e-018 5.45696e-099 2.81379e-005 8.18138e-038 3.28568e-201 1.85679e-089 60.3603
973 63.4 0.0268089 59.2566 1.68985 2.16954e-025 8.25807e-019 1.21303e-100 2.09726e-005 2.01307e-037 2.13301e-199 1.00508e-088 60.9732
974 63.9 0.020432 59.6944 1.82838 4.72562e-025 4.40896e-019 2.61333e-102 1.55852e-005 4.93065e-037 1.35894e-197 5.40312e-088 61.5432
975 64.3 0.015492 60.0771 1.97654 1.02412e-024 2.34379e-019 5.45663e-104 1.15472e-005 1.20217e-036 8.49656e-196 2.88469e-087 62.0691
976 64.5 0.011686 60.4035 2.13485 2.2082e-024 1.24058e-019 1.10423e-105 8.5299e-006 2.9177e-036 5.21345e-194 1.52955e-086 62.5501
977 64.8 0.00876976 60.6728 2.30383 4.73723e-024 6.53818e-020 2.1657e-107 6.28221e-006 7.04906e-036 3.13939e-192 8.05449e-086 62.9854
978 64.8 0.00654745 60.8842 2.48402 1.01114e-023 3.43094e-020 4.11664e-109 4.613e-006 1.69526e-035 1.85526e-190 4.21232e-085 63.3747
979 64.8 0.00486317 61.037 2.67596 2.1473e-023 1.79264e-020 7.5839e-111 3.37719e-006 4.0584e-035 1.07597e-188 2.18784e-084 63.7178
980 64.7 0.00359359 61.1307 2.88022 4.53707e-023 9.32605e-021 1.35409e-112 2.46507e-006 9.67139e-035 6.12399e-187 1.12854e-083 64.0146
981 64.5 0.00264181 61.1653 3.09738 9.53798e-023 4.83089e-021 2.34319e-114 1.79394e-006 2.29423e-034 3.42064e-185 5.78137e-083 64.2653
982 64.5 0.00193214 61.1404 3.328 1.99497e-022 2.49161e-021 3.92981e-116 1.30162e-006 5.41752e-034 1.87507e-183 2.94139e-082 64.4703
983 64.4 0.00140584 61.0562 3.57267 4.15157e-022 1.27956e-021 6.38765e-118 9.41599e-007 1.27344e-033 1.00871e-181 1.48622e-081 64.6303
984 64.2 0.00101765 60.913 3.832 8.59585e-022 6.54277e-022 1.00627e-119 6.79124e-007 2.97968e-033 5.32541e-180 7.45806e-081 64.746
985 64 0.00073286 60.7111 4.10656 1.77077e-021 3.33111e-022 1.53637e-121 4.88353e-007 6.94027e-033 2.75916e-178 3.71686e-080 64.8184
986 63.6 0.000525059 60.4512 4.39696 3.62941e-021 1.68865e-022 2.27342e-123 3.50123e-007 1.60915e-032 1.40294e-176 1.83966e-079 64.8486
987 63.3 0.000374247 60.1339 4.70379 7.40128e-021 8.52348e-023 3.2604e-125 2.50271e-007 3.71393e-032 7.0007e-175 9.0429e-079 64.8381
988 63.1 0.000265381 59.7603 5.02765 1.50168e-020 4.28369e-023 4.53174e-127 1.78361e-007 8.53264e-032 3.42831e-173 4.41456e-078 64.7882
989 62.9 0.000187217 59.3313 5.36912 3.03141e-020 2.1436e-023 6.10471e-129 1.26734e-007 1.95141e-031 1.64762e-171 2.14031e-077 64.7006
990 62.7 0.000131397 58.8483 5.72879 6.08851e-020 1.06805e-023 7.97022e-131 8.9782e-008 4.4425e-031 7.77092e-170 1.03057e-076 64.5772
991 62.4 9.17455e-005 58.3125 6.10722 1.21668e-019 5.29867e-024 1.00851e-132 6.34142e-008 1.00675e-030 3.59688e-168 4.92816e-076 64.4198
992 62.1 6.37307e-005 57.7256 6.50498 2.41902e-019 2.61737e-024 1.23679e-134 4.46566e-008 2.27107e-030 1.63387e-166 2.34047e-075 64.2306
993 61.7 4.40428e-005 57.0891 6.9226 4.78521e-019 1.28733e-024 1.46999e-136 3.13536e-008 5.0998e-030 7.28361e-165 1.1039e-074 64.0117
994 61.4 3.02806e-005 56.4048 7.36061 9.41806e-019 6.30429e-025 1.69332e-138 2.19478e-008 1.13996e-029 3.1865e-163 5.17092e-074 63.7654
995 61.3 2.07118e-005 55.6746 7.81952 1.84425e-018 3.07403e-025 1.89047e-140 1.53178e-008 2.53655e-029 1.36811e-161 2.40555e-073 63.4941
996 61.1 1.40939e-005 54.9005 8.29979 3.59317e-018 1.49247e-025 2.04553e-142 1.06587e-008 5.61837e-029 5.76452e-160 1.1114e-072 63.2004
997 60.9 9.54135e-006 54.0847 8.80189 6.96519e-018 7.21482e-026 2.14509e-144 7.39457e-009 1.23877e-028 2.38366e-158 5.09962e-072 62.8866
998 60.6 6.42614e-006 53.2293 9.32622 1.34334e-017 3.47273e-026 2.18017e-146 5.11475e-009 2.71886e-028 9.67308e-157 2.32388e-071 62.5555
999 60.5 4.3058e-006 52.3365 9.87318 2.57774e-017 1.66434e-026 2.14754e-148 3.52727e-009 5.94015e-028 3.85232e-155 1.05172e-070 62.2097
1000 60.3 2.87025e-006 51.4088 10.4431 4.92141e-017 7.94211e-027 2.0502e-150 2.42524e-009 1.29188e-027 1.50563e-153 4.7271e-070 61.8519
1001 60.2 1.90348e-006 50.4486 11.0363 9.34844e-017 3.77359e-027 1.89695e-152 1.66254e-009 2.79681e-027 5.77501e-152 2.11008e-069 61.4849
1002 60 1.25586e-006 49.4582 11.653 1.7668e-016 1.78525e-027 1.70107e-154 1.1363e-009 6.02721e-027 2.17383e-150 9.35436e-069 61.1112
1003 59.8 8.2432e-007 48.4402 12.2935 3.32225e-016 8.40943e-028 1.4784e-156 7.74308e-010 1.29296e-026 8.03036e-149 4.11849e-068 60.7337
1004 59.5 5.38287e-007 47.3971 12.9578 6.21552e-016 3.9442e-028 1.24528e-158 5.26063e-010 2.76101e-026 2.91128e-147 1.80083e-067 60.3549
1005 59.2 3.49699e-007 46.3315 13.6462 1.15697e-015 1.84194e-028 1.01659e-160 3.56339e-010 5.86903e-026 1.03579e-145 7.82015e-067 59.9776
1006 59 2.26015e-007 45.2458 14.3586 2.1427e-015 8.5648e-029 8.04327e-163 2.40653e-010 1.24188e-025 3.61655e-144 3.37262e-066 59.6044
1007 58.9 1.45326e-007 44.1427 15.095 3.94822e-015 3.96536e-029 6.16769e-165 1.6204e-010 2.61581e-025 1.23924e-142 1.44454e-065 59.2377
1008 58.6 9.29634e-008 43.0248 15.8554 7.23835e-015 1.82799e-029 4.58372e-167 1.08781e-010 5.48463e-025 4.16732e-141 6.14472e-065 58.8801
1009 58.6 5.91621e-008 41.8944 16.6395 1.32031e-014 8.39051e-030 3.30156e-169 7.28096e-011 1.14473e-024 1.3753e-139 2.59588e-064 58.5339
1010 58.4 3.74574e-008 40.7541 17.4472 2.39614e-014 3.83467e-030 2.30475e-171 4.85875e-011 2.37834e-024 4.45423e-138 1.08912e-063 58.2013
1011 58.2 2.35937e-008 39.6064 18.2782 4.32658e-014 1.74499e-030 1.55932e-173 3.23268e-011 4.9188e-024 1.41575e-136 4.53812e-063 57.8846
1012 58.1 1.47848e-008 38.4537 19.132 7.77279e-014 7.90642e-031 1.02247e-175 2.14439e-011 1.01265e-023 4.41612e-135 1.87796e-062 57.5857
1013 58.1 9.21719e-009 37.2982 20.0083 1.38934e-013 3.56692e-031 6.49787e-178 1.41823e-011 2.07526e-023 1.35186e-133 7.71803e-062 57.3065
1014 58 5.71668e-009 36.1424 20.9065 2.47079e-013 1.60225e-031 4.00218e-180 9.35171e-012 4.23352e-023 4.06126e-132 3.15019e-061 57.0489
1015 57.9 3.52738e-009 34.9884 21.8259 4.37183e-013 7.16625e-032 2.38906e-182 6.14805e-012 8.59697e-023 1.19737e-130 1.27696e-060 56.8143
1016 57.9 2.16533e-009 33.8384 22.7659 7.69642e-013 3.19138e-032 1.38217e-184 4.02983e-012 1.73781e-022 3.46444e-129 5.14073e-060 56.6044
1017 57.9 1.32239e-009 32.6944 23.7258 1.34807e-012 1.41511e-032 7.75003e-187 2.63352e-012 3.49684e-022 9.83731e-128 2.05534e-059 56.4202
1018 57.9 8.03443e-010 31.5585 24.7045 2.34928e-012 6.24776e-033 4.21162e-189 1.71589e-012 7.00427e-022 2.74131e-126 8.16115e-059 56.263
1019 57.9 4.85641e-010 30.4324 25.7012 4.0734e-012 2.74653e-033 2.21819e-191 1.11467e-012 1.39658e-021 7.49682e-125 3.21832e-058 56.1336
1020 57.9 2.92037e-010 29.318 26.7148 7.0271e-012 1.20218e-033 1.13228e-193 7.21941e-013 2.77192e-021 2.01203e-123 1.26042e-057 56.0328
1021 58 1.74712e-010 28.2171 27.7441 1.20613e-011 5.23935e-034 5.60165e-196 4.66187e-013 5.47661e-021 5.29944e-122 4.90246e-057 55.9612
1022 58 1.03985e-010 27.1311 28.7881 2.05973e-011 2.27358e-034 2.68585e-198 3.00138e-013 1.0771e-020 1.36982e-120 1.89374e-056 55.9192
1023 58 6.15719e-011 26.0616 29.8452 3.49965e-011 9.82355e-035 1.24811e-200 1.92657e-013 2.10871e-020 3.47485e-119 7.26502e-056 55.9068
1024 58.1 3.62707e-011 25.0099 30.9142 5.91613e-011 4.22621e-035 5.62119e-203 1.23296e-013 4.10952e-020 8.65059e-118 2.76798e-055 55.9242
1025 58.1 2.12566e-011 23.9774 31.9936 9.9506e-011 1.81033e-035 2.45363e-205 7.86715e-014 7.97224e-020 2.11346e-116 1.04736e-054 55.9711
1026 58 1.23935e-011 22.9653 33.0818 1.66517e-010 7.72127e-036 1.038e-207 5.0048e-014 1.53951e-019 5.06734e-115 3.93589e-054 56.0471
1027 57.9 7.18877e-012 21.9745 34.1772 2.77248e-010 3.27902e-036 4.25585e-210 3.17437e-014 2.95939e-019 1.19235e-113 1.46892e-053 56.1517
1028 57.7 4.14839e-012 21.006 35.2782 4.59277e-010 1.38651e-036 1.69115e-212 2.00739e-014 5.66285e-019 2.75338e-112 5.44455e-053 56.2841
1029 57.6 2.38159e-012 20.0607 36.3828 7.56972e-010 5.83753e-037 6.51303e-215 1.26563e-014 1.07865e-018 6.23974e-111 2.00418e-052 56.4435
1030 57.6 1.36025e-012 19.1394 37.4893 1.24132e-009 2.44714e-037 2.43102e-217 7.95581e-015 2.04524e-018 1.38773e-109 7.32689e-052 56.6287
1031 57.5 7.72916e-013 18.2427 38.5958 2.02528e-009 1.02144e-037 8.79428e-220 4.98613e-015 3.86029e-018 3.02887e-108 2.66019e-051 56.8385
1032 57.6 4.36927e-013 17.3711 39.7003 3.28766e-009 4.24512e-038 3.0833e-222 3.11563e-015 7.25289e-018 6.48777e-107 9.59214e-051 57.0714
1033 57.7 2.45724e-013 16.5251 40.8009 5.30989e-009 1.75668e-038 1.0477e-224 1.94102e-015 1.35649e-017 1.36379e-105 3.43501e-050 57.3259
1034 57.7 1.37483e-013 15.705 41.8954 8.53263e-009 7.23802e-039 3.45035e-227 1.20563e-015 2.52544e-017 2.81345e-104 1.22166e-049 57.6004
1035 57.7 7.6527e-014 14.9111 42.9817 1.3642e-008 2.96942e-039 1.10127e-229 7.46625e-016 4.68028e-017 5.69597e-103 4.315e-049 57.8929
1036 57.9 4.23782e-014 14.1437 44.0578 2.17007e-008 1.21296e-039 3.40668e-232 4.60991e-016 8.63417e-017 1.13171e-101 1.51364e-048 58.2015
1037 58.3 2.33471e-014 13.4027 45.1215 3.43452e-008 4.93342e-040 1.02134e-234 2.83782e-016 1.58557e-016 2.20668e-100 5.27319e-048 58.5242
1038 58.6 1.27964e-014 12.6882 46.1706 5.40825e-008 1.9979e-040 2.96769e-237 1.74172e-016 2.89843e-016 4.22262e-099 1.82446e-047 58.8588
1039 58.8 6.97754e-015 12.0001 47.2029 8.47318e-008 8.05606e-041 8.35737e-240 1.0658e-016 5.27419e-016 7.92982e-098 6.26908e-047 59.203
1040 59.2 3.78513e-015 11.3384 48.2162 1.32079e-007 3.23442e-041 2.281e-242 6.50239e-017 9.55351e-016 1.46145e-096 2.13936e-046 59.5546
1041 59.2 2.04279e-015 10.7027 49.2083 2.04843e-007 1.29299e-041 6.03375e-245 3.95524e-017 1.7226e-015 2.64326e-095 7.25058e-046 59.911
1042 59.2 1.0968e-015 10.0929 50.1771 3.16086e-007 5.14657e-042 1.54687e-247 2.3987e-017 3.09187e-015 4.69175e-094 2.44046e-045 60.27
1043 59.2 5.85861e-016 9.50856 51.1203 4.85276e-007 2.0397e-042 3.84348e-250 1.45037e-017 5.52424e-015 8.17276e-093 8.15793e-045 60.6289
1044 59.1 3.11333e-016 8.94937 52.0359 7.4126e-007 8.04892e-043 9.25554e-253 8.74351e-018 9.82514e-015 1.39714e-091 2.70831e-044 60.9853
1045 59.5 1.64596e-016 8.4149 52.9217 1.12655e-006 3.16253e-043 2.16015e-255 5.25526e-018 1.73948e-014 2.34396e-090 8.92947e-044 61.3366
1046 59.8 8.65713e-017 7.90466 53.7757 1.70345e-006 1.23724e-043 4.88618e-258 3.14923e-018 3.06559e-014 3.8592e-089 2.9239e-043 61.6804
1047 60.1 4.52994e-017 7.41816 54.5959 2.56275e-006 4.81948e-044 1.07118e-260 1.88156e-018 5.37803e-014 6.23567e-088 9.50846e-043 62.014
1048 60.5 2.35816e-017 6.95484 55.3802 3.83603e-006 1.86926e-044 2.27592e-263 1.12081e-018 9.39176e-014 9.88796e-087 3.07091e-042 62.335
1049 61 1.22129e-017 6.51413 56.1268 5.71289e-006 7.2188e-045 4.68661e-266 6.65654e-019 1.63262e-013 1.53875e-085 9.84992e-042 62.641
1050 61.5 6.29253e-018 6.09542 56.834 8.46502e-006 2.77577e-045 9.35332e-269 3.94155e-019 2.82513e-013 2.35e-084 3.13768e-041 62.9294
1051 61.9 3.22549e-018 5.6981 57.4998 1.24795e-005 1.06274e-045 1.80916e-271 2.32696e-019 4.86638e-013 3.52214e-083 9.92645e-041 63.1979
1052 62.2 1.64486e-018 5.3215 58.1228 1.83049e-005 4.05131e-046 3.39152e-274 1.36965e-019 8.34427e-013 5.18063e-082 3.11881e-040 63.4443
1053 62.5 8.34494e-019 4.96497 58.7013 2.67138e-005 1.53776e-046 6.16191e-277 8.03777e-020 1.42425e-012 7.47819e-081 9.73181e-040 63.6663
1054 62.4 4.21194e-019 4.62783 59.2339 3.87884e-005 5.81171e-047 1.08503e-279 4.70287e-020 2.41989e-012 1.05937e-079 3.01584e-039 63.8618
1055 62.4 2.11496e-019 4.3094 59.7192 5.60358e-005 2.18698e-047 1.85171e-282 2.74342e-020 4.09282e-012 1.47278e-078 9.28179e-039 64.0287
1056 62.4 1.05654e-019 4.00898 60.1561 8.05432e-005 8.19429e-048 3.06274e-285 1.5956e-020 6.89069e-012 2.00941e-077 2.83704e-038 64.1651
1057 62.5 5.2509e-020 3.72589 60.5433 0.000115183 3.05704e-048 4.90967e-288 9.25243e-021 1.15483e-011 2.69051e-076 8.61209e-038 64.2693
1058 62.7 2.59623e-020 3.45942 60.8798 0.000163889 1.13558e-048 7.6278e-291 5.34923e-021 1.92658e-011 3.5354e-075 2.59634e-037 64.3394
1059 63 1.27707e-020 3.2089 61.1649 0.000232011 4.20006e-049 1.14855e-293 3.08339e-021 3.19942e-011 4.55912e-074 7.77362e-037 64.3741
1060 63.3 6.24958e-021 2.97363 61.3978 0.000326787 1.54675e-049 1.67613e-296 1.77202e-021 5.28896e-011 5.76982e-073 2.31151e-036 64.3718
1061 63.7 3.04263e-021 2.75293 61.5778 0.000457952 5.67163e-050 2.37066e-299 1.01533e-021 8.70329e-011 7.16607e-072 6.82616e-036 64.3312
1062 63.9 1.4737e-021 2.54614 61.7046 0.000638518 2.07072e-050 3.24965e-302 5.80033e-022 1.42564e-010 8.7345e-071 2.00202e-035 64.2514
1063 64.1 7.10123e-022 2.3526 61.7777 0.000885778 7.52762e-051 4.31726e-305 3.30368e-022 2.32463e-010 1.0448e-069 5.83134e-035 64.1312
1064 64.3 3.40424e-022 2.17166 61.797 0.00122257 2.72471e-051 5.55886e-308 1.87606e-022 3.7732e-010 1.2265e-068 1.68686e-034 63.9698
1065 64.5 1.62356e-022 2.00269 61.7624 0.0016789 9.81987e-052 6.93693e-311 1.06217e-022 6.09652e-010 1.41298e-067 4.84617e-034 63.7667
1066 64.5 7.70338e-023 1.84508 61.674 0.00229388 3.52384e-052 8.38986e-314 5.9958e-023 9.80546e-010 1.59752e-066 1.3827e-033 63.5214
1067 64.5 3.63627e-023 1.69822 61.5321 0.00311829 1.25908e-052 9.83437e-317 3.37443e-023 1.56989e-009 1.77253e-065 3.91803e-033 63.2334
1068 64.2 1.70763e-023 1.56153 61.3369 0.00421756 4.47931e-053 1.11703e-319 1.89346e-023 2.50198e-009 1.9301e-064 1.1026e-032 62.9027
1069 63.9 7.97801e-024 1.43445 61.0892 0.00567549 1.5867e-053 0 1.05929e-023 3.96929e-009 2.06254e-063 3.08159e-032 62.5293
1070 63.5 3.70816e-024 1.31643 60.7893 0.00759878 5.59634e-054 0 5.90846e-024 6.26841e-009 2.16304e-062 8.55348e-032 62.1134
1071 63.5 1.71468e-024 1.20695 60.4383 0.0101224 1.96534e-054 0 3.28576e-024 9.85409e-009 2.2262e-061 2.35787e-031 61.6553
1072 62.8 7.88812e-025 1.10551 60.0369 0.0134159 6.87219e-055 0 1.8218e-024 1.54202e-008 2.24854e-060 6.45517e-031 61.1558
1073 61.7 3.61015e-025 1.0116 59.5861 0.0176912 2.39264e-055 0 1.00709e-024 2.40203e-008 2.22883e-059 1.75511e-030 60.6154
1074 60.6 1.64377e-025 0.924775 59.0872 0.0232109 8.29437e-056 0 5.55053e-025 3.72461e-008 2.16816e-058 4.73927e-030 60.0352
1075 59.8 7.4459e-026 0.844581 58.5414 0.0302988 2.86296e-056 0 3.05003e-025 5.74907e-008 2.06987e-057 1.27095e-029 59.4163
1076 59.5 3.3555e-026 0.770592 57.9501 0.0393511 9.83944e-057 0 1.671e-025 8.83342e-008 1.93925e-056 3.38496e-029 58.7601
1077 59.7 1.50439e-026 0.702403 57.3148 0.0508495 3.36706e-057 0 9.12748e-026 1.35106e-007 1.78304e-055 8.95341e-029 58.0681
1078 59.6 6.71006e-027 0.639626 56.637 0.0653755 1.14724e-057 0 4.97081e-026 2.05701e-007 1.60889e-054 2.35198e-028 57.342
1079 59.2 2.97752e-027 0.581895 55.9185 0.083626 3.8921e-058 0 2.69902e-026 3.11754e-007 1.42473e-053 6.13603e-028 56.584
1080 58.5 1.31446e-027 0.52886 55.161 0.106431 1.31473e-058 0 1.46112e-026 4.70328e-007 1.23815e-052 1.58983e-027 55.7962
1081 57.5 5.773e-028 0.480193 54.3662 0.134769 4.42197e-059 0 7.88622e-027 7.06327e-007 1.05598e-051 4.09096e-027 54.9812
1082 56.5 2.52243e-028 0.435581 53.5363 0.16979 1.48087e-059 0 4.24379e-027 1.0559e-006 8.83838e-051 1.04546e-026 54.1417
1083 55.6 1.09647e-028 0.39473 52.673 0.21283 4.93793e-060 0 2.27688e-027 1.5713e-006 7.25988e-050 2.6534e-026 53.2806
1084 54.6 4.74178e-029 0.357363 51.7785 0.265431 1.63944e-060 0 1.21795e-027 2.32759e-006 5.85226e-049 6.68813e-026 52.4013
1085 53.3 2.04008e-029 0.32322 50.8549 0.329359 5.41967e-061 0 6.49561e-028 3.43217e-006 4.62974e-048 1.67424e-025 51.5075
1086 52 8.73203e-030 0.292055 49.9041 0.406617 1.78391e-061 0 3.45392e-028 5.03786e-006 3.59441e-047 4.16235e-025 50.6028
1087 50.6 3.71832e-030 0.263639 48.9285 0.499458 5.84653e-062 0 1.83108e-028 7.36102e-006 2.73865e-046 1.02771e-024 49.6916
1088 49.1 1.57522e-030 0.237756 47.9301 0.610396 1.90786e-062 0 9.67842e-029 1.07064e-005 2.04778e-045 2.52006e-024 48.7783
1089 47.6 6.63892e-031 0.214207 46.9112 0.742203 6.19899e-063 0 5.10039e-029 1.55012e-005 1.50269e-044 6.13708e-024 47.8676
1090 46.3 2.78367e-031 0.192802 45.8739 0.897909 2.00549e-063 0 2.67981e-029 2.23409e-005 1.08216e-043 1.4843e-023 46.9646
1091 44.9 1.16118e-031 0.173369 44.8205 1.08079 6.46015e-064 0 1.40381e-029 3.20517e-005 7.64808e-043 3.56527e-023 46.0746
1092 43.7 4.81887e-032 0.155742 43.753 1.29434 2.072e-064 0 7.33184e-030 4.57737e-005 5.30459e-042 8.50495e-023 45.2032
1093 42.5 1.98954e-032 0.139772 42.6738 1.54224 6.61701e-065 0 3.81786e-030 6.50721e-005 3.61068e-041 2.01493e-022 44.3559
1094 41.4 8.17192e-033 0.125318 41.5849 1.82833 2.10406e-065 0 1.98212e-030 9.20849e-005 2.41193e-040 4.74089e-022 43.5386
1095 40.5 3.33932e-033 0.11225 40.4885 2.15653 6.66161e-066 0 1.02598e-030 0.000129717 1.58117e-039 1.10782e-021 42.7574
1096 39.7 1.35755e-033 0.100446 39.3866 2.53079 2.10002e-066 0 5.29486e-031 0.000181895 1.01725e-038 2.5709e-021 42.018
1097 39.1 5.49052e-034 0.089797 38.2813 2.95498 6.59165e-067 0 2.72439e-031 0.000253897 6.42273e-038 5.92534e-021 41.3263
1098 38.6 2.20921e-034 0.0801987 37.1746 3.43283 2.0601e-067 0 1.39761e-031 0.000352784 3.97967e-037 1.35628e-020 40.688
1099 38.2 8.84344e-035 0.0715569 36.0684 3.96778 6.41073e-068 0 7.14837e-032 0.00048795 2.41999e-036 3.08317e-020 40.1083
1100 37.9 3.52183e-035 0.0637844 34.9647 4.5629 1.98633e-068 0 3.64526e-032 0.000671826 1.44417e-035 6.96071e-020 39.592
1101 37.8 1.39534e-035 0.0568009 33.8652 5.22076 6.12799e-069 0 1.85333e-032 0.000920773 8.45783e-035 1.5607e-019 39.1436
1102 37.8 5.49988e-036 0.0505329 32.7716 5.94325 1.88239e-069 0 9.3946e-033 0.00125621 4.86115e-034 3.47532e-019 38.7667
1103 37.9 2.1567e-036 0.0449129 31.6857 6.73152 5.75741e-070 0 4.74795e-033 0.00170603 2.74194e-033 7.68565e-019 38.4639
1104 37.9 8.41373e-037 0.0398793 30.6092 7.58579 1.75335e-070 0 2.39241e-033 0.00230636 1.5178e-032 1.68801e-018 38.2371
1105 38.2 3.26551e-037 0.0353754 29.5434 8.50524 5.3166e-071 0 1.2019e-033 0.00310371 8.24533e-032 3.68197e-018 38.0871
1106 38.5 1.26088e-037 0.0313497 28.4898 9.48792 1.60518e-071 0 6.02007e-034 0.00415766 4.39582e-031 7.97616e-018 38.0133
1107 38.8 4.84354e-038 0.0277552 27.4499 10.5306 4.82546e-072 0 3.00634e-034 0.00554412 2.29991e-030 1.716e-017 38.0139
1108 39.2 1.85103e-038 0.024549 26.4249 11.6288 1.44437e-072 0 1.49684e-034 0.00735919 1.18092e-029 3.66649e-017 38.0856
1109 39.6 7.03763e-039 0.021692 25.416 12.7766 4.30469e-073 0 7.43047e-035 0.00972394 5.95067e-029 7.78026e-017 38.224
1110 39.8 2.66197e-039 0.019149 24.4243 13.9667 1.27741e-073 0 3.67755e-035 0.0127899 2.94273e-028 1.63963e-016 38.423
1111 40.2 1.00171e-039 0.0168877 23.4509 15.1904 3.77435e-074 0 1.81469e-035 0.016746 1.42815e-027 3.43169e-016 38.6749
1112 40.5 3.7501e-040 0.0148789 22.4966 16.4378 1.1104e-074 0 8.9279e-036 0.0218256 6.80196e-027 7.13313e-016 38.9711
1113 40.8 1.39671e-040 0.0130964 21.5624 17.6977 3.25268e-075 0 4.37923e-036 0.0283163 3.17931e-026 1.47252e-015 39.3015
1114 40.9 5.17529e-041 0.0115162 20.6489 18.9579 9.48697e-076 0 2.14165e-036 0.0365697 1.45838e-025 3.01893e-015 39.6548
1115 40.9 1.90776e-041 0.0101169 19.7569 20.205 2.7551e-076 0 1.04424e-036 0.0470133 6.56516e-025 6.14686e-015 40.0191
1116 41 6.99645e-042 0.00887897 18.8869 21.4254 7.9666e-077 0 5.0764e-037 0.0601637 2.9004e-024 1.24298e-014 40.3813
1117 41.1 2.55266e-042 0.00778496 18.0395 22.6045 2.29368e-077 0 2.46044e-037 0.0766414 1.25751e-023 2.49622e-014 40.7285
1118 41.1 9.26556e-043 0.00681912 17.2152 23.728 6.57532e-078 0 1.18897e-037 0.0971867 5.35056e-023 4.97866e-014 41.0472
1119 41.2 3.3459e-043 0.00596731 16.4141 24.7814 1.87683e-078 0 5.72838e-038 0.122677 2.23422e-022 9.8617e-014 41.3241
1120 41.2 1.20204e-043 0.00521683 15.6367 25.7506 5.33407e-079 0 2.75166e-038 0.154148 9.15571e-022 1.93999e-013 41.5467
1121 41.2 4.2962e-044 0.00455631 14.8832 26.6225 1.50944e-079 0 1.31783e-038 0.192807 3.6821e-021 3.79017e-013 41.703
1122 41.1 1.52762e-044 0.00397556 14.1536 27.3847 4.25302e-080 0 6.29255e-039 0.240063 1.45324e-020 7.35405e-013 41.7823
1123 41.1 5.40389e-045 0.00346547 13.448 28.0263 1.19318e-080 0 2.99568e-039 0.297537 5.62882e-020 1.41711e-012 41.7753
1124 40.9 1.90179e-045 0.00301789 12.7665 28.5379 3.333e-081 0 1.42189e-039 0.367089 2.13961e-019 2.71201e-012 41.6745
1125 40.7 6.65856e-046 0.00262557 12.1089 28.9119 9.27024e-082 0 6.72883e-040 0.450834 7.98162e-019 5.15452e-012 41.4743
1126 40.4 2.31932e-046 0.00228203 11.4753 29.1426 2.56727e-082 0 3.17479e-040 0.551159 2.92203e-018 9.72958e-012 41.1713
1127 40 8.03721e-047 0.00198152 10.8652 29.2267 7.07905e-083 0 1.49346e-040 0.670735 1.04982e-017 1.82394e-011 40.7647
1128 39.5 2.77084e-047 0.00171891 10.2787 29.1629 1.94359e-083 0 7.00441e-041 0.81253 3.70158e-017 3.39575e-011 40.2558
1129 39.1 9.50345e-048 0.00148966 9.71534 28.952 5.31322e-084 0 3.27531e-041 0.979813 1.28084e-016 6.27872e-011 39.6486
1130 38.6 3.24275e-048 0.00128973 9.17485 28.5973 1.44622e-084 0 1.52699e-041 1.17615 4.34952e-016 1.15296e-010 38.9496
1131 38.1 1.1008e-048 0.00111555 8.65688 28.1041 3.91956e-085 0 7.09777e-042 1.40538 1.44953e-015 2.10266e-010 38.1675
1132 37.3 3.71764e-049 0.000963952 8.16104 27.4798 1.05771e-085 0 3.28934e-042 1.67163 4.74076e-015 3.80833e-010 37.3134
1133 36.5 1.24907e-049 0.00083215 7.68688 26.7335 2.84195e-086 0 1.51984e-042 1.97926 1.52163e-014 6.85027e-010 36.4005
1134 35.7 4.17514e-050 0.000717672 7.23397 25.8759 7.60312e-087 0 7.00149e-043 2.3328 4.793e-014 1.22374e-009 35.4434
1135 34.7 1.38841e-050 0.000618343 6.80181 24.9193 2.02531e-087 0 3.21577e-043 2.73696 1.48165e-013 2.17112e-009 34.4586
1136 33.7 4.59332e-051 0.000532244 6.38989 23.8766 5.37177e-088 0 1.47258e-043 3.1965 4.49489e-013 3.82548e-009 33.4635
1137 32.8 1.51182e-051 0.000457688 5.99768 22.7619 1.41862e-088 0 6.72323e-044 3.71616 1.33823e-012 6.69419e-009 32.4762
1138 31.7 4.95032e-052 0.000393195 5.62464 21.5895 3.73027e-089 0 3.0604e-044 4.3006 3.91005e-012 1.16338e-008 31.5151
1139 30.7 1.61262e-052 0.000337461 5.27021 20.3739 9.76649e-090 0 1.38893e-044 4.95425 1.12117e-011 2.00794e-008 30.5987
1140 29.8 5.22627e-053 0.000289347 4.9338 19.1296 2.54602e-090 0 6.28469e-045 5.68121 3.155e-011 3.44185e-008 29.7449
1141 29 1.68506e-053 0.000247851 4.61485 17.8704 6.60859e-091 0 2.83524e-045 6.48514 8.71293e-011 5.85926e-008 28.9707
1142 28.3 5.40507e-054 0.000212101 4.31275 16.6098 1.70797e-091 0 1.27526e-045 7.36906 2.36139e-010 9.9061e-008 28.2918
1143 27.8 1.72485e-054 0.000181331 4.02691 15.3599 4.39518e-092 0 5.71885e-046 8.33526 6.28071e-010 1.66331e-007 27.7223
1144 27.4 5.47598e-055 0.000154874 3.75674 14.1323 1.12615e-092 0 2.55694e-046 9.38514 1.63941e-009 2.77365e-007 27.2744
1145 27.2 1.72956e-055 0.000132149 3.50164 12.9371 2.87305e-093 0 1.13982e-046 10.5191 4.19958e-009 4.59347e-007 26.958
1146 27 5.43468e-056 0.000112649 3.26102 11.7831 7.29814e-094 0 5.06584e-047 11.7362 1.05575e-008 7.55509e-007 26.7804
1147 27 1.69892e-056 9.59337e-005 3.03429 10.6777 1.84589e-094 0 2.24476e-047 13.0345 2.60468e-008 1.23409e-006 26.7466
1148 27.2 5.28369e-057 8.16192e-005 2.82086 9.62714 4.64863e-095 0 9.91723e-048 14.4103 6.30647e-008 2.00201e-006 26.8584
1149 27.6 1.63479e-057 6.93731e-005 2.62016 8.63603 1.16565e-095 0 4.36831e-048 15.8587 1.4985e-007 3.22547e-006 27.115
1150 28.1 5.03213e-058 5.89072e-005 2.43161 7.70778 2.91029e-096 0 1.91839e-048 17.3731 3.49433e-007 5.16095e-006 27.5126
1151 28.5 1.541e-058 4.99717e-005 2.25467 6.84452 7.23482e-097 0 8.39971e-049 18.9453 7.99669e-007 8.20118e-006 28.0445
1152 29 4.6948e-059 4.23505e-005 2.08878 6.04722 1.79079e-097 0 3.66685e-049 20.5655 1.79595e-006 1.29429e-005 28.7016
1153 29.4 1.42296e-059 3.58567e-005 1.93341 5.31577 4.41353e-098 0 1.59597e-049 22.2225 3.95837e-006 2.02861e-005 29.4717
1154 30.1 4.29076e-060 3.03292e-005 1.78803 4.64917 1.08306e-098 0 6.92559e-050 23.9034 8.56203e-006 3.15772e-005 30.3407
1155 30.9 1.28717e-060 2.56289e-005 1.65215 4.0456 2.64631e-099 0 2.99635e-050 25.5942 1.8175e-005 4.88157e-005 31.292
1156 31.7 3.84151e-061 2.1636e-005 1.52526 3.50258 6.43807e-100 0 1.29249e-050 27.2796 3.78627e-005 7.49469e-005 32.3076
1157 32.6 1.14059e-061 1.82475e-005 1.40689 3.01712 1.55953e-100 0 5.55863e-051 28.9434 7.7408e-005 0.000114277 33.3676
1158 33.5 3.36916e-062 1.53747e-005 1.29657 2.5858 3.76148e-101 0 2.38347e-051 30.5686 0.00015531 0.00017305 34.4513
1159 34.6 9.90093e-063 1.29416e-005 1.19387 2.20494 9.0333e-102 0 1.01895e-051 32.1377 0.000305808 0.000260253 35.5371
1160 35.6 2.89463e-063 1.0883e-005 1.09834 1.87067 2.16003e-102 0 4.34308e-052 33.6333 0.000590932 0.000388713 36.6033
1161 36.8 8.41923e-064 9.14297e-006 1.00957 1.57904 5.14276e-103 0 1.84563e-052 35.038 0.00112064 0.000576596 37.6283
1162 38 2.43621e-064 7.67369e-006 0.927172 1.32614 1.21915e-103 0 7.81977e-053 36.3348 0.00208559 0.000849423 38.5911
1163 39.2 7.01326e-065 6.43428e-006 0.850754 1.10812 2.87769e-104 0 3.30328e-053 37.5078 0.00380919 0.00124276 39.4717
1164 40.3 2.00857e-065 5.38981e-006 0.779955 0.921253 6.76323e-105 0 1.39123e-053 38.542 0.00682768 0.00180575 40.2519
1165 41.4 5.72293e-066 4.5105e-006 0.714424 0.762028 1.58267e-105 0 5.8419e-054 39.4241 0.0120103 0.00260579 40.9152
1166 42.2 1.62223e-066 3.77099e-006 0.653828 0.627135 3.68764e-106 0 2.44575e-054 40.1425 0.0207333 0.00373448 41.4479
1167 43.1 4.57477e-067 3.14966e-006 0.597851 0.513511 8.55525e-107 0 1.02087e-054 40.6875 0.0351257 0.00531533 41.8393
1168 43.5 1.28348e-067 2.62815e-006 0.546189 0.418347 1.97625e-107 0 4.24848e-055 41.0518 0.0584007 0.00751346 42.0823
1169 43.8 3.58237e-068 2.19086e-006 0.498557 0.339096 4.54542e-108 0 1.76278e-055 41.2304 0.0952905 0.0105477 42.1739
1170 43.7 9.94753e-069 1.82456e-006 0.454682 0.273468 1.04095e-108 0 7.29227e-056 41.221 0.152587 0.0147058 42.1164
1171 43.2 2.74804e-069 1.51803e-006 0.414307 0.219426 2.37363e-109 0 3.00767e-056 41.0236 0.239787 0.0203624 41.9174
1172 42.5 7.55255e-070 1.26177e-006 0.377188 0.175174 5.38914e-110 0 1.2368e-056 40.6409 0.369804 0.0280012 41.591
1173 41.5 2.06503e-070 1.04775e-006 0.343095 0.139139 1.21829e-110 0 5.07076e-057 40.0781 0.559701 0.0382415 41.1583
1174 40.3 5.61724e-071 8.69191e-007 0.311812 0.109958 2.74224e-111 0 2.07275e-057 39.3428 0.831338 0.0518683 40.6478
1175 39.1 1.52014e-071 7.20361e-007 0.283134 0.0864574 6.1459e-112 0 8.4474e-058 38.4449 1.21182 0.0698682 40.0962
1176 38.1 4.09264e-072 5.96435e-007 0.25687 0.0676358 1.37148e-112 0 3.43242e-058 37.3961 1.73355 0.0934688 39.5476
1177 37.4 1.0962e-072 4.93349e-007 0.232839 0.0526441 3.04732e-113 0 1.39053e-058 36.21 2.43373 0.124183 39.0534
1178 37 2.92103e-073 4.07684e-007 0.210872 0.0407681 6.74174e-114 0 5.61647e-059 34.9016 3.35309 0.163859 38.6702
1179 37.1 7.74366e-074 3.36568e-007 0.190811 0.0314116 1.48508e-114 0 2.26177e-059 33.4871 4.53375 0.214726 38.4578
1180 37.7 2.0423e-074 2.77587e-007 0.172508 0.0240801 3.25726e-115 0 9.08101e-060 31.9833 6.016 0.279454 38.4753
1181 38.7 5.35865e-075 2.28719e-007 0.155825 0.0183665 7.11343e-116 0 3.63515e-060 30.4077 7.83423 0.361198 38.7773
1182 40.1 1.3988e-075 1.88272e-007 0.140632 0.0139377 1.54679e-116 0 1.45082e-060 28.7779 10.012 0.46365 39.4081
1183 41.7 3.63258e-076 1.54827e-007 0.126811 0.0105233 3.34893e-117 0 5.77306e-061 27.1112 12.557 0.591077 40.3966
1184 43.4 9.38512e-077 1.272e-007 0.114247 0.00790525 7.21948e-118 0 2.29034e-061 25.4245 15.4557 0.748356 41.7508
1185 45.1 2.41228e-077 1.04401e-007 0.102839 0.00590849 1.54964e-118 0 9.05935e-062 23.734 18.6694 0.940983 43.4532
1186 46.9 6.16847e-078 8.56053e-008 0.0924896 0.00439375 3.31192e-119 0 3.5727e-062 22.0549 22.1314 1.17507 45.4583
1187 48.6 1.56924e-078 7.01253e-008 0.0831089 0.00325081 7.0478e-120 0 1.40474e-062 20.4011 25.747 1.45733 47.6917
1188 50.2 3.9716e-079 5.73889e-008 0.0746147 0.00239303 1.49332e-120 0 5.50681e-063 18.7852 29.3955 1.79498 50.0527
1189 51.9 1.00001e-079 4.69201e-008 0.0669301 0.00175268 3.15046e-121 0 2.15231e-063 17.2184 32.9363 2.19569 52.419
1190 53.5 2.50499e-080 3.83238e-008 0.0599847 0.00127719 6.61792e-122 0 8.3871e-064 15.7103 36.2164 2.66743 54.6554
1191 55 6.24266e-081 3.1272e-008 0.0537132 0.000925988 1.38418e-122 0 3.25852e-064 14.2689 39.0818 3.21828 56.6236
1192 56.4 1.54773e-081 2.5493e-008 0.0480554 0.000667967 2.88263e-123 0 1.26221e-064 12.9006 41.3887 3.85625 58.1943
1193 57.7 3.81756e-082 2.07618e-008 0.0429562 0.000479405 5.97737e-124 0 4.87467e-065 11.6104 43.0157 4.58897 59.2585
1194 58.6 9.36782e-083 1.68923e-008 0.0383645 0.000342333 1.23411e-124 0 1.87698e-065 10.4015 43.8743 5.42345 59.738
1195 59.2 2.28693e-083 1.37306e-008 0.0342338 0.000243217 2.53702e-125 0 7.20572e-066 9.27599 43.9169 6.36568 59.5931
1196 59.3 5.55433e-084 1.11498e-008 0.0305212 0.000171924 5.19301e-126 0 2.75802e-066 8.23454 43.1411 7.42035 58.8267
1197 58.5 1.34206e-084 9.04535e-009 0.0271875 0.000120914 1.05837e-126 0 1.05249e-066 7.27667 41.59 8.59039 57.4844
1198 57.1 3.22609e-085 7.33096e-009 0.0241969 8.46093e-005 2.14773e-127 0 4.00444e-067 6.4009 39.3482 9.87669 55.6501
1199 55.1 7.71513e-086 5.93574e-009 0.0215164 5.89056e-005 4.33958e-128 0 1.51903e-067 5.60484 36.5341 11.2777 53.4382
1200 52.7 1.83558e-086 4.80139e-009 0.0191162 4.08031e-005 8.73052e-129 0 5.74506e-068 4.8854 33.2897 12.789 50.9833
1201 49.8 4.34475e-087 3.88005e-009 0.0169689 2.81209e-005 1.74887e-129 0 2.16633e-068 4.23889 29.7687 14.4034 48.428
1202 46.5 1.0231e-087 3.13247e-009 0.0150498 1.92824e-005 3.48817e-130 0 8.14435e-069 3.66116 26.1245 16.1102 45.911
1203 43.3 2.39683e-088 2.52647e-009 0.013336 1.31551e-005 6.92728e-131 0 3.05274e-069 3.14775 22.4996 17.8957 43.5563
1204 40.6 5.58622e-089 2.03573e-009 0.0118071 8.92945e-006 1.36979e-131 0 1.14084e-069 2.69398 19.0169 19.7426 41.4652
1205 38.3 1.29527e-089 1.63871e-009 0.0104443 6.03051e-006 2.69692e-132 0 4.25073e-070 2.29512 15.774 21.6307 39.7102
1206 36.8 2.98791e-090 1.31785e-009 0.00923083 4.05211e-006 5.28696e-133 0 1.57908e-070 1.94639 12.8405 23.5367 38.3328
1207 36.1 6.85705e-091 1.05878e-009 0.0081512 2.70899e-006 1.03198e-133 0 5.84852e-071 1.64312 10.2579 25.4349 37.3441
1208 36 1.56556e-091 8.49814e-010 0.00719157 1.8019e-006 2.00566e-134 0 2.15968e-071 1.38077 8.04223 27.2976 36.7278
1209 36.2 3.55602e-092 6.8143e-010 0.00633939 1.19249e-006 3.88124e-135 0 7.95126e-072 1.15502 6.18772 29.0957 36.4448
1210 36.7 8.03566e-093 5.45879e-010 0.00558332 7.8519e-007 7.47837e-136 0 2.91866e-072 0.961775 4.67222 30.7994 36.439
1211 37.3 1.80652e-093 4.36868e-010 0.00491313 5.14392e-007 1.43472e-136 0 1.06816e-072 0.797207 3.46222 32.3792 36.6435
1212 37.8 4.04041e-094 3.49286e-010 0.00431963 3.35284e-007 2.74065e-137 0 3.8975e-073 0.657783 2.51781 33.8064 36.9863
1213 38.3 8.99024e-095 2.78992e-010 0.0037945 2.17435e-007 5.21272e-138 0 1.41788e-073 0.540268 1.79693 35.0543 37.3953
1214 38.7 1.99012e-095 2.22628e-010 0.00333031 1.40295e-007 9.87187e-139 0 5.14277e-074 0.441723 1.25856 36.0989 37.8025
1215 39.1 4.3828e-096 1.77479e-010 0.00292036 9.00652e-008 1.86148e-139 0 1.85976e-074 0.359506 0.865084 36.9195 38.147
1216 39 9.60254e-097 1.41349e-010 0.00255864 5.75266e-008 3.49496e-140 0 6.70527e-075 0.291257 0.583551 37.4996 38.377
1217 38.6 2.09307e-097 1.12464e-010 0.00223977 3.65577e-008 6.53358e-141 0 2.41034e-075 0.234888 0.386312 37.8275 38.451
1218 38.2 4.53882e-098 8.93958e-011 0.00195893 2.31147e-008 1.21614e-141 0 8.63861e-076 0.188565 0.250978 37.8965 38.338
1219 37.8 9.79188e-099 7.09899e-011 0.00171181 1.4541e-008 2.25393e-142 0 3.08681e-076 0.150686 0.160019 37.705 38.0174
1220 37.2 2.10161e-099 5.6319e-011 0.00149456 9.10122e-009 4.15932e-143 0 1.09971e-076 0.119868 0.100125 37.2571 37.4786
1221 36.4 4.48746e-100 4.46366e-011 0.00130374 5.66766e-009 7.64239e-144 0 3.90616e-077 0.0949173 0.0614831 36.5619 36.7196
1222 35.4 9.53261e-101 3.53432e-011 0.0011363 3.51161e-009 1.39817e-144 0 1.38332e-077 0.0748175 0.0370515 35.6334 35.7464
1223 34.1 2.01459e-101 2.79576e-011 0.000989496 2.16474e-009 2.54692e-145 0 4.88425e-078 0.058705 0.0219126 34.4902 34.5718
1224 32.5 4.23568e-102 2.20938e-011 0.000860909 1.32772e-009 4.6195e-146 0 1.71939e-078 0.0458524 0.012718 33.1547 33.2141
1225 30.9 8.85978e-103 1.7443e-011 0.000748379 8.10221e-010 8.34255e-147 0 6.03468e-079 0.0356503 0.00724408 31.6521 31.6957
1226 29.4 1.84368e-103 1.37578e-011 0.000649991 4.91925e-010 1.50013e-147 0 2.11171e-079 0.0275917 0.00404935 30.0103 30.0426
1227 28 3.8169e-104 1.08406e-011 0.000564046 2.97162e-010 2.68584e-148 0 7.36747e-080 0.0212574 0.00222139 28.2584 28.2824
1228 26.9 7.86138e-105 8.53374e-012 0.000489038 1.78602e-010 4.78805e-149 0 2.56273e-080 0.0163025 0.00119592 26.4262 26.4441
1229 26.2 1.61083e-105 6.71123e-012 0.000423635 1.06802e-010 8.49886e-150 0 8.88773e-081 0.0124455 0.000631858 24.5432 24.5567
