p	I1 / %
0	0.8
1	0.8
2	0.8
3	0.8
4	0.8
5	0.8
6	0.8
7	0.8
8	0.8
9	0.8
10	0.8
11	0.8
12	0.8
13	0.8
14	0.8
15	0.8
16	0.8
17	0.8
18	0.8
19	0.8
20	0.8
21	0.8
22	0.8
23	0.8
24	0.8
25	0.8
26	0.8
27	0.8
28	0.8
29	0.8
30	0.8
31	0.8
32	0.8
33	0.8
34	0.8
35	0.8
36	0.8
37	0.8
38	0.8
39	0.8
40	0.8
41	0.8
42	0.8
43	0.8
44	0.8
45	0.8
46	0.8
47	0.8
48	0.8
49	0.8
50	0.8
51	0.8
52	0.8
53	0.8
54	0.8
55	0.8
56	0.8
57	0.8
58	0.8
59	0.8
60	0.8
61	0.8
62	0.8
63	0.8
64	0.8
65	0.8
66	0.8
67	0.8
68	0.8
69	0.8
70	0.8
71	0.8
72	0.8
73	0.9
74	0.9
75	0.9
76	0.9
77	1.0
78	1.0
79	1.1
80	1.1
81	1.2
82	1.2
83	1.2
84	1.2
85	1.3
86	1.3
87	1.3
88	1.4
89	1.4
90	1.5
91	1.6
92	1.6
93	1.6
94	1.6
95	1.6
96	1.7
97	1.9
98	2.2
99	2.4
100	2.4
101	2.4
102	2.4
103	2.4
104	2.4
105	2.4
106	2.4
107	2.4
108	2.6
109	2.8
110	2.8
111	3.0
112	3.3
113	3.6
114	3.7
115	3.7
116	3.7
117	3.7
118	3.7
119	3.7
120	3.7
121	3.7
122	3.7
123	4.0
124	4.0
125	4.4
126	4.7
127	5.0
128	5.3
129	5.5
130	5.5
131	5.4
132	5.2
133	5.2
134	5.2
135	5.2
136	5.2
137	5.3
138	5.7
139	6.0
140	6.3
141	6.4
142	6.4
143	6.4
144	6.6
145	6.8
146	6.9
147	6.9
148	6.9
149	6.9
150	7.0
151	7.0
152	7.2
153	7.4
154	7.8
155	8.3
156	8.7
157	9.1
158	9.1
159	9.2
160	9.3
161	9.4
162	9.4
163	9.4
164	9.3
165	9.4
166	9.8
167	10.1
168	10.2
169	10.4
170	10.6
171	11.0
172	11.2
173	11.2
174	11.1
175	11.2
176	11.6
177	11.9
178	11.9
179	11.9
180	12.0
181	12.4
182	12.8
183	13.2
184	13.4
185	13.7
186	13.8
187	14.0
188	14.0
189	14.0
190	14.0
191	14.0
192	14.3
193	14.7
194	15.0
195	15.3
196	15.4
197	15.7
198	15.9
199	16.3
200	16.6
201	16.8
202	16.8
203	16.8
204	16.7
205	16.7
206	16.7
207	16.7
208	16.8
209	17.2
210	17.8
211	18.5
212	18.9
213	19.0
214	19.1
215	19.4
216	19.6
217	19.6
218	19.4
219	19.2
220	18.9
221	18.8
222	18.8
223	18.8
224	18.8
225	19.2
226	19.9
227	20.8
228	21.5
229	21.8
230	21.8
231	21.8
232	22.1
233	22.2
234	21.9
235	21.5
236	21.0
237	20.8
238	20.8
239	20.9
240	20.9
241	20.9
242	21.3
243	22.1
244	23.1
245	23.8
246	23.8
247	23.8
248	23.8
249	24.1
250	24.0
251	23.7
252	23.3
253	22.9
254	22.6
255	22.7
256	22.9
257	22.9
258	23.0
259	23.3
260	24.1
261	25.2
262	26.0
263	26.4
264	26.3
265	26.1
266	26.2
267	26.3
268	26.1
269	25.7
270	25.1
271	24.6
272	24.4
273	24.5
274	24.5
275	24.5
276	24.6
277	25.0
278	25.8
279	26.7
280	27.1
281	27.3
282	27.3
283	27.5
284	27.8
285	28.0
286	27.8
287	27.1
288	26.3
289	25.6
290	25.4
291	25.5
292	25.5
293	25.5
294	25.6
295	26.0
296	27.1
297	28.4
298	29.6
299	29.9
300	29.9
301	29.8
302	29.9
303	30.0
304	29.8
305	29.2
306	28.2
307	27.4
308	26.9
309	26.9
310	27.1
311	27.2
312	27.1
313	27.1
314	27.5
315	28.7
316	30.3
317	31.3
318	31.7
319	31.6
320	31.6
321	31.6
322	31.6
323	31.2
324	30.4
325	29.1
326	27.9
327	27.3
328	27.2
329	27.6
330	27.8
331	27.6
332	27.4
333	27.8
334	28.9
335	30.7
336	32.3
337	33.2
338	33.2
339	32.9
340	32.9
341	33.0
342	33.0
343	32.5
344	31.4
345	30.2
346	29.0
347	28.4
348	28.4
349	28.7
350	28.7
351	28.5
352	28.2
353	28.6
354	29.8
355	31.7
356	33.3
357	34.0
358	33.8
359	33.5
360	33.4
361	33.6
362	33.8
363	33.4
364	32.6
365	31.4
366	30.2
367	29.4
368	29.2
369	29.5
370	29.7
371	29.7
372	29.6
373	29.6
374	30.1
375	31.7
376	33.6
377	35.0
378	35.4
379	35.1
380	34.5
381	34.1
382	34.2
383	34.3
384	33.9
385	32.9
386	31.5
387	30.3
388	29.6
389	29.4
390	29.5
391	29.8
392	29.9
393	29.9
394	29.9
395	30.4
396	31.5
397	33.6
398	35.6
399	36.8
400	36.9
401	36.5
402	35.8
403	35.4
404	35.5
405	35.5
406	34.9
407	33.8
408	32.5
409	31.2
410	30.4
411	30.1
412	30.1
413	30.4
414	30.3
415	30.0
416	29.8
417	30.1
418	31.2
419	33.2
420	35.5
421	37.3
422	37.9
423	37.6
424	36.9
425	36.4
426	36.2
427	36.3
428	36.2
429	35.4
430	34.2
431	32.8
432	31.2
433	30.3
434	29.8
435	29.9
436	30.4
437	30.8
438	30.6
439	30.6
440	31.0
441	32.1
442	34.3
443	37.0
444	39.0
445	39.9
446	39.5
447	38.7
448	37.7
449	37.3
450	37.5
451	37.9
452	37.5
453	36.5
454	34.9
455	33.2
456	31.7
457	30.8
458	30.5
459	31.0
460	31.7
461	32.1
462	32.0
463	31.7
464	31.7
465	32.5
466	34.4
467	37.3
468	39.9
469	41.2
470	41.2
471	40.0
472	38.3
473	37.1
474	36.8
475	37.5
476	37.9
477	37.2
478	36.0
479	34.4
480	32.8
481	31.4
482	30.4
483	30.1
484	30.5
485	31.3
486	31.9
487	32.0
488	31.8
489	31.8
490	32.4
491	34.3
492	37.3
493	40.7
494	42.8
495	43.2
496	42.4
497	41.0
498	39.7
499	39.0
500	39.2
501	40.0
502	40.4
503	39.9
504	38.3
505	36.0
506	33.6
507	31.6
508	30.5
509	30.3
510	31.0
511	32.2
512	33.7
513	33.7
514	33.4
515	33.0
516	32.7
517	33.4
518	35.4
519	39.0
520	42.6
521	44.6
522	44.7
523	43.5
524	42.0
525	40.5
526	39.8
527	40.0
528	41.0
529	41.8
530	41.6
531	40.2
532	38.0
533	35.5
534	33.1
535	31.4
536	30.7
537	31.1
538	32.3
539	33.8
540	34.8
541	34.9
542	34.5
543	33.9
544	33.6
545	34.3
546	36.3
547	39.8
548	43.6
549	46.3
550	47.1
551	46.2
552	44.4
553	42.5
554	40.9
555	40.3
556	40.8
557	42.1
558	43.1
559	42.8
560	41.1
561	38.6
562	35.8
563	33.5
564	31.5
565	30.6
566	30.5
567	31.6
568	33.3
569	34.9
570	35.6
571	35.7
572	35.3
573	34.7
574	34.4
575	35.1
576	37.0
577	40.5
578	44.6
579	47.8
580	49.0
581	48.2
582	46.4
583	44.3
584	42.3
585	41.0
586	40.6
587	41.4
588	42.8
589	43.7
590	43.1
591	41.1
592	38.3
593	35.5
594	33.0
595	31.1
596	30.0
597	29.8
598	30.6
599	32.4
600	34.3
601	35.9
602	36.5
603	36.4
604	36.0
605	35.4
606	35.1
607	35.5
608	37.0
609	40.0
610	44.4
611	48.3
612	50.5
613	50.7
614	49.3
615	47.2
616	44.8
617	42.9
618	41.6
619	41.3
620	42.1
621	43.7
622	44.6
623	44.4
624	42.7
625	40.2
626	37.4
627	34.8
628	32.5
629	30.9
630	29.9
631	29.9
632	30.7
633	32.6
634	34.6
635	36.3
636	37.1
637	37.4
638	36.9
639	36.4
640	35.9
641	35.8
642	36.1
643	37.7
644	40.5
645	44.7
646	49.0
647	51.9
648	52.8
649	52.1
650	50.2
651	47.9
652	45.6
653	43.7
654	42.5
655	42.3
656	42.9
657	44.3
658	45.5
659	45.8
660	44.6
661	42.4
662	39.7
663	37.0
664	34.5
665	32.5
666	31.0
667	30.2
668	29.8
669	30.3
670	31.5
671	33.5
672	35.5
673	37.1
674	37.8
675	37.9
676	37.4
677	36.9
678	36.4
679	36.2
680	36.4
681	37.1
682	38.7
683	41.7
684	46.0
685	50.4
686	53.5
687	54.7
688	54.2
689	52.4
690	49.8
691	47.2
692	44.8
693	43.2
694	41.9
695	41.5
696	41.9
697	43.0
698	44.2
699	45.0
700	44.8
701	43.4
702	41.3
703	38.9
704	36.5
705	34.4
706	32.6
707	31.3
708	30.4
709	30.0
710	30.1
711	31.0
712	32.5
713	34.4
714	36.3
715	37.7
716	38.5
717	38.9
718	38.9
719	38.5
720	37.9
721	37.3
722	36.9
723	36.9
724	37.3
725	38.6
726	40.7
727	44.2
728	48.5
729	52.5
730	55.4
731	56.8
732	56.7
733	55.5
734	53.6
735	51.3
736	49.1
737	47.1
738	45.5
739	44.3
740	43.6
741	43.7
742	44.2
743	45.2
744	46.2
745	46.9
746	46.8
747	45.7
748	43.8
749	41.6
750	39.2
751	37.2
752	35.2
753	33.5
754	31.9
755	30.8
756	29.9
757	29.5
758	29.5
759	30.1
760	31.3
761	32.9
762	34.4
763	36.0
764	37.5
765	38.6
766	39.4
767	39.7
768	39.7
769	39.6
770	39.4
771	39.1
772	38.8
773	38.5
774	38.3
775	38.4
776	39.1
777	40.7
778	43.5
779	47.0
780	50.9
781	54.5
782	57.1
783	58.8
784	59.2
785	58.5
786	56.9
787	54.9
788	52.3
789	49.0
790	45.4
791	42.7
792	41.0
793	39.8
794	38.9
795	38.4
796	37.6
797	37.6
798	38.8
799	41.3
800	44.0
801	45.6
802	46.1
803	45.7
804	44.4
805	42.8
806	41.0
807	39.1
808	37.5
809	35.8
810	34.3
811	33.1
812	32.1
813	31.4
814	30.7
815	30.3
816	30.2
817	30.3
818	30.7
819	31.5
820	32.5
821	33.8
822	35.1
823	36.5
824	37.7
825	39.0
826	39.8
827	40.4
828	40.7
829	40.9
830	40.9
831	40.9
832	40.9
833	40.8
834	40.5
835	40.1
836	39.8
837	39.6
838	39.3
839	39.3
840	39.7
841	40.5
842	41.8
843	43.7
844	46.1
845	48.6
846	51.2
847	54.1
848	56.8
849	59.1
850	60.4
851	60.1
852	58.6
853	56.7
854	54.7
855	53.0
856	51.3
857	49.8
858	48.6
859	47.5
860	46.6
861	46.0
862	45.5
863	45.2
864	45.2
865	45.1
866	44.7
867	44.0
868	43.4
869	43.2
870	43.3
871	43.9
872	44.6
873	45.3
874	45.9
875	46.7
876	47.4
877	47.8
878	47.7
879	47.3
880	46.5
881	45.6
882	44.4
883	43.1
884	41.5
885	40.2
886	38.9
887	37.6
888	36.5
889	35.3
890	34.2
891	33.4
892	32.6
893	32.1
894	31.6
895	31.1
896	30.5
897	30.1
898	29.8
899	29.8
900	29.7
901	29.7
902	29.8
903	30.0
904	30.3
905	30.8
906	31.3
907	32.1
908	32.9
909	33.9
910	34.8
911	35.8
912	36.6
913	37.4
914	38.2
915	39.0
916	39.7
917	40.3
918	40.7
919	41.1
920	41.4
921	41.7
922	41.9
923	42.1
924	42.1
925	42.2
926	42.2
927	42.2
928	42.2
929	42.2
930	42.1
931	42.0
932	41.9
933	41.8
934	41.5
935	41.3
936	41.0
937	40.7
938	40.4
939	40.1
940	39.9
941	39.6
942	39.2
943	39.0
944	38.8
945	38.8
946	38.8
947	38.9
948	39.2
949	39.5
950	39.8
951	40.3
952	41.0
953	41.8
954	42.7
955	43.8
956	44.9
957	46.1
958	47.4
959	48.8
960	50.3
961	51.8
962	53.2
963	54.7
964	56.0
965	57.3
966	58.6
967	59.7
968	60.5
969	61.4
970	62.0
971	62.5
972	62.9
973	63.4
974	63.9
975	64.3
976	64.5
977	64.8
978	64.8
979	64.8
980	64.7
981	64.5
982	64.5
983	64.4
984	64.2
985	64.0
986	63.6
987	63.3
988	63.1
989	62.9
990	62.7
991	62.4
992	62.1
993	61.7
994	61.4
995	61.3
996	61.1
997	60.9
998	60.6
999	60.5
1000	60.3
1001	60.2
1002	60.0
1003	59.8
1004	59.5
1005	59.2
1006	59.0
1007	58.9
1008	58.6
1009	58.6
1010	58.4
1011	58.2
1012	58.1
1013	58.1
1014	58.0
1015	57.9
1016	57.9
1017	57.9
1018	57.9
1019	57.9
1020	57.9
1021	58.0
1022	58.0
1023	58.0
1024	58.1
1025	58.1
1026	58.0
1027	57.9
1028	57.7
1029	57.6
1030	57.6
1031	57.5
1032	57.6
1033	57.7
1034	57.7
1035	57.7
1036	57.9
1037	58.3
1038	58.6
1039	58.8
1040	59.2
1041	59.2
1042	59.2
1043	59.2
1044	59.1
1045	59.5
1046	59.8
1047	60.1
1048	60.5
1049	61.0
1050	61.5
1051	61.9
1052	62.2
1053	62.5
1054	62.4
1055	62.4
1056	62.4
1057	62.5
1058	62.7
1059	63.0
1060	63.3
1061	63.7
1062	63.9
1063	64.1
1064	64.3
1065	64.5
1066	64.5
1067	64.5
1068	64.2
1069	63.9
1070	63.5
1071	63.5
1072	62.8
1073	61.7
1074	60.6
1075	59.8
1076	59.5
1077	59.7
1078	59.6
1079	59.2
1080	58.5
1081	57.5
1082	56.5
1083	55.6
1084	54.6
1085	53.3
1086	52.0
1087	50.6
1088	49.1
1089	47.6
1090	46.3
1091	44.9
1092	43.7
1093	42.5
1094	41.4
1095	40.5
1096	39.7
1097	39.1
1098	38.6
1099	38.2
1100	37.9
1101	37.8
1102	37.8
1103	37.9
1104	37.9
1105	38.2
1106	38.5
1107	38.8
1108	39.2
1109	39.6
1110	39.8
1111	40.2
1112	40.5
1113	40.8
1114	40.9
1115	40.9
1116	41.0
1117	41.1
1118	41.1
1119	41.2
1120	41.2
1121	41.2
1122	41.1
1123	41.1
1124	40.9
1125	40.7
1126	40.4
1127	40.0
1128	39.5
1129	39.1
1130	38.6
1131	38.1
1132	37.3
1133	36.5
1134	35.7
1135	34.7
1136	33.7
1137	32.8
1138	31.7
1139	30.7
1140	29.8
1141	29.0
1142	28.3
1143	27.8
1144	27.4
1145	27.2
1146	27.0
1147	27.0
1148	27.2
1149	27.6
1150	28.1
1151	28.5
1152	29.0
1153	29.4
1154	30.1
1155	30.9
1156	31.7
1157	32.6
1158	33.5
1159	34.6
1160	35.6
1161	36.8
1162	38.0
1163	39.2
1164	40.3
1165	41.4
1166	42.2
1167	43.1
1168	43.5
1169	43.8
1170	43.7
1171	43.2
1172	42.5
1173	41.5
1174	40.3
1175	39.1
1176	38.1
1177	37.4
1178	37.0
1179	37.1
1180	37.7
1181	38.7
1182	40.1
1183	41.7
1184	43.4
1185	45.1
1186	46.9
1187	48.6
1188	50.2
1189	51.9
1190	53.5
1191	55.0
1192	56.4
1193	57.7
1194	58.6
1195	59.2
1196	59.3
1197	58.5
1198	57.1
1199	55.1
1200	52.7
1201	49.8
1202	46.5
1203	43.3
1204	40.6
1205	38.3
1206	36.8
1207	36.1
1208	36.0
1209	36.2
1210	36.7
1211	37.3
1212	37.8
1213	38.3
1214	38.7
1215	39.1
1216	39.0
1217	38.6
1218	38.2
1219	37.8
1220	37.2
1221	36.4
1222	35.4
1223	34.1
1224	32.5
1225	30.9
1226	29.4
1227	28.0
1228	26.9
1229	26.2
1230	26.1
1231	26.2
1232	26.6
1233	27.0
1234	27.8
1235	28.7
1236	29.8
1237	31.2
1238	32.6
1239	34.1
1240	35.7
1241	37.2
1242	38.6
1243	39.9
1244	40.7
1245	41.0
1246	40.6
1247	39.5
1248	37.9
1249	36.5
1250	35.6
1251	35.3
1252	35.8
1253	37.4
1254	39.5
1255	42.1
1256	44.8
1257	47.3
1258	49.6
1259	51.7
1260	53.5
1261	55.1
1262	56.1
1263	56.5
1264	55.9
1265	54.2
1266	51.3
1267	47.3
1268	43.2
1269	39.6
1270	36.8
1271	35.3
1272	34.8
1273	35.0
1274	35.5
1275	36.2
1276	36.9
1277	37.2
1278	37.3
1279	37.3
1280	36.6
1281	35.7
1282	34.3
1283	32.7
1284	31.1
1285	29.2
1286	27.4
1287	25.8
1288	24.9
1289	24.6
1290	25.1
1291	25.9
1292	27.1
1293	28.3
1294	29.8
1295	31.4
1296	33.4
1297	35.4
1298	37.2
1299	38.6
1300	39.3
1301	39.2
1302	38.0
1303	36.4
1304	34.8
1305	33.9
1306	34.0
1307	35.4
1308	37.8
1309	40.9
1310	43.8
1311	46.5
1312	48.9
1313	51.2
1314	53.0
1315	54.1
1316	54.0
1317	52.0
1318	48.2
1319	43.5
1320	39.1
1321	35.9
1322	34.1
1323	33.6
1324	33.9
1325	34.5
1326	35.2
1327	35.7
1328	35.9
1329	35.7
1330	35.0
1331	33.7
1332	31.8
1333	29.4
1334	27.0
1335	25.2
1336	24.1
1337	23.8
1338	24.3
1339	25.5
1340	27.1
1341	29.2
1342	31.5
1343	33.6
1344	35.6
1345	37.0
1346	37.4
1347	36.7
1348	35.4
1349	33.8
1350	32.4
1351	32.0
1352	32.8
1353	35.2
1354	38.8
1355	42.8
1356	46.1
1357	48.9
1358	50.9
1359	51.8
1360	51.2
1361	48.8
1362	44.7
1363	39.9
1364	35.8
1365	33.1
1366	32.1
1367	32.3
1368	33.2
1369	34.1
1370	34.9
1371	35.1
1372	34.7
1373	33.5
1374	31.4
1375	28.7
1376	26.0
1377	24.0
1378	23.2
1379	23.3
1380	24.5
1381	26.4
1382	28.5
1383	30.9
1384	33.3
1385	35.3
1386	36.7
1387	36.9
1388	35.8
1389	33.8
1390	32.2
1391	31.6
1392	32.8
1393	35.6
1394	39.5
1395	43.5
1396	47.0
1397	49.7
1398	51.2
1399	50.8
1400	47.4
1401	42.1
1402	36.9
1403	33.3
1404	31.4
1405	31.1
1406	31.6
1407	32.5
1408	33.3
1409	33.8
1410	33.2
1411	31.5
1412	28.7
1413	25.8
1414	23.5
1415	22.4
1416	22.6
1417	23.9
1418	25.9
1419	28.5
1420	31.2
1421	33.7
1422	35.3
1423	35.7
1424	34.8
1425	32.9
1426	31.1
1427	30.5
1428	31.9
1429	35.2
1430	39.5
1431	43.9
1432	47.4
1433	49.7
1434	49.7
1435	46.6
1436	41.1
1437	35.8
1438	32.2
1439	30.5
1440	30.3
1441	30.8
1442	31.5
1443	31.9
1444	31.4
1445	30.0
1446	27.6
1447	24.7
1448	22.3
1449	21.4
1450	21.7
1451	23.4
1452	25.8
1453	28.6
1454	31.2
1455	33.2
1456	34.0
1457	33.3
1458	31.6
1459	30.0
1460	29.7
1461	31.2
1462	34.5
1463	38.9
1464	43.3
1465	46.5
1466	47.7
1467	45.8
1468	40.7
1469	35.1
1470	31.2
1471	29.2
1472	29.1
1473	30.0
1474	31.3
1475	32.2
1476	31.8
1477	29.6
1478	26.4
1479	23.2
1480	21.6
1481	21.6
1482	22.9
1483	25.4
1484	28.3
1485	31.1
1486	33.1
1487	33.5
1488	32.3
1489	30.5
1490	29.3
1491	29.6
1492	31.7
1493	35.5
1494	40.0
1495	44.1
1496	46.1
1497	44.3
1498	39.4
1499	34.0
1500	30.2
1501	28.4
1502	28.3
1503	29.2
1504	30.4
1505	31.0
1506	29.8
1507	27.0
1508	23.8
1509	21.6
1510	20.9
1511	21.9
1512	24.1
1513	27.0
1514	29.8
1515	31.6
1516	31.7
1517	30.6
1518	29.0
1519	28.3
1520	29.4
1521	32.4
1522	36.7
1523	41.2
1524	44.0
1525	43.1
1526	38.6
1527	33.1
1528	29.1
1529	27.0
1530	26.6
1531	27.3
1532	28.3
1533	28.6
1534	27.2
1535	24.6
1536	20.7
1537	19.9
1538	20.3
1539	22.2
1540	25.1
1541	28.3
1542	30.5
1543	31.2
1544	30.2
1545	28.7
1546	27.8
1547	28.6
1548	31.2
1549	35.2
1550	39.3
1551	41.5
1552	40.0
1553	35.2
1554	30.3
1555	27.1
1556	26.0
1557	26.3
1558	27.4
1559	27.9
1560	27.0
1561	24.6
1562	22.0
1563	20.3
1564	20.0
1565	21.6
1566	24.1
1567	27.1
1568	29.2
1569	29.7
1570	28.7
1571	27.5
1572	27.1
1573	28.4
1574	31.4
1575	35.3
1576	38.4
1577	38.8
1578	35.6
1579	30.8
1580	27.1
1581	25.3
1582	25.2
1583	26.0
1584	26.6
1585	25.9
1586	24.0
1587	21.7
1588	20.1
1589	20.0
1590	21.6
1591	24.2
1592	26.9
1593	28.4
1594	28.4
1595	27.2
1596	26.2
1597	26.7
1598	28.6
1599	31.8
1600	34.6
1601	36.0
1602	34.3
1603	30.1
1604	26.4
1605	24.4
1606	23.9
1607	24.1
1608	24.4
1609	23.8
1610	22.2
1611	20.4
1612	19.2
1613	19.4
1614	20.9
1615	23.3
1616	25.5
1617	26.9
1618	26.9
1619	26.1
1620	26.0
1621	27.2
1622	29.4
1623	31.7
1624	32.9
1625	32.3
1626	29.2
1627	25.7
1628	23.6
1629	23.1
1630	23.2
1631	23.3
1632	22.9
1633	21.7
1634	20.3
1635	19.4
1636	19.7
1637	20.6
1638	21.8
1639	22.9
1640	23.4
1641	23.2
1642	23.1
1643	24.0
1644	25.8
1645	27.7
1646	28.9
1647	29.4
1648	28.1
1649	25.4
1650	23.2
1651	22.2
1652	22.0
1653	22.0
1654	21.6
1655	20.8
1656	19.8
1657	19.2
1658	19.5
1659	20.7
1660	22.2
1661	23.8
1662	24.6
1663	25.0
1664	25.2
1665	25.9
1666	26.9
1667	27.7
1668	27.9
1669	27.3
1670	25.4
1671	23.0
1672	21.3
1673	20.4
1674	20.0
1675	19.7
1676	19.3
1677	18.9
1678	18.5
1679	18.6
1680	19.4
1681	20.6
1682	21.8
1683	22.9
1684	23.7
1685	24.4
1686	24.8
1687	25.2
1688	25.3
1689	25.1
1690	24.4
1691	23.1
1692	21.2
1693	19.6
1694	18.7
1695	18.2
1696	17.9
1697	17.9
1698	17.9
1699	17.8
1700	18.0
1701	18.8
1702	19.9
1703	21.3
1704	22.4
1705	23.1
1706	23.3
1707	23.3
1708	23.0
1709	22.6
1710	22.2
1711	21.3
1712	19.9
1713	18.3
1714	17.1
1715	16.6
1716	16.4
1717	16.4
1718	16.5
1719	16.6
1720	16.9
1721	17.7
1722	18.7
1723	19.9
1724	21.1
1725	21.6
1726	21.5
1727	21.1
1728	20.6
1729	20.1
1730	19.6
1731	18.8
1732	17.2
1733	15.8
1734	14.8
1735	14.3
1736	14.3
1737	14.4
1738	14.6
1739	15.0
1740	15.6
1741	16.4
1742	17.4
1743	18.4
1744	19.0
1745	19.0
1746	18.6
1747	18.1
1748	17.6
1749	17.2
1750	16.4
1751	15.2
1752	14.0
1753	13.2
1754	12.8
1755	12.8
1756	12.8
1757	12.8
1758	12.8
1759	13.2
1760	13.9
1761	14.9
1762	15.7
1763	16.2
1764	16.2
1765	15.9
1766	15.2
1767	14.6
1768	14.0
1769	13.2
1770	12.2
1771	11.4
1772	10.9
1773	10.8
1774	10.9
1775	11.2
1776	11.3
1777	11.6
1778	12.0
1779	12.5
1780	13.1
1781	13.4
1782	13.4
1783	13.3
1784	12.8
1785	12.4
1786	11.8
1787	11.1
1788	10.3
1789	9.6
1790	8.9
1791	8.6
1792	8.6
1793	8.8
1794	8.9
1795	9.2
1796	9.6
1797	10.0
1798	10.4
1799	10.4
1800	10.4
1801	10.4
1802	10.0
1803	9.6
1804	9.1
1805	8.5
1806	7.9
1807	7.5
1808	7.2
1809	7.2
1810	7.2
1811	7.2
1812	7.2
1813	7.5
1814	7.8
1815	7.9
1816	8.0
1817	8.0
1818	8.0
1819	7.8
1820	7.4
1821	7.0
1822	6.5
1823	6.1
1824	5.7
1825	5.5
1826	5.3
1827	5.3
1828	5.3
1829	5.3
1830	5.4
1831	5.4
1832	5.4
1833	5.6
1834	5.6
1835	5.7
1836	5.5
1837	5.0
1838	4.6
1839	4.3
1840	4.2
1841	4.0
1842	3.9
1843	3.8
1844	3.7
1845	3.7
1846	3.7
1847	3.7
1848	3.7
1849	3.7
1850	3.7
1851	3.7
1852	3.7
1853	3.4
1854	3.2
1855	3.2
1856	3.0
1857	2.9
1858	2.8
1859	2.6
1860	2.5
1861	2.5
1862	2.5
1863	2.5
1864	2.5
1865	2.4
1866	2.4
1867	2.4
1868	2.2
1869	2.1
1870	2.0
1871	2.0
1872	2.0
1873	2.0
1874	1.8
1875	1.7
1876	1.6
1877	1.6
1878	1.6
1879	1.6
1880	1.6
1881	1.6
1882	1.6
1883	1.5
1884	1.3
1885	1.3
1886	1.2
1887	1.2
1888	1.2
1889	1.2
1890	1.2
1891	1.2
1892	1.2
1893	1.2
1894	1.2
1895	1.2
1896	1.1
1897	1.1
1898	1.0
1899	1.0
1900	0.9
1901	0.8
1902	0.8
1903	0.8
1904	0.8
1905	0.8
1906	0.8
1907	0.8
1908	0.8
1909	0.8
1910	0.8
1911	0.8
1912	0.8
1913	0.8
1914	0.8
1915	0.8
1916	0.8
1917	0.8
1918	0.8
1919	0.8
1920	0.8
1921	0.8
1922	0.8
1923	0.8
1924	0.8
1925	0.8
1926	0.8
1927	0.8
1928	0.8
1929	0.8
1930	0.8
1931	0.8
1932	0.8
1933	0.8
1934	0.8
1935	0.8
1936	0.8
1937	0.8
1938	0.8
1939	0.8
1940	0.8
1941	0.8
1942	0.8
1943	0.8
1944	0.8
1945	0.8
1946	0.8
1947	0.8
1948	0.8
1949	0.8
1950	0.8
1951	0.8
1952	0.8
1953	0.8
1954	0.8
1955	0.8
1956	0.7
1957	0.7
1958	0.7
1959	0.7
1960	0.7
1961	0.7
1962	0.7
1963	0.7
1964	0.6
1965	0.6
1966	0.6
1967	0.6
1968	0.6
1969	0.6
1970	0.6
1971	0.6
1972	0.5
1973	0.5
1974	0.5
1975	0.5
1976	0.5
1977	0.5
1978	0.5
1979	0.4
1980	0.4
1981	0.4
1982	0.4
1983	0.4
1984	0.4
1985	0.4
1986	0.4
1987	0.4
1988	0.4
1989	0.4
1990	0.4
1991	0.4
1992	0.4
1993	0.4
1994	0.4
1995	0.4
1996	0.4
1997	0.4
1998	0.4
1999	0.4
2000	0.4
2001	0.4
2002	0.4
2003	0.4
2004	0.4
2005	0.4
2006	0.4
2007	0.4
2008	0.4
2009	0.4
2010	0.4
2011	0.4
2012	0.4
2013	0.4
2014	0.4
2015	0.4
2016	0.4
2017	0.4
2018	0.4
2019	0.4
2020	0.4
2021	0.4
2022	0.4
2023	0.4
2024	0.4
2025	0.4
2026	0.4
2027	0.4
2028	0.4
2029	0.4
2030	0.4
2031	0.4
2032	0.4
2033	0.4
2034	0.4
2035	0.4
2036	0.4
2037	0.4
2038	0.4
2039	0.4
2040	0.4
2041	0.4
2042	0.4
2043	0.4
2044	0.4
2045	0.4
2046	0.4
2047	0.4
