816 32.7 5.32403e-011 0.000124095 1.10457e-010 7.66698e-099 30.4177 7.50272e-007 0.22865 6.56385e-133 0 2.38525e-201 30.6465
817 32.9 8.92595e-011 0.000145418 1.37426e-010 3.33709e-098 31.9373 1.99626e-006 0.273928 3.75571e-132 0 2.41423e-200 32.2114
818 33.3 1.48906e-010 0.000170241 1.7083e-010 1.44563e-097 33.391 5.16358e-006 0.327156 2.13834e-131 0 2.4295e-199 33.7184
819 34.1 2.47179e-010 0.00019911 2.12166e-010 6.23292e-097 34.7634 1.29843e-005 0.389518 1.21146e-130 0 2.43081e-198 35.1531
820 35.4 4.08276e-010 0.00023265 2.6327e-010 2.67468e-096 36.0392 3.17409e-005 0.462331 6.82955e-130 0 2.41813e-197 36.5018
821 36.8 6.71025e-010 0.00027158 3.26396e-010 1.14235e-095 37.2038 7.54319e-005 0.547055 3.83112e-129 0 2.39169e-196 37.7512
822 38.1 1.09741e-009 0.000316719 4.04299e-010 4.85589e-095 38.2438 0.000174271 0.645302 2.13849e-128 0 2.35193e-195 38.8896
823 39.5 1.78582e-009 0.000369006 5.00354e-010 2.05441e-094 39.1466 0.000391407 0.758836 1.18779e-127 0 2.29953e-194 39.9062
824 40.6 2.89169e-009 0.000429511 6.18683e-010 8.65066e-094 39.9014 0.000854606 0.889583 6.56482e-127 0 2.23537e-193 40.7922
825 41.7 4.65917e-009 0.000499458 7.6432e-010 3.62541e-093 40.4988 0.001814 1.03963 3.6104e-126 0 2.16051e-192 41.5407
826 42.5 7.46979e-009 0.000580238 9.43405e-010 1.51221e-092 40.9314 0.00374321 1.21122 1.97577e-125 0 2.07614e-191 42.1469
827 43 1.19166e-008 0.000673435 1.16342e-009 6.27786e-092 41.1938 0.00750903 1.40676 1.07589e-124 0 1.9836e-190 42.6087
828 43.3 1.89163e-008 0.000780851 1.43348e-009 2.59392e-091 41.2826 0.0146439 1.62882 5.82976e-124 0 1.88428e-189 42.9268
829 43.4 2.98789e-008 0.00090453 1.76467e-009 1.06671e-090 41.1967 0.027763 1.88008 3.14327e-123 0 1.77964e-188 43.1054
830 43.4 4.69608e-008 0.00104679 2.17045e-009 4.366e-090 40.9372 0.0511692 2.16339 1.68641e-122 0 1.67114e-187 43.1528
831 43.4 7.34429e-008 0.00121027 2.66719e-009 1.77855e-089 40.5074 0.0916821 2.48168 9.00314e-122 0 1.56024e-186 43.0819
832 43.4 1.1429e-007 0.00139792 3.27471e-009 7.21098e-089 39.9127 0.159696 2.83799 4.78272e-121 0 1.44832e-185 42.9117
833 43.3 1.76973e-007 0.00161313 4.01706e-009 2.90983e-088 39.1604 0.270421 3.2354 2.52817e-120 0 1.3367e-184 42.6679
834 43 2.72677e-007 0.00185968 4.92334e-009 1.16866e-087 38.26 0.445162 3.67705 1.3298e-119 0 1.22658e-183 42.384
835 42.6 4.18056e-007 0.00214185 6.02874e-009 4.67145e-087 37.2222 0.712412 4.16604 6.96011e-119 0 1.11906e-182 42.1028
836 42.3 6.37768e-007 0.00246446 7.37582e-009 1.8585e-086 36.0595 1.10835 4.70544 3.6249e-118 0 1.0151e-181 41.8758
837 42 9.6813e-007 0.00283294 9.01591e-009 7.35898e-086 34.7855 1.67633 5.29823 1.87856e-117 0 9.15499e-181 41.7629
838 41.7 1.46234e-006 0.00325339 1.1011e-008 2.90014e-085 33.4146 2.46476 5.94723 9.68736e-117 0 8.20924e-180 41.8299
839 41.7 2.19788e-006 0.00373266 1.34356e-008 1.13754e-084 31.9621 3.52308 6.65506 4.9709e-116 0 7.31885e-179 42.144
840 41.9 3.28703e-006 0.00427841 1.63796e-008 4.44078e-084 30.4435 4.8956 7.42408 2.53813e-115 0 6.48751e-178 42.7675
841 42.6 4.89155e-006 0.00489924 1.99512e-008 1.72543e-083 28.8745 6.61338 8.25631 1.28957e-114 0 5.71753e-177 43.7491
842 44 7.24322e-006 0.00560478 2.428e-008 6.6724e-083 27.2706 8.6851 9.15341 6.51962e-114 0 5.00996e-176 45.1147
843 46 1.06724e-005 0.00640575 2.95219e-008 2.5681e-082 25.6469 11.0882 10.1166 3.27983e-113 0 4.36471e-175 46.8581
844 48.4 1.5647e-005 0.00731417 3.58637e-008 9.83755e-082 24.0179 13.7619 11.1465 1.64183e-112 0 3.78069e-174 48.9336
845 51 2.28268e-005 0.00834338 4.35295e-008 3.75066e-081 22.3973 16.6048 12.2432 8.1782e-112 0 3.25599e-173 51.2536
846 53.7 3.31362e-005 0.00950828 5.27871e-008 1.42323e-080 20.7978 19.477 13.4061 4.05355e-111 0 2.78798e-172 53.6904
847 56.8 4.78632e-005 0.0108254 6.39569e-008 5.37511e-080 19.2309 22.2097 14.6341 1.99923e-110 0 2.37352e-171 56.0856
848 59.6 6.8793e-005 0.0123132 7.74218e-008 2.02044e-079 17.7068 24.6206 15.9251 9.81163e-110 0 2.00905e-170 58.265
849 62.1 9.83852e-005 0.0139919 9.36387e-008 7.55872e-079 16.2347 26.5332 17.2764 4.79147e-109 0 1.69076e-169 60.0583
850 63.4 0.00014001 0.0158843 1.13152e-007 2.81448e-078 14.822 27.798 18.6842 2.32834e-108 0 1.41472e-168 61.3202
851 63.3 0.000198257 0.0180153 1.36612e-007 1.04302e-077 13.475 28.3121 20.1443 1.12583e-107 0 1.17694e-167 61.9495
852 61.9 0.000279346 0.0204126 1.64789e-007 3.84709e-077 12.1987 28.0326 21.6511 5.41689e-107 0 9.73494e-167 61.9031
853 60.1 0.000391652 0.0231066 1.98602e-007 1.41227e-076 10.9965 26.983 23.1987 2.59344e-106 0 8.00585e-166 61.2017
854 58 0.000546386 0.026131 2.39143e-007 5.16001e-076 9.87097 25.2494 24.7799 1.23553e-105 0 6.54601e-165 59.9269
855 56.2 0.000758477 0.029523 2.87704e-007 1.87641e-075 8.82316 22.9692 26.3869 5.85706e-105 0 5.32159e-164 58.2095
856 54.6 0.00104768 0.0333232 3.4582e-007 6.79126e-075 7.85323 20.313 28.0111 2.76284e-104 0 4.30132e-163 56.2117
857 53 0.00143998 0.0375765 4.15308e-007 2.44635e-074 6.96039 17.4637 29.6433 1.29683e-103 0 3.45666e-162 54.1064
858 51.6 0.00196937 0.0423319 4.98318e-007 8.77068e-074 6.14298 14.596 31.2734 6.057e-103 0 2.76189e-161 52.0567
859 50.4 0.00268004 0.0476433 5.97392e-007 3.12963e-073 5.39864 11.8594 32.891 2.81503e-102 0 2.19408e-160 50.1995
860 49.5 0.00362909 0.0535697 7.15531e-007 1.11147e-072 4.72444 9.36762 34.4852 1.30184e-101 0 1.73298e-159 48.6345
861 48.9 0.00488987 0.0601753 8.56274e-007 3.92871e-072 4.11696 7.19331 36.0447 5.99078e-101 0 1.36091e-158 47.4201
862 48.4 0.00655602 0.0675306 1.0238e-006 1.38212e-071 3.57243 5.36984 37.5581 2.74321e-100 0 1.06258e-157 46.5745
863 48.1 0.00874632 0.0757122 1.22301e-006 4.83937e-071 3.08681 3.89699 39.0138 1.24992e-099 0 8.24877e-157 46.0821
864 48 0.0116106 0.0848034 1.4597e-006 1.68646e-070 2.65594 2.74935 40.4005 5.66706e-099 0 6.36666e-156 45.9022
865 47.9 0.0153365 0.094895 1.74065e-006 5.84938e-070 2.27555 1.88567 41.707 2.55671e-098 0 4.88573e-155 45.9784
866 47.5 0.0201576 0.106086 2.07385e-006 2.01925e-069 1.94139 1.25729 42.9224 1.14777e-097 0 3.72771e-154 46.2473
867 46.6 0.0263631 0.118482 2.46864e-006 6.93768e-069 1.64931 0.814965 44.0364 5.1272e-097 0 2.82781e-153 46.6455
868 45.8 0.034308 0.1322 2.936e-006 2.37238e-068 1.39525 0.513543 45.0395 2.27905e-096 0 2.13282e-152 47.1148
869 45.4 0.0444261 0.147364 3.48874e-006 8.07422e-068 1.17533 0.314593 45.9228 1.00804e-095 0 1.59938e-151 47.6045
870 45.4 0.0572431 0.16411 4.14188e-006 2.73503e-067 0.985891 0.18735 46.6784 4.43661e-095 0 1.19247e-150 48.073
871 45.8 0.0733925 0.182583 4.91296e-006 9.22082e-067 0.823491 0.108466 47.2996 1.94301e-094 0 8.83967e-150 48.4875
872 46.5 0.0936317 0.202941 5.82243e-006 3.09402e-066 0.684934 0.0610476 47.7806 8.46734e-094 0 6.51509e-149 48.8232
873 47.2 0.11886 0.225351 6.89417e-006 1.03329e-065 0.567282 0.0334023 48.1171 3.67172e-093 0 4.7742e-148 49.062
874 47.9 0.150139 0.249997 8.15596e-006 3.43452e-065 0.467853 0.0177672 48.3059 1.58432e-092 0 3.47837e-147 49.1917
875 48.7 0.188709 0.277071 9.64017e-006 1.1362e-064 0.384221 0.00918747 48.3453 6.80244e-092 0 2.51969e-146 49.2045
876 49.5 0.236013 0.306782 1.13844e-005 3.74103e-064 0.314204 0.00461856 48.235 2.90628e-091 0 1.81473e-145 49.0966
877 50.2 0.293712 0.339353 1.34323e-005 1.22595e-063 0.255861 0.0022571 47.9758 1.23555e-090 0 1.29949e-144 48.867
878 50.4 0.363705 0.375022 1.58347e-005 3.99851e-063 0.20747 0.00107233 47.5704 5.22674e-090 0 9.25188e-144 48.5176
879 50.2 0.448147 0.414042 1.86502e-005 1.29799e-062 0.167521 0.00049527 47.0223 2.20015e-089 0 6.5491e-143 48.0525
880 49.7 0.549458 0.456682 2.19469e-005 4.19362e-062 0.134692 0.000222377 46.3366 9.21561e-089 0 4.60923e-142 47.4777
881 48.9 0.670334 0.50323 2.58035e-005 1.34851e-061 0.107839 9.70666e-005 45.5195 3.84101e-088 0 3.22531e-141 46.8011
882 47.8 0.81375 0.55399 3.0311e-005 4.31581e-061 0.0859741 4.11894e-005 44.5784 1.593e-087 0 2.24393e-140 46.0322
883 46.4 0.982955 0.609283 3.55745e-005 1.37473e-060 0.068253 1.69916e-005 43.5216 6.57412e-087 0 1.55218e-139 45.1822
884 44.9 1.18146 0.669453 4.1715e-005 4.3583e-060 0.0539555 6.81424e-006 42.3583 2.69965e-086 0 1.0675e-138 44.2632
885 43.5 1.41302 0.734857 4.88722e-005 1.37519e-059 0.0424727 2.65665e-006 41.0984 1.10313e-085 0 7.2995e-138 43.2888
886 42 1.68158 0.805877 5.72069e-005 4.31872e-059 0.0332924 1.0069e-006 39.7526 4.48538e-085 0 4.96263e-137 42.2734
887 40.8 1.99128 0.882911 6.69037e-005 1.34987e-058 0.025986 3.70998e-007 38.3317 1.81476e-084 0 3.35449e-136 41.232
888 39.6 2.34633 0.96638 7.81751e-005 4.19929e-058 0.0201974 1.3289e-007 36.8472 7.30615e-084 0 2.25442e-135 40.1802
889 38.3 2.75099 1.05672 9.12647e-005 1.30018e-057 0.0156319 4.62748e-008 35.3105 2.9269e-083 0 1.5064e-134 39.134
890 37.1 3.20946 1.1544 0.000106452 4.00662e-057 0.0120472 1.56651e-008 33.7332 1.16675e-082 0 1.00078e-133 38.1092
891 36.1 3.72578 1.2599 0.000124056 1.22885e-056 0.00924536 5.15531e-009 32.1265 4.62804e-082 0 6.61052e-133 37.1216
892 35.3 4.30373 1.37372 0.000144445 3.75115e-056 0.00706514 1.64934e-009 30.5016 1.8267e-081 0 4.34137e-132 36.1863
893 34.7 4.94671 1.49638 0.000168035 1.13966e-055 0.00537623 5.1298e-010 28.8693 7.17439e-081 0 2.83473e-131 35.3179
894 34.1 5.65758 1.62843 0.000195306 3.44613e-055 0.00407376 1.55105e-010 27.2397 2.80384e-080 0 1.84032e-130 34.5299
895 33.6 6.43854 1.77043 0.000226801 1.03713e-054 0.00307378 4.55914e-011 25.6225 1.09037e-079 0 1.18787e-129 33.8347
896 33 7.291 1.92297 0.000263143 3.10658e-054 0.00230946 1.30279e-011 24.0267 4.2193e-079 0 7.62328e-129 33.2432
897 32.6 8.21542 2.08664 0.000305038 9.26139e-054 0.00172786 3.61911e-012 22.4605 1.62465e-078 0 4.86417e-128 32.7646
898 32.3 9.21118 2.26206 0.000353291 2.74799e-053 0.00128727 9.77377e-013 20.9314 6.22482e-078 0 3.08582e-127 32.4063
899 32.3 10.2765 2.44988 0.000408816 8.11522e-053 0.000954966 2.566e-013 19.446 2.37326e-077 0 1.94639e-126 32.1737
900 32.2 11.4081 2.65074 0.000472649 2.38523e-052 0.000705452 6.54915e-014 18.0101 9.00352e-077 0 1.22062e-125 32.0701
901 32.3 12.6017 2.86532 0.000545966 6.97762e-052 0.000518928 1.62498e-014 16.6286 3.39883e-076 0 7.61079e-125 32.0966
902 32.4 13.8511 3.09429 0.000630098 2.03156e-051 0.000380108 3.91963e-015 15.3055 1.27672e-075 0 4.71817e-124 32.2519
903 32.8 15.149 3.33835 0.000726553 5.88703e-051 0.000277248 9.19128e-016 14.044 4.77215e-075 0 2.90812e-123 32.5324
904 33.2 16.4865 3.59819 0.000837032 1.69789e-050 0.000201367 2.09527e-016 12.8467 1.77493e-074 0 1.78216e-122 32.9324
905 33.6 17.8531 3.87454 0.000963459 4.87381e-050 0.000145636 4.64344e-017 11.715 6.56897e-074 0 1.08587e-121 33.4437
906 34.3 19.2372 4.16811 0.001108 1.39243e-049 0.000104885 1.0004e-017 10.6499 2.41915e-073 0 6.5781e-121 34.0564
907 35.1 20.6259 4.47961 0.0012731 3.95934e-049 7.52165e-005 2.09527e-018 9.65173 8.86502e-073 0 3.96206e-120 34.7586
908 36 22.0053 4.80977 0.00146151 1.12052e-048 5.37125e-005 4.26621e-019 8.72 3.23255e-072 0 2.37266e-119 35.5366
909 37 23.3606 5.1593 0.00167632 3.15616e-048 3.81943e-005 8.44457e-020 7.85383 1.1729e-071 0 1.41269e-118 36.3754
910 38 24.6765 5.52892 0.00192101 8.84802e-048 2.70446e-005 1.62498e-020 7.05179 4.23474e-071 0 8.36282e-118 37.2591
911 38.9 25.9374 5.91933 0.00219946 2.46876e-047 1.90688e-005 3.03984e-021 6.31205 1.5214e-070 3.42289e-320 4.92214e-117 38.171
912 39.7 27.1276 6.33121 0.00251605 6.85578e-047 1.33884e-005 5.52826e-022 5.63242 5.43886e-070 6.31045e-318 2.88038e-116 39.0938
913 40.5 28.2319 6.76525 0.00287567 1.89487e-046 9.36034e-006 9.77373e-023 5.0104 1.93474e-069 1.14056e-315 1.67588e-115 40.0104
914 41.2 29.2355 7.22211 0.00328378 5.21254e-046 6.51652e-006 1.67983e-023 4.44328 6.84837e-069 2.02368e-313 9.69459e-115 40.9042
915 41.8 30.1248 7.7024 0.0037465 1.42713e-045 4.51752e-006 2.80677e-024 3.92815 2.41214e-068 3.52492e-311 5.57586e-114 41.7592
916 42.4 30.8874 8.20675 0.00427065 3.88889e-045 3.1185e-006 4.55911e-025 3.46199 8.45408e-068 6.02754e-309 3.18852e-113 42.5604
917 43 31.5124 8.73573 0.00486382 1.05471e-044 2.14363e-006 7.19927e-026 3.0417 2.94836e-067 1.01185e-306 1.81285e-112 43.2947
918 43.4 31.9907 9.28987 0.00553448 2.84697e-044 1.46729e-006 1.10517e-026 2.66416 1.02316e-066 1.66753e-304 1.02478e-111 43.9503
919 43.8 32.3154 9.86967 0.00629206 7.64858e-044 1.0001e-006 1.64933e-027 2.32626 3.53312e-066 2.69783e-302 5.75963e-111 44.5176
920 44 32.4816 10.4756 0.00714702 2.04515e-043 6.78779e-007 2.39286e-028 2.02492 1.21401e-065 4.2849e-300 3.2185e-110 44.9893
921 44.4 32.487 11.108 0.00811097 5.44268e-043 4.58749e-007 3.37491e-029 1.75716 4.15084e-065 6.68112e-298 1.78816e-109 45.3602
922 44.6 32.3313 11.7673 0.0091968 1.44161e-042 3.08732e-007 4.62744e-030 1.52009 1.41221e-064 1.02269e-295 9.87772e-109 45.6279
923 44.8 32.0169 12.4538 0.0104188 3.80038e-042 2.06895e-007 6.16813e-031 1.31093 4.78093e-064 1.5368e-293 5.42502e-108 45.7921
924 44.8 31.5486 13.1676 0.0117927 9.97133e-042 1.38063e-007 7.99283e-032 1.12705 1.61055e-063 2.26714e-291 2.96239e-107 45.855
925 44.8 30.933 13.909 0.013336 2.6039e-041 9.17413e-008 1.00689e-032 0.96596 5.39868e-063 3.28337e-289 1.60834e-106 45.8213
926 44.8 30.1792 14.678 0.0150679 6.7677e-041 6.07034e-008 1.2331e-033 0.825333 1.80074e-062 4.66817e-287 8.68176e-106 45.6976
927 44.8 29.2979 15.4747 0.0170097 1.75067e-040 3.99965e-008 1.46807e-034 0.702995 5.97671e-062 6.51564e-285 4.65944e-105 45.4926
928 44.8 28.3013 16.2989 0.0191848 4.50725e-040 2.62416e-008 1.69914e-035 0.596938 1.9739e-061 8.92792e-283 2.48631e-104 45.2164
929 44.8 27.2033 17.1506 0.0216189 1.15496e-039 1.71443e-008 1.91182e-036 0.505311 6.48689e-061 1.20096e-280 1.31908e-103 44.8808
930 44.7 26.0182 18.0294 0.0243403 2.94554e-039 1.11535e-008 2.09121e-037 0.426424 2.12128e-060 1.58594e-278 6.95798e-103 44.4984
931 44.7 24.7615 18.935 0.02738 7.4767e-039 7.22536e-009 2.22374e-038 0.358738 6.90255e-060 2.05604e-276 3.64914e-102 44.0827
932 44.5 23.4488 19.867 0.0307722 1.88886e-038 4.6609e-009 2.29881e-039 0.300862 2.23497e-059 2.61673e-274 1.9028e-101 43.6475
933 44.4 22.0956 20.8249 0.0345541 4.74938e-038 2.99392e-009 2.31024e-040 0.251542 7.20082e-059 3.26942e-272 9.86485e-101 43.2066
934 44.1 20.7173 21.808 0.0387664 1.18855e-037 1.91501e-009 2.25707e-041 0.209656 2.30857e-058 4.01019e-270 5.08491e-100 42.7738
935 43.8 19.3288 22.8156 0.0434539 2.96037e-037 1.21973e-009 2.14371e-042 0.174203 7.36468e-058 4.82885e-268 2.60598e-099 42.362
936 43.5 17.944 23.8468 0.048665 7.33871e-037 7.73597e-010 1.97935e-043 0.144297 2.33784e-057 5.70828e-266 1.32787e-098 41.9837
937 43.1 16.5759 24.9006 0.054453 1.81067e-036 4.8857e-010 1.77669e-044 0.119155 7.38456e-057 6.62446e-264 6.7272e-098 41.6501
938 42.8 15.2362 25.9761 0.0608755 4.44634e-036 3.07255e-010 1.55037e-045 0.0980896 2.32105e-056 7.54708e-262 3.38851e-097 41.3712
939 42.5 13.9354 27.0719 0.0679953 1.08671e-035 1.92412e-010 1.31521e-046 0.080498 7.2593e-056 8.44095e-260 1.69699e-096 41.1558
940 42.2 12.6825 28.1869 0.0758808 2.64344e-035 1.19984e-010 1.08464e-047 0.0658568 2.2592e-055 9.26802e-258 8.44973e-096 41.0111
941 41.9 11.485 29.3197 0.084606 6.39985e-035 7.45038e-011 8.69588e-049 0.0537118 6.99623e-055 9.99002e-256 4.18315e-095 40.943
942 41.6 10.3491 30.4686 0.094251 1.54212e-034 4.60672e-011 6.77757e-050 0.0436708 2.15587e-054 1.05713e-253 2.05901e-094 40.9557
943 41.3 9.27935 31.6322 0.104903 3.69836e-034 2.83639e-011 5.13533e-051 0.035397 6.61047e-054 1.09818e-251 1.00765e-093 41.0519
944 41 8.27893 32.8087 0.116655 8.82771e-034 1.739e-011 3.78266e-052 0.0286019 2.01693e-053 1.11997e-249 4.90292e-093 41.2329
945 41 7.34978 33.9962 0.12961 2.09716e-033 1.06168e-011 2.70869e-053 0.0230397 6.12351e-053 1.12129e-247 2.3719e-092 41.4986
946 41 6.49257 35.1929 0.143875 4.95862e-033 6.45432e-012 1.88563e-054 0.0185017 1.84994e-052 1.10209e-245 1.14086e-091 41.8478
947 41.1 5.70693 36.3967 0.15957 1.16691e-032 3.9072e-012 1.27611e-055 0.0148115 5.56118e-052 1.0634e-243 5.45588e-091 42.278
948 41.3 4.99149 37.6055 0.176821 2.73311e-032 2.35527e-012 8.39562e-057 0.0118207 1.66351e-051 1.0073e-241 2.59413e-090 42.7857
949 41.5 4.34412 38.8172 0.195763 6.37123e-032 1.41377e-012 5.36972e-058 0.00940452 4.95146e-051 9.36713e-240 1.22635e-089 43.3665
950 41.9 3.76197 40.0294 0.216543 1.47821e-031 8.45033e-013 3.33876e-059 0.00745907 1.46653e-050 8.55141e-238 5.76411e-089 44.0154
951 42.4 3.2417 41.2399 0.239317 3.41345e-031 5.02957e-013 2.01815e-060 0.00589775 4.32214e-050 7.66394e-236 2.69368e-088 44.7268
952 43.1 2.77954 42.4461 0.264252 7.84506e-031 2.9809e-013 1.18592e-061 0.0046488 1.26752e-049 6.74295e-234 1.25157e-087 45.4945
953 43.9 2.37146 43.6456 0.291528 1.79451e-030 1.75924e-013 6.77469e-063 0.00365299 3.69882e-049 5.82413e-232 5.78172e-087 46.3122
954 44.9 2.01326 44.8359 0.321335 4.08545e-030 1.03386e-013 3.76235e-064 0.0028616 1.07404e-048 4.93851e-230 2.65556e-086 47.1734
955 46 1.7007 46.0145 0.353876 9.2572e-030 6.05008e-014 2.03125e-065 0.00223472 3.10332e-048 4.11097e-228 1.21269e-085 48.0713
956 47.2 1.42955 47.1786 0.389369 2.08769e-029 3.52549e-014 1.06611e-066 0.00173977 8.92244e-048 3.35952e-226 5.50605e-085 48.9993
957 48.4 1.19568 48.3258 0.428042 4.68594e-029 2.04568e-014 5.43967e-068 0.00135024 2.55264e-047 2.69521e-224 2.48556e-084 49.9509
958 49.7 0.99511 49.4533 0.470141 1.04682e-028 1.182e-014 2.69823e-069 0.00104469 7.26686e-047 2.12271e-222 1.11559e-083 50.9196
959 51.2 0.824083 50.5585 0.515925 2.32754e-028 6.80075e-015 1.30112e-070 0.000805774 2.05851e-046 1.64125e-220 4.97829e-083 51.8993
960 52.7 0.679068 51.6387 0.565666 5.15068e-028 3.89634e-015 6.09947e-072 0.000619575 5.80241e-046 1.24578e-218 2.20877e-082 52.8841
961 54.2 0.556799 52.6914 0.619655 1.13443e-027 2.22288e-015 2.77972e-073 0.000474928 1.62747e-045 9.28302e-217 9.74355e-082 53.8683
962 55.7 0.454284 53.7139 0.678197 2.48679e-027 1.26281e-015 1.23152e-074 0.000362923 4.54223e-045 6.79082e-215 4.27345e-081 54.8467
963 57.2 0.368806 54.7036 0.741614 5.42555e-027 7.14361e-016 5.30419e-076 0.000276475 1.26146e-044 4.87685e-213 1.86352e-080 55.8143
964 58.7 0.297929 55.6581 0.810245 1.17813e-026 4.02401e-016 2.2209e-077 0.000209966 3.48602e-044 3.43826e-211 8.07954e-080 56.7664
965 60 0.23948 56.5748 0.884444 2.54619e-026 2.25715e-016 9.04013e-079 0.000158963 9.58594e-044 2.3797e-209 3.48284e-079 57.6989
966 61.2 0.191544 57.4513 0.964585 5.47687e-026 1.26073e-016 3.57728e-080 0.000119976 2.62295e-043 1.61693e-207 1.49271e-078 58.6076
967 62.4 0.152444 58.2855 1.05106 1.17252e-025 7.01204e-017 1.37615e-081 9.02711e-005 7.14157e-043 1.07855e-205 6.36084e-078 59.4891
968 63.4 0.120725 59.0749 1.14427 2.49835e-025 3.88353e-017 5.14651e-083 6.77104e-005 1.93485e-042 7.06277e-204 2.69493e-077 60.34
969 64.4 0.0951317 59.8175 1.24465 5.29825e-025 2.14176e-017 1.87109e-084 5.06309e-005 5.21618e-042 4.54038e-202 1.13521e-076 61.1573
970 65 0.0745928 60.5113 1.35264 1.1183e-024 1.17618e-017 6.61316e-086 3.77423e-005 1.39929e-041 2.86546e-200 4.75444e-076 61.9385
971 65.5 0.0581984 61.1543 1.4687 2.34924e-024 6.43186e-018 2.27226e-087 2.80475e-005 3.73517e-041 1.77533e-198 1.97979e-075 62.6812
972 66 0.0451822 61.7448 1.59331 4.91183e-024 3.50236e-018 7.58999e-089 2.07785e-005 9.92118e-041 1.07981e-196 8.19658e-075 63.3833
973 66.5 0.0349034 62.2811 1.72696 1.02213e-023 1.89909e-018 2.46467e-090 1.53457e-005 2.62221e-040 6.4476e-195 3.37398e-074 64.0429
974 67 0.0268293 62.7617 1.87017 2.11695e-023 1.02539e-018 7.78055e-092 1.12983e-005 6.89636e-040 3.77949e-193 1.38085e-073 64.6587
975 67.5 0.0205209 63.1853 2.02346 4.36379e-023 5.51308e-019 2.38779e-093 8.29263e-006 1.80477e-039 2.17497e-191 5.61885e-073 65.2292
976 67.8 0.0156179 63.5506 2.18739 8.95288e-023 2.95161e-019 7.12386e-095 6.06771e-006 4.69976e-039 1.22873e-189 2.27323e-072 65.7536
977 68 0.0118276 63.8566 2.3625 1.82813e-022 1.57357e-019 2.06618e-096 4.42599e-006 1.21781e-038 6.8146e-188 9.14394e-072 66.231
978 68.1 0.0089127 64.1025 2.54938 3.71532e-022 8.35354e-020 5.82581e-098 3.21847e-006 3.14001e-038 3.71031e-186 3.65695e-071 66.6608
979 68.1 0.00668292 64.2876 2.74862 7.51504e-022 4.41588e-020 1.5969e-099 2.33315e-006 8.05625e-038 1.98318e-184 1.45412e-070 67.0429
980 68.1 0.00498615 64.4112 2.9608 1.51291e-021 2.32447e-020 4.25534e-101 1.68612e-006 2.05676e-037 1.04064e-182 5.7488e-070 67.377
981 68 0.00370176 64.4731 3.18655 3.03137e-021 1.2184e-020 1.10236e-102 1.21475e-006 5.225e-037 5.36067e-181 2.25969e-069 67.6633
982 68 0.0027346 64.4731 3.42647 6.0452e-021 6.35942e-021 2.77619e-104 8.72446e-007 1.3208e-036 2.71096e-179 8.83114e-069 67.9023
983 67.9 0.00201012 64.4111 3.68121 1.19985e-020 3.30526e-021 6.79684e-106 6.24661e-007 3.3223e-036 1.34589e-177 3.43146e-068 68.0943
984 67.8 0.00147026 64.2874 3.95139 2.37024e-020 1.71062e-021 1.6177e-107 4.45864e-007 8.31554e-036 6.55964e-176 1.32567e-067 68.2402
985 67.6 0.00107006 64.1022 4.23765 4.66016e-020 8.81579e-022 3.74305e-109 3.17259e-007 2.07105e-035 3.13858e-174 5.09202e-067 68.341
986 67.2 0.000774933 63.8563 4.54063 9.11917e-020 4.52408e-022 8.4195e-111 2.2505e-007 5.13266e-035 1.47425e-172 1.94464e-066 68.3977
987 67 0.000558424 63.5501 4.86097 1.77605e-019 2.31185e-022 1.84111e-112 1.59147e-007 1.26574e-034 6.79817e-171 7.38384e-066 68.4117
988 66.7 0.000400412 63.1847 5.19932 3.44272e-019 1.17638e-022 3.9139e-114 1.12194e-007 3.10594e-034 3.07749e-169 2.78754e-065 68.3844
989 66.5 0.000285688 62.7611 5.55631 6.64191e-019 5.9607e-023 8.08858e-116 7.88487e-008 7.58392e-034 1.36768e-167 1.0463e-064 68.3177
990 66.3 0.000202825 62.2804 5.93255 1.27535e-018 3.00751e-023 1.62506e-117 5.52424e-008 1.84265e-033 5.967e-166 3.90468e-064 68.2131
991 66.1 0.000143282 61.744 6.32868 2.43732e-018 1.51105e-023 3.17395e-119 3.85837e-008 4.45495e-033 2.55571e-164 1.44881e-063 68.0728
992 65.7 0.000100718 61.1534 6.74529 4.63598e-018 7.55977e-024 6.0265e-121 2.68651e-008 1.07175e-032 1.07461e-162 5.34479e-063 67.8988
993 65.4 7.0447e-005 60.5104 7.18297 8.77638e-018 3.76617e-024 1.11241e-122 1.86477e-008 2.56562e-032 4.4358e-161 1.9604e-062 67.6934
994 65.1 4.90301e-005 59.8165 7.6423 1.65362e-017 1.86832e-024 1.99617e-124 1.29038e-008 6.11141e-032 1.79754e-159 7.14918e-062 67.4589
995 65 3.39551e-005 59.0739 8.12381 3.10099e-017 9.22916e-025 3.48229e-126 8.90147e-009 1.44857e-031 7.151e-158 2.59216e-061 67.1977
996 64.7 2.33986e-005 58.2844 8.62803 5.78777e-017 4.53977e-025 5.90563e-128 6.12152e-009 3.41656e-031 2.7928e-156 9.34467e-061 66.9124
997 64.5 1.60442e-005 57.4502 9.15544 1.07515e-016 2.22365e-025 9.73648e-130 4.19672e-009 8.01841e-031 1.07077e-154 3.34935e-060 66.6056
998 64.3 1.09469e-005 56.5736 9.70651 1.98779e-016 1.08457e-025 1.56053e-131 2.86823e-009 1.87256e-030 4.03028e-153 1.19358e-059 66.2801
999 64.2 7.43198e-006 55.6568 10.2817 3.65778e-016 5.26759e-026 2.43151e-133 1.95421e-009 4.35146e-030 1.48922e-151 4.22902e-059 65.9385
1000 64 5.02067e-006 54.7023 10.8813 6.69902e-016 2.54757e-026 3.6831e-135 1.32734e-009 1.0062e-029 5.40213e-150 1.48978e-058 65.5836
1001 63.8 3.3749e-006 53.7125 11.5056 1.2211e-015 1.22687e-026 5.42357e-137 8.98765e-010 2.31516e-029 1.92378e-148 5.21795e-058 65.2182
1002 63.7 2.25737e-006 52.69 12.1551 2.21531e-015 5.88346e-027 7.76409e-139 6.06685e-010 5.30064e-029 6.72557e-147 1.81708e-057 64.8451
1003 63.4 1.50241e-006 51.6373 12.8299 4.00005e-015 2.80949e-027 1.08052e-140 4.08257e-010 1.20761e-028 2.30827e-145 6.29132e-057 64.4672
1004 63.2 9.94987e-007 50.557 13.5302 7.18854e-015 1.33593e-027 1.46186e-142 2.73878e-010 2.73762e-028 7.77727e-144 2.16574e-056 64.0872
1005 62.9 6.55675e-007 49.4518 14.2561 1.28577e-014 6.32553e-028 1.92271e-144 1.83161e-010 6.17547e-028 2.57248e-142 7.4125e-056 63.7078
1006 62.7 4.29935e-007 48.3242 15.0076 2.28891e-014 2.98245e-028 2.45842e-146 1.22114e-010 1.38617e-027 8.35332e-141 2.52243e-055 63.3319
1007 62.5 2.80517e-007 47.1771 15.7849 4.05548e-014 1.40026e-028 3.05585e-148 8.1161e-011 3.09609e-027 2.66287e-139 8.53431e-055 62.9619
1008 62.3 1.82121e-007 46.0129 16.5877 7.15156e-014 6.54643e-029 3.69269e-150 5.37755e-011 6.88114e-027 8.33346e-138 2.87087e-054 62.6005
1009 62.3 1.17653e-007 44.8343 17.4159 1.25518e-013 3.04762e-029 4.33798e-152 3.55201e-011 1.5218e-026 2.56026e-136 9.60182e-054 62.2502
1010 62.1 7.56289e-008 43.644 18.2693 2.19258e-013 1.41279e-029 4.95411e-154 2.33893e-011 3.3489e-026 7.72192e-135 3.19293e-053 61.9133
1011 62 4.83745e-008 42.4444 19.1476 3.81197e-013 6.5216e-030 5.5002e-156 1.53537e-011 7.33329e-026 2.28639e-133 1.05565e-052 61.592
1012 61.8 3.07884e-008 41.2382 20.0504 6.59616e-013 2.99772e-030 5.93643e-158 1.00476e-011 1.59788e-025 6.64599e-132 3.47013e-052 61.2886
1013 61.8 1.94985e-008 40.0278 20.9772 1.136e-012 1.37211e-030 6.22883e-160 6.5549e-012 3.46449e-025 1.8965e-130 1.13414e-051 61.005
1014 61.6 1.22874e-008 38.8156 21.9275 1.9472e-012 6.25385e-031 6.35363e-162 4.26307e-012 7.47455e-025 5.31286e-129 3.6854e-051 60.743
1015 61.6 7.70474e-009 37.6039 22.9005 3.32191e-012 2.83835e-031 6.30044e-164 2.76396e-012 1.60465e-024 1.46113e-127 1.19068e-050 60.5044
1016 61.6 4.80729e-009 36.3951 23.8956 5.64041e-012 1.28276e-031 6.07371e-166 1.78646e-012 3.42788e-024 3.94485e-126 3.82475e-050 60.2907
1017 61.7 2.9846e-009 35.1913 24.9119 9.53191e-012 5.77276e-032 5.69209e-168 1.15109e-012 7.28652e-024 1.04558e-124 1.22154e-049 60.1032
1018 61.6 1.8438e-009 33.9946 25.9485 1.60323e-011 2.58692e-032 5.18588e-170 7.394e-013 1.54122e-023 2.72061e-123 3.87886e-049 59.9431
1019 61.6 1.13341e-009 32.8071 27.0043 2.68383e-011 1.15436e-032 4.59313e-172 4.7348e-013 3.24384e-023 6.94961e-122 1.22461e-048 59.8114
1020 61.6 6.93266e-010 31.6306 28.0782 4.47158e-011 5.12936e-033 3.95483e-174 3.02258e-013 6.79365e-023 1.74276e-120 3.84402e-048 59.7089
1021 61.6 4.21946e-010 30.4671 29.1691 7.41503e-011 2.26957e-033 3.31041e-176 1.92356e-013 1.41578e-022 4.2904e-119 1.19969e-047 59.6362
1022 61.7 2.55539e-010 29.3181 30.2756 1.2238e-010 9.99963e-034 2.69383e-178 1.22036e-013 2.9359e-022 1.03691e-117 3.72262e-047 59.5937
1023 61.7 1.53992e-010 28.1854 31.3962 2.01026e-010 4.38718e-034 2.13104e-180 7.71834e-014 6.05807e-022 2.4602e-116 1.14848e-046 59.5816
1024 61.9 9.23389e-011 27.0704 32.5296 3.28656e-010 1.91667e-034 1.63888e-182 4.86645e-014 1.24388e-021 5.73035e-115 3.52284e-046 59.6
1025 61.8 5.50951e-011 25.9746 33.6741 5.3478e-010 8.33812e-035 1.22529e-184 3.05882e-014 2.54139e-021 1.31031e-113 1.07438e-045 59.6487
1026 61.8 3.27103e-011 24.8992 34.8281 8.66074e-010 3.61202e-035 8.90557e-187 1.91668e-014 5.16671e-021 2.9414e-112 3.25775e-045 59.7272
1027 61.7 1.93241e-011 23.8453 35.9897 1.39598e-009 1.55809e-035 6.29245e-189 1.19729e-014 1.04522e-020 6.48209e-111 9.8214e-045 59.8351
1028 61.5 1.13594e-011 22.8142 37.1573 2.2395e-009 6.69261e-036 4.32227e-191 7.45589e-015 2.10402e-020 1.40236e-109 2.94391e-044 59.9715
1029 61.4 6.64439e-012 21.8067 38.3288 3.57576e-009 2.86259e-036 2.88628e-193 4.62865e-015 4.21446e-020 2.97844e-108 8.77345e-044 60.1355
1030 61.4 3.86721e-012 20.8236 39.5024 5.68238e-009 1.21922e-036 1.8737e-195 2.86459e-015 8.40009e-020 6.21014e-107 2.59963e-043 60.326
1031 61.3 2.23967e-012 19.8658 40.6759 8.98749e-009 5.1709e-037 1.18248e-197 1.76736e-015 1.666e-019 1.27115e-105 7.65858e-043 60.5416
1032 61.3 1.29066e-012 18.9338 41.8472 1.41479e-008 2.18379e-037 7.25475e-200 1.08702e-015 3.28789e-019 2.55432e-104 2.24326e-042 60.781
1033 61.4 7.40087e-013 18.0282 43.0142 2.21662e-008 9.18363e-038 4.32698e-202 6.6651e-016 6.45668e-019 5.03894e-103 6.53293e-042 61.0424
1034 61.4 4.22277e-013 17.1494 44.1747 3.45649e-008 3.84574e-038 2.50889e-204 4.07406e-016 1.26168e-018 9.75855e-102 1.8916e-041 61.3241
1035 61.4 2.39747e-013 16.2978 45.3264 5.36446e-008 1.60363e-038 1.41421e-206 2.48257e-016 2.45325e-018 1.8553e-100 5.44563e-041 61.6242
1036 61.6 1.35442e-013 15.4736 46.4671 8.28633e-008 6.65871e-039 7.74958e-209 1.5081e-016 4.74661e-018 3.46281e-099 1.5587e-040 61.9407
1037 62 7.61371e-014 14.677 47.5944 1.27393e-007 2.75319e-039 4.12836e-211 9.13294e-017 9.13848e-018 6.3449e-098 4.43578e-040 62.2713
1038 62.3 4.25875e-014 13.908 48.7059 1.94927e-007 1.13355e-039 2.13801e-213 5.51372e-017 1.75071e-017 1.14131e-096 1.25509e-039 62.6139
1039 62.6 2.37034e-014 13.1666 49.7993 2.96855e-007 4.64738e-040 1.07641e-215 3.31843e-017 3.33738e-017 2.01544e-095 3.5308e-039 62.966
1040 62.9 1.31275e-014 12.4528 50.8723 4.49948e-007 1.8973e-040 5.26841e-218 1.99101e-017 6.33061e-017 3.49395e-094 9.87569e-039 63.3252
1041 62.9 7.23429e-015 11.7664 51.9225 6.78777e-007 7.71299e-041 2.50677e-220 1.19088e-017 1.19491e-016 5.94631e-093 2.74636e-038 63.6889
1042 63 3.96691e-015 11.1071 52.9475 1.01915e-006 3.12227e-041 1.15954e-222 7.10091e-018 2.24427e-016 9.93486e-092 7.5935e-038 64.0547
1043 62.9 2.16447e-015 10.4748 53.9451 1.52297e-006 1.25857e-041 5.21421e-225 4.22099e-018 4.19435e-016 1.62952e-090 2.08748e-037 64.4199
1044 62.8 1.17515e-015 9.86887 54.9129 2.26513e-006 5.0518e-042 2.27943e-227 2.50131e-018 7.80018e-016 2.62386e-089 5.70555e-037 64.7818
1045 63.2 6.34864e-016 9.2891 55.8487 3.35305e-006 2.01918e-042 9.68719e-230 1.47766e-018 1.44342e-015 4.14769e-088 1.55049e-036 65.1378
1046 63.5 3.41279e-016 8.735 56.7502 4.94006e-006 8.03644e-043 4.00225e-232 8.70232e-019 2.65786e-015 6.43657e-087 4.18924e-036 65.4852
1047 63.8 1.82549e-016 8.20606 57.6153 7.24386e-006 3.18502e-043 1.60747e-234 5.10915e-019 4.86992e-015 9.80588e-086 1.12537e-035 65.8213
1048 64.2 9.71615e-017 7.70174 58.4419 1.05719e-005 1.25696e-043 6.27651e-237 2.9903e-019 8.87893e-015 1.46657e-084 3.00575e-035 66.1436
1049 64.7 5.14578e-017 7.22147 59.2279 1.53562e-005 4.9396e-044 2.38246e-239 1.74476e-019 1.61083e-014 2.15328e-083 7.98188e-035 66.4494
1050 65.2 2.71176e-017 6.76465 59.9715 2.22002e-005 1.93296e-044 8.79162e-242 1.01487e-019 2.90795e-014 3.10373e-082 2.10743e-034 66.7362
1051 65.7 1.42198e-017 6.33064 60.6708 3.19432e-005 7.53204e-045 3.15388e-244 5.88484e-020 5.22367e-014 4.39187e-081 5.53217e-034 67.0015
1052 66.1 7.41958e-018 5.91878 61.324 4.57451e-005 2.92256e-045 1.09991e-246 3.40184e-020 9.33713e-014 6.10097e-080 1.44389e-033 67.2428
1053 66.3 3.85219e-018 5.52841 61.9295 6.52013e-005 1.12921e-045 3.72907e-249 1.96041e-020 1.66074e-013 8.32017e-079 3.74685e-033 67.4579
1054 66.3 1.99012e-018 5.15882 62.4856 9.2494e-005 4.34457e-046 1.22908e-251 1.12625e-020 2.93926e-013 1.11391e-077 9.66707e-033 67.6445
1055 66.2 1.02304e-018 4.80931 62.9911 0.000130592 1.66448e-046 3.93815e-254 6.4502e-021 5.17638e-013 1.46403e-076 2.47981e-032 67.8005
1056 66.1 5.23299e-019 4.47918 63.4445 0.000183512 6.34996e-047 1.2267e-256 3.68269e-021 9.07117e-013 1.889e-075 6.32467e-032 67.9239
1057 66.3 2.66348e-019 4.1677 63.8447 0.000256661 2.41226e-047 3.71467e-259 2.0961e-021 1.58179e-012 2.39276e-074 1.60381e-031 68.0127
1058 66.4 1.34894e-019 3.87416 64.1907 0.000357272 9.12507e-048 1.09354e-261 1.18935e-021 2.74465e-012 2.97543e-073 4.04354e-031 68.0652
1059 66.8 6.79795e-020 3.59783 64.4815 0.000494976 3.43724e-048 3.12957e-264 6.72765e-022 4.73885e-012 3.63232e-072 1.0136e-030 68.0798
1060 67 3.40884e-020 3.33801 64.7164 0.00068252 1.28927e-048 8.70698e-267 3.79375e-022 8.1416e-012 4.35313e-071 2.5262e-030 68.055
1061 67.4 1.7009e-020 3.09397 64.8947 0.000936682 4.81545e-049 2.35497e-269 2.13269e-022 1.39186e-011 5.12157e-070 6.25983e-030 67.9896
1062 67.6 8.44485e-021 2.86502 65.016 0.00127942 1.79098e-049 6.19207e-272 1.1952e-022 2.36773e-011 5.91545e-069 1.54225e-029 67.8823
1063 67.7 4.17204e-021 2.65046 65.08 0.00173933 6.63294e-050 1.58278e-274 6.67737e-023 4.00791e-011 6.70743e-068 3.77781e-029 67.7322
1064 67.9 2.05092e-021 2.44961 65.0865 0.0023534 2.44614e-050 3.93316e-277 3.71898e-023 6.75077e-011 7.46634e-067 9.20071e-029 67.5385
1065 68 1.00321e-021 2.26181 65.0355 0.00316924 8.98289e-051 9.50156e-280 2.06489e-023 1.13146e-010 8.15912e-066 2.22791e-028 67.3005
1066 68 4.88289e-022 2.08641 64.9271 0.00424777 3.28482e-051 2.23143e-282 1.14293e-023 1.88701e-010 8.7531e-065 5.36377e-028 67.0177
1067 68.1 2.36486e-022 1.92275 64.7616 0.00566645 1.1961e-051 5.09454e-285 6.30667e-024 3.13155e-010 9.21858e-064 1.28392e-027 66.69
1068 67.8 1.13966e-022 1.77023 64.5394 0.00752328 4.33695e-052 1.13073e-287 3.46922e-024 5.17123e-010 9.53125e-063 3.05563e-027 66.3172
1069 67.4 5.46501e-023 1.62825 64.2612 0.00994143 1.56589e-052 2.43978e-290 1.90246e-024 8.49725e-010 9.6743e-062 7.23033e-027 65.8993
1070 66.9 2.60764e-023 1.49621 63.9276 0.0130748 5.62986e-053 5.1177e-293 1.04005e-024 1.38935e-009 9.63989e-061 1.70103e-026 65.4369
1071 66.8 1.23808e-023 1.37356 63.5395 0.0171147 2.01556e-053 1.0436e-295 5.66821e-025 2.26046e-009 9.42993e-060 3.97887e-026 64.9302
1072 66.1 5.84911e-024 1.25976 63.098 0.0222971 7.18543e-054 2.06883e-298 3.07958e-025 3.65958e-009 9.05583e-059 9.25346e-026 64.3801
1073 64.9 2.74964e-024 1.15427 62.6042 0.0289116 2.55077e-054 3.98705e-301 1.66797e-025 5.89542e-009 8.53752e-058 2.13965e-025 63.7874
1074 63.7 1.28619e-024 1.0566 62.0594 0.0373115 9.01673e-055 7.46986e-304 9.00617e-026 9.45036e-009 7.90167e-057 4.91901e-025 63.1533
1075 62.8 5.98653e-025 0.966263 61.4649 0.0479245 3.17386e-055 1.36053e-306 4.8478e-026 1.50741e-008 7.17942e-056 1.12437e-024 62.4791
1076 62.4 2.77261e-025 0.882803 60.8223 0.0612659 1.11247e-055 2.40899e-309 2.60137e-026 2.39257e-008 6.40388e-055 2.55524e-024 61.7664
1077 62.5 1.27775e-025 0.805777 60.1333 0.0779517 3.88281e-056 4.14666e-312 1.3916e-026 3.77875e-008 5.60765e-054 5.77368e-024 61.017
1078 62.4 5.85931e-026 0.734765 59.3996 0.0987139 1.34948e-056 6.93898e-315 7.42126e-027 5.93856e-008 4.8206e-053 1.29709e-023 60.233
1079 62.1 2.67355e-026 0.669368 58.6229 0.124416 4.67031e-057 1.12882e-317 3.94544e-027 9.28675e-008 4.06824e-052 2.89721e-023 59.4167
1080 61.3 1.21388e-026 0.609206 57.8053 0.15607 1.60948e-057 1.77715e-320 2.09106e-027 1.44509e-007 3.3705e-051 6.43407e-023 58.5706
1081 60.3 5.48407e-027 0.553918 56.9487 0.194854 5.52315e-058 0 1.10482e-027 2.23758e-007 2.74136e-050 1.42065e-022 57.6975
1082 59.3 2.46532e-027 0.503164 56.0552 0.242128 1.88733e-058 0 5.81925e-028 3.44755e-007 2.18887e-049 3.11877e-022 56.8005
1083 58.3 1.10278e-027 0.456622 55.127 0.29945 6.42198e-059 0 3.05561e-028 5.28558e-007 1.71577e-048 6.80732e-022 55.8831
1084 57.1 4.90846e-028 0.413987 54.1662 0.368596 2.17596e-059 0 1.59949e-028 8.06351e-007 1.32033e-047 1.47728e-021 54.9488
1085 55.8 2.17393e-028 0.374972 53.1752 0.451568 7.34164e-060 0 8.34676e-029 1.22407e-006 9.9744e-047 3.18747e-021 54.0017
1086 54.4 9.58049e-029 0.339307 52.1562 0.550605 2.46658e-060 0 4.34218e-029 1.849e-006 7.39735e-046 6.83792e-021 53.0461
1087 52.9 4.2012e-029 0.30674 51.1114 0.668195 8.25198e-061 0 2.25191e-029 2.77919e-006 5.38578e-045 1.45847e-020 52.0864
1088 51.4 1.83317e-029 0.277033 50.0434 0.807072 2.74904e-061 0 1.16426e-029 4.1567e-006 3.8495e-044 3.0929e-020 51.1275
1089 49.9 7.95926e-030 0.249962 48.9544 0.970211 9.11936e-062 0 6.00065e-030 6.18628e-006 2.70112e-043 6.52124e-020 50.1745
1090 48.5 3.43864e-030 0.22532 47.8467 1.16082 3.01237e-062 0 3.0832e-030 9.16136e-006 1.86066e-042 1.36707e-019 49.2329
1091 47.1 1.47824e-030 0.202912 46.7228 1.38233 9.9086e-063 0 1.57928e-030 1.35002e-005 1.25827e-041 2.84934e-019 48.308
1092 45.8 6.3233e-031 0.182557 45.585 1.63834 3.24546e-063 0 8.06432e-031 1.97957e-005 8.35342e-041 5.90464e-019 47.4059
1093 44.6 2.69145e-031 0.164086 44.4355 1.93259 1.05853e-063 0 4.10517e-031 2.88835e-005 5.44425e-040 1.21657e-018 46.5322
1094 43.4 1.13991e-031 0.147342 43.2768 2.26894 3.43785e-064 0 2.08328e-031 4.19353e-005 3.48334e-039 2.49218e-018 45.6931
1095 42.6 4.80397e-032 0.13218 42.1111 2.65125 1.11181e-064 0 1.05394e-031 6.05842e-005 2.18794e-038 5.07592e-018 44.8946
1096 41.8 2.01452e-032 0.118464 40.9405 3.08336 3.58045e-065 0 5.31544e-032 8.70942e-005 1.34915e-037 1.02789e-017 44.1424
1097 41.1 8.40593e-033 0.10607 39.7673 3.56898 1.14816e-065 0 2.67249e-032 0.000124586 8.16711e-037 2.06953e-017 43.4425
1098 40.6 3.49014e-033 0.0948807 38.5936 4.11158 3.66632e-066 0 1.33951e-032 0.000177336 4.85355e-036 4.14279e-017 42.8003
1099 40.2 1.44193e-033 0.0847905 37.4214 4.71432 1.16578e-066 0 6.6931e-033 0.000251175 2.83162e-035 8.24537e-017 42.2208
1100 39.9 5.92769e-034 0.0757005 36.2528 5.37992 3.69117e-067 0 3.33398e-033 0.000354001 1.62178e-034 1.63163e-016 41.7088
1101 39.9 2.42477e-034 0.0675202 35.0897 6.11051 1.16378e-067 0 1.65559e-033 0.000496458 9.11873e-034 3.21018e-016 41.2682
1102 39.9 9.8696e-035 0.0601659 33.9338 6.90757 3.65376e-068 0 8.19585e-034 0.000692805 5.03338e-033 6.27961e-016 40.9022
1103 40 3.99734e-035 0.0535612 32.787 7.77174 1.14227e-068 0 4.04473e-034 0.000962031 2.72752e-032 1.22132e-015 40.6133
1104 40.1 1.61096e-035 0.0476357 31.651 8.70276 3.55595e-069 0 1.98993e-034 0.00132928 1.45098e-031 2.3617e-015 40.4027
1105 40.5 6.46014e-036 0.0423251 30.5273 9.69932 1.10231e-069 0 9.75979e-035 0.00182766 7.57769e-031 4.54059e-015 40.2708
1106 40.8 2.57776e-036 0.0375704 29.4175 10.759 3.40263e-070 0 4.77195e-035 0.00250047 3.88505e-030 8.67954e-015 40.2166
1107 41.1 1.02349e-036 0.0333178 28.323 11.8781 1.04588e-070 0 2.32597e-035 0.00340407 1.95542e-029 1.64959e-014 40.2379
1108 41.5 4.04362e-037 0.0295182 27.2452 13.0517 3.2012e-071 0 1.13023e-035 0.00461133 9.66197e-029 3.1171e-014 40.331
1109 41.9 1.58964e-037 0.0261267 26.1851 14.2737 9.75671e-072 0 5.47496e-036 0.00621588 4.68679e-028 5.85626e-014 40.4911
1110 42.2 6.21827e-038 0.0231027 25.1441 15.5363 2.96111e-072 0 2.64393e-036 0.00833738 2.23187e-027 1.09392e-013 40.7119
1111 42.6 2.42038e-038 0.0204091 24.1232 16.8308 8.9488e-073 0 1.27283e-036 0.0111277 1.04339e-026 2.03163e-013 40.9856
1112 43 9.37434e-039 0.0180123 23.1232 18.1472 2.693e-073 0 6.10865e-037 0.0147786 4.78858e-026 3.75147e-013 41.3032
1113 43.3 3.61277e-039 0.0158816 22.1451 19.4742 8.06989e-074 0 2.92263e-037 0.0195303 2.1575e-025 6.88735e-013 41.6547
1114 43.4 1.38543e-039 0.0139895 21.1897 20.7996 2.40802e-074 0 1.39397e-037 0.0256823 9.54286e-025 1.25718e-012 42.0289
1115 43.5 5.28651e-040 0.012311 20.2575 22.1103 7.15503e-075 0 6.6281e-038 0.0336054 4.14371e-024 2.2816e-012 42.4137
1116 43.5 2.00723e-040 0.0108235 19.3493 23.3927 2.11702e-075 0 3.14179e-038 0.0437557 1.76638e-023 4.11696e-012 42.7966
1117 43.6 7.58348e-041 0.00950661 18.4654 24.6328 6.23731e-076 0 1.48463e-038 0.0566905 7.39201e-023 7.386e-012 43.1643
1118 43.7 2.85091e-041 0.00834191 17.6063 25.8161 1.82991e-076 0 6.99379e-039 0.0730862 3.03685e-022 1.31746e-011 43.5038
1119 43.8 1.06645e-041 0.00731286 16.7724 26.9286 5.34594e-077 0 3.28443e-039 0.0937584 1.22481e-021 2.33647e-011 43.8021
1120 43.8 3.96953e-042 0.0064046 15.9638 27.9565 1.55517e-077 0 1.53766e-039 0.119684 4.84951e-021 4.11981e-011 44.0464
1121 43.8 1.47022e-042 0.00560376 15.1808 28.8866 4.50497e-078 0 7.17653e-040 0.152023 1.88499e-020 7.22256e-011 44.2251
1122 43.6 5.41836e-043 0.00489835 14.4235 29.7069 1.29947e-078 0 3.33904e-040 0.192147 7.19293e-020 1.25892e-010 44.3274
1123 43.5 1.98699e-043 0.00427762 13.6918 30.4063 3.73251e-079 0 1.54875e-040 0.241662 2.69454e-019 2.18174e-010 44.344
1124 43.4 7.25049e-044 0.00373197 12.9857 30.9752 1.06757e-079 0 7.16137e-041 0.302435 9.9094e-019 3.75926e-010 44.2671
1125 43.2 2.63258e-044 0.00325279 12.3052 31.4059 3.04055e-080 0 3.30114e-041 0.376622 3.57762e-018 6.44017e-010 44.091
1126 42.8 9.51128e-045 0.00283241 11.65 31.6923 8.62319e-081 0 1.51699e-041 0.46669 1.26801e-017 1.09695e-009 43.8119
1127 42.5 3.41931e-045 0.002464 11.02 31.8304 2.43525e-081 0 6.94956e-042 0.575443 4.41201e-017 1.85769e-009 43.4283
1128 42.1 1.22315e-045 0.00214144 10.4148 31.8182 6.84827e-082 0 3.17383e-042 0.706033 1.50707e-016 3.1279e-009 42.9412
1129 41.6 4.35378e-046 0.00185932 9.83421 31.656 1.91769e-082 0 1.44499e-042 0.861982 5.05375e-016 5.23635e-009 42.354
1130 41.2 1.54204e-046 0.00161282 9.27774 31.3459 5.34731e-083 0 6.55839e-043 1.04718 1.66371e-015 8.71564e-009 41.6724
1131 40.6 5.43459e-047 0.00139765 8.74503 30.8924 1.48475e-083 0 2.96745e-043 1.26588 5.37681e-015 1.44233e-008 40.9047
1132 39.9 1.90582e-047 0.00121003 8.23562 30.3017 4.10517e-084 0 1.33852e-043 1.52271 1.70591e-014 2.37316e-008 40.0613
1133 39.1 6.65025e-048 0.00104659 7.74902 29.5821 1.13024e-084 0 6.01889e-044 1.82259 5.31337e-014 3.88226e-008 39.1548
1134 38.3 2.30907e-048 0.000904351 7.28474 28.7433 3.09861e-085 0 2.69813e-044 2.17075 1.62468e-013 6.31446e-008 38.1997
1135 37.4 7.97775e-049 0.000780696 6.84222 27.7965 8.45915e-086 0 1.20576e-044 2.57266 4.87696e-013 1.02114e-007 37.2122
1136 36.6 2.74262e-049 0.0006733 6.4209 26.754 2.29957e-086 0 5.37174e-045 3.03391 1.43719e-012 1.64182e-007 36.2095
1137 35.7 9.38198e-050 0.000580121 6.02021 25.6291 6.2248e-087 0 2.38573e-045 3.5602 4.15779e-012 2.62461e-007 35.2101
1138 34.7 3.19349e-050 0.000499357 5.63952 24.4357 1.6779e-087 0 1.05628e-045 4.15715 1.18085e-011 4.17156e-007 34.2328
1139 33.6 1.08163e-050 0.000429424 5.27825 23.1878 4.50366e-088 0 4.66223e-046 4.83022 3.29238e-011 6.59215e-007 33.2967
1140 32.7 3.64533e-051 0.00036893 4.93575 21.8998 1.20372e-088 0 2.05144e-046 5.58454 9.01175e-011 1.03574e-006 32.4205
1141 31.8 1.22247e-051 0.000316653 4.6114 20.5858 3.20367e-089 0 8.99867e-047 6.42478 2.42154e-010 1.61797e-006 31.6223
1142 31 4.07924e-052 0.000271523 4.30455 19.2593 8.49041e-090 0 3.93505e-047 7.35493 6.3879e-010 2.51296e-006 30.9191
1143 30.5 1.35446e-052 0.000232602 4.01457 17.9333 2.24063e-090 0 1.71544e-047 8.37816 1.65427e-009 3.88056e-006 30.3262
1144 30.1 4.475e-053 0.000199068 3.74082 16.6197 5.88806e-091 0 7.45512e-048 9.49661 4.20572e-009 5.95799e-006 29.8573
1145 29.8 1.47118e-053 0.000170205 3.48265 15.3297 1.54076e-091 0 3.22988e-048 10.7112 1.04968e-008 9.09495e-006 29.5237
1146 29.6 4.81259e-054 0.000145387 3.23944 14.073 4.01474e-092 0 1.39499e-048 12.0215 2.57192e-008 1.38037e-005 29.3341
1147 29.6 1.56652e-054 0.000124069 3.01055 12.8584 1.04169e-092 0 6.00635e-049 13.4254 6.18644e-008 2.08299e-005 29.2945
1148 29.6 5.07383e-055 0.000105774 2.79536 11.6932 2.69143e-093 0 2.57812e-049 14.9192 1.46086e-007 3.12517e-005 29.408
1149 30 1.63523e-055 9.00912e-005 2.59325 10.5834 6.92448e-094 0 1.10318e-049 16.4974 3.38656e-007 4.66182e-005 29.6742
1150 30.4 5.24402e-056 7.66596e-005 2.40364 9.53377 1.77399e-094 0 4.70594e-050 18.1524 7.70713e-007 6.91404e-005 30.09
1151 31 1.67337e-056 6.51678e-005 2.22592 8.54767 4.5256e-095 0 2.00123e-050 19.8748 1.72191e-006 0.000101954 30.6486
1152 31.5 5.3133e-057 5.53455e-005 2.05951 7.62741 1.14964e-095 0 8.48403e-051 21.6532 3.77669e-006 0.000149476 31.3403
1153 32.1 1.67872e-057 4.69586e-005 1.90387 6.7741 2.90807e-096 0 3.58559e-051 23.4741 8.13198e-006 0.000217889 32.1524
1154 32.8 5.27758e-058 3.98042e-005 1.75843 5.98786 7.32505e-097 0 1.51068e-051 25.3226 1.71895e-005 0.000315786 33.0692
1155 33.6 1.65095e-058 3.37075e-005 1.62266 5.2679 1.83729e-097 0 6.34507e-052 27.1816 3.56711e-005 0.000455037 34.0727
1156 34.4 5.13899e-059 2.85172e-005 1.49606 4.61263 4.58884e-098 0 2.65677e-052 29.0331 7.26694e-005 0.000651921 35.1425
1157 35.4 1.59171e-059 2.41029e-005 1.37811 4.01981 1.14127e-098 0 1.10898e-052 30.8575 0.000145335 0.000928622 36.2565
1158 36.4 4.9056e-060 2.03524e-005 1.26834 3.48665 2.82641e-099 0 4.61477e-053 32.6346 0.000285346 0.00131516 37.3912
1159 37.6 1.5044e-060 1.71689e-005 1.16629 3.00993 6.97016e-100 0 1.91438e-053 34.3435 0.000549994 0.00185188 38.5222
1160 38.8 4.59068e-061 1.44695e-005 1.07149 2.58613 1.71163e-100 0 7.91695e-054 35.9635 0.0010407 0.00259264 39.6248
1161 40 1.39391e-061 1.21828e-005 0.983536 2.21152 4.18541e-101 0 3.26394e-054 37.4739 0.00193322 0.00360884 40.6745
1162 41.2 4.21147e-062 1.02476e-005 0.902001 1.88224 1.01912e-101 0 1.34147e-054 38.8548 0.00352547 0.00499446 41.6476
1163 42.4 1.26613e-062 8.61155e-006 0.826493 1.59443 2.47101e-102 0 5.4963e-055 40.0877 0.00631156 0.00687234 42.5218
1164 43.6 3.78759e-063 7.22973e-006 0.756638 1.34426 5.966e-103 0 2.24499e-055 41.1555 0.0110928 0.0094019 43.2769
1165 44.6 1.12743e-063 6.06382e-006 0.692074 1.12799 1.43434e-103 0 9.14136e-056 42.043 0.0191393 0.0127886 43.895
1166 45.4 3.33935e-064 5.08104e-006 0.63246 0.942048 3.43385e-104 0 3.71075e-056 42.7375 0.0324188 0.0172951 44.3617
1167 46 9.84184e-065 4.25345e-006 0.577471 0.783044 8.186e-105 0 1.50164e-056 43.2289 0.0539078 0.0232552 44.6666
1168 46.4 2.88625e-065 3.55724e-006 0.526796 0.647806 1.94322e-105 0 6.0579e-057 43.5101 0.0880012 0.0310894 44.8038
1169 46.3 8.42235e-066 2.97213e-006 0.480144 0.533396 4.59338e-106 0 2.43631e-057 43.5768 0.141029 0.0413238 44.7727
1170 46 2.44555e-066 2.48088e-006 0.437236 0.437119 1.08119e-106 0 9.76777e-058 43.428 0.221878 0.0546114 44.5789
1171 45.3 7.06581e-067 2.06883e-006 0.397811 0.35653 2.53416e-107 0 3.90402e-058 43.066 0.342691 0.0717565 44.2348
1172 44.4 2.03138e-067 1.72356e-006 0.361621 0.289426 5.9146e-108 0 1.55554e-058 42.4961 0.519605 0.0937421 43.7605
1173 43.1 5.81114e-068 1.43454e-006 0.328433 0.233843 1.3746e-108 0 6.17881e-059 41.7267 0.773444 0.12176 43.1841
1174 41.8 1.65415e-068 1.19283e-006 0.298027 0.188043 3.18119e-109 0 2.4467e-059 40.7688 1.13023 0.157242 42.5423
1175 40.6 4.68525e-069 9.90901e-007 0.270198 0.1505 7.33098e-110 0 9.65852e-060 39.6362 1.6214 0.201896 41.8802
1176 39.6 1.32048e-069 8.22362e-007 0.24475 0.119884 1.68227e-110 0 3.80096e-060 38.3447 2.28347 0.25774 41.2506
1177 39 3.70318e-070 6.81834e-007 0.221503 0.095045 3.84404e-111 0 1.49118e-060 36.9121 3.15707 0.327138 40.7129
1178 38.8 1.03338e-070 5.64777e-007 0.200287 0.0749971 8.74664e-112 0 5.83202e-061 35.3576 4.28506 0.412835 40.3307
1179 39.1 2.86939e-071 4.67367e-007 0.180943 0.0588987 1.98178e-112 0 2.27385e-061 33.7012 5.70969 0.517985 40.1687
1180 39.8 7.92795e-072 3.86386e-007 0.163323 0.0460375 4.47125e-113 0 8.83807e-062 31.9638 7.46882 0.646179 40.2882
1181 41 2.17959e-072 3.1913e-007 0.147289 0.0358149 1.00453e-113 0 3.42457e-062 30.1662 9.59125 0.801464 40.7421
1182 42.6 5.96255e-073 2.63328e-007 0.132711 0.0277308 2.24729e-114 0 1.32285e-062 28.3292 12.0916 0.98835 41.5695
1183 44.4 1.62305e-073 2.17074e-007 0.11947 0.02137 5.00626e-115 0 5.09407e-063 26.4726 14.9648 1.2118 42.7901
1184 46.2 4.39617e-074 1.78773e-007 0.107456 0.0163906 1.11053e-115 0 1.95557e-063 24.6155 18.1822 1.47723 44.3988
1185 48.1 1.18484e-074 1.47088e-007 0.0965641 0.0125121 2.45304e-116 0 7.48403e-064 22.7756 21.6872 1.79045 46.3623
1186 50 3.17752e-075 1.20903e-007 0.0866996 0.00950626 5.39562e-117 0 2.8553e-064 20.9692 25.3948 2.15759 48.6178
1187 51.8 8.4793e-076 9.92842e-008 0.0777741 0.00718845 1.18178e-117 0 1.08597e-064 19.2107 29.1923 2.58507 51.0731
1188 53.5 2.25151e-076 8.14526e-008 0.0697058 0.00541012 2.57748e-118 0 4.11757e-065 17.5128 32.944 3.07943 53.6113
1189 55.2 5.94883e-077 6.67594e-008 0.0624193 0.00405251 5.59773e-119 0 1.55638e-065 15.8861 36.4978 3.64724 56.0976
1190 56.8 1.56398e-077 5.46641e-008 0.055845 0.00302125 1.21057e-119 0 5.86469e-066 14.3393 39.6956 4.2949 58.3886
1191 58.5 4.09142e-078 4.47172e-008 0.0499191 0.00224179 2.60692e-120 0 2.20306e-066 12.8792 42.3838 5.02848 60.3437
1192 59.9 1.06502e-078 3.65452e-008 0.0445825 0.00165558 5.59018e-121 0 8.25014e-067 11.5106 44.4265 5.85351 61.8369
1193 61.1 2.7586e-079 2.98379e-008 0.0397813 0.00121688 1.19367e-121 0 3.07999e-067 10.2367 45.7159 6.77471 62.7683
1194 62 7.10983e-080 2.43382e-008 0.0354657 0.000890214 2.53807e-122 0 1.14628e-067 9.05878 46.1824 7.7958 63.0733
1195 62.5 1.82336e-080 1.98331e-008 0.0315904 0.000648165 5.37381e-123 0 4.2529e-068 7.97682 45.8004 8.9192 62.7286
1196 62.4 4.65297e-081 1.61465e-008 0.0281136 0.000469702 1.13298e-123 0 1.57302e-068 6.9894 44.5907 10.1458 61.7545
1197 61.6 1.18149e-081 1.31325e-008 0.0249974 0.00033877 2.3786e-124 0 5.80009e-069 6.09396 42.6191 11.4747 60.2131
1198 60.1 2.9852e-082 1.06708e-008 0.022207 0.000243182 4.97258e-125 0 2.13201e-069 5.28699 39.9896 12.9031 58.2021
1199 57.7 7.50514e-083 8.66226e-009 0.0197106 0.000173742 1.03515e-125 0 7.81262e-070 4.56424 36.8361 14.4258 55.846
1200 55.2 1.87753e-083 7.02502e-009 0.0174794 0.000123545 2.14577e-126 0 2.85402e-070 3.92082 33.3107 16.0355 53.2846
1201 52.1 4.67368e-084 5.69176e-009 0.0154871 8.74358e-005 4.4292e-127 0 1.03937e-070 3.35148 29.5717 17.7222 50.661
1202 48.7 1.15764e-084 4.60711e-009 0.0137097 6.15885e-005 9.10388e-128 0 3.77345e-071 2.85066 25.7723 19.4738 48.1106
1203 45.5 2.85318e-085 3.72557e-009 0.0121256 4.31773e-005 1.86332e-128 0 1.36571e-071 2.4127 22.0503 21.2754 45.7506
1204 42.6 6.99729e-086 3.00981e-009 0.010715 3.01271e-005 3.79761e-129 0 4.92758e-072 2.03194 18.5207 23.1101 43.6735
1205 40.3 1.70755e-086 2.42923e-009 0.00946018 2.09221e-005 7.70714e-130 0 1.7724e-072 1.70282 15.2717 24.9586 41.9425
1206 38.8 4.14628e-087 1.95876e-009 0.00834492 1.4461e-005 1.55753e-130 0 6.35538e-073 1.41996 12.3622 26.7999 40.5905
1207 38.1 1.00181e-087 1.57789e-009 0.00735463 9.94801e-006 3.13429e-131 0 2.27183e-073 1.17824 9.82408 28.6116 39.6213
1208 38 2.40856e-088 1.26985e-009 0.00647613 6.81115e-006 6.28063e-132 0 8.09584e-074 0.972843 7.66425 30.3701 39.0137
1209 38.3 5.76199e-089 1.02097e-009 0.00569753 4.64141e-006 1.25322e-132 0 2.87609e-074 0.799282 5.86991 32.0513 38.7262
1210 38.8 1.37161e-089 8.20082e-010 0.00500811 3.14793e-006 2.49007e-133 0 1.01858e-074 0.653442 4.41343 33.631 38.7029
1211 39.5 3.24885e-090 6.58086e-010 0.00439822 2.12494e-006 4.9267e-134 0 3.59618e-075 0.531575 3.25766 35.0857 38.8794
1212 40.1 7.65723e-091 5.27583e-010 0.00385919 1.42762e-006 9.70646e-135 0 1.26573e-075 0.4303 2.36057 36.3928 39.1876
1213 40.8 1.7958e-091 4.22554e-010 0.00338322 9.54608e-007 1.90426e-135 0 4.44115e-076 0.346599 1.67924 37.5315 39.5608
1214 41.2 4.1907e-092 3.38108e-010 0.00296334 6.35306e-007 3.72008e-136 0 1.55347e-076 0.277801 1.17271 38.4833 39.9368
1215 41.5 9.731e-093 2.70278e-010 0.00259328 4.20811e-007 7.23666e-137 0 5.41703e-077 0.221559 0.803998 39.2323 40.2604
1216 41.4 2.24839e-093 2.15849e-010 0.00226742 2.77419e-007 1.40179e-137 0 1.8831e-077 0.175831 0.54113 39.7658 40.485
1217 41.1 5.16926e-094 1.72215e-010 0.00198076 1.82025e-007 2.7039e-138 0 6.5259e-078 0.138852 0.357545 40.0748 40.5732
1218 40.6 1.18257e-094 1.3727e-010 0.00172881 1.1887e-007 5.19348e-139 0 2.25455e-078 0.109108 0.231923 40.154 40.4967
1219 40.2 2.69198e-095 1.09311e-010 0.00150757 7.72604e-008 9.93311e-140 0 7.76484e-079 0.0853125 0.147687 40.0019 40.2364
1220 39.6 6.09757e-096 8.69624e-011 0.00131349 4.99791e-008 1.89179e-140 0 2.66599e-079 0.066377 0.0923254 39.6213 39.7813
1221 38.9 1.37431e-096 6.91168e-011 0.00114338 3.21785e-008 3.58774e-141 0 9.1251e-080 0.0513893 0.0566611 39.0186 39.1278
1222 37.8 3.08217e-097 5.48805e-011 0.000994418 2.062e-008 6.77532e-142 0 3.11365e-080 0.0395893 0.0341376 38.2041 38.2788
1223 36.6 6.87814e-098 4.35347e-011 0.000864102 1.3151e-008 1.27408e-142 0 1.05915e-080 0.0303481 0.0201913 37.1915 37.2429
1224 35.1 1.52731e-098 3.45013e-011 0.000750199 8.34779e-009 2.38576e-143 0 3.59165e-081 0.0231492 0.011724 35.9975 36.0331
1225 33.6 3.37464e-099 2.73161e-011 0.000650735 5.27389e-009 4.44853e-144 0 1.21419e-081 0.0175708 0.00668306 34.6415 34.6664
1226 32 7.41943e-100 2.16064e-011 0.00056396 3.31617e-009 8.25974e-145 0 4.09197e-082 0.0132707 0.00373987 33.1448 33.1624
1227 30.7 1.62314e-100 1.70738e-011 0.000488324 2.07533e-009 1.52713e-145 0 1.37477e-082 0.00997352 0.00205457 31.5305 31.543
1228 29.5 3.53334e-101 1.34791e-011 0.000422458 1.29266e-009 2.81156e-146 0 4.6045e-083 0.00745851 0.00110808 29.8223 29.8313
1229 28.9 7.65343e-102 1.0631e-011 0.000365154 8.01359e-010 5.15439e-147 0 1.5374e-083 0.00555016 0.000586681 28.0444 28.0509
1230 28.6 1.64957e-102 8.37666e-012 0.000315343 4.94442e-010 9.40954e-148 0 5.11736e-084 0.00410969 0.000304942 26.2208 26.2256
