816 35.1 1.83068e-010 0.000127434 8.5666e-011 1.3605e-092 33.0075 6.02077e-006 0.140766 0 2.35353e-146 1.83456e-194 33.1484
817 35.5 3.00699e-010 0.000149316 1.06858e-010 5.3899e-092 34.6234 1.42511e-005 0.171241 0 1.61011e-145 1.71299e-193 34.7948
818 36 4.91555e-010 0.000174788 1.33174e-010 2.12589e-091 36.1655 3.29099e-005 0.207624 0 1.09552e-144 1.59062e-192 36.3733
819 36.9 7.99713e-010 0.000204409 1.65822e-010 8.348e-091 37.6173 7.41463e-005 0.250902 0 7.41322e-144 1.46879e-191 37.8684
820 38.2 1.29484e-009 0.000238822 2.06288e-010 3.26365e-090 38.9627 0.000162981 0.302197 0 4.98908e-143 1.34877e-190 39.2653
821 39.7 2.08652e-009 0.00027876 2.56401e-010 1.2703e-089 40.1863 0.000349518 0.362772 0 3.33934e-142 1.23169e-189 40.5497
822 41 3.34618e-009 0.000325066 3.18401e-010 4.92252e-089 41.274 0.000731284 0.434047 0 2.22293e-141 1.11854e-188 41.7091
823 42.2 5.34069e-009 0.000378701 3.95041e-010 1.89911e-088 42.2127 0.00149275 0.517604 0 1.47169e-140 1.01015e-187 42.7322
824 43.4 8.48334e-009 0.000440762 4.89688e-010 7.29446e-088 42.991 0.00297284 0.615201 0 9.69018e-140 9.07199e-187 43.6096
825 44.4 1.34109e-008 0.000512503 6.0647e-010 2.78943e-087 43.5995 0.00577619 0.728777 0 6.34561e-139 8.10224e-186 44.3345
826 45.1 2.10994e-008 0.000595351 7.50429e-010 1.06199e-086 44.0304 0.0109495 0.860461 0 4.13276e-138 7.19603e-185 44.9024
827 45.6 3.30373e-008 0.000690928 9.27728e-010 4.02534e-086 44.2785 0.0202504 1.01257 0 2.67691e-137 6.35573e-184 45.312
828 45.8 5.14826e-008 0.000801081 1.14589e-009 1.51903e-085 44.3405 0.036539 1.18762 0 1.72446e-136 5.58242e-183 45.5655
829 45.9 7.98433e-008 0.000927906 1.41409e-009 5.70704e-085 44.2158 0.0643226 1.38832 0 1.10483e-135 4.87601e-182 45.6694
830 45.9 1.23236e-007 0.00107378 1.7435e-009 2.13469e-084 43.9059 0.110473 1.61756 0 7.03988e-135 4.23537e-181 45.635
831 45.8 1.89303e-007 0.0012414 2.14772e-009 7.9495e-084 43.4146 0.18511 1.8784 0 4.46129e-134 3.6585e-180 45.4794
832 45.8 2.89401e-007 0.0014338 2.6433e-009 2.9473e-083 42.7482 0.302615 2.17408 0 2.81178e-133 3.14267e-179 45.2263
833 45.7 4.40315e-007 0.00165445 3.25031e-009 1.0879e-082 41.9148 0.482653 2.50796 0 1.76249e-132 2.68461e-178 44.9071
834 45.3 6.66728e-007 0.00190722 3.99313e-009 3.99794e-082 40.9248 0.751042 2.88353 0 1.09875e-131 2.28059e-177 44.5612
835 44.9 1.00474e-006 0.0021965 4.90134e-009 1.46272e-081 39.7899 1.14019 3.30435 0 6.81235e-131 1.92662e-176 44.2367
836 44.6 1.5069e-006 0.00252723 6.01072e-009 5.32805e-081 38.5237 1.68879 3.77404 0 4.20068e-130 1.61857e-175 43.9891
837 44.2 2.24923e-006 0.00290498 7.36461e-009 1.93221e-080 37.1408 2.44037 4.29621 0 2.57613e-129 1.35224e-174 43.8803
838 43.8 3.34122e-006 0.003336 9.01538e-009 6.97624e-080 35.6569 3.44051 4.87442 0 1.57124e-128 1.12346e-173 43.9752
839 43.8 4.93966e-006 0.00382729 1.10263e-008 2.50766e-079 34.0882 4.73231 5.51213 0 9.53108e-128 9.28213e-173 44.3365
840 44.1 7.26795e-006 0.00438674 1.34737e-008 8.97421e-079 32.4513 6.3505 6.2126 0 5.74999e-127 7.62645e-172 45.0188
841 44.8 1.06426e-005 0.00502314 1.64495e-008 3.19745e-078 30.7631 8.31433 6.97889 0 3.44999e-126 6.23134e-171 46.0613
842 46.1 1.55098e-005 0.00574636 2.00647e-008 1.13421e-077 29.0399 10.6202 7.81371 0 2.05871e-125 5.06321e-170 47.4795
843 48.2 2.24949e-005 0.00656741 2.44525e-008 4.00553e-077 27.2979 13.2348 8.7194 0 1.22179e-124 4.09124e-169 49.2587
844 50.6 3.24702e-005 0.00749859 2.97731e-008 1.40834e-076 25.5523 16.0913 9.69783 0 7.21147e-124 3.28752e-168 51.349
845 53.3 4.66452e-005 0.0085536 3.6219e-008 4.9299e-076 23.8178 19.0875 10.7503 0 4.23328e-123 2.62704e-167 53.6641
846 56.1 6.66885e-005 0.00974769 4.4021e-008 1.71809e-075 22.1075 22.0897 11.8775 0 2.47147e-122 2.08761e-166 56.0845
847 59.3 9.48891e-005 0.0110978 5.34558e-008 5.96124e-075 20.4337 24.941 13.0794 0 1.43503e-121 1.64975e-165 58.4654
848 62.2 0.00013437 0.0126229 6.48546e-008 2.05924e-074 18.8071 27.4741 14.3552 0 8.28686e-121 1.2965e-164 60.6493
849 64.9 0.00018937 0.0143438 7.86137e-008 7.08201e-074 17.2372 29.5269 15.7033 0 4.75933e-120 1.01323e-163 62.4819
850 66.4 0.000265608 0.0162837 9.52064e-008 2.42486e-073 15.7318 30.9597 17.121 0 2.71848e-119 7.87465e-163 63.8291
851 66.4 0.00037076 0.0184682 1.15198e-007 8.26604e-073 14.2975 31.6708 18.6049 0 1.5443e-118 6.08609e-162 64.592
852 65.1 0.00051507 0.0209257 1.39263e-007 2.80536e-072 12.9392 31.6087 20.1503 0 8.72499e-118 4.67768e-161 64.7197
853 63.2 0.000712132 0.0236875 1.68205e-007 9.47895e-072 11.6607 30.7778 21.7518 0 4.90256e-117 3.57526e-160 64.2148
854 61.2 0.000979889 0.0267882 2.02979e-007 3.18869e-071 10.4643 29.2384 23.4028 0 2.73972e-116 2.7175e-159 63.1333
855 59.3 0.00134188 0.0302657 2.44723e-007 1.06793e-070 9.35116 27.099 25.0956 0 1.5227e-115 2.05407e-158 61.5775
856 57.6 0.00182883 0.0341619 2.94788e-007 3.56087e-070 8.32124 24.5041 26.8218 0 8.41684e-115 1.544e-157 59.6831
857 56 0.00248059 0.0385228 3.54778e-007 1.18208e-069 7.37359 21.6176 28.5716 0 4.6271e-114 1.15415e-156 57.6038
858 54.5 0.00334855 0.0433987 4.26593e-007 3.9068e-069 6.50636 18.6063 30.3348 0 2.52985e-113 8.57952e-156 55.4942
859 53.3 0.00449863 0.048845 5.12487e-007 1.28551e-068 5.71696 15.6242 32.1 0 1.37564e-112 6.34232e-155 53.4945
860 52.2 0.00601487 0.054922 6.15124e-007 4.21122e-068 5.0022 12.8003 33.8554 0 7.43948e-112 4.6625e-154 51.7189
861 51.5 0.00800374 0.061696 7.37656e-007 1.37348e-067 4.35838 10.2312 35.5885 0 4.00134e-111 3.40858e-153 50.2478
862 51 0.0105994 0.0692391 8.83804e-007 4.4598e-067 3.78145 7.97843 37.2863 0 2.14039e-110 2.47807e-152 49.126
863 50.6 0.0139698 0.07763 1.05796e-006 1.44175e-066 3.26707 6.07005 38.9356 0 1.13869e-109 1.79159e-151 48.3643
864 50.4 0.0183241 0.0869545 1.2653e-006 4.64028e-066 2.81079 4.50559 40.5232 0 6.02484e-109 1.28809e-150 47.9448
865 50.2 0.0239208 0.0973056 1.51192e-006 1.48689e-065 2.40805 3.26284 42.0357 0 3.17037e-108 9.20962e-150 47.8278
866 49.7 0.0310778 0.108785 1.805e-006 4.74345e-065 2.05434 2.30528 43.4602 0 1.6592e-107 6.54818e-149 47.9597
867 48.9 0.0401835 0.121501 2.15295e-006 1.50657e-064 1.7452 1.58904 44.7841 0 8.63606e-107 4.63003e-148 48.28
868 48 0.0517089 0.135575 2.56569e-006 4.76393e-064 1.47635 1.06864 45.9953 0 4.47051e-106 3.25561e-147 48.7276
869 47.4 0.0662223 0.151133 3.05481e-006 1.49976e-063 1.24366 0.701155 47.0828 0 2.30157e-105 2.27649e-146 49.245
870 47.3 0.0844044 0.168316 3.63392e-006 4.70065e-063 1.04323 0.448827 48.0363 0 1.17846e-104 1.58301e-145 49.7811
871 47.6 0.107065 0.187273 4.31895e-006 1.46681e-062 0.87142 0.280304 48.8467 0 6.00115e-104 1.09468e-144 50.2928
872 48.1 0.135161 0.208165 5.12852e-006 4.55692e-062 0.724843 0.17079 49.5061 0 3.03933e-103 7.52791e-144 50.7451
873 48.7 0.169815 0.231166 6.08439e-006 1.40945e-061 0.600383 0.101527 50.0082 0 1.5309e-102 5.1481e-143 51.1111
874 49.5 0.212336 0.256463 7.21196e-006 4.34017e-061 0.495201 0.0588823 50.348 0 7.66905e-102 3.5011e-142 51.3709
875 50.5 0.264237 0.284255 8.54084e-006 1.33059e-060 0.406726 0.0333175 50.5221 0 3.82087e-101 2.36781e-141 51.5107
876 51.4 0.327253 0.314758 1.01055e-005 4.06128e-060 0.332653 0.0183926 50.5288 0 1.89325e-100 1.59248e-140 51.5219
877 52.3 0.403362 0.3482 1.19462e-005 1.23413e-059 0.270926 0.00990603 50.3681 0 9.32995e-100 1.06509e-139 51.4005
878 52.8 0.494798 0.384827 1.41094e-005 3.73371e-059 0.219723 0.00520523 50.0414 0 4.57274e-099 7.08403e-139 51.146
879 52.8 0.604064 0.424898 1.66495e-005 1.1246e-058 0.177448 0.00266848 49.5522 0 2.22894e-098 4.68556e-138 50.7613
880 52.5 0.733938 0.468693 1.96293e-005 3.3724e-058 0.142703 0.00133467 48.9051 0 1.08056e-097 3.08196e-137 50.2518
881 51.9 0.887478 0.516507 2.31217e-005 1.00683e-057 0.114279 0.000651279 48.1065 0 5.20979e-097 2.01594e-136 49.6254
882 50.9 1.06801 0.568653 2.7211e-005 2.99267e-057 0.0911309 0.000310059 47.1642 0 2.49816e-096 1.31134e-135 48.8923
883 49.7 1.27914 0.625464 3.19949e-005 8.85602e-057 0.0723658 0.000144015 46.087 0 1.19136e-095 8.4827e-135 48.0642
884 48.2 1.52469 0.687292 3.75863e-005 2.60915e-056 0.0572229 6.52609e-005 44.8853 0 5.65061e-095 5.45681e-134 47.1546
885 46.7 1.80869 0.754508 4.41152e-005 7.65314e-056 0.0450583 2.88525e-005 43.57 0 2.66545e-094 3.49083e-133 46.1783
886 45.2 2.13536 0.827505 5.17319e-005 2.23492e-055 0.0353304 1.24451e-005 42.1531 0 1.25047e-093 2.22077e-132 45.1513
887 43.9 2.50898 0.906695 6.06093e-005 6.49774e-055 0.0275861 5.23719e-006 40.6471 0 5.83445e-093 1.40496e-131 44.0904
888 42.5 2.93391 0.992512 7.09467e-005 1.88081e-054 0.0214486 2.15022e-006 39.065 0 2.7074e-092 8.83907e-131 43.013
889 41.2 3.41442 1.08541 8.29728e-005 5.42009e-054 0.0166065 8.61293e-007 37.4202 0 1.24948e-091 5.53013e-130 41.9367
890 39.9 3.95466 1.18587 9.69506e-005 1.55507e-053 0.0128034 3.36592e-007 35.7257 0 5.73502e-091 3.44072e-129 40.8792
891 38.8 4.5585 1.29438 0.000113182 4.44193e-053 0.00982969 1.28334e-007 33.995 0 2.61797e-090 2.12886e-128 39.8578
892 37.9 5.22946 1.41147 0.000132012 1.26321e-052 0.0075149 4.77377e-008 32.2409 0 1.18855e-089 1.30988e-127 38.8895
893 37.2 5.97054 1.53768 0.000153837 3.5765e-052 0.00572104 1.73248e-008 30.4761 0 5.36661e-089 8.01492e-127 37.9901
894 36.6 6.78409 1.67356 0.000179111 1.00814e-051 0.00433706 6.13419e-009 28.7123 0 2.40994e-088 4.87699e-126 37.1745
895 36.1 7.67169 1.81972 0.000208349 2.82921e-051 0.00327404 2.119e-009 26.961 0 1.07631e-087 2.95114e-125 36.4559
896 35.5 8.63401 1.97674 0.000242144 7.90477e-051 0.00246116 7.14151e-010 25.2326 0 4.78074e-087 1.77587e-124 35.8461
897 35 9.67064 2.14525 0.000281168 2.19884e-050 0.00184232 2.34819e-010 23.5368 0 2.11192e-086 1.06272e-123 35.3548
898 34.7 10.78 2.3259 0.00032619 6.08945e-050 0.00137328 7.53287e-011 21.8821 0 9.27868e-086 6.32428e-123 34.9898
899 34.7 11.9593 2.51934 0.000378082 1.67897e-049 0.00101935 2.35761e-011 20.2764 0 4.05434e-085 3.74272e-122 34.7564
900 34.7 13.2042 2.72626 0.000437837 4.60881e-049 0.000753445 7.19894e-012 18.7263 0 1.76189e-084 2.20267e-121 34.6579
901 34.8 14.5091 2.94735 0.000506582 1.25955e-048 0.000554562 2.14461e-012 17.2373 0 7.61492e-084 1.28913e-120 34.6949
902 35.1 15.8669 3.18332 0.000585597 3.42705e-048 0.00040646 6.23324e-013 15.8142 7.41098e-322 3.27322e-083 7.50285e-120 34.8654
903 35.4 17.2689 3.43488 0.00067633 9.28339e-048 0.000296656 1.76751e-013 14.4604 1.43748e-319 1.3993e-082 4.34253e-119 35.1652
904 35.8 18.705 3.70278 0.000780422 2.50365e-047 0.000215604 4.88986e-014 13.1788 2.28502e-317 5.94941e-082 2.49944e-118 35.5875
905 36.4 20.1638 3.98775 0.000899729 6.72233e-047 0.000156037 1.31982e-014 11.9709 3.56815e-315 2.51572e-081 1.43063e-117 36.1235
906 37.2 21.6326 4.29053 0.00103635 1.797e-046 0.000112453 3.47549e-015 10.8377 5.47531e-313 1.05797e-080 8.14327e-117 36.762
907 38 23.0976 4.61188 0.00119264 4.7825e-046 8.07008e-005 8.929e-016 9.77928 8.25641e-311 4.425e-080 4.6095e-116 37.4901
908 38.9 24.5441 4.95256 0.00137128 1.26719e-045 5.76707e-005 2.23807e-016 8.79496 1.22346e-308 1.84068e-079 2.59474e-115 38.2931
909 40.1 25.9566 5.3133 0.00157526 3.3428e-045 4.10394e-005 5.47305e-017 7.88351 1.78158e-306 7.61495e-079 1.45251e-114 39.1551
910 41 27.3194 5.69487 0.00180797 8.77928e-045 2.90814e-005 1.30578e-017 7.0431 2.5494e-304 3.13316e-078 8.08588e-114 40.0592
911 41.9 28.6165 6.09798 0.00207319 2.29555e-044 2.05209e-005 3.03943e-018 6.27143 3.58497e-302 1.2821e-077 4.47632e-113 40.988
912 42.7 29.832 6.52338 0.0023752 5.9758e-044 1.44194e-005 6.90241e-019 5.5658 4.95394e-300 5.21783e-077 2.46434e-112 41.9235
913 43.4 30.9506 6.97177 0.00271876 1.54877e-043 1.00894e-005 1.5293e-019 4.9232 6.72716e-298 2.11194e-076 1.34916e-111 42.8483
914 44 31.9579 7.44385 0.00310924 3.99627e-043 7.02998e-006 3.30576e-020 4.34035 8.97696e-296 8.50157e-076 7.34535e-111 43.7452
915 44.7 32.8404 7.94028 0.00355261 1.02661e-042 4.87764e-006 6.97159e-021 3.81383 1.17718e-293 3.40363e-075 3.97691e-110 44.5981
916 45.2 33.5862 8.4617 0.00405558 2.62564e-042 3.37003e-006 1.43443e-021 3.34008 1.51696e-291 1.35522e-074 2.14123e-109 45.3921
917 45.6 34.1849 9.00873 0.00462561 6.68568e-042 2.3186e-006 2.87944e-022 2.91548 1.92097e-289 5.36668e-074 1.14648e-108 46.1138
918 46 34.6282 9.58193 0.00527105 1.69487e-041 1.5885e-006 5.63926e-023 2.53642 2.39048e-287 2.11361e-073 6.10455e-108 46.7518
919 46.4 34.9098 10.1818 0.00600116 4.27767e-041 1.08372e-006 1.07751e-023 2.19933 2.92324e-285 8.27887e-073 3.23241e-107 47.2969
920 46.6 35.0256 10.809 0.00682629 1.07488e-040 7.3623e-007 2.00865e-024 1.90073 3.51286e-283 3.22509e-072 1.70209e-106 47.7421
921 46.9 34.974 11.4637 0.00775793 2.689e-040 4.98058e-007 3.65319e-025 1.63722 4.14834e-281 1.24951e-071 8.91303e-106 48.0827
922 47.1 34.7557 12.1465 0.00880882 6.69734e-040 3.35516e-007 6.48222e-026 1.40557 4.81397e-279 4.8146e-071 4.64143e-105 48.3166
923 47.2 34.374 12.8576 0.00999312 1.66071e-039 2.25069e-007 1.12217e-026 1.2027 5.48971e-277 1.84505e-070 2.40361e-104 48.4442
924 47.3 33.8341 13.5973 0.0113265 4.09984e-039 1.50344e-007 1.89531e-027 1.02569 6.15193e-275 7.03205e-070 1.23783e-103 48.4683
925 47.3 33.1436 14.3657 0.0128263 1.00767e-038 1.00006e-007 3.1231e-028 0.871844 6.77471e-273 2.66551e-069 6.33929e-103 48.394
926 47.3 32.3123 15.1631 0.0145117 2.46577e-038 6.62422e-008 5.02082e-029 0.738614 7.33138e-271 1.00486e-068 3.22854e-102 48.2285
927 47.3 31.3514 15.9894 0.0164038 6.00712e-038 4.36929e-008 7.87496e-030 0.62367 7.79646e-269 3.76752e-068 1.63515e-101 47.9809
928 47.3 30.2739 16.8446 0.0185261 1.457e-037 2.86982e-008 1.20505e-030 0.524869 8.14752e-267 1.40485e-067 8.23555e-101 47.6619
929 47.3 29.0938 17.7285 0.0209042 3.51831e-037 1.87701e-008 1.79907e-031 0.440256 8.36701e-265 5.20993e-067 4.12489e-100 47.2835
930 47.2 27.8262 18.641 0.0235665 8.4584e-037 1.2225e-008 2.62045e-032 0.36806 8.44367e-263 1.92158e-066 2.05455e-099 46.8588
931 47 26.4868 19.5816 0.0265441 2.02452e-036 7.92863e-009 3.7238e-033 0.306683 8.37353e-261 7.04873e-066 1.01767e-098 46.4016
932 46.9 25.0915 20.55 0.0298712 4.82434e-036 5.12054e-009 5.16276e-034 0.254694 8.16024e-259 2.57151e-065 5.01282e-098 45.926
933 46.7 23.6562 21.5456 0.0335851 1.14455e-035 3.29308e-009 6.98331e-035 0.210818 7.81472e-257 9.33023e-065 2.45551e-097 45.4462
934 46.4 22.1965 22.5678 0.037727 2.70339e-035 2.1089e-009 9.21564e-036 0.173922 7.35428e-255 3.36683e-064 1.19615e-096 44.976
935 46.1 20.7275 23.6159 0.0423419 6.35718e-035 1.34487e-009 1.18652e-036 0.143007 6.80117e-253 1.2083e-063 5.79448e-096 44.5287
936 45.8 19.2632 24.689 0.0474786 1.48833e-034 8.54026e-010 1.49041e-037 0.117198 6.18078e-251 4.31277e-063 2.79144e-095 44.1169
937 45.4 17.817 25.7861 0.0531909 3.4691e-034 5.40046e-010 1.82652e-038 0.095729 5.51976e-249 1.53095e-062 1.33729e-094 43.752
938 45 16.4006 26.9062 0.0595372 8.05032e-034 3.40063e-010 2.18386e-039 0.0779334 4.84409e-247 5.40497e-062 6.37103e-094 43.4443
939 44.7 15.0248 28.0481 0.066581 1.8599e-033 2.13233e-010 2.54748e-040 0.0632357 4.17755e-245 1.8978e-061 3.0184e-093 43.2027
940 44.4 13.6986 29.2104 0.0743915 4.27807e-033 1.33144e-010 2.89922e-041 0.0511398 3.54036e-243 6.62724e-061 1.4221e-092 43.0346
941 44 12.4299 30.3917 0.0830438 9.79682e-033 8.27853e-011 3.21911e-042 0.0412207 2.94842e-241 2.30166e-060 6.66297e-092 42.9459
942 43.5 11.2249 31.5906 0.0926195 2.23359e-032 5.12572e-011 3.48719e-043 0.0331153 2.41295e-239 7.95013e-060 3.10449e-091 42.9411
943 43.2 10.0882 32.8052 0.103207 5.06992e-032 3.16027e-011 3.68552e-044 0.0265156 1.94054e-237 2.73107e-059 1.43846e-090 43.0232
944 42.9 9.0234 34.034 0.114902 1.14572e-031 1.94027e-011 3.8002e-045 0.0211608 1.53361e-235 9.33078e-059 6.6281e-090 43.1934
945 42.9 8.03243 35.2749 0.127807 2.57774e-031 1.18623e-011 3.82295e-046 0.0168314 1.19103e-233 3.17051e-058 3.03715e-089 43.452
946 42.9 7.11616 36.5261 0.142035 5.77401e-031 7.22178e-012 3.7521e-047 0.0133435 9.08966e-232 1.07143e-057 1.38397e-088 43.7976
947 43 6.27431 37.7854 0.157705 1.28765e-030 4.37812e-012 3.59282e-048 0.0105433 6.81693e-230 3.60102e-057 6.27153e-088 44.228
948 43.1 5.50564 39.0507 0.174948 2.85889e-030 2.64301e-012 3.35645e-049 0.00830308 5.02396e-228 1.20369e-056 2.82621e-087 44.7396
949 43.4 4.80807 40.3198 0.193902 6.31941e-030 1.58884e-012 3.05921e-050 0.00651722 3.63848e-226 4.00153e-056 1.26654e-086 45.3282
950 43.8 4.17884 41.5902 0.214717 1.39071e-029 9.51103e-013 2.72034e-051 0.00509851 2.58947e-224 1.32301e-055 5.64444e-086 45.9888
951 44.4 3.61462 42.8595 0.237554 3.04704e-029 5.66949e-013 2.36005e-052 0.00397542 1.81099e-222 4.35038e-055 2.50153e-085 46.7156
952 45.1 3.11164 44.1253 0.262585 6.64658e-029 3.36534e-013 1.99758e-053 0.00308945 1.24463e-220 1.42271e-054 1.10249e-084 47.5026
953 45.9 2.66587 45.3849 0.289993 1.44344e-028 1.98922e-013 1.64957e-054 0.00239297 8.40582e-219 4.62734e-054 4.83205e-084 48.3432
954 46.8 2.27306 46.6358 0.319976 3.12091e-028 1.17086e-013 1.32899e-055 0.00184737 5.57874e-217 1.49683e-053 2.10606e-083 49.2307
955 48 1.92887 47.8753 0.352742 6.71805e-028 6.8627e-014 1.04462e-056 0.00142143 3.63839e-215 4.81547e-053 9.12842e-083 50.1583
956 49.2 1.62899 49.1006 0.388516 1.43974e-027 4.00547e-014 8.01083e-058 0.00109008 2.33184e-213 1.54074e-052 3.93464e-082 51.1192
957 50.5 1.36916 50.3091 0.427535 3.0719e-027 2.32798e-014 5.99351e-059 0.000833199 1.4686e-211 4.90283e-052 1.68655e-081 52.1066
958 51.8 1.14528 51.4979 0.470051 6.52544e-027 1.34733e-014 4.37492e-060 0.000634743 9.0892e-210 1.55164e-051 7.18915e-081 53.1139
959 53.4 0.95343 52.6644 0.516334 1.38004e-026 7.76496e-015 3.11561e-061 0.000481953 5.52795e-208 4.8838e-051 3.04748e-080 54.1346
960 54.9 0.789931 53.8057 0.566665 2.90574e-026 4.45626e-015 2.16471e-062 0.000364729 3.30384e-206 1.52881e-050 1.28466e-079 55.1626
961 56.5 0.651345 54.919 0.621347 6.09116e-026 2.54666e-015 1.46738e-063 0.000275102 1.9404e-204 4.75961e-050 5.38546e-079 56.192
962 58.1 0.534508 56.0017 0.680695 1.27123e-025 1.44924e-015 9.70439e-065 0.000206813 1.1199e-202 1.47373e-049 2.24513e-078 57.2172
963 59.6 0.436535 57.0511 0.745045 2.64136e-025 8.21253e-016 6.2615e-066 0.000154959 6.3516e-201 4.53824e-049 9.30773e-078 58.2328
964 61.1 0.354818 58.0645 0.814748 5.46402e-025 4.63428e-016 3.9416e-067 0.000115722 3.54001e-199 1.3899e-048 3.83735e-077 59.2342
965 62.6 0.287021 59.0392 0.890175 1.12532e-024 2.60409e-016 2.42076e-068 8.61341e-005 1.93884e-197 4.23356e-048 1.57327e-076 60.2165
966 63.9 0.23107 59.9729 0.971714 2.3074e-024 1.45713e-016 1.45049e-069 6.38986e-005 1.04351e-195 1.28249e-047 6.41447e-076 61.1757
967 65.1 0.185138 60.8629 1.05977 4.71029e-024 8.11912e-017 8.47936e-071 4.72461e-005 5.51906e-194 3.8639e-047 2.60077e-075 62.1079
968 66.2 0.147627 61.707 1.15478 9.57311e-024 4.50493e-017 4.8361e-072 3.48176e-005 2.86848e-192 1.15777e-046 1.04865e-074 63.0095
969 67.2 0.117155 62.5029 1.25717 1.93704e-023 2.48906e-017 2.69099e-073 2.55735e-005 1.46506e-190 3.45023e-046 4.20475e-074 63.8773
970 67.8 0.0925288 63.2484 1.36742 3.90216e-023 1.36946e-017 1.46087e-074 1.87215e-005 7.35317e-189 1.02258e-045 1.67663e-073 64.7084
971 68.4 0.0727301 63.9415 1.48601 7.82622e-023 7.50299e-018 7.73745e-076 1.36599e-005 3.62669e-187 3.01421e-045 6.64841e-073 65.5003
972 68.9 0.0568949 64.5803 1.61344 1.56271e-022 4.09343e-018 3.99823e-077 9.9338e-006 1.75778e-185 8.83637e-045 2.6217e-072 66.2507
973 69.5 0.0442949 65.163 1.75022 3.1066e-022 2.22386e-018 2.01568e-078 7.20013e-006 8.37206e-184 2.57632e-044 1.0281e-071 66.9575
974 70 0.0343207 65.688 1.89691 6.14856e-022 1.20309e-018 9.91424e-080 5.20145e-006 3.91848e-182 7.47054e-044 4.00931e-071 67.6192
975 70.5 0.0264655 66.1538 2.05404 1.21155e-021 6.48118e-019 4.75754e-081 3.74512e-006 1.80227e-180 2.15442e-043 1.55485e-070 68.2343
976 70.9 0.0203107 66.5591 2.22221 2.37678e-021 3.4768e-019 2.22735e-082 2.68761e-006 8.14589e-179 6.1792e-043 5.99645e-070 68.8016
977 71.3 0.0155128 66.9027 2.40199 4.64213e-021 1.85726e-019 1.01737e-083 1.92232e-006 3.61804e-177 1.76263e-042 2.29977e-069 69.3202
978 71.3 0.0117918 67.1837 2.59399 9.02664e-021 9.87953e-020 4.53373e-085 1.37039e-006 1.57915e-175 5.00052e-042 8.77119e-069 69.7895
979 71.4 0.00892049 67.4012 2.79883 1.74749e-020 5.2332e-020 1.97113e-086 9.73685e-007 6.77318e-174 1.4109e-041 3.32673e-068 70.209
980 71.3 0.00671615 67.5547 3.01714 3.36809e-020 2.76036e-020 8.36104e-088 6.89529e-007 2.85481e-172 3.95914e-041 1.25476e-067 70.5786
981 71.3 0.00503238 67.6437 3.24957 6.46299e-020 1.44989e-020 3.4601e-089 4.86682e-007 1.18244e-170 1.10492e-040 4.70642e-067 70.8983
982 71.2 0.00375273 67.668 3.49678 1.23471e-019 7.5835e-021 1.39702e-090 3.42371e-007 4.81276e-169 3.06682e-040 1.75551e-066 71.1685
983 71.2 0.00278512 67.6274 3.75942 2.34841e-019 3.94979e-021 5.503e-092 2.40052e-007 1.92499e-167 8.46584e-040 6.51182e-066 71.3896
984 71 0.00205713 67.5221 4.03818 4.44697e-019 2.04855e-021 2.11486e-093 1.67754e-007 7.56621e-166 2.32422e-039 2.40207e-065 71.5623
985 70.9 0.00151217 67.3524 4.33372 8.38368e-019 1.05801e-021 7.92953e-095 1.16842e-007 2.92243e-164 6.34616e-039 8.81158e-065 71.6876
986 70.6 0.00110627 67.1187 4.64673 1.57357e-018 5.44123e-022 2.90067e-096 8.11119e-008 1.10925e-162 1.72333e-038 3.21445e-064 71.7666
987 70.4 0.000805457 66.8219 4.97788 2.94047e-018 2.7866e-022 1.03522e-097 5.61213e-008 4.1374e-161 4.6543e-038 1.16612e-063 71.8006
988 70.1 0.000583641 66.4626 5.32787 5.47052e-018 1.42109e-022 3.60456e-099 3.87017e-008 1.5165e-159 1.25016e-037 4.20694e-063 71.791
989 69.9 0.000420893 66.0419 5.69736 1.01326e-017 7.21665e-023 1.22449e-100 2.66005e-008 5.4623e-158 3.33964e-037 1.50929e-062 71.7397
990 69.7 0.000302077 65.5611 6.08702 1.8685e-017 3.64937e-023 4.05829e-102 1.82225e-008 1.93341e-156 8.8728e-037 5.38474e-062 71.6484
991 69.5 0.000215768 65.0214 6.49751 3.43041e-017 1.83768e-023 1.31225e-103 1.24419e-008 6.72497e-155 2.34448e-036 1.91048e-061 71.5191
992 69.1 0.000153383 64.4244 6.92947 6.27016e-017 9.21486e-024 4.13973e-105 8.46682e-009 2.29864e-153 6.16112e-036 6.74067e-061 71.354
993 68.8 0.000108514 63.7717 7.38354 1.14102e-016 4.60126e-024 1.27413e-106 5.74267e-009 7.72094e-152 1.61026e-035 2.3651e-060 71.1554
994 68.5 7.64048e-005 63.0652 7.86033 2.06721e-016 2.28788e-024 3.82594e-108 3.8821e-009 2.5485e-150 4.18563e-035 8.2524e-060 70.9256
995 68.4 5.35396e-005 62.3068 8.36041 3.72871e-016 1.13281e-024 1.12085e-109 2.61563e-009 8.26639e-149 1.08206e-034 2.86349e-059 70.6673
996 68.1 3.7338e-005 61.4985 8.88435 6.69596e-016 5.58535e-025 3.20363e-111 1.75649e-009 2.6349e-147 2.78204e-034 9.8809e-059 70.3829
997 67.9 2.59149e-005 60.6426 9.43268 1.19715e-015 2.74228e-025 8.93348e-113 1.17564e-009 8.25331e-146 7.11384e-034 3.39064e-058 70.0753
998 67.7 1.79006e-005 59.7413 10.0059 2.13089e-015 1.34073e-025 2.43043e-114 7.84258e-010 2.54044e-144 1.80913e-033 1.15705e-057 69.7473
999 67.6 1.23058e-005 58.7971 10.6044 3.77621e-015 6.52739e-026 6.45105e-116 5.21439e-010 7.68432e-143 4.57574e-033 3.92651e-057 69.4015
1000 67.4 8.4192e-006 57.8124 11.2287 6.66241e-015 3.16451e-026 1.67056e-117 3.45546e-010 2.28412e-141 1.15101e-032 1.32509e-056 69.0411
1001 67.2 5.73264e-006 56.7897 11.8791 1.17027e-014 1.52771e-026 4.22063e-119 2.28227e-010 6.67189e-140 2.87952e-032 4.44704e-056 68.6688
1002 67.1 3.88472e-006 55.7316 12.5559 2.04655e-014 7.34419e-027 1.04035e-120 1.50241e-010 1.91512e-138 7.16454e-032 1.48416e-055 68.2876
1003 66.9 2.61991e-006 54.6409 13.2594 3.56319e-014 3.51573e-027 2.50185e-122 9.85746e-011 5.40205e-137 1.77289e-031 4.92577e-055 67.9004
1004 66.6 1.75847e-006 53.5203 13.9898 6.1764e-014 1.67593e-027 5.8699e-124 6.44617e-011 1.4974e-135 4.36316e-031 1.62575e-054 67.5101
1005 66.3 1.17464e-006 52.3724 14.7473 1.06589e-013 7.95543e-028 1.34364e-125 4.20142e-011 4.07881e-134 1.06794e-030 5.33601e-054 67.1196
1006 66.1 7.80903e-007 51.2 15.5318 1.83134e-013 3.76045e-028 3.00069e-127 2.72929e-011 1.09181e-132 2.59965e-030 1.74167e-053 66.7318
1007 65.9 5.16666e-007 50.0059 16.3434 3.13261e-013 1.77005e-028 6.53798e-129 1.7671e-011 2.87194e-131 6.29378e-030 5.65325e-053 66.3493
1008 65.7 3.40208e-007 48.793 17.182 5.33487e-013 8.29657e-029 1.38979e-130 1.14033e-011 7.42369e-130 1.51542e-029 1.8248e-052 65.975
1009 65.6 2.22947e-007 47.5638 18.0475 9.04528e-013 3.8724e-029 2.88231e-132 7.33433e-012 1.88574e-128 3.62894e-029 5.85759e-052 65.6113
1010 65.5 1.45405e-007 46.3212 18.9396 1.52686e-012 1.79983e-029 5.83197e-134 4.70162e-012 4.70717e-127 8.64276e-029 1.86985e-051 65.2608
1011 65.3 9.43795e-008 45.0678 19.8581 2.56601e-012 8.33007e-030 1.15126e-135 3.00395e-012 1.15466e-125 2.04715e-028 5.93579e-051 64.9259
1012 65.1 6.09675e-008 43.8064 20.8024 4.29336e-012 3.83915e-030 2.21727e-137 1.91292e-012 2.78334e-124 4.82252e-028 1.87385e-050 64.6088
1013 65.1 3.91959e-008 42.5395 21.7722 7.15182e-012 1.76194e-030 4.16626e-139 1.21411e-012 6.59315e-123 1.12986e-027 5.88271e-050 64.3117
1014 65 2.50787e-008 41.2696 22.7667 1.18609e-011 8.05219e-031 7.63763e-141 7.68033e-013 1.53475e-121 2.63268e-027 1.83655e-049 64.0364
1015 65 1.59695e-008 39.9994 23.7854 1.95837e-011 3.66443e-031 1.36601e-142 4.84238e-013 3.51073e-120 6.10096e-027 5.70184e-049 63.7848
1016 64.9 1.01204e-008 38.7311 24.8275 3.21926e-011 1.6606e-031 2.38362e-144 3.04296e-013 7.89177e-119 1.40613e-026 1.7604e-048 63.5585
1017 64.9 6.38302e-009 37.4671 25.892 5.26861e-011 7.49367e-032 4.05791e-146 1.90587e-013 1.74328e-117 3.22312e-026 5.40496e-048 63.359
1018 64.9 4.0066e-009 36.2096 26.9779 8.58453e-011 3.36738e-032 6.73987e-148 1.18973e-013 3.78423e-116 7.34773e-026 1.65028e-047 63.1875
1019 64.9 2.50293e-009 34.9608 28.0843 1.39257e-010 1.5068e-032 1.09216e-149 7.40218e-014 8.07243e-115 1.66593e-025 5.01082e-047 63.0451
1020 64.9 1.55611e-009 33.7227 29.2099 2.24905e-010 6.71414e-033 1.72665e-151 4.59019e-014 1.69218e-113 3.7565e-025 1.51302e-046 62.9326
1021 65 9.62844e-010 32.4974 30.3534 3.61626e-010 2.97915e-033 2.66322e-153 2.83701e-014 3.48583e-112 8.42437e-025 4.54322e-046 62.8507
1022 65 5.92915e-010 31.2865 31.5134 5.78898e-010 1.31632e-033 4.00769e-155 1.74763e-014 7.05638e-111 1.87896e-024 1.35665e-045 62.7999
1023 65 3.63371e-010 30.092 32.6885 9.22622e-010 5.79164e-034 5.88391e-157 1.07299e-014 1.4037e-109 4.16795e-024 4.02864e-045 62.7804
1024 65 2.2163e-010 28.9153 33.877 1.46395e-009 2.53752e-034 8.42795e-159 6.566e-015 2.74399e-108 9.19502e-024 1.18969e-044 62.7923
1025 65 1.34534e-010 27.758 35.0774 2.31264e-009 1.10709e-034 1.17777e-160 4.00464e-015 5.27118e-107 2.01748e-023 3.49375e-044 62.8354
1026 64.9 8.12743e-011 26.6215 36.2878 3.63724e-009 4.80981e-035 1.60578e-162 2.43437e-015 9.95061e-106 4.40241e-023 1.02032e-043 62.9093
1027 64.9 4.88649e-011 25.5071 37.5063 5.69528e-009 2.08085e-035 2.13597e-164 1.47491e-015 1.8459e-104 9.55427e-023 2.96323e-043 63.0134
1028 64.6 2.9239e-011 24.416 38.7311 8.87848e-009 8.96439e-036 2.77197e-166 8.90646e-016 3.36498e-103 2.0622e-022 8.55812e-043 63.1471
1029 64.5 1.7412e-011 23.3491 39.9601 1.37798e-008 3.84565e-036 3.50967e-168 5.36046e-016 6.028e-102 4.42679e-022 2.45797e-042 63.3092
1030 64.4 1.03195e-011 22.3075 41.1911 2.12925e-008 1.64281e-036 4.33539e-170 3.21557e-016 1.06116e-100 9.45089e-022 7.02037e-042 63.4986
1031 64.4 6.0868e-012 21.2919 42.4221 3.2756e-008 6.98831e-037 5.22486e-172 1.92252e-016 1.83571e-099 2.0067e-021 1.99401e-041 63.714
1032 64.4 3.57306e-012 20.3031 43.6508 5.01691e-008 2.96024e-037 6.14336e-174 1.14563e-016 3.12065e-098 4.23757e-021 5.63223e-041 63.9539
1033 64.5 2.08744e-012 19.3416 44.8749 7.64999e-008 1.24867e-037 7.04727e-176 6.80417e-017 5.21317e-097 8.89975e-021 1.58204e-040 64.2166
1034 64.6 1.21369e-012 18.4081 46.0921 1.16136e-007 5.24493e-038 7.88715e-178 4.02777e-017 8.55805e-096 1.85894e-020 4.41916e-040 64.5002
1035 64.6 7.02304e-013 17.5028 47.2998 1.7553e-007 2.19381e-038 8.612e-180 2.37636e-017 1.38059e-094 3.86168e-020 1.22757e-039 64.8027
1036 64.8 4.04449e-013 16.6261 48.4958 2.6413e-007 9.13747e-039 9.17428e-182 1.39739e-017 2.18862e-093 7.97836e-020 3.39109e-039 65.122
1037 65.2 2.31805e-013 15.7782 49.6775 3.95698e-007 3.78985e-039 9.53509e-184 8.18998e-018 3.40952e-092 1.63937e-019 9.3157e-039 65.4558
1038 65.5 1.32222e-013 14.9592 50.8425 5.90188e-007 1.56526e-039 9.66855e-186 4.78416e-018 5.21955e-091 3.35016e-019 2.54494e-038 65.8017
1039 65.8 7.50597e-014 14.1691 51.9883 8.7639e-007 6.43752e-040 9.56495e-188 2.7854e-018 7.85214e-090 6.80893e-019 6.9139e-038 66.1574
1040 66.2 4.24063e-014 13.4079 53.1122 1.29564e-006 2.63645e-040 9.23184e-190 1.61632e-018 1.16081e-088 1.37632e-018 1.8679e-037 66.5202
1041 66.2 2.38439e-014 12.6755 54.2119 1.90701e-006 1.0752e-040 8.69317e-192 9.34814e-019 1.68635e-087 2.76684e-018 5.01845e-037 66.8874
1042 66.2 1.33427e-014 11.9716 55.2849 2.79447e-006 4.36643e-041 7.98642e-194 5.38868e-019 2.40743e-086 5.53191e-018 1.34082e-036 67.2565
1043 66.2 7.43075e-015 11.2959 56.3287 4.07688e-006 1.76576e-041 7.15832e-196 3.09597e-019 3.37734e-085 1.1e-017 3.5625e-036 67.6246
1044 66 4.11854e-015 10.6482 57.3407 5.92156e-006 7.1106e-042 6.25971e-198 1.77285e-019 4.656e-084 2.17537e-017 9.41294e-036 67.9889
1045 66.4 2.27183e-015 10.0279 58.3188 8.56298e-006 2.85134e-042 5.34049e-200 1.01182e-019 6.30765e-083 4.27859e-017 2.47332e-035 68.3467
1046 66.7 1.24718e-015 9.43482 59.2604 1.2328e-005 1.13857e-042 4.44522e-202 5.75564e-020 8.39728e-082 8.36939e-017 6.46279e-035 68.6953
1047 67.1 6.81402e-016 8.86827 60.1634 1.76703e-005 4.5273e-043 3.60985e-204 3.26319e-020 1.09857e-080 1.62822e-016 1.67936e-034 69.0317
1048 67.4 3.7051e-016 8.32776 61.0254 2.52158e-005 1.79262e-043 2.86002e-206 1.84395e-020 1.41231e-079 3.15034e-016 4.33964e-034 69.3532
1049 67.9 2.00502e-016 7.8127 61.8444 3.58247e-005 7.06811e-044 2.21072e-208 1.03852e-020 1.78423e-078 6.06215e-016 1.11519e-033 69.6572
1050 68.4 1.07984e-016 7.32248 62.6183 5.06725e-005 2.77516e-044 1.66718e-210 5.82961e-021 2.21507e-077 1.16017e-015 2.84988e-033 69.9409
1051 68.8 5.78788e-017 6.85644 63.3452 7.13581e-005 1.08503e-044 1.22664e-212 3.26153e-021 2.70234e-076 2.20822e-015 7.24252e-033 70.2017
1052 69.2 3.08747e-017 6.41392 64.0231 0.000100045 4.22437e-045 8.8051e-215 1.81871e-021 3.23973e-075 4.18013e-015 1.83037e-032 70.4372
1053 69.4 1.6391e-017 5.99421 64.6504 0.000139645 1.63776e-045 6.16647e-217 1.01079e-021 3.81676e-074 7.86976e-015 4.60014e-032 70.6448
1054 69.4 8.66029e-018 5.5966 65.2254 0.00019406 6.3228e-046 4.21331e-219 5.59913e-022 4.41874e-073 1.47353e-014 1.14971e-031 70.8222
1055 69.3 4.55386e-018 5.22036 65.7467 0.00026849 2.43072e-046 2.80863e-221 3.09127e-022 5.02709e-072 2.74399e-014 2.85753e-031 70.9673
1056 69.3 2.38314e-018 4.86475 66.2127 0.000369828 9.3053e-047 1.82662e-223 1.70103e-022 5.62021e-071 5.08196e-014 7.06283e-031 71.0779
1057 69.3 1.24119e-018 4.52902 66.6225 0.000507168 3.54726e-047 1.15901e-225 9.3292e-023 6.17454e-070 9.36065e-014 1.73601e-030 71.152
1058 69.4 6.43356e-019 4.21242 66.9747 0.000692444 1.34656e-047 7.17485e-228 5.0996e-023 6.66612e-069 1.71477e-013 4.24334e-030 71.1878
1059 69.8 3.31883e-019 3.9142 67.2686 0.000941233 5.09008e-048 4.33332e-230 2.77834e-023 7.07225e-068 3.12415e-013 1.03145e-029 71.1837
1060 70.1 1.70388e-019 3.63361 67.5033 0.00127377 1.91599e-048 2.55337e-232 1.50867e-023 7.37325e-067 5.66086e-013 2.49331e-029 71.1382
1061 70.4 8.70596e-020 3.36991 67.6782 0.00171618 7.18173e-049 1.46788e-234 8.1651e-024 7.554e-066 1.02014e-012 5.9936e-029 71.0498
1062 70.6 4.42706e-020 3.12234 67.7928 0.00230206 2.68061e-049 8.23288e-237 4.4044e-024 7.60521e-065 1.82836e-012 1.43279e-028 70.9174
1063 70.8 2.24045e-020 2.8902 67.8468 0.00307434 9.96339e-050 4.50503e-239 2.36794e-024 7.52423e-064 3.25904e-012 3.40616e-028 70.7401
1064 70.9 1.12843e-020 2.67275 67.8402 0.00408758 3.68764e-050 2.40507e-241 1.26886e-024 7.31525e-063 5.77754e-012 8.05249e-028 70.517
1065 71.1 5.65639e-021 2.46929 67.7728 0.00541079 1.35912e-050 1.25268e-243 6.77662e-025 6.98896e-062 1.01864e-011 1.89313e-027 70.2475
1066 71.1 2.82178e-021 2.27914 67.6449 0.00713075 4.98812e-051 6.36562e-246 3.60722e-025 6.56165e-061 1.78618e-011 4.42605e-027 69.9311
1067 71.1 1.40097e-021 2.10162 67.4568 0.00935601 1.82299e-051 3.1559e-248 1.91377e-025 6.05382e-060 3.11499e-011 1.02905e-026 69.5677
1068 70.7 6.92241e-022 1.93606 67.209 0.0122215 6.63435e-052 1.52648e-250 1.01196e-025 5.48861e-059 5.40272e-011 2.37926e-026 69.1573
1069 70.3 3.40413e-022 1.78184 66.9022 0.0158943 2.40426e-052 7.20349e-253 5.33334e-026 4.89003e-058 9.31952e-011 5.47054e-026 68.6999
1070 69.7 1.66601e-022 1.63834 66.5372 0.0205797 8.67628e-053 3.31649e-255 2.80151e-026 4.28132e-057 1.59882e-010 1.25085e-025 68.1961
1071 69.6 8.11464e-023 1.50495 66.115 0.0265286 3.11784e-053 1.4897e-257 1.46671e-026 3.6835e-056 2.72793e-010 2.84423e-025 67.6465
1072 68.8 3.93354e-023 1.38109 65.6367 0.0340464 1.11569e-053 6.52836e-260 7.65338e-027 3.11429e-055 4.62904e-010 6.43144e-025 67.0518
1073 67.6 1.89766e-023 1.26622 65.1035 0.0435019 3.97556e-054 2.79122e-262 3.98035e-027 2.58747e-054 7.81221e-010 1.44623e-024 66.4132
1074 66.3 9.11119e-024 1.15978 64.5168 0.0553382 1.41066e-054 1.16431e-264 2.06323e-027 2.11255e-053 1.31124e-009 3.23408e-024 65.732
1075 65.2 4.35365e-024 1.06128 63.8783 0.0700847 4.98445e-055 4.73833e-267 1.06594e-027 1.69494e-052 2.18886e-009 7.19198e-024 65.0096
1076 64.9 2.0704e-024 0.970212 63.1894 0.0883692 1.7538e-055 1.88134e-269 5.48878e-028 1.33635e-051 3.63394e-009 1.59049e-023 64.248
1077 64.9 9.79885e-025 0.886109 62.452 0.110933 6.14482e-056 7.28776e-272 2.81694e-028 1.03538e-050 6.00018e-009 3.49784e-023 63.4491
1078 64.9 4.61549e-025 0.808522 61.668 0.138643 2.14392e-056 2.75426e-274 1.44091e-028 7.88312e-050 9.85316e-009 7.64983e-023 62.6152
1079 64.5 2.16363e-025 0.737021 60.8394 0.172511 7.4486e-057 1.01555e-276 7.34609e-029 5.8981e-049 1.60921e-008 1.66376e-022 61.7489
1080 63.6 1.00941e-025 0.6712 59.9682 0.213705 2.57698e-057 3.65325e-279 3.73279e-029 4.33654e-048 2.61382e-008 3.59842e-022 60.8531
1081 62.5 4.6868e-026 0.610672 59.0565 0.263569 8.87798e-058 1.28217e-281 1.89046e-029 3.13321e-047 4.22244e-008 7.7396e-022 59.9307
1082 61.5 2.16574e-026 0.55507 58.1067 0.323634 3.04569e-058 4.39028e-284 9.5425e-030 2.22461e-046 6.78386e-008 1.65543e-021 58.9854
1083 60.5 9.95994e-027 0.504048 57.1209 0.395635 1.04046e-058 1.46665e-286 4.80081e-030 1.55215e-045 1.08397e-007 3.52117e-021 58.0206
1084 59.3 4.55857e-027 0.457277 56.1017 0.481521 3.53944e-059 4.78016e-289 2.40727e-030 1.06422e-044 1.72259e-007 7.44815e-021 57.0405
1085 57.9 2.07646e-027 0.414449 55.0513 0.583466 1.19898e-059 1.52e-291 1.20308e-030 7.17039e-044 2.72252e-007 1.56673e-020 56.0492
1086 56.4 9.41322e-028 0.375272 53.9722 0.703876 4.04443e-060 4.71552e-294 5.99269e-031 4.74758e-043 4.27945e-007 3.27737e-020 55.0514
1087 54.8 4.24693e-028 0.339473 52.8669 0.845391 1.35854e-060 1.42725e-296 2.97514e-031 3.089e-042 6.69005e-007 6.81775e-020 54.0518
1088 53.2 1.90693e-028 0.306795 51.738 1.01088 4.54416e-061 4.21458e-299 1.47215e-031 1.97506e-041 1.04015e-006 1.4104e-019 53.0556
1089 51.7 8.52146e-029 0.276997 50.5878 1.20343 1.51358e-061 1.21421e-301 7.26031e-032 1.24096e-040 1.60838e-006 2.90153e-019 52.0682
1090 50.2 3.78979e-029 0.249853 49.4189 1.42634 5.02023e-062 3.41284e-304 3.56875e-032 7.66222e-040 2.47347e-006 5.93604e-019 51.0951
1091 48.9 1.67741e-029 0.225154 48.2338 1.68308 1.6581e-062 9.35888e-307 1.74838e-032 4.64907e-039 3.78313e-006 1.20768e-018 50.1421
1092 47.5 7.38897e-030 0.202702 47.035 1.97728 5.45339e-063 2.50389e-309 8.53718e-033 2.77201e-038 5.75467e-006 2.44338e-018 49.215
1093 46.3 3.23929e-030 0.182314 45.825 2.31265 1.78604e-063 6.5357e-312 4.15481e-033 1.6242e-037 8.70594e-006 4.91604e-018 48.32
1094 45.2 1.41331e-030 0.16382 44.6061 2.69299 5.82482e-064 1.66438e-314 2.01533e-033 9.35191e-037 1.30989e-005 9.83613e-018 47.463
1095 44.3 6.13687e-031 0.147061 43.3808 3.12203 1.89166e-064 4.1352e-317 9.74315e-034 5.29149e-036 1.96012e-005 1.95712e-017 46.65
1096 43.4 2.65203e-031 0.131889 42.1514 3.60347 6.11748e-065 1.00206e-319 4.69474e-034 2.9422e-035 2.91712e-005 3.87255e-017 45.8868
1097 42.8 1.14059e-031 0.11817 40.9202 4.14081 1.97002e-065 1.58101e-322 2.25466e-034 1.60762e-034 4.31769e-005 7.6201e-017 45.1793
1098 42.3 4.88208e-032 0.105776 39.6894 4.73729 6.31736e-066 0 1.07922e-034 8.63196e-034 6.35586e-005 1.49111e-016 44.5326
1099 41.9 2.0797e-032 0.0945919 38.4612 5.39579 2.0173e-066 0 5.1487e-035 4.55463e-033 9.30513e-005 2.90163e-016 43.9517
1100 41.6 8.81693e-033 0.084509 37.2376 6.11871 6.41464e-067 0 2.44818e-035 2.36163e-032 0.000135487 5.61513e-016 43.441
1101 41.5 3.72011e-033 0.0754286 36.0207 6.90789 2.03116e-067 0 1.16024e-035 1.20334e-031 0.000196199 1.08059e-015 43.0042
1102 41.5 1.56213e-033 0.0672593 34.8124 7.76445 6.40446e-068 0 5.48036e-036 6.02534e-031 0.000282567 2.068e-015 42.6444
1103 41.7 6.52827e-034 0.0599174 33.6145 8.68874 2.0109e-068 0 2.58006e-036 2.96477e-030 0.000404736 3.9357e-015 42.3635
1104 41.9 2.7152e-034 0.0533258 32.4287 9.68017 6.28733e-069 0 1.21062e-036 1.43356e-029 0.000576565 7.44867e-015 42.1628
1105 42.2 1.1239e-034 0.0474139 31.2568 10.7372 1.95754e-069 0 5.6617e-037 6.81175e-029 0.000816865 1.40191e-014 42.0422
1106 42.5 4.62991e-035 0.042117 30.1003 11.857 6.06909e-070 0 2.63902e-037 3.18066e-028 0.00115101 2.6239e-014 42.0006
1107 43 1.89819e-035 0.0373761 28.9606 13.036 1.87372e-070 0 1.22602e-037 1.45946e-027 0.00161299 4.8838e-014 42.0356
1108 43.4 7.74515e-036 0.033137 27.8392 14.2689 5.76041e-071 0 5.67689e-038 6.58088e-027 0.00224807 9.0397e-014 42.1435
1109 43.8 3.14515e-036 0.0293506 26.7372 15.5496 1.76348e-071 0 2.61989e-038 2.91603e-026 0.00311611 1.66393e-013 42.3193
1110 44.2 1.27108e-036 0.025972 25.6559 16.8705 5.37598e-072 0 1.20507e-038 1.26975e-025 0.00429579 3.0458e-013 42.5566
1111 44.6 5.11244e-037 0.0229602 24.5962 18.2228 1.63197e-072 0 5.52459e-039 5.43323e-025 0.00588977 5.54436e-013 42.8479
1112 45 2.04646e-037 0.0202783 23.5593 19.5967 4.93327e-073 0 2.52434e-039 2.28463e-024 0.00803118 1.00366e-012 43.1843
1113 45.4 8.15269e-038 0.0178925 22.5458 20.9813 1.485e-073 0 1.14961e-039 9.44037e-024 0.0108914 1.80678e-012 43.5559
1114 45.5 3.23236e-038 0.0157722 21.5567 22.3647 4.45129e-074 0 5.21814e-040 3.83336e-023 0.0146899 3.23453e-012 43.9518
1115 45.6 1.27544e-038 0.0138899 20.5925 23.734 1.32866e-074 0 2.36068e-040 1.52963e-022 0.0197049 5.75838e-012 44.3601
1116 45.7 5.00867e-039 0.0122205 19.6538 25.0762 3.94921e-075 0 1.06443e-040 5.99804e-022 0.0262881 1.01947e-011 44.7685
1117 45.8 1.95752e-039 0.0107415 18.7411 26.3774 1.16889e-075 0 4.78362e-041 2.31126e-021 0.0348793 1.79487e-011 45.1641
1118 45.8 7.61396e-040 0.00943241 17.8548 27.6237 3.44515e-076 0 2.14266e-041 8.75196e-021 0.0460258 3.14252e-011 45.534
1119 45.9 2.94739e-040 0.00827494 16.9952 28.8013 1.01114e-076 0 9.56555e-042 3.2567e-020 0.0604034 5.4715e-011 45.8652
1120 45.9 1.13549e-040 0.00725255 16.1625 29.8967 2.95515e-077 0 4.25622e-042 1.19088e-019 0.07884 9.47371e-011 46.1453
1121 45.9 4.35366e-041 0.00635039 15.3568 30.8969 8.60037e-078 0 1.88754e-042 4.2793e-019 0.102343 1.63124e-010 46.3625
1122 45.8 1.66129e-041 0.00555513 14.5783 31.7897 2.49243e-078 0 8.3431e-043 1.51111e-018 0.132128 2.79319e-010 46.5057
1123 45.8 6.30897e-042 0.0048548 13.8268 32.5641 7.19281e-079 0 3.6755e-043 5.24365e-018 0.169651 4.7563e-010 46.5654
1124 45.6 2.38448e-042 0.0042387 13.1024 33.2102 2.06701e-079 0 1.61386e-043 1.78809e-017 0.216643 8.05419e-010 46.5334
1125 45.5 8.9691e-043 0.00369724 12.4047 33.7197 5.91498e-080 0 7.06271e-044 5.99184e-017 0.275142 1.35631e-009 46.4033
1126 45.1 3.35758e-043 0.00322186 11.7338 34.086 1.68552e-080 0 3.0806e-044 1.97309e-016 0.347533 2.27133e-009 46.1705
1127 44.7 1.25091e-043 0.00280492 11.0891 34.3044 4.78279e-081 0 1.33924e-044 6.38487e-016 0.436577 3.78258e-009 45.8329
1128 44.3 4.63816e-044 0.00243959 10.4705 34.3718 1.35144e-081 0 5.80284e-045 2.03036e-015 0.545445 6.2644e-009 45.3903
1129 43.9 1.71154e-044 0.00211981 9.87762 34.2876 3.80262e-082 0 2.506e-045 6.34469e-015 0.677745 1.03171e-008 44.845
1130 43.4 6.28567e-045 0.00184018 9.30992 34.0526 1.06546e-082 0 1.07865e-045 1.94834e-014 0.837544 1.68973e-008 44.2019
1131 42.9 2.2974e-045 0.00159591 8.76701 33.6701 2.97275e-083 0 4.62739e-046 5.87942e-014 1.02938 2.7521e-008 43.4681
1132 42.3 8.35686e-046 0.00138274 8.24836 33.1451 8.2594e-084 0 1.97857e-046 1.7435e-013 1.25825 4.45753e-008 42.6531
1133 41.6 3.02532e-046 0.0011969 7.75345 32.4844 2.28511e-084 0 8.43188e-047 5.08071e-013 1.52962 7.17976e-008 41.7686
1134 40.8 1.08999e-046 0.00103504 7.28172 31.6964 6.29555e-085 0 3.58143e-047 1.45494e-012 1.84939 1.15003e-007 40.8285
1135 40 3.90834e-047 0.000894212 6.83256 30.7911 1.72715e-085 0 1.51617e-047 4.0943e-012 2.22381 1.83187e-007 39.8484
1136 39.3 1.39472e-047 0.000771806 6.40538 29.7797 4.71837e-086 0 6.39729e-048 1.13222e-011 2.65945 2.90179e-007 38.8453
1137 38.4 4.95336e-048 0.000665517 5.99952 28.6746 1.28358e-086 0 2.69032e-048 3.07682e-011 3.16309 4.57109e-007 37.8379
1138 37.4 1.7508e-048 0.000573316 5.61436 27.4887 3.47716e-087 0 1.12764e-048 8.21651e-011 3.7416 7.16077e-007 36.8452
1139 36.5 6.15876e-049 0.000493416 5.24922 26.2356 9.37979e-088 0 4.71079e-049 2.1562e-010 4.40179 1.11554e-006 35.8871
1140 35.5 2.15612e-049 0.000424244 4.90343 24.9291 2.51959e-088 0 1.96145e-049 5.56042e-010 5.15022 1.7282e-006 34.9832
1141 34.5 7.5123e-050 0.00036442 4.57633 23.5833 6.73962e-089 0 8.13987e-050 1.4091e-009 5.99306 2.66248e-006 34.153
1142 33.8 2.60493e-050 0.000312732 4.26722 22.2117 1.79519e-089 0 3.3668e-050 3.50908e-009 6.9358 4.07911e-006 33.4151
1143 33.1 8.98957e-051 0.000268119 3.97543 20.8276 4.76158e-090 0 1.38795e-050 8.5874e-009 7.98307 6.21483e-006 32.7864
1144 32.6 3.08748e-051 0.000229649 3.70028 19.4437 1.25766e-090 0 5.70284e-051 2.06512e-008 9.13838 9.41623e-006 32.2826
1145 32.2 1.05534e-051 0.000196511 3.44109 18.0716 3.30781e-091 0 2.33543e-051 4.8803e-008 10.4038 1.41876e-005 31.9168
1146 31.9 3.59004e-052 0.000167994 3.19719 16.7223 8.66339e-092 0 9.53234e-052 1.13335e-007 11.78 2.12583e-005 31.6996
1147 31.8 1.21543e-052 0.000143477 2.96792 15.4055 2.25945e-092 0 3.87785e-052 2.58641e-007 13.2654 3.1676e-005 31.6389
1148 31.9 4.09525e-053 0.000122421 2.75263 14.1297 5.86796e-093 0 1.57232e-052 5.80026e-007 14.8567 4.69373e-005 31.7392
1149 32.3 1.37326e-053 0.000104355 2.55067 12.9025 1.51754e-093 0 6.35404e-053 1.27824e-006 16.5481 6.91656e-005 32.0015
1150 32.7 4.58299e-054 8.88699e-005 2.36141 11.7299 3.90805e-094 0 2.55927e-053 2.7682e-006 18.3316 0.000101355 32.4231
1151 33.2 1.52218e-054 7.56101e-005 2.18423 10.6168 1.00219e-094 0 1.02741e-053 5.8911e-006 20.1967 0.000147703 32.9979
1152 33.7 5.03156e-055 6.42671e-005 2.01855 9.56697 2.55921e-095 0 4.1108e-054 1.23201e-005 22.1301 0.00021405 33.7159
1153 34.5 1.65524e-055 5.45735e-005 1.86376 8.58293 6.50777e-096 0 1.63934e-054 2.53189e-005 24.1164 0.000308479 34.5635
1154 35.2 5.41929e-056 4.62976e-005 1.7193 7.66614 1.64788e-096 0 6.51582e-055 5.11321e-005 26.1377 0.000442102 35.5237
1155 36 1.76581e-056 3.92391e-005 1.58462 6.81708 4.15517e-097 0 2.58124e-055 0.000101475 28.174 0.000630091 36.5764
1156 36.9 5.72623e-057 3.32248e-005 1.45918 6.03531 1.04332e-097 0 1.01917e-055 0.000197898 30.2033 0.000893035 37.6989
1157 38 1.84805e-057 2.81055e-005 1.34247 5.31964 2.60866e-098 0 4.01071e-056 0.000379262 32.2022 0.00125869 38.866
1158 39.1 5.93582e-058 2.37521e-005 1.23399 4.66814 6.4951e-099 0 1.5731e-056 0.000714256 34.1462 0.00176423 40.0509
1159 40.3 1.89745e-058 2.00539e-005 1.13326 4.07837 1.61035e-099 0 6.14963e-057 0.00132186 36.0102 0.00245909 41.2256
1160 41.5 6.03642e-059 1.69152e-005 1.03982 3.5474 3.97581e-100 0 2.39607e-057 0.00240399 37.7689 0.00340862 42.3619
1161 42.9 1.91122e-059 1.42542e-005 0.95323 3.07194 9.77459e-101 0 9.30486e-058 0.00429633 39.3974 0.0046986 43.4316
1162 44.1 6.02232e-060 1.20002e-005 0.87307 2.64848 2.39298e-101 0 3.60145e-058 0.00754532 40.8721 0.00644084 44.4077
1163 45.4 1.8886e-060 1.0093e-005 0.798935 2.27332 5.83376e-102 0 1.38933e-058 0.0130219 42.1708 0.00878015 45.2649
1164 46.5 5.89434e-061 8.48077e-006 0.73044 1.9427 1.41621e-102 0 5.34182e-059 0.0220845 43.2736 0.0119027 45.9807
1165 47.4 1.83085e-061 7.11924e-006 0.667221 1.65283 3.42352e-103 0 2.04707e-059 0.036806 44.1631 0.0160463 46.536
1166 48.1 5.65969e-062 5.97058e-006 0.608927 1.40002 8.24113e-104 0 7.8187e-060 0.0602788 44.8251 0.0215123 46.9158
1167 48.5 1.74122e-062 5.00245e-006 0.555229 1.18064 1.97547e-104 0 2.97642e-060 0.0970125 45.2489 0.0286804 47.1105
1168 48.6 5.33133e-063 4.18729e-006 0.505814 0.991253 4.71542e-105 0 1.12931e-060 0.153429 45.4277 0.038025 47.1163
1169 48.5 1.62457e-063 3.50161e-006 0.460384 0.828572 1.12083e-105 0 4.27062e-061 0.238453 45.3586 0.0501345 46.9361
1170 47.9 4.9268e-064 2.9254e-006 0.418659 0.689535 2.65294e-106 0 1.60963e-061 0.364179 45.0426 0.0657338 46.5807
1171 47 1.487e-064 2.44167e-006 0.380375 0.571298 6.25294e-107 0 6.04672e-062 0.546568 44.485 0.085709 46.0689
1172 45.8 4.46664e-065 2.03598e-006 0.345283 0.471247 1.4676e-107 0 2.26398e-062 0.806101 43.6947 0.111134 45.4284
1173 44.3 1.33528e-065 1.69607e-006 0.313148 0.387004 3.43006e-108 0 8.44857e-063 1.16829 42.6844 0.143303 44.6962
1174 42.9 3.97267e-066 1.41155e-006 0.283749 0.316419 7.98294e-109 0 3.14234e-063 1.66391 41.4701 0.183758 43.918
1175 41.7 1.17629e-066 1.17364e-006 0.25688 0.257567 1.85009e-109 0 1.16488e-063 2.32876 40.0707 0.234328 43.1483
1176 40.7 3.46634e-067 9.74888e-007 0.232348 0.208736 4.26963e-110 0 4.30394e-064 3.20284 38.5075 0.297156 42.4485
1177 40.2 1.01659e-067 8.09021e-007 0.20997 0.168417 9.81198e-111 0 1.58493e-064 4.32875 36.8034 0.37474 41.8853
1178 40.1 2.96719e-068 6.70731e-007 0.189578 0.135287 2.24539e-111 0 5.8172e-065 5.74919 34.983 0.46996 41.527
1179 40.6 8.61916e-069 5.55547e-007 0.171013 0.108194 5.11675e-112 0 2.12802e-065 7.50355 33.0713 0.586107 41.4401
1180 41.4 2.49176e-069 4.59703e-007 0.154128 0.0861454 1.16109e-112 0 7.75881e-066 9.62374 31.0936 0.726904 41.6845
1181 42.9 7.16916e-070 3.8003e-007 0.138785 0.0682875 2.62365e-113 0 2.81951e-066 12.1293 29.0747 0.896525 42.3077
1182 44.6 2.05283e-070 3.13864e-007 0.124858 0.0538928 5.90356e-114 0 1.0212e-066 15.0227 27.0388 1.09959 43.3398
1183 46.6 5.85003e-071 2.5897e-007 0.112229 0.0423449 1.32279e-114 0 3.68642e-067 18.2841 25.0083 1.34118 44.7881
1184 48.6 1.65915e-071 2.13473e-007 0.100786 0.0331246 2.95145e-115 0 1.32635e-067 21.8684 23.0041 1.62677 46.6332
1185 50.5 4.68311e-072 1.758e-007 0.0904292 0.0257977 6.55765e-116 0 4.75631e-068 25.7025 21.0452 1.96223 48.8262
1186 52.5 1.31554e-072 1.44636e-007 0.0810639 0.0200029 1.45088e-116 0 1.69997e-068 29.686 19.1481 2.35375 51.2889
1187 54.4 3.67787e-073 1.18883e-007 0.0726036 0.0154413 3.19654e-117 0 6.05578e-069 33.6933 17.3271 2.80772 53.9161
1188 56.3 1.02332e-073 9.7622e-008 0.064968 0.0118674 7.01291e-118 0 2.15009e-069 37.5796 15.5937 3.33067 56.5808
1189 58.1 2.83364e-074 8.00864e-008 0.0580834 0.00908042 1.53209e-118 0 7.60856e-070 41.1886 13.9572 3.92912 59.1422
1190 59.7 7.80911e-075 6.56378e-008 0.0518819 0.00691732 3.33304e-119 0 2.68353e-070 44.3628 12.4244 4.60939 61.4554
1191 61.3 2.1418e-075 5.37443e-008 0.0463011 0.00524627 7.22044e-120 0 9.43342e-071 46.9545 10.9996 5.37745 63.3831
1192 62.7 5.84627e-076 4.39638e-008 0.0412836 0.00396135 1.5576e-120 0 3.30514e-071 48.8373 9.68506 6.2387 64.8063
1193 63.9 1.58818e-076 3.59287e-008 0.0367768 0.00297794 3.34592e-121 0 1.15417e-071 49.9163 8.48115 7.19775 65.635
1194 64.8 4.29381e-077 2.9334e-008 0.0327328 0.00222879 7.15721e-122 0 4.01705e-072 50.136 7.38639 8.25818 65.8156
1195 65.2 1.15533e-077 2.39269e-008 0.0291073 0.00166074 1.52455e-122 0 1.39349e-072 49.485 6.39788 9.42228 65.336
1196 65.1 3.09381e-078 1.94977e-008 0.0258603 0.00123201 3.23375e-123 0 4.81791e-073 47.997 5.51144 10.6909 64.2264
1197 64.2 8.24519e-079 1.58732e-008 0.0229549 0.000909934 6.8303e-124 0 1.66024e-073 45.7479 4.72193 12.063 62.5567
1198 62.5 2.1869e-079 1.29102e-008 0.0203577 0.000669089 1.43662e-124 0 5.70221e-074 42.8494 4.02346 13.5357 60.4296
1199 60.1 5.77271e-080 1.04901e-008 0.0180382 0.000489823 3.00893e-125 0 1.95197e-074 39.4397 3.40961 15.104 57.9719
1200 57.3 1.51653e-080 8.51558e-009 0.0159687 0.000357005 6.27553e-126 0 6.6598e-075 35.6731 2.87367 16.7605 55.3236
1201 54.1 3.96502e-081 6.90608e-009 0.0141239 0.000259053 1.30334e-126 0 2.26469e-075 31.7076 2.40876 18.4956 52.6263
1202 50.6 1.03172e-081 5.59542e-009 0.0124811 0.000187148 2.69546e-127 0 7.67562e-076 27.695 2.00805 20.2971 50.0129
1203 47.3 2.67176e-082 4.52916e-009 0.0110195 0.000134605 5.55107e-128 0 2.59285e-076 23.7716 1.66488 22.1506 47.5982
1204 44.3 6.88581e-083 3.66257e-009 0.00972034 9.63865e-005 1.13838e-128 0 8.72969e-077 20.0507 1.37283 24.0392 45.4726
1205 41.9 1.76618e-083 2.95896e-009 0.00856669 6.87152e-005 2.32471e-129 0 2.92941e-077 16.6195 1.12584 25.9442 43.6982
1206 40.3 4.50854e-084 2.38822e-009 0.0075432 4.87719e-005 4.72735e-130 0 9.79757e-078 13.537 0.918249 27.8448 42.3077
1207 39.6 1.14541e-084 1.92573e-009 0.00663604 3.44641e-005 9.57271e-131 0 3.266e-078 10.8354 0.744853 29.719 41.3059
1208 39.5 2.89603e-085 1.55131e-009 0.00583275 2.42462e-005 1.93028e-131 0 1.0851e-078 8.52281 0.600906 31.5434 40.6729
1209 40 7.28735e-086 1.2485e-009 0.00512212 1.69825e-005 3.87592e-132 0 3.59324e-079 6.58775 0.482134 33.2941 40.3691
1210 40.6 1.82498e-086 1.00383e-009 0.00449404 1.18424e-005 7.74991e-133 0 1.18593e-079 5.00389 0.384729 34.9471 40.3402
1211 41.3 4.54848e-087 8.06333e-010 0.00393944 8.22162e-006 1.54308e-133 0 3.90112e-080 3.73504 0.305329 36.4787 40.523
1212 41.9 1.12823e-087 6.47074e-010 0.0034502 5.68272e-006 3.05947e-134 0 1.27903e-080 2.73968 0.240994 37.8663 40.8504
1213 42.5 2.78515e-088 5.18773e-010 0.00301901 3.91052e-006 6.04051e-135 0 4.17953e-081 1.97478 0.189177 39.0887 41.2557
1214 43 6.84262e-089 4.15513e-010 0.00263935 2.67913e-006 1.1876e-135 0 1.36124e-081 1.3988 0.147692 40.1267 41.6759
1215 43.4 1.67308e-089 3.32488e-010 0.00230536 1.8274e-006 2.32506e-136 0 4.41874e-082 0.973664 0.114676 40.9639 42.0546
1216 43.4 4.07131e-090 2.65797e-010 0.00201184 1.24095e-006 4.53279e-137 0 1.42962e-082 0.666007 0.0885551 41.5867 42.3432
1217 43 9.85991e-091 2.1228e-010 0.00175412 8.38983e-007 8.79968e-138 0 4.61002e-083 0.447677 0.068011 41.9847 42.5022
1218 42.6 2.37647e-091 1.69376e-010 0.00152804 5.6472e-007 1.70112e-138 0 1.48164e-083 0.295711 0.0519483 42.1515 42.5007
1219 42.2 5.70052e-092 1.35014e-010 0.00132991 3.78437e-007 3.27472e-139 0 4.74615e-084 0.191949 0.0394628 42.0843 42.3171
1220 41.6 1.36087e-092 1.0752e-010 0.00115644 2.52485e-007 6.27739e-140 0 1.5153e-084 0.12244 0.0298147 41.7842 41.9376
1221 40.9 3.23327e-093 8.55425e-011 0.00100469 1.67709e-007 1.19827e-140 0 4.82185e-085 0.0767492 0.0224026 41.2561 41.3563
1222 40.1 7.64518e-094 6.79923e-011 0.000872072 1.10907e-007 2.2777e-141 0 1.52928e-085 0.0472762 0.0167414 40.5088 40.5737
1223 38.9 1.7991e-094 5.3991e-011 0.000756284 7.30196e-008 4.31129e-142 0 4.83415e-086 0.0286172 0.0124426 39.5545 39.5963
1224 37.5 4.21352e-095 4.28319e-011 0.000655282 4.78631e-008 8.12618e-143 0 1.52304e-086 0.0170227 0.00919723 38.4084 38.4353
1225 36.1 9.82099e-096 3.39466e-011 0.000567261 3.12352e-008 1.52523e-143 0 4.78255e-087 0.00995053 0.00676126 37.0887 37.106
1226 34.6 2.27818e-096 2.68788e-011 0.000490624 2.02939e-008 2.85069e-144 0 1.49681e-087 0.00571585 0.00494338 35.6157 35.6269
1227 33.2 5.25946e-097 2.12621e-011 0.00042396 1.31271e-008 5.3056e-145 0 4.6691e-088 0.0032265 0.00359456 34.0116 34.0188
1228 32.1 1.20842e-097 1.6803e-011 0.000366027 8.45381e-009 9.83303e-146 0 1.45164e-088 0.00178978 0.00259952 32.2996 32.3043
1229 31.3 2.76321e-098 1.32664e-011 0.000315728 5.42021e-009 1.81472e-146 0 4.49822e-089 0.000975623 0.00186967 30.5036 30.5068
1230 30.9 6.28829e-099 1.04641e-011 0.000272096 3.45987e-009 3.33502e-147 0 1.38925e-089 0.000522616 0.00133741 28.6478 28.6499
