816 36.6 0.000130967 8.97258e-011 8.1005e-010 7.10564e-091 34.5296 4.13743e-005 0.0710846 3.66117e-150 0 4.85394e-192 34.6008
817 37 0.000153415 1.1193e-010 1.29702e-009 2.7442e-090 36.2387 8.79807e-005 0.0883276 2.63893e-149 0 4.4039e-191 36.3272
818 37.7 0.000179539 1.39505e-010 2.0673e-009 1.05523e-089 37.8681 0.00018312 0.109355 1.89144e-148 0 3.97372e-190 37.9778
819 38.7 0.000209912 1.73716e-010 3.28004e-009 4.0401e-089 39.3999 0.000373056 0.134895 1.34809e-147 0 3.56595e-189 39.5353
820 39.9 0.000245187 2.16124e-010 5.18054e-009 1.54012e-088 40.8165 0.00074388 0.165797 9.55434e-147 0 3.18251e-188 40.9833
821 41.4 0.000286118 2.68643e-010 8.14499e-009 5.84565e-088 42.1015 0.00145186 0.203038 6.73351e-146 0 2.82476e-187 42.3063
822 42.7 0.000333562 3.33625e-010 1.27475e-008 2.20917e-087 43.2394 0.00277354 0.24774 4.7189e-145 0 2.49351e-186 43.4902
823 44 0.000388502 4.13955e-010 1.98601e-008 8.31266e-087 44.2162 0.00518605 0.301186 3.2885e-144 0 2.18905e-185 44.5229
824 45.1 0.000452059 5.13166e-010 3.08005e-008 3.11436e-086 45.0198 0.00949139 0.364833 2.27884e-143 0 1.91126e-184 45.3945
825 46.1 0.000525512 6.35584e-010 4.75504e-008 1.16175e-085 45.6399 0.0170025 0.440324 1.57032e-142 0 1.65959e-183 46.0978
826 46.7 0.000610316 7.865e-010 7.30752e-008 4.31494e-085 46.0688 0.0298118 0.529505 1.07602e-141 0 1.43317e-182 46.6288
827 47.2 0.000708128 9.72378e-010 1.11791e-007 1.5957e-084 46.3009 0.0511628 0.634435 7.33178e-141 0 1.23087e-181 46.9872
828 47.3 0.000820831 1.20111e-009 1.7024e-007 5.87552e-084 46.3331 0.085943 0.757398 4.96773e-140 0 1.05134e-180 47.1773
829 47.3 0.000950563 1.48231e-009 2.5807e-007 2.15406e-083 46.1651 0.141305 0.900909 3.34707e-139 0 8.93087e-180 47.2083
830 47.3 0.00109975 1.82771e-009 3.89434e-007 7.86293e-083 45.7991 0.227403 1.06772 2.24248e-138 0 7.54501e-179 47.0953
831 47.3 0.00127113 2.25158e-009 5.84992e-007 2.85777e-082 45.2397 0.3582 1.26082 1.49401e-137 0 6.33933e-178 46.86
832 47.3 0.00146782 2.77126e-009 8.74755e-007 1.03416e-081 44.4941 0.552263 1.48344 9.89768e-137 0 5.29717e-177 46.5312
833 47.1 0.00169333 3.40782e-009 1.3021e-006 3.72619e-081 43.5717 0.833407 1.73902 6.52038e-136 0 4.40211e-176 46.1459
834 46.7 0.00195161 4.18685e-009 1.92939e-006 1.33677e-080 42.4843 1.231 2.03123 4.2714e-135 0 3.63828e-175 45.7484
835 46.3 0.00224714 5.13936e-009 2.84587e-006 4.77493e-080 41.245 1.77972 2.36393 2.78244e-134 0 2.99053e-174 45.3909
836 45.8 0.00258496 6.30291e-009 4.17861e-006 1.69822e-079 39.8689 2.51846 2.74113 1.80236e-133 0 2.44465e-173 45.1311
837 45.4 0.00297072 7.72296e-009 6.10757e-006 6.01361e-079 38.3723 3.48827 3.16696 1.16095e-132 0 1.98748e-172 45.0305
838 45 0.00341078 9.45447e-009 8.88637e-006 2.12028e-078 36.7723 4.72907 3.64566 7.43606e-132 0 1.60697e-171 45.1505
839 44.9 0.0039123 1.15638e-008 1.28707e-005 7.44337e-078 35.0869 6.27527 4.18148 4.73622e-131 0 1.29219e-170 45.5475
840 45.2 0.00448327 1.41311e-008 1.85566e-005 2.60172e-077 33.3341 8.15042 4.77862 2.99971e-130 0 1.03339e-169 46.2676
841 45.8 0.00513267 1.72528e-008 2.66326e-005 9.05461e-077 31.532 10.3614 5.44121 1.88923e-129 0 8.21903e-169 47.3398
842 47.2 0.00587052 2.10453e-008 3.80497e-005 3.13758e-076 29.6986 12.8928 6.17316 1.18317e-128 0 6.50118e-168 48.7705
843 49.2 0.00670802 2.56485e-008 5.41137e-005 1.08252e-075 27.8509 15.7025 6.97813 7.36833e-128 0 5.11425e-167 50.5383
844 51.7 0.00765769 3.12305e-008 7.66098e-005 3.71872e-075 26.0054 18.7188 7.85943 4.56298e-127 0 4.00118e-166 52.5914
845 54.4 0.00873346 3.79933e-008 0.000107965 1.27194e-074 24.1773 21.8414 8.81987 2.80987e-126 0 3.11323e-165 54.8474
846 57.2 0.00995084 4.6179e-008 0.00015146 4.3317e-074 22.3806 24.9444 9.86172 1.72061e-125 0 2.40909e-164 57.1969
847 60.5 0.0113271 5.60781e-008 0.000211512 1.46881e-073 20.628 27.8841 10.9866 1.0477e-124 0 1.854e-163 59.5102
848 63.6 0.0128814 6.80382e-008 0.00029403 4.95894e-073 18.9305 30.5093 12.1953 6.34381e-124 0 1.41901e-162 61.6482
849 66.3 0.0146349 8.24751e-008 0.000406882 1.66697e-072 17.2976 32.6736 13.4879 3.81963e-123 0 1.08013e-161 63.4741
850 67.9 0.0166113 9.98857e-008 0.000560487 5.57937e-072 15.7373 34.2494 14.8632 2.28691e-122 0 8.17686e-161 64.8671
851 67.9 0.0188366 1.20863e-007 0.000768568 1.85934e-071 14.2559 35.1399 16.3193 1.36156e-121 0 6.1562e-160 65.7348
852 66.7 0.0213396 1.46115e-007 0.00104911 6.16947e-071 12.8582 35.289 17.853 8.06088e-121 0 4.60953e-159 66.0225
853 64.9 0.0241521 1.76485e-007 0.00142553 2.03823e-070 11.5474 34.6871 19.4598 4.74555e-120 0 3.43255e-158 65.7199
854 63 0.0273092 2.12976e-007 0.00192821 6.70465e-070 10.3255 33.3724 21.1342 2.7781e-119 0 2.54212e-157 64.8614
855 61.1 0.0308495 2.56782e-007 0.00259628 2.19591e-069 9.19297 31.4267 22.8694 1.61722e-118 0 1.87236e-156 63.5225
856 59.4 0.0348155 3.09321e-007 0.00347991 7.16095e-069 8.14932 28.9668 24.6571 9.36153e-118 0 1.37152e-155 61.8115
857 57.7 0.0392538 3.72275e-007 0.00464307 2.3251e-068 7.19294 26.1332 26.488 5.38869e-117 0 9.99153e-155 59.858
858 56.2 0.0442156 4.47641e-007 0.00616684 7.51676e-068 6.32139 23.0769 28.3514 3.08445e-116 0 7.239e-154 57.8001
859 55 0.049757 5.37781e-007 0.00815343 2.41955e-067 5.53144 19.9458 30.2358 1.75562e-115 0 5.21606e-153 55.7709
860 54 0.0559395 6.45494e-007 0.0107309 7.75455e-067 4.8193 16.874 32.1283 9.9367e-115 0 3.73786e-152 53.8882
861 53.3 0.0628302 7.74086e-007 0.014059 2.47454e-066 4.18071 13.9725 34.0152 5.59257e-114 0 2.66392e-151 52.2452
862 52.6 0.0705022 9.27464e-007 0.0183355 7.86228e-066 3.61107 11.3245 35.8821 3.12996e-113 0 1.88815e-150 50.9065
863 52.3 0.0790355 1.11024e-006 0.023804 2.48725e-065 3.10557 8.98377 37.714 1.74191e-112 0 1.33097e-149 49.9062
864 52.1 0.088517 1.32784e-006 0.0307629 7.83441e-065 2.6593 6.97569 39.4955 9.63983e-112 0 9.33078e-149 49.2497
865 51.8 0.0990413 1.58666e-006 0.0395754 2.45703e-064 2.26733 5.3016 41.2108 5.30483e-111 0 6.50556e-148 48.9184
866 51.2 0.110711 1.89424e-006 0.0506807 7.67237e-064 1.92478 3.94383 42.8445 2.9029e-110 0 4.51096e-147 48.8745
867 50.1 0.123638 2.25941e-006 0.0646072 2.38543e-063 1.62693 2.87157 44.3811 1.57961e-109 0 3.11078e-146 49.0679
868 49.1 0.137942 2.69257e-006 0.0819858 7.38447e-063 1.36922 2.0465 45.8059 8.54727e-109 0 2.13347e-145 49.4416
869 48.5 0.153754 3.2059e-006 0.103566 2.27609e-062 1.14736 1.42756 47.1047 4.59899e-108 0 1.4552e-144 49.937
870 48.2 0.171215 3.81366e-006 0.130231 6.98513e-062 0.9573 0.974698 48.2644 2.46068e-107 0 9.87132e-144 50.4978
871 48.4 0.190476 4.53258e-006 0.163017 2.13441e-061 0.795271 0.651382 49.273 1.3092e-106 0 6.65955e-143 51.0731
872 48.8 0.211702 5.38219e-006 0.203128 6.49375e-061 0.657812 0.426081 50.1199 6.92655e-106 0 4.46819e-142 51.6186
873 49.5 0.235069 6.38534e-006 0.251958 1.96712e-060 0.541763 0.272796 50.7962 3.64406e-105 0 2.9815e-141 52.0978
874 50.3 0.260766 7.56866e-006 0.311104 5.93312e-060 0.444259 0.170953 51.2947 1.90639e-104 0 1.97859e-140 52.4818
875 51.3 0.288996 8.96324e-006 0.382388 1.78177e-059 0.362731 0.104859 51.6099 9.91735e-104 0 1.30585e-139 52.7489
876 52.4 0.319976 1.06053e-005 0.467866 5.32765e-059 0.294884 0.0629543 51.7385 5.13025e-103 0 8.57136e-139 52.8841
877 53.5 0.353938 1.25368e-005 0.569849 1.58612e-058 0.238693 0.0369944 51.6789 2.639e-102 0 5.59529e-138 52.8784
878 54.1 0.391132 1.4807e-005 0.690905 4.7017e-058 0.192374 0.0212783 51.4319 1.34989e-101 0 3.63255e-137 52.7276
879 54.4 0.431821 1.74725e-005 0.833866 1.38768e-057 0.154374 0.0119793 51.0002 6.86619e-101 0 2.34541e-136 52.4323
880 54.2 0.476288 2.05993e-005 1.00183 4.07793e-057 0.123345 0.00660106 50.3884 3.47289e-100 0 1.50606e-135 51.9965
881 53.8 0.524832 2.4264e-005 1.19815 1.19318e-056 0.0981276 0.00356031 49.6032 1.74673e-099 0 9.61798e-135 51.4279
882 52.8 0.577771 2.8555e-005 1.42643 3.47608e-056 0.0777283 0.00187955 48.6528 8.73608e-099 0 6.10861e-134 50.7366
883 51.7 0.635443 3.35748e-005 1.69048 1.0083e-055 0.0613038 0.000971201 47.5472 4.34477e-098 0 3.85849e-133 49.9355
884 50.2 0.698204 3.94416e-005 1.99429 2.9121e-055 0.0481411 0.000491197 46.2981 2.1487e-097 0 2.42388e-132 49.0392
885 48.8 0.766432 4.62921e-005 2.342 8.37413e-055 0.0376413 0.000243161 44.9179 1.05668e-096 0 1.51433e-131 48.0643
886 47.2 0.840523 5.42836e-005 2.73782 2.39767e-054 0.0293044 0.000117821 43.4207 5.16733e-096 0 9.40907e-131 47.0285
887 45.9 0.920896 6.35978e-005 3.18598 6.83526e-054 0.0227155 5.58782e-005 41.8209 2.51275e-095 0 5.81421e-130 45.9506
888 44.4 1.00799 7.44433e-005 3.69064 1.94016e-053 0.017532 2.5939e-005 40.1337 1.21504e-094 0 3.57316e-129 44.8499
889 43.1 1.10227 8.70603e-005 4.25579 5.48323e-053 0.0134729 1.17857e-005 38.3747 5.84238e-094 0 2.18389e-128 43.7463
890 41.8 1.20422 0.000101724 4.88517 1.54295e-052 0.0103088 5.24139e-006 36.5595 2.79349e-093 0 1.32747e-127 42.6593
891 40.6 1.31433 0.000118752 5.58211 4.32298e-052 0.00785377 2.28155e-006 34.7036 1.3282e-092 0 8.02488e-127 41.6081
892 39.7 1.43315 0.000138505 6.34946 1.20596e-051 0.00595755 9.72085e-007 32.8223 6.27968e-092 0 4.82468e-126 40.6111
893 39 1.56122 0.0001614 7.18945 3.34963e-051 0.00449963 4.05386e-007 30.9303 2.95236e-091 0 2.8848e-125 39.6856
894 38.2 1.69911 0.00018791 8.10353 9.26355e-051 0.00338381 1.65472e-007 29.0414 1.38026e-090 0 1.71546e-124 38.8476
895 37.6 1.84741 0.000218579 9.09229 2.55079e-050 0.00253371 6.61108e-008 27.1689 6.41665e-090 0 1.01452e-123 38.1113
896 37 2.00673 0.000254026 10.1553 6.99341e-050 0.00188897 2.58529e-008 25.3247 2.9663e-089 0 5.96704e-123 37.4889
897 36.5 2.17771 0.000294956 11.291 1.90906e-049 0.00140222 9.89552e-009 23.52 1.36358e-088 0 3.4904e-122 36.9904
898 36.2 2.36101 0.000342174 12.4966 5.1888e-049 0.0010364 3.7073e-009 21.7646 6.2331e-088 1.29445e-321 2.03052e-121 36.6235
899 36.2 2.55729 0.000396595 13.768 1.4042e-048 0.000762704 1.35947e-009 20.067 2.83325e-087 1.9608e-319 1.17478e-120 36.3934
900 36.2 2.76724 0.000459259 15.0997 3.78365e-048 0.000558864 4.87944e-010 18.4346 1.28063e-086 2.91456e-317 6.75966e-120 36.3026
901 36.4 2.99157 0.000531349 16.4849 1.0151e-047 0.000407733 1.7142e-010 16.8735 5.75603e-086 4.25865e-315 3.8682e-119 36.351
902 36.7 3.23099 0.000614203 17.9154 2.71156e-047 0.000296188 5.89448e-011 15.3885 2.57264e-085 6.11759e-313 2.20146e-118 36.5358
903 37.1 3.48624 0.000709341 19.3814 7.21189e-047 0.000214229 1.9839e-011 13.9832 1.14339e-084 8.63977e-311 1.24603e-117 36.8518
904 37.6 3.75807 0.000818481 20.8721 1.90983e-046 0.000154279 6.53558e-012 12.6601 5.0532e-084 1.1996e-308 7.01398e-117 37.2912
905 38.3 4.04722 0.000943566 22.3751 5.03567e-046 0.000110626 2.10737e-012 11.4206 2.22074e-083 1.63751e-306 3.92661e-116 37.8439
906 39 4.35446 0.00108679 23.8772 1.32202e-045 7.89822e-005 6.651e-013 10.265 9.70479e-083 2.19758e-304 2.18619e-115 38.4978
907 39.9 4.68055 0.00125064 25.3643 3.45567e-045 5.61462e-005 2.05459e-013 9.19278 4.21729e-082 2.89947e-302 1.21053e-114 39.239
908 40.9 5.02626 0.0014379 26.8215 8.99381e-045 3.97403e-005 6.21231e-014 8.20268 1.82238e-081 3.76102e-300 6.66621e-114 40.0519
909 41.9 5.39234 0.00165171 28.2333 2.33062e-044 2.80067e-005 1.83854e-014 7.29263 7.83073e-081 4.79628e-298 3.6509e-113 40.92
910 42.8 5.77956 0.00189562 29.5843 6.01335e-044 1.96523e-005 5.32578e-015 6.46 3.34599e-080 6.01336e-296 1.98856e-112 41.8258
911 43.8 6.18867 0.0021736 30.859 1.54482e-043 1.37305e-005 1.51003e-015 5.70165 1.42169e-079 7.41212e-294 1.0772e-111 42.7515
912 44.5 6.62042 0.00249011 32.0421 3.95144e-043 9.55162e-006 4.1906e-016 5.01404 6.00679e-079 8.98216e-292 5.8032e-111 43.679
913 45.2 7.07552 0.00285015 33.1192 1.00635e-042 6.61589e-006 1.13831e-016 4.39335 2.52371e-078 1.07012e-289 3.10926e-110 44.591
914 45.7 7.55468 0.00325932 34.0769 2.55188e-042 4.56268e-006 3.02645e-017 3.8355 1.05437e-077 1.25342e-287 1.65678e-109 45.4704
915 46.4 8.05859 0.00372389 34.9028 6.44298e-042 3.13308e-006 7.87587e-018 3.33633 4.38033e-077 1.44336e-285 8.77989e-109 46.3014
916 46.8 8.58791 0.00425087 35.586 1.61968e-041 2.14212e-006 2.00611e-018 2.89158 1.80958e-076 1.63405e-283 4.62733e-108 47.0698
917 47.2 9.14325 0.00484807 36.1176 4.05406e-041 1.45826e-006 5.00151e-019 2.49701 7.43374e-076 1.81873e-281 2.42543e-107 47.7628
918 47.6 9.7252 0.00552422 36.4905 1.01034e-040 9.88435e-007 1.2205e-019 2.14845 3.03665e-075 1.99014e-279 1.26434e-106 48.3696
919 47.9 10.3343 0.00628903 36.6994 2.50703e-040 6.67084e-007 2.91519e-020 1.84184 1.2335e-074 2.14098e-277 6.55478e-106 48.8819
920 48 10.9711 0.00715331 36.7417 6.19397e-040 4.48263e-007 6.81532e-021 1.57324 4.98247e-074 2.26441e-275 3.37962e-105 49.2932
921 48.3 11.636 0.00812907 36.6167 1.52368e-039 2.9992e-007 1.55954e-021 1.33894 2.00128e-073 2.35456e-273 1.73299e-104 49.5998
922 48.4 12.3294 0.00922966 36.3261 3.73196e-039 1.99801e-007 3.49299e-022 1.13539 7.99332e-073 2.40701e-271 8.83772e-104 49.8002
923 48.6 13.0517 0.0104699 35.874 9.10115e-039 1.32529e-007 7.65755e-023 0.959286 3.17472e-072 2.41913e-269 4.48231e-103 49.8954
924 48.6 13.803 0.0118661 35.2663 2.20989e-038 8.75273e-008 1.64313e-023 0.807554 1.25384e-071 2.3903e-267 2.2609e-102 49.8887
925 48.7 14.5837 0.0134364 34.5112 5.34273e-038 5.75567e-008 3.45101e-024 0.677352 4.92422e-071 2.32199e-265 1.13417e-101 49.7856
926 48.6 15.3938 0.0152009 33.6186 1.28609e-037 3.76851e-008 7.09433e-025 0.566079 1.92305e-070 2.21758e-263 5.65835e-101 49.5937
927 48.6 16.2334 0.0171817 32.6002 3.08245e-037 2.45676e-008 1.42747e-025 0.471367 7.46797e-070 2.08215e-261 2.8075e-100 49.3222
928 48.6 17.1025 0.0194033 31.4688 7.35593e-037 1.59469e-008 2.81134e-026 0.391076 2.88385e-069 1.92202e-259 1.38538e-099 48.9818
929 48.6 18.0009 0.0218924 30.2385 1.74781e-036 1.03064e-008 5.4194e-027 0.323283 1.10739e-068 1.74429e-257 6.79879e-099 48.5845
930 48.5 18.9283 0.0246788 28.9242 4.13494e-036 6.63227e-009 1.02254e-027 0.266271 4.2285e-068 1.55629e-255 3.31828e-098 48.1434
931 48.4 19.8846 0.0277948 27.5411 9.74002e-036 4.24948e-009 1.88842e-028 0.218517 1.60558e-067 1.36513e-253 1.61069e-097 47.672
932 48.2 20.8692 0.0312762 26.1049 2.28437e-035 2.711e-009 3.41357e-029 0.178676 6.06224e-067 1.17726e-251 7.7755e-097 47.184
933 48 21.8816 0.0351621 24.631 5.33446e-035 1.72204e-009 6.03962e-030 0.145568 2.27611e-066 9.9812e-250 3.73303e-096 46.6934
934 47.7 22.9213 0.0394954 23.1346 1.24031e-034 1.08912e-009 1.04593e-030 0.118164 8.49793e-066 8.31967e-248 1.78243e-095 46.2136
935 47.5 23.9874 0.044323 21.6303 2.87135e-034 6.85854e-010 1.7729e-031 0.0955708 3.15493e-065 6.81778e-246 8.46408e-095 45.7576
936 47.1 25.0791 0.0496961 20.1319 6.6185e-034 4.30037e-010 2.94143e-032 0.0770166 1.16473e-064 5.49278e-244 3.99728e-094 45.3377
937 46.7 26.1955 0.0556706 18.652 1.51897e-033 2.68472e-010 4.77665e-033 0.0618391 4.27582e-064 4.35066e-242 1.87744e-093 44.965
938 46.3 27.3355 0.0623075 17.2023 3.471e-033 1.66884e-010 7.59239e-034 0.0494723 1.56089e-063 3.3879e-240 8.7697e-093 44.6495
939 46 28.4978 0.0696731 15.7931 7.89727e-033 1.03288e-010 1.1812e-034 0.0394348 5.66606e-063 2.5937e-238 4.074e-092 44.3999
940 45.6 29.6811 0.0778396 14.4333 1.78902e-032 6.36507e-011 1.79871e-035 0.0313197 2.04526e-062 1.95218e-236 1.88224e-091 44.2236
941 45.2 30.8841 0.0868853 13.1307 4.03526e-032 3.90551e-011 2.68096e-036 0.0247842 7.34135e-062 1.44456e-234 8.64858e-091 44.1265
942 44.7 32.1052 0.0968954 11.8913 9.0624e-032 2.38601e-011 3.9112e-037 0.0195412 2.62036e-061 1.0509e-232 3.95214e-090 44.1129
943 44.3 33.3426 0.107962 10.7199 2.02643e-031 1.4514e-011 5.58496e-038 0.0153514 9.30044e-061 7.51628e-231 1.79613e-089 44.1858
944 44.1 34.5947 0.120184 9.6199 4.51166e-031 8.79068e-012 7.80586e-039 0.0120161 3.2825e-060 5.28513e-229 8.11819e-089 44.3468
945 44.1 35.8596 0.133671 8.59353 1.00013e-030 5.30124e-012 1.06786e-039 0.00937132 1.15203e-059 3.65361e-227 3.6492e-088 44.5961
946 44.1 37.1351 0.148537 7.64174 2.20747e-030 3.18312e-012 1.42987e-040 0.0072821 4.02051e-059 2.48314e-225 1.63138e-087 44.9327
947 44.1 38.4193 0.16491 6.76447 4.8512e-030 1.90304e-012 1.874e-041 0.00563809 1.39527e-058 1.65918e-223 7.25317e-087 45.3544
948 44.3 39.71 0.182922 5.96066 1.0615e-029 1.13283e-012 2.40399e-042 0.00434937 4.81495e-058 1.08993e-221 3.20714e-086 45.858
949 44.5 41.0049 0.20272 5.22848 2.31263e-029 6.71427e-013 3.01848e-043 0.00334304 1.65228e-057 7.0391e-220 1.41035e-085 46.4394
950 44.9 42.3015 0.22446 4.56538 5.0166e-029 3.96237e-013 3.70967e-044 0.00256021 5.63812e-057 4.46939e-218 6.16809e-085 47.0939
951 45.4 43.5975 0.248308 3.96824 1.0835e-028 2.32825e-013 4.46244e-045 0.00195357 1.91312e-056 2.78992e-216 2.68283e-084 47.816
952 46.1 44.8902 0.274444 3.43352 2.33006e-028 1.36215e-013 5.25413e-046 0.00148526 6.4552e-056 1.71218e-214 1.16052e-083 48.5997
953 47 46.1772 0.303059 2.95734 4.98906e-028 7.93491e-014 6.05508e-047 0.00112511 2.16588e-055 1.03305e-212 4.99261e-083 49.4387
954 47.9 47.4556 0.334357 2.53561 1.06362e-027 4.60234e-014 6.83014e-048 0.000849198 7.22633e-055 6.12777e-211 2.1361e-082 50.3264
955 49 48.7229 0.368558 2.16413 2.25774e-027 2.65787e-014 7.54103e-049 0.000638618 2.3975e-054 3.57354e-209 9.08933e-082 51.2563
956 50.2 49.9763 0.405892 1.83868 4.77174e-027 1.52831e-014 8.14934e-050 0.000478512 7.90968e-054 2.04884e-207 3.84645e-081 52.2213
957 51.5 51.213 0.446608 1.55506 1.00414e-026 8.74998e-015 8.61995e-051 0.000357244 2.59488e-053 1.15486e-205 1.61884e-080 53.215
958 52.9 52.4301 0.490968 1.30921 2.10393e-026 4.98797e-015 8.92439e-052 0.00026574 8.46511e-053 6.39976e-204 6.7759e-080 54.2305
959 54.4 53.6249 0.53925 1.09721 4.38917e-026 2.83113e-015 9.04363e-053 0.000196955 2.74604e-052 3.48668e-202 2.82063e-079 55.2616
960 56 54.7946 0.591749 0.915359 9.11697e-026 1.59999e-015 8.97012e-054 0.000145445 8.85808e-052 1.86755e-200 1.16773e-078 56.3018
961 57.6 55.9363 0.648778 0.760174 1.88554e-025 9.00314e-016 8.70852e-055 0.000107016 2.84139e-051 9.83436e-199 4.8079e-078 57.3454
962 59.2 57.0473 0.710665 0.628427 3.88272e-025 5.04418e-016 8.27526e-056 7.84546e-005 9.06316e-051 5.09135e-197 1.96873e-077 58.3864
963 60.8 58.1247 0.777758 0.51715 7.96075e-025 2.8139e-016 7.69679e-057 5.73071e-005 2.87466e-050 2.59139e-195 8.01741e-077 59.4197
964 62.3 59.166 0.850422 0.423641 1.62513e-024 1.56295e-016 7.00694e-058 4.17078e-005 9.06676e-050 1.29672e-193 3.24713e-076 60.4401
965 63.8 60.1684 0.929042 0.345462 3.30323e-024 8.64375e-017 6.24365e-059 3.02445e-005 2.84365e-049 6.37927e-192 1.30792e-075 61.443
966 65.1 61.1294 1.01402 0.280428 6.68506e-024 4.7597e-017 5.44552e-060 2.18522e-005 8.86865e-049 3.08539e-190 5.23939e-075 62.4238
967 66.3 62.0464 1.10578 0.226602 1.34707e-023 2.60962e-017 4.64869e-061 1.57312e-005 2.75041e-048 1.4671e-188 2.08736e-074 63.3788
968 67.4 62.917 1.20476 0.182275 2.70265e-023 1.42461e-017 3.88431e-062 1.12837e-005 8.48195e-048 6.85844e-187 8.27048e-074 64.304
969 68.5 63.7389 1.31143 0.145951 5.3989e-023 7.74342e-018 3.17678e-063 8.06415e-006 2.60107e-047 3.15212e-185 3.25898e-073 65.1963
970 69.2 64.5099 1.42626 0.116335 1.07384e-022 4.19074e-018 2.54303e-064 5.7423e-006 7.93171e-047 1.42427e-183 1.27717e-072 66.0525
971 69.8 65.2278 1.54975 0.0923065 2.12661e-022 2.25823e-018 1.99254e-065 4.07411e-006 2.40514e-046 6.32699e-182 4.97777e-072 66.8699
972 70.3 65.8908 1.68243 0.0729079 4.19328e-022 1.21162e-018 1.5281e-066 2.88004e-006 7.25222e-046 2.76321e-180 1.92946e-071 67.6461
973 70.9 66.4969 1.82483 0.057324 8.23258e-022 6.47269e-019 1.14707e-067 2.02855e-006 2.1745e-045 1.18643e-178 7.438e-071 68.3791
974 71.5 67.0446 1.97751 0.0448661 1.60929e-021 3.44289e-019 8.42786e-069 1.42361e-006 6.48347e-045 5.00824e-177 2.85163e-070 69.0669
975 72 67.5321 2.14105 0.0349559 3.1322e-021 1.8234e-019 6.06089e-070 9.95443e-007 1.92227e-044 2.07845e-175 1.08729e-069 69.7081
976 72.5 67.9583 2.31603 0.0271109 6.0699e-021 9.61523e-020 4.26625e-071 6.93524e-007 5.66731e-044 8.48024e-174 4.12304e-069 70.3014
977 72.9 68.3219 2.50306 0.0209308 1.1712e-020 5.04845e-020 2.93932e-072 4.81422e-007 1.6615e-043 3.40165e-172 1.55491e-068 70.8458
978 73 68.6218 2.70278 0.016086 2.25006e-020 2.63923e-020 1.98216e-073 3.32974e-007 4.84373e-043 1.34148e-170 5.83191e-068 71.3406
979 73 68.8572 2.91581 0.0123064 4.30403e-020 1.37378e-020 1.30834e-074 2.29464e-007 1.40417e-042 5.20105e-169 2.17537e-067 71.7853
980 73 69.0274 3.14282 0.00937201 8.19734e-020 7.11991e-021 8.45267e-076 1.57557e-007 4.04776e-042 1.98249e-167 8.06998e-067 72.1796
981 72.9 69.1319 3.38446 0.00710486 1.55449e-019 3.67412e-021 5.34513e-077 1.07791e-007 1.1603e-041 7.42923e-166 2.97734e-066 72.5235
982 72.9 69.1706 3.64142 0.00536164 2.93506e-019 1.88779e-021 3.30836e-078 7.34758e-008 3.30738e-041 2.7371e-164 1.09245e-065 72.8173
983 72.9 69.1431 3.91437 0.00402773 5.51778e-019 9.65767e-022 2.00428e-079 4.9903e-008 9.37465e-041 9.914e-163 3.98652e-065 73.0615
984 72.8 69.0496 4.20402 0.00301192 1.03283e-018 4.91939e-022 1.18849e-080 3.37698e-008 2.64232e-040 3.53038e-161 1.44678e-064 73.2567
985 72.6 68.8904 4.51105 0.00224205 1.9249e-018 2.495e-022 6.89801e-082 2.27694e-008 7.40581e-040 1.23596e-159 5.22188e-064 73.4037
986 72.3 68.666 4.83617 0.00166138 3.57194e-018 1.25994e-022 3.91871e-083 1.52965e-008 2.06404e-039 4.25406e-158 1.87443e-063 73.5038
987 72.1 68.3769 5.18007 0.00122549 6.5996e-018 6.33505e-023 2.17898e-084 1.02389e-008 5.72035e-039 1.43951e-156 6.69158e-063 73.5582
988 71.9 68.024 5.54345 0.000899859 1.21408e-017 3.17154e-023 1.18591e-085 6.82865e-009 1.57647e-038 4.78893e-155 2.37578e-062 73.5684
989 71.7 67.6083 5.92701 0.000657744 2.22378e-017 1.58092e-023 6.31749e-087 4.53769e-009 4.32022e-038 1.5663e-153 8.38879e-062 73.536
990 71.6 67.131 6.33142 0.000478586 4.0556e-017 7.84639e-024 3.29402e-088 3.00438e-009 1.17729e-037 5.03646e-152 2.94585e-061 73.4629
991 71.3 66.5934 6.75737 0.000346643 7.36433e-017 3.87748e-024 1.68112e-089 1.98196e-009 3.19023e-037 1.59216e-150 1.02882e-060 73.3511
992 71 65.997 7.20552 0.000249934 1.33146e-016 1.90788e-024 8.39777e-091 1.30273e-009 8.59642e-037 4.94838e-149 3.57342e-060 73.2028
993 70.7 65.3435 7.67649 0.000179386 2.39685e-016 9.34697e-025 4.106e-092 8.53166e-010 2.30341e-036 1.512e-147 1.23437e-059 73.0202
994 70.4 64.6347 8.17093 0.000128166 4.29604e-016 4.55944e-025 1.96501e-093 5.56714e-010 6.13738e-036 4.54207e-146 4.24059e-059 72.8058
995 70.3 63.8725 8.68941 9.11539e-005 7.66678e-016 2.21448e-025 9.20454e-095 3.61952e-010 1.62612e-035 1.34143e-144 1.44885e-058 72.562
996 70 63.0591 9.23251 6.45355e-005 1.3623e-015 1.07091e-025 4.22017e-096 2.34471e-010 4.28431e-035 3.8949e-143 4.92308e-058 72.2917
997 69.9 62.1965 9.80077 4.54822e-005 2.41019e-015 5.15648e-026 1.89386e-097 1.51337e-010 1.12245e-034 1.11182e-141 1.66367e-057 71.9973
998 69.6 61.2872 10.3947 3.19084e-005 4.24567e-015 2.47215e-026 8.31874e-099 9.73248e-011 2.92424e-034 3.12025e-140 5.59135e-057 71.6819
999 69.5 60.3335 11.0147 2.22837e-005 7.44657e-015 1.18009e-026 3.5765e-100 6.23621e-011 7.57557e-034 8.60907e-139 1.86888e-056 71.3482
1000 69.3 59.3379 11.6612 1.54914e-005 1.30042e-014 5.60888e-027 1.50505e-101 3.98141e-011 1.95153e-033 2.33526e-137 6.21247e-056 70.9991
1001 69.1 58.303 12.3347 1.07205e-005 2.26114e-014 2.65434e-027 6.19914e-103 2.53264e-011 4.99914e-033 6.22771e-136 2.05383e-055 70.6376
1002 69.1 57.2314 13.0353 7.38513e-006 3.91459e-014 1.25072e-027 2.49922e-104 1.6052e-011 1.27342e-032 1.6328e-134 6.75275e-055 70.2667
1003 68.8 56.1259 13.7634 5.06433e-006 6.74782e-014 5.86786e-028 9.86209e-106 1.01369e-011 3.22559e-032 4.20874e-133 2.20808e-054 69.8893
1004 68.5 54.9892 14.5191 3.45705e-006 1.15813e-013 2.74108e-028 3.80911e-107 6.37823e-012 8.12461e-032 1.06655e-131 7.18069e-054 69.5082
1005 68.2 53.824 15.3026 2.34914e-006 1.97909e-013 1.27492e-028 1.44002e-108 3.99866e-012 2.03495e-031 2.65722e-130 2.32239e-053 69.1266
1006 68 52.6332 16.1139 1.58903e-006 3.36737e-013 5.90425e-029 5.32852e-110 2.49775e-012 5.06833e-031 6.50855e-129 7.46999e-053 68.7471
1007 67.9 51.4197 16.953 1.06998e-006 5.70471e-013 2.72249e-029 1.9299e-111 1.55455e-012 1.25526e-030 1.56731e-127 2.38959e-052 68.3727
1008 67.7 50.1861 17.8198 7.17199e-007 9.62259e-013 1.24994e-029 6.84152e-113 9.64001e-013 3.09144e-030 3.71055e-126 7.60226e-052 68.0059
1009 67.7 48.9354 18.7142 4.78546e-007 1.6161e-012 5.71388e-030 2.3739e-114 5.95622e-013 7.57086e-030 8.63642e-125 2.40536e-051 67.6495
1010 67.6 47.6702 19.6358 3.17854e-007 2.70246e-012 2.60072e-030 8.06236e-116 3.66677e-013 1.84369e-029 1.97626e-123 7.56892e-051 67.306
1011 67.4 46.3934 20.5844 2.1016e-007 4.49953e-012 1.17862e-030 2.68011e-117 2.24914e-013 4.46468e-029 4.44596e-122 2.36867e-050 66.9778
1012 67.2 45.1077 21.5594 1.38323e-007 7.45919e-012 5.31836e-031 8.72038e-119 1.37458e-013 1.0751e-028 9.83332e-121 7.37214e-050 66.6671
1013 67.1 43.8158 22.5604 9.06272e-008 1.23121e-011 2.38946e-031 2.77721e-120 8.3703e-014 2.57435e-028 2.1382e-119 2.28191e-049 66.3762
1014 67 42.5202 23.5867 5.91075e-008 2.02344e-011 1.06891e-031 8.6571e-122 5.07847e-014 6.12976e-028 4.57098e-118 7.0246e-049 66.1069
1015 67 41.2235 24.6376 3.83748e-008 3.31104e-011 4.76108e-032 2.64136e-123 3.07004e-014 1.45137e-027 9.60689e-117 2.15061e-048 65.8611
1016 67 39.9282 25.7123 2.48011e-008 5.39455e-011 2.11149e-032 7.88811e-125 1.84916e-014 3.4172e-027 1.98504e-115 6.54815e-048 65.6405
1017 67 38.6366 26.8098 1.59556e-008 8.75109e-011 9.32377e-033 2.30574e-126 1.10975e-014 8.00057e-027 4.03246e-114 1.98286e-047 65.4464
1018 67 37.3512 27.9291 1.02183e-008 1.41347e-010 4.09935e-033 6.59686e-128 6.63584e-015 1.86264e-026 8.05346e-113 5.97151e-047 65.2802
1019 67 36.074 29.069 6.51422e-009 2.27314e-010 1.79456e-033 1.84738e-129 3.95354e-015 4.31218e-026 1.58128e-111 1.78852e-046 65.143
1020 67 34.8072 30.2283 4.13397e-009 3.63983e-010 7.82206e-034 5.06366e-131 2.3469e-015 9.9271e-026 3.05244e-110 5.32744e-046 65.0355
1021 67.1 33.5528 31.4057 2.61151e-009 5.80303e-010 3.39472e-034 1.35852e-132 1.38811e-015 2.27251e-025 5.79293e-109 1.5782e-045 64.9586
1022 67.1 32.3128 32.5998 1.64223e-009 9.21179e-010 1.46693e-034 3.56744e-134 8.18038e-016 5.17306e-025 1.08084e-107 4.64966e-045 64.9125
1023 67.1 31.0888 33.8089 1.02802e-009 1.45596e-009 6.31149e-035 9.16934e-136 4.80333e-016 1.17098e-024 1.98263e-106 1.36238e-044 64.8977
1024 67.2 29.8827 35.0314 6.40596e-010 2.29125e-009 2.70381e-035 2.30681e-137 2.81015e-016 2.63576e-024 3.57546e-105 3.97002e-044 64.9141
1025 67.2 28.6959 36.2656 3.97364e-010 3.59013e-009 1.15329e-035 5.68035e-139 1.63809e-016 5.8996e-024 6.33921e-104 1.15055e-043 64.9615
1026 67.2 27.5299 37.5096 2.45365e-010 5.601e-009 4.89805e-036 1.36908e-140 9.51405e-017 1.3131e-023 1.10497e-102 3.31614e-043 65.0396
1027 67.1 26.3861 38.7616 1.50819e-010 8.70036e-009 2.07122e-036 3.2298e-142 5.5057e-017 2.90623e-023 1.89357e-101 9.50558e-043 65.1477
1028 66.8 25.2657 40.0194 9.2283e-011 1.34563e-008 8.7207e-037 7.45782e-144 3.17453e-017 6.39618e-023 3.19024e-100 2.70983e-042 65.2851
1029 66.7 24.1697 41.281 5.62091e-011 2.07219e-008 3.65591e-037 1.68554e-145 1.82375e-017 1.39981e-022 5.2842e-099 7.68284e-042 65.4507
1030 66.7 23.0992 42.5442 3.40809e-011 3.17725e-008 1.52602e-037 3.7287e-147 1.04393e-017 3.04633e-022 8.60493e-098 2.1663e-041 65.6434
1031 66.6 22.0551 43.8068 2.05701e-011 4.85053e-008 6.34227e-038 8.07359e-149 5.95384e-018 6.5924e-022 1.37762e-096 6.07482e-041 65.8619
1032 66.6 21.038 45.0664 1.23589e-011 7.37298e-008 2.62452e-038 1.71107e-150 3.38332e-018 1.41862e-021 2.16832e-095 1.6942e-040 66.1044
1033 66.6 20.0486 46.3207 7.39171e-012 1.11587e-007 1.08137e-038 3.54942e-152 1.91561e-018 3.03563e-021 3.35529e-094 4.69909e-040 66.3694
1034 66.7 19.0876 47.5673 4.40078e-012 1.68151e-007 4.43628e-039 7.20675e-154 1.08067e-018 6.45936e-021 5.10447e-093 1.29622e-039 66.6548
1035 66.7 18.1552 48.8036 2.60816e-012 2.52292e-007 1.81211e-039 1.43223e-155 6.07431e-019 1.36675e-020 7.63456e-092 3.556e-039 66.9588
1036 66.9 17.2519 50.0271 1.53872e-012 3.76898e-007 7.37002e-040 2.78597e-157 3.40189e-019 2.87571e-020 1.12261e-090 9.70203e-039 67.2791
1037 67.4 16.3779 51.2354 9.03658e-013 5.60609e-007 2.98452e-040 5.30433e-159 1.8983e-019 6.01672e-020 1.62289e-089 2.63257e-038 67.6133
1038 67.7 15.5334 52.4259 5.28286e-013 8.30257e-007 1.20337e-040 9.88499e-161 1.05543e-019 1.25179e-019 2.30654e-088 7.10418e-038 67.9592
1039 67.9 14.7183 53.5959 3.07436e-013 1.22428e-006 4.83108e-041 1.80307e-162 5.8467e-020 2.58979e-019 3.2229e-087 1.90663e-037 68.3141
1040 68.3 13.9326 54.7429 1.78098e-013 1.7975e-006 1.93112e-041 3.21914e-164 3.2271e-020 5.32788e-019 4.42736e-086 5.08903e-037 68.6755
1041 68.3 13.1763 55.8644 1.02703e-013 2.62767e-006 7.68591e-042 5.62546e-166 1.77474e-020 1.08994e-018 5.97937e-085 1.35089e-036 69.0407
1042 68.3 12.4492 56.9577 5.89562e-014 3.82462e-006 3.0458e-042 9.62204e-168 9.72472e-021 2.21722e-018 7.93925e-084 3.56635e-036 69.4069
1043 68.2 11.7509 58.0204 3.36895e-014 5.54273e-006 1.20179e-042 1.6109e-169 5.30931e-021 4.4851e-018 1.03637e-082 9.36362e-036 69.7714
1044 68.2 11.0812 59.05 1.91637e-014 7.99789e-006 4.72142e-043 2.63972e-171 2.88815e-021 9.02183e-018 1.33005e-081 2.44501e-035 70.1313
1045 68.4 10.4398 60.044 1.08514e-014 1.14906e-005 1.84688e-043 4.23389e-173 1.56538e-021 1.80458e-017 1.67814e-080 6.34945e-035 70.4837
1046 68.7 9.82601 61 6.1166e-015 1.64372e-005 7.19325e-044 6.6468e-175 8.45358e-022 3.58934e-017 2.08164e-079 1.63986e-034 70.826
1047 69.1 9.23951 61.9156 3.43206e-015 2.34115e-005 2.78953e-044 1.02135e-176 4.54863e-022 7.09923e-017 2.5386e-078 4.21208e-034 71.1552
1048 69.5 8.67972 62.7887 1.91699e-015 3.32007e-005 1.0771e-044 1.53614e-178 2.4386e-022 1.39626e-016 3.04366e-077 1.07598e-033 71.4685
1049 70 8.14606 63.6171 1.06587e-015 4.68793e-005 4.14099e-045 2.26139e-180 1.30263e-022 2.73074e-016 3.58765e-076 2.73354e-033 71.7632
1050 70.5 7.63791 64.3986 5.89945e-016 6.5907e-005 1.58515e-045 3.25846e-182 6.93296e-023 5.3107e-016 4.15756e-075 6.90663e-033 72.0365
1051 70.9 7.15462 65.1313 3.2504e-016 9.22568e-005 6.04167e-046 4.59557e-184 3.67653e-023 1.02703e-015 4.73673e-074 1.7355e-032 72.286
1052 71.3 6.69551 65.8132 1.78272e-016 0.000128582 2.29279e-046 6.34392e-186 1.94257e-023 1.97501e-015 5.30558e-073 4.33709e-032 72.5089
1053 71.6 6.25988 66.4428 9.73303e-017 0.000178436 8.66345e-047 8.5717e-188 1.02267e-023 3.77673e-015 5.84251e-072 1.07793e-031 72.7028
1054 71.5 5.847 67.0182 5.28973e-017 0.000246546 3.2594e-047 1.13362e-189 5.36428e-024 7.1816e-015 6.32527e-071 2.6644e-031 72.8654
1055 71.4 5.45614 67.538 2.8618e-017 0.00033918 1.22097e-047 1.46743e-191 2.80355e-024 1.35795e-014 6.73242e-070 6.54975e-031 72.9945
1056 71.3 5.08655 68.0009 1.54122e-017 0.000464601 4.55399e-048 1.85926e-193 1.45991e-024 2.55332e-014 7.04493e-069 1.60128e-030 73.0879
1057 71.3 4.73746 68.4056 8.26249e-018 0.000633645 1.69122e-048 2.30575e-195 7.57464e-025 4.77402e-014 7.24762e-068 3.8934e-030 73.1437
1058 71.4 4.40811 68.751 4.40937e-018 0.000860455 6.25356e-049 2.79882e-197 3.91578e-025 8.87609e-014 7.33038e-067 9.41469e-030 73.16
1059 71.7 4.09775 69.0362 2.34241e-018 0.00116339 2.30237e-049 3.32529e-199 2.01695e-025 1.64103e-013 7.28905e-066 2.26413e-029 73.1351
1060 72 3.8056 69.2605 1.23871e-018 0.00156618 8.44e-050 3.86701e-201 1.03512e-025 3.01697e-013 7.12572e-065 5.41518e-029 73.0677
1061 72.4 3.5309 69.4233 6.5207e-019 0.00209929 3.08056e-050 4.40161e-203 5.29304e-026 5.51548e-013 6.84855e-064 1.28808e-028 72.9563
1062 72.5 3.27291 69.524 3.41696e-019 0.0028017 1.11954e-050 4.90386e-205 2.69674e-026 1.00266e-012 6.47116e-063 3.04711e-028 72.7997
1063 72.7 3.03086 69.5625 1.7824e-019 0.00372294 4.05103e-051 5.34757e-207 1.36897e-026 1.81252e-012 6.01144e-062 7.16888e-028 72.5971
1064 72.8 2.80404 69.5387 9.25534e-020 0.00492569 1.45953e-051 5.70775e-209 6.92418e-027 3.25813e-012 5.49019e-061 1.67738e-027 72.3477
1065 72.9 2.59172 69.4526 4.78408e-020 0.0064888 5.23579e-052 5.963e-211 3.48949e-027 5.8239e-012 4.92958e-060 3.90328e-027 72.0508
1066 72.9 2.39318 69.3044 2.46164e-020 0.00851096 1.87012e-052 6.09755e-213 1.75217e-027 1.03518e-011 4.35156e-059 9.03326e-027 71.7061
1067 72.9 2.20774 69.0945 1.26087e-020 0.011115 6.65088e-053 6.10291e-215 8.76614e-028 1.82969e-011 3.77653e-058 2.0791e-026 71.3134
1068 72.5 2.03473 68.8236 6.4289e-021 0.0144529 2.35509e-053 5.97874e-217 4.36979e-028 3.21587e-011 3.22221e-057 4.75911e-026 70.8727
1069 72 1.87348 68.4922 3.26305e-021 0.018712 8.3034e-054 5.73288e-219 2.17037e-028 5.62051e-011 2.70289e-056 1.08341e-025 70.3844
1070 71.4 1.72337 68.1014 1.64865e-021 0.0241212 2.91491e-054 5.38056e-221 1.07405e-028 9.76813e-011 2.22903e-055 2.45287e-025 69.8489
1071 71.2 1.58377 67.6521 8.29193e-022 0.0309596 1.01886e-054 4.9428e-223 5.29587e-029 1.68813e-010 1.80724e-054 5.52301e-025 69.2669
1072 70.4 1.45409 67.1456 4.15147e-022 0.0395647 3.54587e-055 4.44436e-225 2.60177e-029 2.90107e-010 1.44055e-053 1.23678e-024 68.6392
1073 69.2 1.33375 66.5831 2.06904e-022 0.0503428 1.22872e-055 3.91143e-227 1.27356e-029 4.95757e-010 1.1289e-052 2.75441e-024 67.9672
1074 67.8 1.2222 65.9662 1.02649e-022 0.0637798 4.23937e-056 3.36941e-229 6.2114e-030 8.42438e-010 8.69748e-052 6.10071e-024 67.2522
1075 66.7 1.11891 65.2964 5.06946e-023 0.0804536 1.45636e-056 2.84094e-231 3.01842e-030 1.42352e-009 6.58787e-051 1.34385e-023 66.4958
1076 66.3 1.02337 64.5755 2.49223e-023 0.101047 4.98149e-057 2.34456e-233 1.46147e-030 2.39194e-009 4.9058e-050 2.94399e-023 65.6999
1077 66.3 0.935101 63.8053 1.21965e-023 0.126363 1.69656e-057 1.89388e-235 7.05049e-031 3.99663e-009 3.5916e-049 6.41416e-023 64.8668
1078 66.2 0.853625 62.9878 5.94157e-024 0.157337 5.75306e-058 1.49739e-237 3.38898e-031 6.64042e-009 2.58511e-048 1.38983e-022 63.9987
1079 65.8 0.778505 62.125 2.8813e-024 0.195056 1.94244e-058 1.15879e-239 1.62307e-031 1.09712e-008 1.82929e-047 2.99501e-022 63.0986
1080 64.9 0.709317 61.2192 1.3909e-024 0.240771 6.53008e-059 8.77748e-242 7.74508e-032 1.80249e-008 1.27262e-046 6.41879e-022 62.1693
1081 63.8 0.645661 60.2725 6.68377e-025 0.295913 2.18579e-059 6.50765e-244 3.68242e-032 2.94476e-008 8.7042e-046 1.36812e-021 61.214
1082 62.7 0.587156 59.2872 3.19719e-025 0.362111 7.28481e-060 4.72247e-246 1.74446e-032 4.78393e-008 5.8529e-045 2.90011e-021 60.2365
1083 61.6 0.533443 58.2658 1.52242e-025 0.441201 2.4174e-060 3.35432e-248 8.23396e-033 7.72818e-008 3.86925e-044 6.11394e-021 59.2405
1084 60.4 0.48418 57.2107 7.21642e-026 0.535238 7.98728e-061 2.33202e-250 3.87236e-033 1.24145e-007 2.51475e-043 1.28187e-020 58.2301
1085 59 0.439047 56.1243 3.40509e-026 0.646507 2.62766e-061 1.5869e-252 1.81452e-033 1.98307e-007 1.60686e-042 2.67292e-020 57.2099
1086 57.4 0.397741 55.0092 1.59939e-026 0.777529 8.60716e-062 1.05696e-254 8.47167e-034 3.14996e-007 1.00942e-041 5.54298e-020 56.1845
1087 55.9 0.359977 53.868 7.4783e-027 0.931058 2.80718e-062 6.89062e-257 3.9409e-034 4.97543e-007 6.23417e-041 1.14319e-019 55.159
1088 54.3 0.325488 52.7032 3.48073e-027 1.11008 9.11593e-063 4.39692e-259 1.82659e-034 7.81474e-007 3.78529e-040 2.34483e-019 54.1387
1089 52.8 0.294022 51.5173 1.61271e-027 1.31779 2.94749e-063 2.74619e-261 8.43541e-035 1.22055e-006 2.25961e-039 4.78321e-019 53.1291
1090 51.3 0.265344 50.313 7.43813e-028 1.5576 9.48905e-064 1.67881e-263 3.88142e-035 1.89564e-006 1.32611e-038 9.7039e-019 52.1359
1091 49.9 0.239234 49.0928 3.415e-028 1.83308 3.04168e-064 1.00454e-265 1.77949e-035 2.92762e-006 7.65136e-038 1.9579e-018 51.1651
1092 48.5 0.215488 47.8592 1.56077e-028 2.14794 9.70789e-065 5.88328e-268 8.12868e-036 4.49606e-006 4.34021e-037 3.92872e-018 50.2227
1093 47.3 0.193914 46.6149 7.10077e-029 2.506 3.08501e-065 3.3726e-270 3.69968e-036 6.86605e-006 2.42045e-036 7.84023e-018 49.3148
1094 46.2 0.174332 45.3622 3.21583e-029 2.9111 9.7613e-066 1.89234e-272 1.67775e-036 1.04265e-005 1.32707e-035 1.55605e-017 48.4476
1095 45.3 0.156579 44.1036 1.44977e-029 3.36704 3.07524e-066 1.03927e-274 7.58072e-037 1.57446e-005 7.15328e-035 3.0714e-017 47.6272
1096 44.4 0.140499 42.8415 6.5062e-030 3.87754 9.64652e-067 5.58656e-277 3.41282e-037 2.36418e-005 3.79079e-034 6.02929e-017 46.8596
1097 43.8 0.12595 41.5782 2.90653e-030 4.44612 3.01288e-067 2.93936e-279 1.53086e-037 3.53011e-005 1.975e-033 1.1771e-016 46.1503
1098 43.2 0.1128 40.316 1.29254e-030 5.076 9.36945e-068 1.51375e-281 6.84192e-038 5.24149e-005 1.01162e-032 2.28547e-016 45.5049
1099 42.8 0.100926 39.0571 5.72177e-031 5.77005 2.90112e-068 7.63033e-284 3.04677e-038 7.73889e-005 5.09424e-032 4.41324e-016 44.9282
1100 42.6 0.0902161 37.8036 2.52138e-031 6.53061 8.94413e-069 3.76465e-286 1.35183e-038 0.000113622 2.52206e-031 8.47531e-016 44.4246
1101 42.5 0.0805656 36.5576 1.10603e-031 7.35942 2.74556e-069 1.81801e-288 5.97616e-039 0.000165883 1.22757e-030 1.61872e-015 43.9977
1102 42.5 0.0718787 35.3209 4.82962e-032 8.25754 8.39156e-070 8.5933e-291 2.63234e-039 0.000240824 5.87417e-030 3.0747e-015 43.6505
1103 42.7 0.0640672 34.0955 2.09933e-032 9.22516 2.55373e-070 3.9757e-293 1.15527e-039 0.000347662 2.76351e-029 5.80835e-015 43.385
1104 42.9 0.05705 32.883 9.08382e-033 10.2616 7.73797e-071 1.80036e-295 5.05176e-040 0.000499083 1.27817e-028 1.09124e-014 43.2022
1105 43.3 0.050753 31.6853 3.9127e-033 11.365 2.33453e-071 7.97984e-298 2.20101e-040 0.000712437 5.81206e-028 2.03893e-014 43.1018
1106 43.6 0.0451079 30.5039 1.67766e-033 12.5327 7.01282e-072 3.46195e-300 9.55481e-041 0.0010113 2.59827e-027 3.78882e-014 43.0826
1107 44.1 0.0400524 29.3401 7.16064e-034 13.7604 2.09752e-072 1.47007e-302 4.13277e-041 0.00142747 1.14196e-026 7.002e-014 43.1421
1108 44.5 0.0355295 28.1955 3.04242e-034 15.0431 6.24652e-073 6.11008e-305 1.78106e-041 0.00200362 4.93436e-026 1.28694e-013 43.2762
1109 45 0.0314873 27.0713 1.28679e-034 16.3742 1.85221e-073 2.48569e-307 7.64782e-042 0.00279655 2.09616e-025 2.35239e-013 43.4798
1110 45.4 0.0278783 25.9686 5.41771e-035 17.7459 5.46845e-074 9.89776e-310 3.27202e-042 0.00388139 8.75445e-025 4.27641e-013 43.7463
1111 45.9 0.0246594 24.8884 2.27062e-035 19.1493 1.60752e-074 3.85761e-312 1.3948e-042 0.00535685 3.59458e-024 7.73155e-013 44.0678
1112 46.3 0.0217913 23.8319 9.47309e-036 20.5743 4.70512e-075 1.4716e-314 5.92421e-043 0.00735175 1.45104e-023 1.39018e-012 44.4353
1113 46.7 0.0192384 22.7997 3.93423e-036 22.0097 1.37121e-075 5.4948e-317 2.50708e-043 0.010033 5.75869e-023 2.48595e-012 44.8386
1114 46.9 0.0169684 21.7927 1.62648e-036 23.4433 3.97885e-076 2.00699e-319 1.05712e-043 0.0136153 2.24689e-022 4.4211e-012 45.2665
1115 47.1 0.0149519 20.8115 6.69354e-037 24.8622 1.14956e-076 6.96633e-322 4.4412e-044 0.0183731 8.6189e-022 7.81961e-012 45.707
1116 47.1 0.0131625 19.8567 2.74211e-037 26.2529 3.30693e-077 0 1.85907e-044 0.0246545 3.25039e-021 1.37549e-011 46.1473
1117 47.3 0.0115762 18.9286 1.11823e-037 27.6014 9.47195e-078 0 7.75374e-045 0.032898 1.20512e-020 2.40629e-011 46.5745
1118 47.3 0.0101713 18.0278 4.53943e-038 28.8935 2.7013e-078 0 3.22215e-045 0.0436515 4.3928e-020 4.18653e-011 46.9752
1119 47.4 0.00892838 17.1545 1.83438e-038 30.1153 7.67056e-079 0 1.33414e-045 0.0575954 1.57421e-019 7.244e-011 47.3364
1120 47.4 0.00782987 16.3089 7.379e-039 31.253 2.16871e-079 0 5.50396e-046 0.0755674 5.54624e-019 1.24658e-010 47.6452
1121 47.4 0.00685995 15.491 2.95479e-039 32.2932 6.10514e-080 0 2.2624e-046 0.0985914 1.92109e-018 2.13343e-010 47.8896
1122 47.3 0.00600445 14.701 1.17781e-039 33.2236 1.71124e-080 0 9.2658e-047 0.127909 6.54197e-018 3.63123e-010 48.0585
1123 47.3 0.00525061 13.9387 4.67351e-040 34.033 4.77579e-081 0 3.78109e-047 0.165015 2.1902e-017 6.14676e-010 48.142
1124 47.2 0.00458703 13.2042 1.846e-040 34.7112 1.32709e-081 0 1.53734e-047 0.211691 7.20892e-017 1.0348e-009 48.1316
1125 47.1 0.00400349 12.4971 7.25839e-041 35.2497 3.67176e-082 0 6.22791e-048 0.270048 2.33276e-016 1.73254e-009 48.0208
1126 46.7 0.00349085 11.8173 2.84099e-041 35.6416 1.01151e-082 0 2.51382e-048 0.34256 7.42136e-016 2.88488e-009 47.8049
1127 46.3 0.00304094 11.1645 1.10692e-041 35.8819 2.7745e-083 0 1.01099e-048 0.432107 2.32118e-015 4.77736e-009 47.4815
1128 45.9 0.00264649 10.5382 4.29325e-042 35.9675 7.57738e-084 0 4.05114e-049 0.542005 7.13754e-015 7.86804e-009 47.0504
1129 45.5 0.002301 9.93822 1.65758e-042 35.8973 2.06051e-084 0 1.61744e-049 0.676042 2.15775e-014 1.28873e-008 46.5139
1130 45 0.00199871 9.36397 6.37065e-043 35.6722 5.57891e-085 0 6.43428e-050 0.838499 6.41306e-014 2.0993e-008 45.8767
1131 44.6 0.00173447 8.815 2.43732e-043 35.2951 1.50399e-085 0 2.55029e-050 1.03416 1.87389e-013 3.40099e-008 45.146
1132 43.8 0.00150373 8.29077 9.28243e-044 34.7709 4.03702e-086 0 1.00716e-050 1.26834 5.38312e-013 5.47964e-008 44.3315
1133 43.1 0.00130244 7.79073 3.51909e-044 34.1062 1.07894e-086 0 3.96306e-051 1.54682 1.52033e-012 8.78044e-008 43.445
1134 42.4 0.00112702 7.31428 1.32807e-044 33.3094 2.87112e-087 0 1.55375e-051 1.87586 4.22139e-012 1.39926e-007 42.5007
1135 41.7 0.000974288 6.86082 4.98918e-045 32.3905 7.60725e-088 0 6.06944e-052 2.26214 1.15235e-011 2.21767e-007 41.5144
1136 40.9 0.000841453 6.42971 1.86577e-045 31.3606 2.00689e-088 0 2.36231e-052 2.71268 3.09263e-011 3.49552e-007 40.5038
1137 40.1 0.000726036 6.02028 6.94556e-046 30.2321 5.27157e-089 0 9.16107e-053 3.2347 8.15988e-011 5.47955e-007 39.4878
1138 39.2 0.000625851 5.63188 2.57381e-046 29.018 1.37872e-089 0 3.53976e-053 3.83556 2.11667e-010 8.54269e-007 38.4861
1139 38.2 0.000538975 5.26381 9.49435e-047 27.7322 3.59031e-090 0 1.36277e-053 4.52253 5.39801e-010 1.32453e-006 37.5191
1140 37.2 0.000463716 4.91539 3.48638e-047 26.3886 9.30912e-091 0 5.22744e-054 5.30265 1.35341e-009 2.04242e-006 36.6071
1141 36.3 0.000398584 4.58591 1.27439e-047 25.0015 2.40328e-091 0 1.99791e-054 6.18247 3.33608e-009 3.13219e-006 35.7703
1142 35.5 0.000342273 4.27469 4.63717e-048 23.5848 6.17763e-092 0 7.60821e-055 7.16786 8.08457e-009 4.77712e-006 35.0277
1143 34.9 0.000293637 3.98102 1.67966e-048 22.152 1.5811e-092 0 2.88675e-055 8.2637 1.92615e-008 7.24606e-006 34.3971
1144 34.3 0.000251672 3.7042 6.05637e-049 20.7163 4.02917e-093 0 1.09133e-055 9.47368 4.51167e-008 1.09309e-005 33.8944
1146 33.5 0.000184347 3.19835 7.76696e-050 17.8838 2.58279e-094 0 1.54279e-056 12.2428 2.35217e-007 2.44688e-005 33.3251
1147 33.5 0.000157549 2.96796 2.76249e-050 16.5085 6.4969e-095 0 5.76913e-057 13.8006 5.23545e-007 3.63092e-005 33.2773
1148 33.6 0.000134517 2.75169 9.7807e-051 15.173 1.62721e-095 0 2.14949e-057 15.4695 1.14565e-006 5.35844e-005 33.3944
1149 34 0.000114743 2.5489 3.44715e-051 13.8852 4.0579e-096 0 7.97957e-058 17.2429 2.4647e-006 7.8646e-005 33.6772
1150 34.4 9.77823e-005 2.35894 1.2094e-051 12.6517 1.00758e-096 0 2.9515e-058 19.1119 5.21301e-006 0.000114798 34.1228
1151 35 8.3249e-005 2.18118 4.22376e-052 11.4779 2.49101e-097 0 1.08774e-058 21.0647 1.08399e-005 0.00016665 34.7241
1152 35.4 7.08081e-005 2.015 1.46842e-052 10.368 6.13188e-098 0 3.9942e-059 23.0869 2.21603e-005 0.0002406 35.4702
1153 36.1 6.01688e-005 1.85982 5.08181e-053 9.32483 1.50291e-098 0 1.46134e-059 25.1613 4.45389e-005 0.000345464 36.3464
1154 36.8 5.10794e-005 1.71505 1.75069e-053 8.35034 3.66766e-099 0 5.32715e-060 27.2683 8.80066e-005 0.000493319 37.3343
1155 37.7 4.33216e-005 1.58013 6.00369e-054 7.44533 8.91184e-100 0 1.93489e-060 29.3861 0.000170964 0.000700598 38.4125
1156 38.7 3.6707e-005 1.45452 2.0495e-054 6.60968 2.15608e-100 0 7.00227e-061 31.4909 0.000326518 0.000989528 39.5564
1157 39.8 3.10726e-005 1.3377 6.96463e-055 5.84242 5.19379e-101 0 2.52488e-061 33.5572 0.000613086 0.00138996 40.7393
1158 40.9 2.6278e-005 1.22916 2.35596e-055 5.14188 1.24573e-101 0 9.07112e-062 35.5586 0.00113175 0.00194177 41.9327
1159 42.2 2.2202e-005 1.12841 7.93338e-056 4.50576 2.97496e-102 0 3.24714e-062 37.4681 0.00205395 0.00269778 43.107
1160 43.5 1.87403e-005 1.03499 2.65931e-056 3.93124 7.07391e-103 0 1.15814e-062 39.2587 0.00366475 0.00372765 44.2324
1161 44.8 1.58032e-005 0.948454 8.87358e-057 3.41514 1.67478e-103 0 4.11568e-063 40.9044 0.00642853 0.00512247 45.2795
1162 46.1 1.33137e-005 0.868375 2.94747e-057 2.95395 3.948e-104 0 1.45728e-063 42.3801 0.0110864 0.00700069 46.2205
1163 47.4 1.12057e-005 0.794344 9.74583e-058 2.54399 9.2665e-105 0 5.14116e-064 43.6628 0.0187968 0.00951524 47.0294
1164 48.3 9.42244e-006 0.725974 3.20781e-058 2.18144 2.16558e-105 0 1.80717e-064 44.7321 0.0313322 0.0128622 47.6837
1165 49.2 7.9154e-006 0.662893 1.05104e-058 1.86246 5.03911e-106 0 6.32934e-065 45.5707 0.0513463 0.0172913 48.1647
1166 49.8 6.64305e-006 0.604752 3.42807e-059 1.58325 1.16749e-106 0 2.2087e-065 46.1647 0.0827258 0.0231185 48.4586
1167 50.1 5.5699e-006 0.551215 1.11301e-059 1.34007 2.69322e-107 0 7.67952e-066 46.5043 0.131034 0.0307402 48.5573
1168 50.1 4.66565e-006 0.501968 3.59725e-060 1.12933 6.18603e-108 0 2.66043e-066 46.5837 0.204053 0.040651 48.4597
1169 49.6 3.90447e-006 0.45671 1.15734e-060 0.947612 1.41472e-108 0 9.18309e-067 46.4016 0.312402 0.053463 48.1718
1170 48.8 3.26435e-006 0.415161 3.70657e-061 0.791694 3.22145e-109 0 3.15824e-067 45.9611 0.470216 0.0699282 47.7081
1171 47.8 2.72657e-006 0.377054 1.18169e-061 0.658568 7.30383e-110 0 1.08224e-067 45.2695 0.695816 0.0909637 47.0919
1172 46.4 2.27522e-006 0.342137 3.75019e-062 0.545457 1.64881e-110 0 3.69503e-068 44.3384 1.01229 0.11768 46.3559
1173 45 1.89676e-006 0.310176 1.18474e-062 0.449818 3.70605e-111 0 1.257e-068 43.1829 1.44786 0.151409 45.5422
1174 43.5 1.57975e-006 0.280948 3.72575e-063 0.369342 8.29413e-112 0 4.26059e-069 41.8217 2.03593 0.19374 44.7017
1175 42.3 1.31446e-006 0.254246 1.16634e-063 0.301952 1.84821e-112 0 1.43888e-069 40.2764 2.81456 0.246549 43.8937
1176 41.4 1.09268e-006 0.229876 3.63459e-064 0.24579 4.10064e-113 0 4.84171e-070 38.5706 3.82535 0.312037 43.1837
1177 41 9.07453e-007 0.207656 1.12747e-064 0.199208 9.05883e-114 0 1.62328e-070 36.7301 5.11147 0.392758 42.6412
1178 41.1 7.52904e-007 0.187415 3.48159e-065 0.160755 1.99256e-114 0 5.4226e-071 34.7812 6.71481 0.491656 42.3359
1179 41.6 6.2408e-007 0.168996 1.07021e-065 0.129164 4.36388e-115 0 1.80485e-071 32.7511 8.67229 0.612089 42.3337
1180 42.7 5.16804e-007 0.15225 3.27476e-066 0.103331 9.51599e-116 0 5.98541e-072 30.6666 11.0115 0.757853 42.6915
1181 44.2 4.2756e-007 0.137041 9.97494e-067 0.0823075 2.06612e-116 0 1.97773e-072 28.5538 13.7459 0.933196 43.4522
1182 46.1 3.53389e-007 0.123241 3.02455e-067 0.0652775 4.46659e-117 0 6.51118e-073 26.4374 16.8699 1.14282 44.6387
1183 48.2 2.91805e-007 0.110731 9.12919e-068 0.0515472 9.61428e-118 0 2.13586e-073 24.3407 20.3547 1.39187 46.2496
1184 50.2 2.40724e-007 0.0994013 2.74299e-068 0.0405287 2.06053e-118 0 6.98077e-074 22.2846 24.1452 1.68593 48.2557
1185 52.2 1.98395e-007 0.0891512 8.20417e-069 0.0317275 4.39703e-119 0 2.27329e-074 20.2879 28.1584 2.03093 50.5981
1186 54.3 1.63353e-007 0.0798864 2.44268e-069 0.0247301 9.34245e-120 0 7.37609e-075 18.3664 32.2849 2.43315 53.1891
1187 56.3 1.34372e-007 0.0715202 7.23964e-070 0.0191926 1.97643e-120 0 2.38461e-075 16.5338 36.3918 2.89907 55.9153
1188 58.2 1.10427e-007 0.0639728 2.13594e-070 0.0148305 4.16317e-121 0 7.68117e-076 14.8005 40.3293 3.43532 58.6439
1189 60 9.06619e-008 0.0571706 6.27306e-071 0.0114103 8.73143e-122 0 2.46523e-076 13.1747 43.939 4.04848 61.2308
1190 61.6 7.43637e-008 0.0510459 1.83397e-071 0.00874083 1.82334e-122 0 7.88329e-077 11.6617 47.0645 4.74497 63.5309
1191 63.2 6.09372e-008 0.0455365 5.33731e-072 0.00666692 3.79114e-123 0 2.51175e-077 10.2646 49.562 5.53086 65.4097
1192 64.6 4.98872e-008 0.0405853 1.54623e-072 0.00506307 7.84859e-124 0 7.97381e-078 8.98421 51.3119 6.41164 66.7534
1193 65.8 4.08019e-008 0.0361401 4.45908e-073 0.00382842 1.61783e-124 0 2.52217e-078 7.81945 52.2276 7.39201 67.479
1194 66.5 3.33394e-008 0.0321528 1.28008e-073 0.00288232 3.32044e-125 0 7.94882e-079 6.76754 52.2631 8.47566 67.5413
1195 66.9 2.72157e-008 0.0285799 3.65804e-074 0.00216063 6.78545e-126 0 2.49604e-079 5.8243 51.4165 9.66498 66.9365
1196 66.8 2.21955e-008 0.0253812 1.04059e-074 0.00161263 1.38064e-126 0 7.80941e-080 4.98442 49.7306 10.9609 65.7029
1197 65.7 1.80841e-008 0.0225203 2.94667e-075 0.00119841 2.79707e-127 0 2.43448e-080 4.24173 47.2887 12.3626 63.9167
1198 63.9 1.47202e-008 0.019964 8.30622e-076 0.000886738 5.64217e-128 0 7.56158e-081 3.58947 44.2083 13.8672 61.6858
1199 61.4 1.19706e-008 0.017682 2.33075e-076 0.00065328 1.13321e-128 0 2.34013e-081 3.02048 40.6315 15.4698 59.1401
1200 58.5 9.7253e-009 0.0156468 6.51039e-077 0.000479204 2.26617e-129 0 7.21582e-082 2.52744 36.7144 17.1632 56.4211
1201 55.1 7.8936e-009 0.0138334 1.81025e-077 0.000349992 4.51227e-130 0 2.21693e-082 2.10301 32.6153 18.9377 53.6703
1202 51.6 6.40077e-009 0.0122193 5.01061e-078 0.000254514 8.94578e-131 0 6.78636e-083 1.74005 28.4853 20.7815 51.0193
1203 48.2 5.18531e-009 0.0107838 1.38058e-078 0.000184282 1.76588e-131 0 2.06986e-083 1.43166 24.4586 22.6799 48.5811
1204 45.1 4.19664e-009 0.0095084 3.78665e-079 0.000132852 3.47076e-132 0 6.29023e-084 1.17132 20.647 24.6163 46.4443
1205 42.8 3.39324e-009 0.00837635 1.03387e-079 9.53613e-005 6.79217e-133 0 1.90463e-084 0.952954 17.1354 26.5719 44.6687
1206 41.2 2.74102e-009 0.00737246 2.80995e-080 6.81541e-005 1.32346e-133 0 5.74613e-085 0.770948 13.9812 28.5259 43.2855
1207 40.6 2.21204e-009 0.00648307 7.6024e-081 4.84985e-005 2.56765e-134 0 1.72727e-085 0.620207 11.2152 30.456 42.298
1208 40.5 1.78345e-009 0.00569587 2.0475e-081 3.43622e-005 4.95997e-135 0 5.17324e-086 0.496142 8.84471 32.3388 41.6854
1209 40.9 1.43653e-009 0.00499976 5.48928e-082 2.4241e-005 9.53989e-136 0 1.54378e-086 0.394669 6.85761 34.1501 41.4074
1210 41.6 1.15598e-009 0.0043848 1.46496e-082 1.70269e-005 1.82695e-136 0 4.59017e-087 0.31219 5.22727 35.8655 41.4094
1211 42.4 9.2934e-010 0.00384203 3.89188e-083 1.1908e-005 3.48363e-137 0 1.35985e-087 0.245563 3.91733 37.461 41.6278
1212 43.1 7.46418e-010 0.00336343 1.02923e-083 8.29194e-006 6.61387e-138 0 4.01396e-088 0.192073 2.88615 38.9134 41.995
1213 43.9 5.98929e-010 0.00294181 2.70947e-084 5.74899e-006 1.25026e-138 0 1.18052e-088 0.149392 2.09055 40.2009 42.4438
1214 44.4 4.80124e-010 0.00257073 7.1003e-085 3.96865e-006 2.35323e-139 0 3.45936e-089 0.115543 1.48872 41.3037 42.9106
1215 44.8 3.84517e-010 0.00224445 1.8522e-085 2.72779e-006 4.41011e-140 0 1.01004e-089 0.0888632 1.04227 42.2046 43.338
1216 44.8 3.07655e-010 0.00195782 4.80974e-086 1.86679e-006 8.22913e-141 0 2.93831e-090 0.0679606 0.7174 42.8892 43.6766
1217 44.5 2.45922e-010 0.00170627 1.24329e-086 1.27203e-006 1.5289e-141 0 8.51682e-091 0.0516833 0.485461 43.3465 43.8853
1218 44 1.96388e-010 0.00148571 3.19924e-087 8.63005e-007 2.82829e-142 0 2.45967e-091 0.0390843 0.322969 43.5688 43.9324
1219 43.6 1.56682e-010 0.0012925 8.19481e-088 5.82972e-007 5.20941e-143 0 7.07778e-092 0.0293908 0.211242 43.5527 43.7947
1220 43.1 1.24884e-010 0.0011234 2.08954e-088 3.92101e-007 9.55375e-144 0 2.02925e-092 0.0219776 0.135835 43.2984 43.4574
1221 42.4 9.94444e-011 0.000975556 5.30377e-089 2.62582e-007 1.74453e-144 0 5.79689e-093 0.016342 0.0858729 42.8101 42.9133
1222 41.5 7.91113e-011 0.000846408 1.3401e-089 1.75084e-007 3.17179e-145 0 1.64996e-093 0.0120834 0.0533721 42.0956 42.1619
1223 40.4 6.28756e-011 0.000733699 3.37062e-090 1.16238e-007 5.74182e-146 0 4.6792e-094 0.00888451 0.0326126 41.1666 41.2089
1224 39.1 4.99242e-011 0.000635429 8.43923e-091 7.68358e-008 1.03494e-146 0 1.32218e-094 0.00649582 0.0195915 40.0378 40.0646
1225 37.7 3.96027e-011 0.000549827 2.10337e-091 5.05704e-008 1.85738e-147 0 3.72243e-095 0.00472273 0.0115709 38.7269 38.7438
1226 36.3 3.13851e-011 0.000475331 5.21853e-092 3.31395e-008 3.319e-148 0 1.0442e-095 0.00341437 0.00671854 37.254 37.2646
1227 34.9 2.48489e-011 0.00041056 1.28885e-092 2.16228e-008 5.90517e-149 0 2.91851e-096 0.00245463 0.00383529 35.641 35.6477
1228 33.7 1.96551e-011 0.000354297 3.16865e-093 1.40473e-008 1.04611e-149 0 8.1275e-097 0.00175477 0.00215245 33.9112 33.9155
1229 32.9 1.55321e-011 0.000305471 7.75474e-094 9.0864e-009 1.84521e-150 0 2.25514e-097 0.00124742 0.00118763 32.0889 32.0916
1230 32.5 1.22622e-011 0.000263137 1.88921e-094 5.85203e-009 3.24064e-151 0 6.2346e-098 0.000881783 0.000644234 30.1983 30.2001
