816 38.3 0.000142458 4.73911e-011 3.30216e-087 1.81606e-009 0.0449843 0.000183473 36.1696 1.35285e-158 6.08959e-191 0 36.2149
817 38.7 0.000166654 5.94332e-011 1.20692e-086 2.86864e-009 0.056623 0.000359208 37.9404 1.09153e-157 5.4454e-190 0 37.9976
818 39.4 0.000194776 7.44669e-011 4.3929e-086 4.51124e-009 0.0710017 0.000690073 39.6208 8.75472e-157 4.84291e-189 0 39.6926
819 40.4 0.000227428 9.32177e-011 1.59228e-085 7.06297e-009 0.0886929 0.00130083 41.1913 6.98012e-156 4.2837e-188 0 41.2815
820 41.7 0.000265304 1.16583e-010 5.74758e-085 1.10091e-008 0.11037 0.00240613 42.6335 5.53221e-155 3.76848e-187 0 42.7465
821 43.2 0.000309195 1.45671e-010 2.06607e-084 1.70839e-008 0.136823 0.00436711 43.9297 4.35864e-154 3.29722e-186 0 44.0712
822 44.5 0.000360007 1.81849e-010 7.39606e-084 2.63933e-008 0.168971 0.0077776 45.0638 3.41365e-153 2.86923e-185 0 45.2409
823 45.7 0.000418774 2.26804e-010 2.63664e-083 4.05952e-008 0.207878 0.0135916 46.0213 2.65768e-152 2.48323e-184 0 46.2432
824 46.7 0.000486674 2.82613e-010 9.36044e-083 6.21622e-008 0.254769 0.0233063 46.7899 2.05684e-151 2.1375e-183 0 47.0685
825 47.6 0.00056505 3.51832e-010 3.30931e-082 9.47655e-008 0.31105 0.0392149 47.3596 1.5824e-150 1.8299e-182 0 47.7105
826 48.1 0.000655429 4.37602e-010 1.16513e-081 1.43829e-007 0.378319 0.0647447 47.7228 1.21017e-149 1.55806e-181 0 48.1666
827 48.5 0.000759547 5.43781e-010 4.08512e-081 2.17327e-007 0.458384 0.10489 47.8747 9.2001e-149 1.3194e-180 0 48.4388
828 48.6 0.000879374 6.75104e-010 1.42637e-080 3.2693e-007 0.55328 0.166739 47.8133 6.95271e-148 1.11123e-179 0 48.5342
829 48.6 0.00101714 8.37371e-010 4.95968e-080 4.89629e-007 0.66528 0.260086 47.5393 5.22314e-147 9.30827e-179 0 48.4657
830 48.5 0.00117539 1.03769e-009 1.7174e-079 7.30048e-007 0.796907 0.398082 47.0565 3.90054e-146 7.75473e-178 0 48.2526
831 48.4 0.00135697 1.28474e-009 5.9222e-079 1.0837e-006 0.950943 0.597865 46.3712 2.89557e-145 6.42539e-177 0 47.9213
832 48.4 0.00156512 1.58916e-009 2.03372e-078 1.60154e-006 1.13044 0.881067 45.4924 2.13677e-144 5.29502e-176 0 47.5054
833 48.1 0.00180351 1.9639e-009 6.95494e-078 2.35634e-006 1.33869 1.27406 44.4316 1.56747e-143 4.33981e-175 0 47.0461
834 47.7 0.00207624 2.42479e-009 2.3686e-077 3.45152e-006 1.57928 1.80779 43.2023 1.14302e-142 3.53761e-174 0 46.5914
835 47.2 0.00238795 2.99109e-009 8.03313e-077 5.03333e-006 1.85602 2.51699 41.82 8.28565e-142 2.86802e-173 0 46.1954
836 46.7 0.00274387 3.68625e-009 2.71315e-076 7.30755e-006 2.17295 3.43866 40.3017 5.97055e-141 2.31255e-172 0 45.916
837 46.2 0.00314987 4.53881e-009 9.12552e-076 1.05624e-005 2.53431 4.60971 38.6656 4.27678e-140 1.85453e-171 0 45.8128
838 45.8 0.00361253 5.58343e-009 3.05659e-075 1.51993e-005 2.94452 6.06364 36.9308 3.04534e-139 1.47915e-170 0 45.9425
839 45.7 0.00413924 6.86216e-009 1.01956e-074 2.17749e-005 3.40811 7.82651 35.1167 2.15561e-138 1.17335e-169 0 46.3555
840 45.8 0.00473827 8.42601e-009 3.38673e-074 3.10571e-005 3.92967 9.9124 33.2431 1.51677e-137 9.25712e-169 0 47.09
841 46.5 0.00541887 1.03368e-008 1.12033e-073 4.41e-005 4.5138 12.3187 31.3294 1.06093e-136 7.26373e-168 0 48.1674
842 47.8 0.00619138 1.26692e-008 3.69067e-073 6.2343e-005 5.16503 15.022 29.3944 7.37681e-136 5.66864e-167 0 49.5876
843 49.8 0.00706735 1.55136e-008 1.21077e-072 8.77424e-005 5.88772 17.9748 27.4561 5.09877e-135 4.3998e-166 0 51.3257
844 52.3 0.00805964 1.89792e-008 3.95559e-072 0.000122943 6.68599 21.1046 25.5314 3.50331e-134 3.39642e-165 0 53.3302
845 55 0.00918257 2.31977e-008 1.28694e-071 0.000171502 7.56359 24.3145 23.636 2.39281e-133 2.60763e-164 0 55.5234
846 57.9 0.0104521 2.83279e-008 4.16964e-071 0.000238181 8.52382 27.4871 21.7838 1.62462e-132 1.99116e-163 0 57.8054
847 61.1 0.0118859 3.45608e-008 1.34535e-070 0.000329319 9.56939 30.4907 19.9874 1.09651e-131 1.51217e-162 0 60.0598
848 64.3 0.0135037 4.21264e-008 4.32282e-070 0.000453314 10.7023 33.1881 18.2575 7.35678e-131 1.14217e-161 0 62.162
849 67.1 0.0153271 5.13011e-008 1.38323e-069 0.000621231 11.9238 35.4465 16.6031 4.90658e-130 8.58013e-161 0 63.9894
850 68.8 0.0173804 6.24166e-008 4.40774e-069 0.000847577 13.2342 37.1483 15.0314 3.25302e-129 6.41052e-160 0 65.4321
851 69 0.0196901 7.58709e-008 1.39873e-068 0.00115127 14.6327 38.2015 13.5478 2.14392e-128 4.76352e-159 0 66.4029
852 67.9 0.0222857 9.21406e-008 4.42024e-068 0.00155685 16.1174 38.5477 12.1564 1.40458e-127 3.52045e-158 0 66.8452
853 66.2 0.0251997 1.11796e-007 1.39108e-067 0.002096 17.6851 38.1672 10.8592 9.1475e-127 2.58763e-157 0 66.7389
854 64.3 0.0284679 1.35521e-007 4.3597e-067 0.00280935 19.3315 37.0816 9.65733 5.92205e-126 1.89166e-156 0 66.1017
855 62.5 0.0321295 1.64129e-007 1.36068e-066 0.0037488 21.0507 35.351 8.55021 3.81117e-125 1.37536e-155 0 64.9879
856 60.8 0.0362279 1.98594e-007 4.22911e-066 0.00498024 22.8356 33.069 7.53632 2.43814e-124 9.94553e-155 0 63.4822
857 59.2 0.0408105 2.40076e-007 1.30899e-065 0.00658691 24.6776 30.354 6.61307 1.55052e-123 7.15275e-154 0 61.6921
858 57.7 0.0459294 2.89956e-007 4.0348e-065 0.0086733 26.5666 27.3392 5.7771 9.80188e-123 5.11627e-153 0 59.7375
859 56.5 0.0516417 3.49878e-007 1.23851e-064 0.01137 28.4914 24.162 5.02433 6.15967e-122 3.63973e-152 0 57.7407
860 55.4 0.0580095 4.21796e-007 3.78596e-064 0.0148391 30.4393 20.9534 4.3502 3.84788e-121 2.57525e-151 0 55.8157
861 54.7 0.0651011 5.0803e-007 1.15251e-063 0.0192808 32.3966 17.83 3.74975 2.38947e-120 1.8122e-150 0 54.0607
862 54.1 0.0729907 6.11332e-007 3.4939e-063 0.0249412 34.3486 14.8875 3.21778 1.47502e-119 1.26831e-149 0 52.5518
863 53.7 0.0817592 7.34965e-007 1.0548e-062 0.0321204 36.2796 12.1975 2.74899 9.05125e-119 8.82839e-149 0 51.3399
864 53.4 0.0914946 8.8279e-007 3.17122e-062 0.0411828 38.1732 9.80606 2.33805 5.52123e-118 6.11184e-148 0 50.45
865 53.1 0.102293 1.05937e-006 9.49462e-062 0.0525683 40.0129 7.73559 1.97968 3.34795e-117 4.20822e-147 0 49.883
866 52.3 0.114257 1.27011e-006 2.83089e-061 0.0668041 41.7816 5.98781 1.66878 2.01807e-116 2.88177e-146 0 49.6192
867 51.2 0.127501 1.52138e-006 8.40553e-061 0.0845191 43.4624 4.54798 1.40044 1.20924e-115 1.96271e-145 0 49.6229
868 50 0.142145 1.82067e-006 2.48543e-060 0.106458 45.0388 3.38956 1.17002 7.20279e-115 1.32949e-144 0 49.847
869 49.3 0.158322 2.17685e-006 7.31869e-060 0.133498 46.4947 2.47882 0.973154 4.26487e-114 8.95679e-144 0 50.2385
870 48.8 0.176173 2.60032e-006 2.14615e-059 0.166664 47.815 1.77878 0.805812 2.51031e-113 6.00142e-143 0 50.7424
871 48.8 0.195853 3.10332e-006 6.26733e-059 0.207149 48.9856 1.25249 0.664275 1.4688e-112 3.99936e-142 0 51.3054
872 49.1 0.217525 3.70021e-006 1.82264e-058 0.256327 49.9939 0.86537 0.54516 8.54312e-112 2.65071e-141 0 51.8783
873 49.6 0.241367 4.40787e-006 5.27853e-058 0.315776 50.8288 0.586685 0.445413 4.93952e-111 1.7473e-140 0 52.418
874 50.4 0.267569 5.24604e-006 1.52237e-057 0.38729 51.4809 0.390287 0.362296 2.83902e-110 1.14554e-139 0 52.8884
875 51.5 0.296337 6.23786e-006 4.37245e-057 0.472894 51.943 0.254764 0.293377 1.62207e-109 7.46942e-139 0 53.2603
876 52.7 0.327887 7.41039e-006 1.25061e-056 0.574864 52.2097 0.163181 0.236511 9.21264e-109 4.84394e-138 0 53.5121
877 53.9 0.362455 8.79525e-006 3.56219e-056 0.695725 52.278 0.102559 0.189818 5.20134e-108 3.12425e-137 0 53.6286
878 54.7 0.400289 1.04293e-005 1.01043e-055 0.838267 52.1473 0.0632492 0.151666 2.91919e-107 2.00414e-136 0 53.6007
879 55.1 0.441654 1.23556e-005 2.85424e-055 1.00554 51.8188 0.0382747 0.120642 1.62864e-106 1.27863e-135 0 53.4249
880 55.2 0.486835 1.46243e-005 8.02916e-055 1.20085 51.2965 0.0227271 0.0955372 9.03238e-106 8.11329e-135 0 53.1024
881 55 0.536131 1.72937e-005 2.24929e-054 1.42774 50.5861 0.0132419 0.0753196 4.97962e-105 5.12017e-134 0 52.6386
882 54.3 0.589861 2.04315e-005 6.27502e-054 1.68998 49.6958 0.00757067 0.0591161 2.72901e-104 3.21371e-133 0 52.0423
883 53.2 0.648364 2.41165e-005 1.74333e-053 1.99153 48.6353 0.00424711 0.0461919 1.48673e-103 2.00615e-132 0 51.3256
884 51.8 0.711997 2.844e-005 4.82326e-053 2.33649 47.4162 0.00233791 0.0359325 8.05141e-103 1.24554e-131 0 50.503
885 50.4 0.781137 3.35078e-005 1.32891e-052 2.72906 46.0518 0.00126281 0.0278274 4.3344e-102 7.69102e-131 0 49.5912
886 49 0.856183 3.94424e-005 3.64626e-052 3.17348 44.5565 0.000669303 0.0214545 2.31954e-101 4.72331e-130 0 48.6083
887 47.7 0.937553 4.63855e-005 9.96309e-052 3.67391 42.9456 0.000348084 0.0164675 1.23393e-100 2.88499e-129 0 47.5739
888 46.3 1.02569 5.45008e-005 2.71104e-051 4.23442 41.2354 0.000177631 0.0125834 6.52518e-100 1.75258e-128 0 46.5083
889 44.8 1.12105 6.39771e-005 7.34636e-051 4.85883 39.4426 8.89471e-005 0.00957261 3.43014e-099 1.05888e-127 0 45.4322
890 43.5 1.22412 7.50321e-005 1.98246e-050 5.55063 37.5841 4.37038e-005 0.00724979 1.79245e-098 6.3628e-127 0 44.3663
891 42.4 1.3354 8.79166e-005 5.3276e-050 6.31283 35.677 2.10709e-005 0.00546616 9.31104e-098 3.80265e-126 0 43.3308
892 41.4 1.45543 0.000102919 1.42579e-049 7.14789 33.7377 9.9683e-006 0.004103 4.808e-097 2.26026e-125 2.71736e-322 42.3452
893 40.6 1.58475 0.000120371 3.7999e-049 8.05757 31.7824 4.62738e-006 0.00306607 2.46801e-096 1.33619e-124 6.47275e-320 41.4279
894 39.9 1.72393 0.000140653 1.00852e-048 9.04278 29.8265 2.10778e-006 0.002281 1.25935e-095 7.85617e-124 8.82797e-318 40.5956
895 39.3 1.87357 0.000164202 2.66559e-048 10.1035 27.8844 9.42085e-007 0.0016894 6.38791e-095 4.59398e-123 1.18143e-315 39.8633
896 38.6 2.03427 0.000191518 7.01612e-048 11.2387 25.9695 4.13172e-007 0.00124566 3.22098e-094 2.67179e-122 1.55536e-313 39.2439
897 38.2 2.20668 0.000223172 1.83906e-047 12.446 24.0941 1.77806e-007 0.000914386 1.61448e-093 1.54544e-121 2.01436e-311 38.7479
898 37.9 2.39143 0.00025982 4.80054e-047 13.7219 22.2691 7.50825e-008 0.000668223 8.0444e-093 8.89068e-121 2.56642e-309 38.3834
899 37.9 2.58921 0.000302209 1.2479e-046 15.0617 20.5039 3.11104e-008 0.000486156 3.98446e-092 5.08691e-120 3.21664e-307 38.1556
900 37.9 2.8007 0.00035119 3.23046e-046 16.4591 18.8068 1.26488e-008 0.000352121 1.96183e-091 2.89473e-119 3.96607e-305 38.0673
901 38.1 3.0266 0.000407735 8.32806e-046 17.9064 17.1846 5.04623e-009 0.000253905 9.60218e-091 1.63831e-118 4.81062e-303 38.1182
902 38.5 3.26765 0.000472951 2.13805e-045 19.3947 15.6425 1.97543e-009 0.000182268 4.6719e-090 9.2219e-118 5.74019e-301 38.3054
903 38.9 3.52456 0.000548093 5.46625e-045 20.9136 14.1845 7.58806e-010 0.000130261 2.25961e-089 5.16273e-117 6.73805e-299 38.6234
904 39.4 3.79808 0.000634592 1.39173e-044 22.4517 12.8136 2.86006e-010 9.26784e-005 1.08639e-088 2.87458e-116 7.78084e-297 39.064
905 40.1 4.08896 0.000734067 3.52871e-044 23.996 11.531 1.05778e-010 6.56456e-005 5.19228e-088 1.59185e-115 8.83898e-295 39.6169
906 40.9 4.39797 0.000848356 8.90987e-044 25.5331 10.3374 3.83877e-011 4.62908e-005 2.46686e-087 8.76733e-115 9.87783e-293 40.2693
907 41.8 4.72587 0.000979539 2.24039e-043 27.0482 9.23203 1.36699e-011 3.24972e-005 1.16506e-086 4.8025e-114 1.08594e-290 41.0071
908 42.7 5.07342 0.00112997 5.61008e-043 28.5263 8.21349 4.77652e-012 2.27122e-005 5.46971e-086 2.61638e-113 1.17444e-288 41.8144
909 43.8 5.4414 0.00130231 1.39898e-042 29.952 7.2795 1.6377e-012 1.58028e-005 2.55269e-085 1.41766e-112 1.24951e-286 42.6742
910 44.7 5.83055 0.00149955 3.47415e-042 31.3095 6.42717 5.50975e-013 1.09464e-005 1.18426e-084 7.63969e-112 1.30778e-284 43.5688
911 45.6 6.24165 0.00172508 8.59173e-042 32.5837 5.65304 1.81889e-013 7.54871e-006 5.4615e-084 4.09464e-111 1.34652e-282 44.4801
912 46.2 6.67542 0.00198271 2.11596e-041 33.7595 4.95323 5.8919e-014 5.18245e-006 2.50376e-083 2.18268e-110 1.36387e-280 45.3902
913 46.9 7.1326 0.00227672 5.18956e-041 34.8228 4.32353 1.87275e-014 3.54208e-006 1.14101e-082 1.15718e-109 1.35899e-278 46.2812
914 47.4 7.6139 0.00261193 1.2675e-040 35.7605 3.75952 5.84091e-015 2.41016e-006 5.16892e-082 6.10162e-109 1.33213e-276 47.1366
915 48 8.12001 0.00299375 3.08292e-040 36.5608 3.25664 1.78754e-015 1.63265e-006 2.3277e-081 3.19982e-108 1.28457e-274 47.9405
916 48.4 8.6516 0.00342823 7.46742e-040 37.2135 2.81029 5.36794e-016 1.10104e-006 1.04201e-080 1.66894e-107 1.21857e-272 48.6788
917 48.7 9.20928 0.00392217 1.80125e-039 37.71 2.41589 1.58174e-016 7.39225e-007 4.63692e-080 8.65747e-107 1.13718e-270 49.3391
918 49 9.79366 0.00448315 4.32687e-039 38.0439 2.06894 4.57338e-017 4.94096e-007 2.05118e-079 4.46659e-106 1.04398e-268 49.911
919 49.3 10.4053 0.00511967 1.03507e-038 38.2107 1.76506 1.29752e-017 3.28782e-007 9.01976e-079 2.29191e-105 9.42844e-267 50.3862
920 49.4 11.0447 0.00584119 2.4658e-038 38.2083 1.50009 3.61218e-018 2.17805e-007 3.94277e-078 1.16964e-104 8.37663e-265 50.7589
921 49.5 11.7123 0.00665829 5.84981e-038 38.0366 1.27005 9.8673e-019 1.43645e-007 1.71326e-077 5.93667e-104 7.32121e-263 51.0257
922 49.7 12.4086 0.00758271 1.38204e-037 37.698 1.07119 2.64486e-019 9.43132e-008 7.40049e-077 2.99687e-103 6.29476e-261 51.1854
923 49.9 13.1339 0.00862756 3.2516e-037 37.197 0.900025 6.95638e-020 6.16479e-008 3.17771e-076 1.50463e-102 5.32427e-259 51.2395
924 49.9 13.8884 0.00980737 7.61847e-037 36.54 0.753334 1.79531e-020 4.01167e-008 1.35638e-075 7.5132e-102 4.43021e-257 51.1915
925 49.9 14.6724 0.0111383 1.7776e-036 35.7356 0.628152 4.54643e-021 2.59894e-008 5.75529e-075 3.73127e-101 3.62637e-255 51.0473
926 49.9 15.4861 0.0126382 4.13042e-036 34.7942 0.521778 1.12974e-021 1.67621e-008 2.42755e-074 1.84299e-100 2.92014e-253 50.8146
927 49.8 16.3294 0.014327 9.55765e-036 33.7274 0.431769 2.75461e-022 1.07627e-008 1.01785e-073 9.05364e-100 2.31323e-251 50.5029
928 49.8 17.2024 0.0162265 2.20243e-035 32.5486 0.355926 6.59049e-023 6.87983e-009 4.24243e-073 4.42343e-099 1.80267e-249 50.1232
929 49.7 18.105 0.0183609 5.05416e-035 31.2719 0.292289 1.54722e-023 4.37821e-009 1.75777e-072 2.14947e-098 1.38197e-247 49.6876
930 49.6 19.037 0.0207571 1.15502e-034 29.9121 0.239117 3.56419e-024 2.77381e-009 7.23978e-072 1.03881e-097 1.04223e-245 49.209
931 49.5 19.9981 0.0234444 2.62862e-034 28.4848 0.194873 8.05647e-025 1.74952e-009 2.96418e-071 4.9932e-097 7.73239e-244 48.7012
932 49.2 20.9878 0.0264554 5.95746e-034 27.0054 0.158211 1.78692e-025 1.09856e-009 1.20642e-070 2.38701e-096 5.64347e-242 48.1779
933 49 22.0058 0.0298256 1.34459e-033 25.4894 0.127957 3.88902e-026 6.86738e-010 4.881e-070 1.13492e-095 4.05194e-240 47.653
934 48.7 23.0514 0.0335944 3.02212e-033 23.952 0.103095 8.30523e-027 4.27386e-010 1.96307e-069 5.36678e-095 2.86196e-238 47.1401
935 48.4 24.1238 0.0378046 6.76441e-033 22.4076 0.0827473 1.74036e-027 2.64796e-010 7.84831e-069 2.52403e-094 1.9886e-236 46.652
936 48 25.2224 0.0425035 1.5078e-032 20.87 0.0661628 3.5785e-028 1.6333e-010 3.11913e-068 1.18063e-093 1.3593e-234 46.201
937 47.6 26.3461 0.0477425 3.34697e-032 19.3517 0.052701 7.22002e-029 1.00295e-010 1.23227e-067 5.49242e-093 9.14039e-233 45.7982
938 47.2 27.4938 0.0535781 7.39872e-032 17.8644 0.0418184 1.42939e-029 6.13138e-011 4.83944e-067 2.54127e-092 6.04643e-231 45.4537
939 46.8 28.6645 0.0600717 1.62875e-031 16.4184 0.0330567 2.77677e-030 3.73162e-011 1.88929e-066 1.16943e-091 3.93475e-229 45.1761
940 46.3 29.8569 0.0672906 3.57067e-031 15.0226 0.0260313 5.29304e-031 2.261e-011 7.33195e-066 5.35218e-091 2.51895e-227 44.9728
941 45.9 31.0695 0.0753078 7.79543e-031 13.6846 0.0204209 9.90022e-032 1.36384e-011 2.82849e-065 2.43625e-090 1.58637e-225 44.8498
942 45.5 32.3008 0.0842029 1.69482e-030 12.4105 0.0159588 1.81702e-032 8.19012e-012 1.08469e-064 1.10294e-089 9.82819e-224 44.8115
943 45.1 33.5493 0.0940621 3.66948e-030 11.2052 0.0124242 3.27229e-033 4.89642e-012 4.13498e-064 4.96607e-089 5.98999e-222 44.861
944 44.7 34.8131 0.104979 7.9119e-030 10.0722 0.00963563 5.78253e-034 2.91426e-012 1.56696e-063 2.22387e-088 3.59139e-220 44.9999
945 44.7 36.0905 0.117056 1.69884e-029 9.01361 0.00744451 1.00267e-034 1.7268e-012 5.90276e-063 9.90473e-088 2.11827e-218 45.2286
946 44.7 37.3794 0.130403 3.6326e-029 8.03055 0.00572975 1.70599e-035 1.01863e-012 2.21039e-062 4.38743e-087 1.22909e-216 45.5461
947 44.7 38.6778 0.145137 7.73532e-029 7.12302 0.00439319 2.8482e-036 5.98209e-013 8.2281e-062 1.93292e-086 7.01572e-215 45.9503
948 44.8 39.9835 0.161389 1.64034e-028 6.29007 0.00335558 4.66594e-037 3.49746e-013 3.0447e-061 8.46937e-086 3.93951e-213 46.4384
949 45.1 41.2944 0.179295 3.46407e-028 5.52991 0.00255328 7.50039e-038 2.0357e-013 1.11997e-060 3.69083e-085 2.17619e-211 47.0061
950 45.4 42.6079 0.199006 7.28507e-028 4.84009 0.00193542 1.18305e-038 1.17961e-013 4.09528e-060 1.59968e-084 1.18259e-209 47.649
951 46 43.9218 0.22068 1.52572e-027 4.21756 0.00146149 1.83104e-039 6.80491e-014 1.48859e-059 6.89565e-084 6.32202e-208 48.3615
952 46.7 45.2335 0.244491 3.1821e-027 3.65881 0.00109941 2.7808e-040 3.90814e-014 5.37879e-059 2.95633e-083 3.32476e-206 49.1379
953 47.5 46.5403 0.270622 6.60916e-027 3.16003 0.000823883 4.14396e-041 2.2345e-014 1.93201e-058 1.26057e-082 1.72008e-204 49.9718
954 48.4 47.8398 0.299271 1.36702e-026 2.71716 0.000615059 6.05952e-042 1.2719e-014 6.8984e-058 5.34583e-082 8.7543e-203 50.8568
955 49.6 49.1291 0.330649 2.81577e-026 2.32601 0.000457417 8.69432e-043 7.20752e-015 2.44852e-057 2.25475e-081 4.38305e-201 51.7862
956 50.8 50.4056 0.364982 5.77585e-026 1.98234 0.000338884 1.22408e-043 4.06613e-015 8.63924e-057 9.45839e-081 2.15882e-199 52.7532
957 52 51.6664 0.40251 1.17986e-025 1.68197 0.000250112 1.69105e-044 2.28371e-015 3.03014e-056 3.94613e-080 1.04602e-197 53.7511
958 53.4 52.9088 0.44349 2.40015e-025 1.42079 0.000183892 2.29235e-045 1.27691e-015 1.05649e-055 1.63742e-079 4.98592e-196 54.7733
959 54.9 54.13 0.488193 4.86231e-025 1.19485 0.000134689 3.04916e-046 7.10793e-016 3.6617e-055 6.75746e-079 2.33795e-194 55.8131
960 56.5 55.327 0.536909 9.8094e-025 1.00039 9.82761e-005 3.97975e-047 3.93902e-016 1.26159e-054 2.77359e-078 1.07847e-192 56.8644
961 58.2 56.4972 0.589944 1.97078e-024 0.83387 7.14343e-005 5.0969e-048 2.17318e-016 4.32083e-054 1.13223e-077 4.89403e-191 57.9211
962 59.7 57.6377 0.647623 3.943e-024 0.691988 5.17261e-005 6.4052e-049 1.19361e-016 1.47107e-053 4.5969e-077 2.18478e-189 58.9774
963 61.3 58.7458 0.710289 7.8562e-024 0.571703 3.73127e-005 7.89832e-050 6.52672e-017 4.97867e-053 1.85622e-076 9.59472e-188 60.0278
964 62.9 59.8186 0.778303 1.55881e-023 0.470235 2.68131e-005 9.55678e-051 3.55294e-017 1.67498e-052 7.45467e-076 4.14515e-186 61.0672
965 64.4 60.8536 0.852048 3.08013e-023 0.385063 1.91947e-005 1.13466e-051 1.9255e-017 5.60174e-052 2.97758e-075 1.7617e-184 62.0907
966 65.7 61.848 0.931924 6.06093e-023 0.313921 1.36886e-005 1.32188e-052 1.03887e-017 1.86231e-051 1.18286e-074 7.36559e-183 63.0939
967 67 62.7994 1.01835 1.1877e-022 0.254789 9.72485e-006 1.51111e-053 5.58009e-018 6.15453e-051 4.67344e-074 3.02947e-181 64.0726
968 68.1 63.7053 1.11177 2.31775e-022 0.20588 6.88255e-006 1.69503e-054 2.98389e-018 2.02188e-050 1.83644e-073 1.22577e-179 65.0229
969 69.2 64.5632 1.21265 4.50426e-022 0.165622 4.85244e-006 1.86566e-055 1.5885e-018 6.60283e-050 7.17713e-073 4.87905e-178 65.9415
970 69.9 65.371 1.32147 8.71718e-022 0.132646 3.40812e-006 2.01494e-056 8.41885e-019 2.14349e-049 2.78972e-072 1.91049e-176 66.8251
971 70.6 66.1264 1.43874 1.68005e-021 0.105766 2.38458e-006 2.13534e-057 4.44203e-019 6.91716e-049 1.07846e-071 7.35933e-175 67.6709
972 71.1 66.8274 1.56497 3.22452e-021 0.0839587 1.66209e-006 2.22049e-058 2.33331e-019 2.21896e-048 4.14654e-071 2.78879e-173 68.4763
973 71.8 67.4721 1.70071 6.16316e-021 0.0663527 1.15409e-006 2.26572e-059 1.22018e-019 7.076e-048 1.58563e-070 1.03962e-171 69.2392
974 72.4 68.0588 1.84653 1.1731e-020 0.0522065 7.98309e-007 2.2685e-060 6.35242e-020 2.24307e-047 6.03046e-070 3.81259e-170 69.9575
975 73 68.5858 2.00301 2.22364e-020 0.0408942 5.50105e-007 2.22868e-061 3.29242e-020 7.06824e-047 2.28106e-069 1.37546e-168 70.6297
976 73.4 69.0516 2.17076 4.19747e-020 0.0318912 3.77627e-007 2.14848e-062 1.69885e-020 2.2141e-046 8.58136e-069 4.88156e-167 71.2543
977 73.7 69.455 2.3504 7.89054e-020 0.0247601 2.58241e-007 2.03231e-063 8.72682e-021 6.89442e-046 3.21079e-068 1.70433e-165 71.8302
978 74 69.7949 2.54257 1.47714e-019 0.0191384 1.75926e-007 1.88636e-064 4.46292e-021 2.1341e-045 1.19482e-067 5.85373e-164 72.3566
979 74.1 70.0702 2.74793 2.75378e-019 0.0147276 1.19394e-007 1.71805e-065 2.27219e-021 6.56669e-045 4.42209e-067 1.97786e-162 72.8329
980 74 70.2802 2.96715 5.11251e-019 0.0112831 8.07188e-008 1.5354e-066 1.15168e-021 2.0086e-044 1.62775e-066 6.57416e-161 73.2587
981 74.1 70.4244 3.20092 9.45222e-019 0.00860597 5.43641e-008 1.34643e-067 5.81141e-022 6.10742e-044 5.95914e-066 2.14966e-159 73.6339
982 74 70.5022 3.44993 1.74032e-018 0.00653494 3.64749e-008 1.15856e-068 2.9194e-022 1.84602e-043 2.16977e-065 6.91485e-158 73.9587
983 74.1 70.5136 3.71491 3.19094e-018 0.00494033 2.43792e-008 9.78212e-070 1.46005e-022 5.54667e-043 7.85742e-065 2.18816e-156 74.2334
984 74 70.4584 3.99656 5.82645e-018 0.00371828 1.62326e-008 8.1044e-071 7.26949e-023 1.6567e-042 2.82996e-064 6.81176e-155 74.4587
985 73.9 70.3368 4.29563 1.05946e-017 0.00278612 1.07672e-008 6.58847e-072 3.60331e-023 4.91892e-042 1.01372e-063 2.08604e-153 74.6352
986 73.6 70.1492 4.61283 1.9185e-017 0.00207841 7.11475e-009 5.25562e-073 1.77813e-023 1.45182e-041 3.6115e-063 6.2845e-152 74.7641
987 73.4 69.896 4.94891 3.45965e-017 0.00154359 4.6834e-009 4.11375e-074 8.73544e-024 4.25961e-041 1.27966e-062 1.86252e-150 74.8465
988 73.3 69.5781 5.30461 6.21296e-017 0.00114132 3.07119e-009 3.15957e-075 4.27238e-024 1.24235e-040 4.50957e-062 5.4302e-149 74.8838
989 73.1 69.1962 5.68065 1.11112e-016 0.000840145 2.0063e-009 2.38119e-076 2.08025e-024 3.60191e-040 1.58056e-061 1.55745e-147 74.8777
990 73 68.7515 6.07777 1.97887e-016 0.000615706 1.30566e-009 1.7609e-077 1.00838e-024 1.0381e-039 5.50964e-061 4.39436e-146 74.8299
991 72.8 68.2452 6.49668 3.5097e-016 0.000449225 8.46459e-010 1.27777e-078 4.86627e-025 2.97412e-039 1.91016e-060 1.21972e-144 74.7423
992 72.5 67.6787 6.93809 6.19893e-016 0.000326307 5.46672e-010 9.09798e-080 2.33792e-025 8.47022e-039 6.58645e-060 3.33051e-143 74.6171
993 72.2 67.0536 7.40269 1.09033e-015 0.000235973 3.51716e-010 6.35642e-081 1.11821e-025 2.39799e-038 2.25875e-059 8.94629e-142 74.4565
994 71.9 66.3715 7.89115 1.90984e-015 0.00016989 2.25424e-010 4.35769e-082 5.32455e-026 6.74861e-038 7.70406e-059 2.36406e-140 74.2629
995 71.8 65.6344 8.40412 3.33143e-015 0.000121772 1.43931e-010 2.9314e-083 2.52408e-026 1.88798e-037 2.6134e-058 6.14552e-139 74.0387
996 71.5 64.8443 8.94223 5.78707e-015 8.68959e-005 9.15483e-011 1.93495e-084 1.1912e-026 5.25046e-037 8.81715e-058 1.5716e-137 73.7866
997 71.4 64.0032 9.50606 1.00111e-014 6.17338e-005 5.80084e-011 1.25326e-085 5.59665e-027 1.45148e-036 2.95859e-057 3.95375e-136 73.5093
998 71.1 63.1134 10.0962 1.72465e-014 4.36635e-005 3.66164e-011 7.96499e-087 2.61779e-027 3.9888e-036 9.87365e-057 9.78498e-135 73.2096
999 71.1 62.1773 10.7131 2.9588e-014 3.07458e-005 2.30252e-011 4.96714e-088 1.219e-027 1.08965e-035 3.27721e-056 2.38229e-133 72.8904
1000 70.9 61.1972 11.3572 5.05505e-014 2.15539e-005 1.44237e-011 3.03951e-089 5.6511e-028 2.95904e-035 1.08185e-055 5.70574e-132 72.5545
1001 70.8 60.1758 12.0291 8.60062e-014 1.50431e-005 9.00104e-012 1.82505e-090 2.60811e-028 7.98782e-035 3.55193e-055 1.34435e-130 72.2048
1002 70.6 59.1155 12.7289 1.45724e-013 1.04525e-005 5.59568e-012 1.07528e-091 1.19834e-028 2.14349e-034 1.15984e-054 3.116e-129 71.8445
1003 70.4 58.0192 13.4572 2.45881e-013 7.23064e-006 3.46543e-012 6.21651e-093 5.48146e-029 5.71782e-034 3.76673e-054 7.10504e-128 71.4764
1004 70.1 56.8895 14.214 4.13157e-013 4.97972e-006 2.13799e-012 3.52651e-094 2.49618e-029 1.5162e-033 1.21665e-053 1.59375e-126 71.1035
1005 69.8 55.7291 14.9997 6.91355e-013 3.41432e-006 1.31401e-012 1.963e-095 1.13166e-029 3.99665e-033 3.90845e-053 3.51686e-125 70.7287
1006 69.6 54.5408 15.8142 1.15208e-012 2.33065e-006 8.04515e-013 1.07218e-096 5.10763e-030 1.04725e-032 1.24876e-052 7.63438e-124 70.3551
1007 69.5 53.3276 16.6577 1.91187e-012 1.58388e-006 4.90698e-013 5.74639e-098 2.29501e-030 2.72787e-032 3.96812e-052 1.63034e-122 69.9853
1008 69.3 52.0921 17.53 3.15958e-012 1.07161e-006 2.98152e-013 3.02201e-099 1.02663e-030 7.06336e-032 1.25409e-051 3.42502e-121 69.6221
1009 69.2 50.8372 18.4311 5.19992e-012 7.21815e-007 1.8047e-013 1.55945e-100 4.57196e-031 1.81809e-031 3.9419e-051 7.07838e-120 69.2684
1010 69 49.5658 19.3608 8.52233e-012 4.84046e-007 1.08822e-013 7.89631e-102 2.027e-031 4.65193e-031 1.23231e-050 1.43909e-118 68.9266
1011 68.9 48.2805 20.3186 1.39096e-011 3.23161e-007 6.53693e-014 3.9233e-103 8.9468e-032 1.18323e-030 3.83149e-050 2.87823e-117 68.5992
1012 68.8 46.9842 21.3043 2.26083e-011 2.14795e-007 3.91177e-014 1.91274e-104 3.93137e-032 2.9917e-030 1.18482e-049 5.66299e-116 68.2886
1013 68.7 45.6796 22.3173 3.65945e-011 1.42135e-007 2.33194e-014 9.15027e-106 1.71982e-032 7.51942e-030 3.64392e-049 1.0961e-114 67.9969
1014 68.6 44.3693 23.357 5.89873e-011 9.36374e-008 1.38486e-014 4.29525e-107 7.49001e-033 1.87874e-029 1.11461e-048 2.08708e-113 67.7263
1015 68.6 43.0559 24.4228 9.46883e-011 6.14144e-008 8.19287e-015 1.97842e-108 3.24747e-033 4.6662e-029 3.39087e-048 3.9094e-112 67.4786
1016 68.6 41.7419 25.5137 1.51367e-010 4.01018e-008 4.82849e-015 8.94176e-110 1.40175e-033 1.15206e-028 1.02597e-047 7.20387e-111 67.2556
1017 68.6 40.4299 26.6288 2.40968e-010 2.60693e-008 2.83486e-015 3.96555e-111 6.0236e-034 2.82752e-028 3.0874e-047 1.30589e-109 67.0587
1018 68.6 39.1222 27.7672 3.82017e-010 1.6872e-008 1.65804e-015 1.72568e-112 2.57695e-034 6.89843e-028 9.24032e-047 2.32878e-108 66.8894
1019 68.6 37.821 28.9277 6.03117e-010 1.08711e-008 9.66055e-016 7.36872e-114 1.09753e-034 1.67306e-027 2.75053e-046 4.08539e-107 66.7487
1020 68.6 36.5286 30.1091 9.48235e-010 6.97359e-009 5.60729e-016 3.08745e-115 4.6536e-035 4.03354e-027 8.14291e-046 7.05056e-106 66.6377
1021 68.7 35.2471 31.3099 1.48466e-009 4.45359e-009 3.24226e-016 1.26935e-116 1.96438e-035 9.66669e-027 2.39761e-045 1.19701e-104 66.557
1022 68.7 33.9784 32.5287 2.31489e-009 2.83162e-009 1.86761e-016 5.12084e-118 8.2551e-036 2.30295e-026 7.02123e-045 1.99919e-103 66.5071
1023 68.7 32.7245 33.764 3.59443e-009 1.79239e-009 1.07169e-016 2.0271e-119 3.45368e-036 5.45391e-026 2.04495e-044 3.28469e-102 66.4885
1024 68.8 31.4872 35.014 5.5581e-009 1.12954e-009 6.12628e-017 7.8738e-121 1.43848e-036 1.28395e-025 5.92361e-044 5.30907e-101 66.5011
1025 68.8 30.268 36.2769 8.55887e-009 7.08671e-010 3.48874e-017 3.00103e-122 5.96468e-037 3.0047e-025 1.70658e-043 8.44164e-100 66.5449
1026 68.7 29.0686 37.551 1.31251e-008 4.42648e-010 1.97917e-017 1.12236e-123 2.46226e-037 6.98991e-025 4.8899e-043 1.32044e-098 66.6195
1027 68.6 27.8904 38.834 2.0044e-008 2.75261e-010 1.11851e-017 4.11876e-125 1.01191e-037 1.61643e-024 1.39351e-042 2.03186e-097 66.7244
1028 68.4 26.7346 40.1241 3.04832e-008 1.70413e-010 6.29716e-018 1.48313e-126 4.14011e-038 3.71586e-024 3.94961e-042 3.07575e-096 66.8587
1029 68.2 25.6026 41.419 4.6167e-008 1.05035e-010 3.53176e-018 5.24041e-128 1.68634e-038 8.49134e-024 1.11336e-041 4.5803e-095 67.0216
1030 68.2 24.4954 42.7164 6.96303e-008 6.44519e-011 1.97325e-018 1.81689e-129 6.83815e-039 1.9289e-023 3.1214e-041 6.70996e-094 67.2118
1031 68.2 23.414 44.0141 1.04583e-007 3.9374e-011 1.09829e-018 6.18111e-131 2.76055e-039 4.3557e-023 8.7036e-041 9.67006e-093 67.428
1032 68.2 22.3591 45.3095 1.56429e-007 2.39473e-011 6.08968e-019 2.06339e-132 1.10947e-039 9.77736e-023 2.4137e-040 1.37095e-091 67.6686
1033 68.2 21.3317 46.6002 2.33008e-007 1.45002e-011 3.3637e-019 6.75881e-134 4.4391e-040 2.18173e-022 6.65739e-040 1.91205e-090 67.9319
1034 68.3 20.3323 47.8838 3.45636e-007 8.74109e-012 1.8509e-019 2.17238e-135 1.76823e-040 4.83947e-022 1.82624e-039 2.62337e-089 68.216
1035 68.3 19.3614 49.1575 5.10578e-007 5.246e-012 1.0146e-019 6.85134e-137 7.01203e-041 1.06711e-021 4.98252e-039 3.54081e-088 68.5189
1036 68.5 18.4194 50.4188 7.51104e-007 3.13446e-012 5.54049e-020 2.12027e-138 2.76829e-041 2.33903e-021 1.35199e-038 4.70143e-087 68.8382
1037 68.9 17.5068 51.665 1.10036e-006 1.86453e-012 3.01402e-020 6.43848e-140 1.08803e-041 5.09658e-021 3.64867e-038 6.14103e-086 69.1718
1038 69.2 16.6237 52.8934 1.60532e-006 1.1042e-012 1.63338e-020 1.91845e-141 4.25728e-042 1.10392e-020 9.79332e-038 7.89107e-085 69.5171
1039 69.5 15.7702 54.1014 2.33231e-006 6.51029e-013 8.81808e-021 5.6091e-143 1.65839e-042 2.3769e-020 2.61433e-037 9.97503e-084 69.8715
1040 69.9 14.9464 55.2861 3.37447e-006 3.82141e-013 4.74246e-021 1.6092e-144 6.43135e-043 5.08746e-020 6.94107e-037 1.24044e-082 70.2325
1041 69.9 14.1523 56.4449 4.86206e-006 2.23315e-013 2.54084e-021 4.53007e-146 2.48302e-043 1.08245e-019 1.83285e-036 1.51747e-081 70.5972
1042 69.9 13.3877 57.5751 6.97639e-006 1.29923e-013 1.35611e-021 1.25134e-147 9.54379e-044 2.28943e-019 4.81352e-036 1.82621e-080 70.9629
1043 69.8 12.6525 58.6741 9.96863e-006 7.52533e-014 7.21037e-022 3.39171e-149 3.65194e-044 4.81355e-019 1.25728e-035 2.16204e-079 71.3266
1044 69.7 11.9464 59.7391 1.41852e-005 4.33947e-014 3.81912e-022 9.02068e-151 1.39119e-044 1.00605e-018 3.26618e-035 2.51802e-078 71.6855
1045 70 11.2691 60.7677 2.01016e-005 2.49127e-014 2.01518e-022 2.35416e-152 5.27612e-045 2.09019e-018 8.4388e-035 2.88496e-077 72.0368
1046 70.2 10.6201 61.7572 2.83676e-005 1.42389e-014 1.05927e-022 6.02846e-154 1.99206e-045 4.31688e-018 2.16849e-034 3.25164e-076 72.3773
1047 70.6 9.99906 62.7052 3.98665e-005 8.10222e-015 5.54682e-023 1.51479e-155 7.4878e-046 8.86278e-018 5.54202e-034 3.60537e-075 72.7043
1048 71 9.40544 63.6094 5.57943e-005 4.58991e-015 2.89351e-023 3.73487e-157 2.80199e-046 1.80878e-017 1.40869e-033 3.9326e-074 73.0149
1049 71.5 8.83872 64.4674 7.77618e-005 2.58867e-015 1.50366e-023 9.03596e-159 1.04386e-046 3.66958e-017 3.56119e-033 4.21983e-073 73.3062
1050 72.1 8.29832 65.277 0.000107929 1.45352e-015 7.78431e-024 2.1451e-160 3.8715e-047 7.40054e-017 8.9539e-033 4.45443e-072 73.5754
1051 72.5 7.7836 66.0361 0.000149178 8.12524e-016 4.01452e-024 4.99686e-162 1.42948e-047 1.48363e-016 2.23905e-032 4.62566e-071 73.8198
1052 72.9 7.29391 66.7427 0.000205337 4.52194e-016 2.06248e-024 1.14215e-163 5.25462e-048 2.95668e-016 5.56866e-032 4.7254e-070 74.0368
1053 73.2 6.82859 67.3949 0.000281466 2.50545e-016 1.05558e-024 2.56166e-165 1.92294e-048 5.85731e-016 1.37744e-031 4.74884e-069 74.2238
1054 73.1 6.38692 67.9911 0.000384219 1.38203e-016 5.38192e-025 5.63764e-167 7.00569e-049 1.15347e-015 3.38867e-031 4.69483e-068 74.3784
1055 73 5.96818 68.5296 0.000522308 7.58965e-017 2.73354e-025 1.21744e-168 2.54097e-049 2.25805e-015 8.29126e-031 4.566e-067 74.4983
1056 72.8 5.57163 69.009 0.000707082 4.14953e-017 1.38312e-025 2.57974e-170 9.17506e-050 4.39414e-015 2.01766e-030 4.36853e-066 74.5813
1057 72.9 5.19652 69.4279 0.000953253 2.25864e-017 6.97165e-026 5.36386e-172 3.29823e-050 8.50024e-015 4.88326e-030 4.11167e-065 74.6254
1058 72.9 4.84209 69.7853 0.0012798 1.22396e-017 3.50071e-026 1.09435e-173 1.18036e-050 1.63457e-014 1.17546e-029 3.80702e-064 74.6287
1059 73.2 4.50758 70.0802 0.00171108 6.6033e-018 1.75114e-026 2.19083e-175 4.20545e-051 3.12458e-014 2.8141e-029 3.46765e-063 74.5895
1060 73.4 4.19222 70.3117 0.00227822 3.54671e-018 8.7263e-027 4.30366e-177 1.49167e-051 5.93739e-014 6.70049e-029 3.1072e-062 74.5062
1061 73.8 3.89524 70.4792 0.00302075 1.89654e-018 4.33194e-027 8.2955e-179 5.26735e-052 1.12154e-013 1.58675e-028 2.73896e-061 74.3775
1062 73.9 3.61588 70.5823 0.00398869 1.00965e-018 2.1423e-027 1.569e-180 1.85172e-052 2.10596e-013 3.7372e-028 2.37513e-060 74.2022
1063 74.1 3.3534 70.6207 0.00524494 5.35123e-019 1.05541e-027 2.91191e-182 6.48068e-053 3.93098e-013 8.75425e-028 2.02615e-059 73.9793
1064 74.2 3.10703 70.5942 0.00686824 2.82362e-019 5.1797e-028 5.30285e-184 2.25802e-053 7.29404e-013 2.03951e-027 1.70036e-058 73.7081
1065 74.3 2.87605 70.503 0.00895666 1.48331e-019 2.5324e-028 9.4758e-186 7.83245e-054 1.3454e-012 4.72573e-027 1.40376e-057 73.388
1066 74.2 2.65972 70.3473 0.0116317 7.75764e-020 1.2334e-028 1.66149e-187 2.70476e-054 2.46688e-012 1.08905e-026 1.14006e-056 73.0186
1067 74.2 2.45735 70.1275 0.015043 4.03924e-020 5.98441e-029 2.85862e-189 9.29871e-055 4.49637e-012 2.49609e-026 9.10849e-056 72.5999
1068 73.7 2.26823 69.8442 0.019374 2.09383e-020 2.89255e-029 4.82602e-191 3.18258e-055 8.14688e-012 5.68994e-026 7.15895e-055 72.1318
1069 73.2 2.09169 69.4982 0.0248485 1.08057e-020 1.39279e-029 7.99462e-193 1.08442e-055 1.46736e-011 1.29e-025 5.53523e-054 71.6148
1070 72.6 1.92707 69.0905 0.0317379 5.55189e-021 6.68088e-030 1.29952e-194 3.67855e-056 2.62723e-011 2.90877e-025 4.21023e-053 71.0493
1071 72.4 1.77373 68.6221 0.0403692 2.83987e-021 3.19246e-030 2.07273e-196 1.24228e-056 4.67599e-011 6.52322e-025 3.15035e-052 70.4362
1072 71.5 1.63106 68.0944 0.0511349 1.4462e-021 1.51971e-030 3.24397e-198 4.17661e-057 8.27306e-011 1.45496e-024 2.31897e-051 69.7766
1073 70.3 1.49844 67.5087 0.064503 7.33214e-022 7.20678e-031 4.98182e-200 1.39795e-057 1.45504e-010 3.22756e-024 1.67925e-050 69.0716
1074 68.8 1.37531 66.8666 0.0810285 3.70088e-022 3.40459e-031 7.50714e-202 4.65821e-058 2.54389e-010 7.12086e-024 1.19625e-049 68.3229
1075 67.8 1.2611 66.1698 0.101366 1.85974e-022 1.60226e-031 1.11004e-203 1.54529e-058 4.42117e-010 1.56252e-023 8.38318e-049 67.5323
1076 67.2 1.15529 65.4202 0.126281 9.304e-023 7.51181e-032 1.61055e-205 5.10344e-059 7.63822e-010 3.41e-023 5.77937e-048 66.7018
1077 67.2 1.05736 64.6197 0.156669 4.63404e-023 3.50833e-032 2.29291e-207 1.67795e-059 1.31179e-009 7.40148e-023 3.91954e-047 65.8338
1078 67 0.966812 63.7705 0.193563 2.29786e-023 1.6323e-032 3.20314e-209 5.49232e-060 2.23949e-009 1.59778e-022 2.61501e-046 64.9309
1079 66.6 0.883187 62.8746 0.238153 1.13438e-023 7.5656e-033 4.39077e-211 1.78976e-060 3.80059e-009 3.43045e-022 1.71631e-045 63.996
1080 65.7 0.806033 61.9345 0.2918 5.57525e-024 3.49326e-033 5.90582e-213 5.80626e-061 6.41164e-009 7.32521e-022 1.10816e-044 63.0323
1081 64.6 0.734926 60.9524 0.356049 2.72799e-024 1.6068e-033 7.79463e-215 1.87526e-061 1.07523e-008 1.55569e-021 7.03869e-044 62.0433
1082 63.4 0.669459 59.9308 0.432642 1.3289e-024 7.36271e-034 1.00945e-216 6.02957e-062 1.79247e-008 3.28597e-021 4.3981e-043 61.0329
1083 62.3 0.609249 58.8723 0.523533 6.44491e-025 3.36091e-034 1.28278e-218 1.93008e-062 2.97041e-008 6.903e-021 2.70347e-042 60.005
1084 61 0.55393 57.7793 0.630891 3.1118e-025 1.52834e-034 1.59954e-220 6.1507e-063 4.89325e-008 1.44227e-020 1.63479e-041 58.9642
1085 59.7 0.50316 56.6547 0.757112 1.49582e-025 6.92352e-035 1.95709e-222 1.95136e-063 8.01297e-008 2.99703e-020 9.72491e-041 57.9149
1086 58.1 0.456611 55.5009 0.904817 7.15844e-026 3.12448e-035 2.34966e-224 6.16327e-064 1.30438e-007 6.194e-020 5.69106e-040 56.8623
1087 56.5 0.413978 54.3207 1.07685 3.41059e-026 1.40467e-035 2.76804e-226 1.93797e-064 2.11073e-007 1.27317e-019 3.2763e-039 55.8116
1088 55 0.374971 53.1169 1.27629 1.61776e-026 6.29089e-036 3.19976e-228 6.06662e-065 3.39529e-007 2.60277e-019 1.85549e-038 54.7681
1089 53.4 0.339319 51.892 1.50638 7.63957e-027 2.80669e-036 3.62941e-230 1.89063e-065 5.4292e-007 5.292e-019 1.03375e-037 53.7377
1090 51.9 0.306767 50.6489 1.77058 3.59167e-027 1.24745e-036 4.03954e-232 5.86584e-066 8.63e-007 1.07014e-018 5.66577e-037 52.7262
1091 50.5 0.277076 49.3901 2.0725 1.68111e-027 5.52322e-037 4.41166e-234 1.81182e-066 1.36364e-006 2.15226e-018 3.05481e-036 51.7397
1092 49.1 0.250023 48.1185 2.41583 7.83372e-028 2.43617e-037 4.72768e-236 5.57138e-067 2.14194e-006 4.30511e-018 1.62029e-035 50.7843
1093 47.9 0.225398 46.8366 2.80436 3.63423e-028 1.07045e-037 4.9713e-238 1.70558e-067 3.34449e-006 8.56465e-018 8.45447e-035 49.8663
1094 46.7 0.203007 45.5469 3.24187 1.67853e-028 4.68563e-038 5.12941e-240 5.19809e-068 5.19119e-006 1.69461e-017 4.33973e-034 48.9918
1095 45.8 0.182668 44.2522 3.73211 7.7182e-029 2.04322e-038 5.19326e-242 1.57717e-068 8.00977e-006 3.33476e-017 2.1914e-033 48.167
1096 45 0.164211 42.9548 4.27866 3.53327e-029 8.87576e-039 5.15927e-244 4.76402e-069 1.22854e-005 6.52673e-017 1.08859e-032 47.3976
1097 44.3 0.14748 41.6571 4.8849 1.61031e-029 3.84096e-039 5.02936e-246 1.43262e-069 1.87316e-005 1.27046e-016 5.31977e-032 46.6895
1098 43.8 0.132329 40.3616 5.55392 7.30656e-030 1.65584e-039 4.81074e-248 4.28895e-070 2.83906e-005 2.45958e-016 2.55743e-031 46.0479
1099 43.4 0.118622 39.0705 6.28838 3.30057e-030 7.11116e-040 4.5153e-250 1.2783e-070 4.2775e-005 4.73584e-016 1.20948e-030 45.4775
1100 43.1 0.106234 37.786 7.09044 1.48436e-030 3.04233e-040 4.1585e-252 3.79296e-071 6.40652e-005 9.06917e-016 5.62699e-030 44.9827
1101 43 0.0950508 36.5101 7.96164 6.64597e-031 1.29663e-040 3.75806e-254 1.12043e-071 9.53827e-005 1.72732e-015 2.57536e-029 44.5669
1102 43.1 0.0849643 35.245 8.90282 2.96245e-031 5.50517e-041 3.33246e-256 3.29498e-072 0.000141167 3.27201e-015 1.15953e-028 44.2329
1103 43.3 0.0758765 33.9925 9.91397 1.31467e-031 2.32846e-041 2.89963e-258 9.64682e-073 0.000207688 6.16439e-015 5.13584e-028 43.9825
1104 43.5 0.0676968 32.7544 10.9942 5.80835e-032 9.81094e-042 2.47568e-260 2.81175e-073 0.000303743 1.15505e-014 2.23781e-027 43.8165
1105 43.9 0.0603419 31.5324 12.1415 2.55483e-032 4.11809e-042 2.07407e-262 8.15891e-074 0.000441587 2.15252e-014 9.59223e-027 43.7347
1106 44.3 0.0537353 30.3282 13.353 1.11878e-032 1.72197e-042 1.70501e-264 2.35695e-074 0.000638179 3.98959e-014 4.04482e-026 43.7355
1107 44.7 0.0478068 29.1431 14.6245 4.87749e-033 7.17298e-043 1.37533e-266 6.77843e-075 0.00091682 7.35436e-014 1.67788e-025 43.8163
1108 45.2 0.0424924 27.9787 15.9506 2.117e-033 2.97658e-043 1.08858e-268 1.94075e-075 0.00130931 1.34833e-013 6.84713e-025 43.9731
1109 45.8 0.037733 26.8362 17.3248 9.14785e-034 1.23049e-043 8.45455e-271 5.5319e-076 0.00185872 2.45857e-013 2.74877e-024 44.2005
1110 46.3 0.0334751 25.7166 18.7394 3.9354e-034 5.06739e-044 6.44312e-273 1.56978e-076 0.00262303 4.45866e-013 1.08556e-023 44.4921
1111 46.7 0.0296697 24.6212 20.1854 1.6855e-034 2.0789e-044 4.81812e-275 4.43474e-077 0.00367966 8.04194e-013 4.21746e-023 44.8399
1112 47.2 0.026272 23.5508 21.6528 7.18693e-035 8.49626e-045 3.53537e-277 1.24726e-077 0.00513131 1.44262e-012 1.61188e-022 45.235
1113 47.6 0.0232415 22.5063 23.1306 3.05091e-035 3.45911e-045 2.54547e-279 3.49229e-078 0.00711318 2.57382e-012 6.06033e-022 45.6672
1114 47.9 0.0205412 21.4883 24.6068 1.2894e-035 1.40296e-045 1.79835e-281 9.73474e-079 0.00980201 4.5671e-012 2.24153e-021 46.1254
1115 48 0.0181374 20.4976 26.0686 5.42521e-036 5.66854e-046 1.24669e-283 2.70148e-079 0.0134271 8.06005e-012 8.15599e-021 46.5977
1116 48.1 0.0159999 19.5346 27.5027 2.27258e-036 2.28161e-046 8.48043e-286 7.46345e-080 0.0182838 1.41472e-011 2.91939e-020 47.0716
1117 48.2 0.0141009 18.5997 28.8954 9.47748e-037 9.14858e-047 5.66047e-288 2.05277e-080 0.0247494 2.46966e-011 1.028e-019 47.534
1118 48.3 0.0124156 17.6934 30.2328 3.93495e-037 3.65436e-047 3.70734e-290 5.62087e-081 0.0333026 4.28785e-011 3.56102e-019 47.9718
1119 48.5 0.0109214 16.8157 31.5008 1.62651e-037 1.45416e-047 2.38259e-292 1.53225e-081 0.044546 7.40417e-011 1.2135e-018 48.372
1120 48.5 0.00959799 15.9669 32.686 6.69341e-038 5.76443e-048 1.50248e-294 4.1583e-082 0.0592317 1.27159e-010 4.06809e-018 48.7217
1121 48.5 0.00842696 15.1471 33.775 2.74227e-038 2.27638e-048 9.29708e-297 1.12348e-082 0.0782917 2.17198e-010 1.3416e-017 49.0088
1122 48.5 0.00739183 14.3561 34.7557 1.11852e-038 8.95526e-049 5.64493e-299 3.02188e-083 0.102871 3.68976e-010 4.35252e-017 49.2221
1123 48.5 0.00647773 13.594 35.6164 4.54204e-039 3.50958e-049 3.36315e-301 8.09189e-084 0.134365 6.23414e-010 1.38913e-016 49.3513
1124 48.4 0.00567131 12.8605 36.3472 1.83624e-039 1.37017e-049 1.96612e-303 2.15718e-084 0.174459 1.04758e-009 4.3614e-016 49.3878
1125 48.3 0.0049606 12.1555 36.9391 7.39062e-040 5.32893e-050 1.12784e-305 5.72511e-085 0.225174 1.7508e-009 1.34708e-015 49.3247
1126 48 0.00433486 11.4785 37.385 2.96144e-040 2.06466e-050 6.34839e-308 1.51267e-085 0.288907 2.91018e-009 4.09304e-015 49.1567
1127 47.7 0.00378448 10.8293 37.6793 1.1814e-040 7.96895e-051 3.50633e-310 3.97893e-086 0.36848 4.81102e-009 1.22343e-014 48.8809
1128 47.3 0.00330086 10.2074 37.8185 4.69208e-041 3.06406e-051 1.90029e-312 1.04196e-086 0.467181 7.91026e-009 3.59749e-014 48.4964
1129 46.9 0.00287632 9.61244 37.8008 1.85526e-041 1.17365e-051 1.01055e-314 2.71642e-087 0.588806 1.29354e-008 1.04064e-013 48.0049
1130 46.4 0.00250402 9.04382 37.6264 7.30324e-042 4.47839e-052 5.27323e-317 7.05027e-088 0.737692 2.10379e-008 2.96134e-013 47.4104
1131 46 0.00217786 8.50104 37.2975 2.86219e-042 1.70236e-052 2.69869e-319 1.8217e-088 0.918742 3.40299e-008 8.29005e-013 46.7194
1132 45.4 0.00189239 7.98349 36.8181 1.11675e-042 6.44648e-053 1.33398e-321 4.68608e-089 1.13744 5.47461e-008 2.28302e-012 45.941
1133 44.8 0.00164279 7.49058 36.1942 4.33792e-043 2.43186e-053 0 1.20006e-089 1.39984 8.75955e-008 6.18511e-012 45.0863
1134 44 0.00142476 7.02164 35.4333 1.67757e-043 9.139e-054 0 3.05958e-090 1.71255 1.39394e-007 1.64842e-011 44.169
1135 43.3 0.00123451 6.57603 34.5446 6.45882e-044 3.42139e-054 0 7.7657e-091 2.08269 2.2062e-007 4.32187e-011 43.2045
1136 42.6 0.00106865 6.15304 33.5385 2.47569e-044 1.276e-054 0 1.96229e-091 2.5178 3.47278e-007 1.1147e-010 42.2104
1137 41.8 0.000924198 5.75197 32.4266 9.44741e-045 4.7407e-055 0 4.93635e-092 3.02576 5.43684e-007 2.82833e-010 41.2053
1138 41 0.00079852 5.37211 31.2216 3.58923e-045 1.7546e-055 0 1.23627e-092 3.61462 8.46546e-007 7.05968e-010 40.2092
1139 40 0.000689282 5.01274 29.9367 1.35757e-045 6.46931e-056 0 3.08233e-093 4.29246 1.31096e-006 1.7335e-009 39.2426
1140 39 0.000594426 4.67311 28.5857 5.11202e-046 2.37619e-056 0 7.65085e-094 5.06718 2.01913e-006 4.18741e-009 38.3266
1141 38.1 0.00051214 4.35249 27.1824 1.91645e-046 8.69459e-057 0 1.89061e-094 5.94622 3.09295e-006 9.95063e-009 37.4817
1142 37.3 0.000440828 4.05015 25.7408 7.15276e-047 3.16928e-057 0 4.6511e-095 6.93637 4.71212e-006 2.32616e-008 36.7278
1143 36.6 0.000379088 3.76536 24.2746 2.6578e-047 1.15084e-057 0 1.13913e-095 8.04339 7.13996e-006 5.34949e-008 36.0838
1144 36 0.000325688 3.49737 22.797 9.83201e-048 4.16309e-058 0 2.77748e-096 9.27175 1.076e-005 1.21023e-007 35.5665
1145 35.6 0.000279546 3.24548 21.3206 3.62105e-048 1.50023e-058 0 6.74205e-097 10.6243 1.61272e-005 2.69345e-007 35.1906
1146 35.2 0.000239714 3.00897 19.857 1.3277e-048 5.38575e-059 0 1.62928e-097 12.1019 2.40406e-005 5.89702e-007 34.9682
1147 35.1 0.000205364 2.78713 18.4173 4.84659e-049 1.92609e-059 0 3.91976e-098 13.7032 3.56422e-005 1.27011e-006 34.9079
1148 35.1 0.00017577 2.57928 17.0111 1.76135e-049 6.86203e-060 0 9.3883e-099 15.4244 5.25556e-005 2.6911e-006 35.015
1149 35.5 0.000150299 2.38473 15.6471 6.37274e-050 2.43541e-060 0 2.2386e-099 17.2588 7.70741e-005 5.60925e-006 35.2908
1150 35.9 0.000128398 2.20284 14.3328 2.29551e-050 8.61063e-061 0 5.31407e-100 19.1967 0.000112417 1.15017e-005 35.7325
1151 36.4 0.000109584 2.03295 13.0744 8.23198e-051 3.03279e-061 0 1.25586e-100 21.2255 0.000163077 2.32009e-005 36.3332
1152 36.9 9.34393e-005 1.87445 11.8771 2.93901e-051 1.06412e-061 0 2.95472e-101 23.3296 0.000235282 4.60394e-005 37.0815
1153 37.6 7.95977e-005 1.72671 10.7446 1.04465e-051 3.71952e-062 0 6.92077e-102 25.4901 0.000337613 8.98749e-005 37.9619
1154 38.4 6.77426e-005 1.58916 9.67986 3.69668e-052 1.29517e-062 0 1.61382e-102 27.6854 0.000481819 0.000172596 38.9551
1155 39.3 5.75987e-005 1.46123 8.68444 1.30234e-052 4.49272e-063 0 3.74642e-103 29.8913 0.000683887 0.000326067 40.0381
1156 40.3 4.89276e-005 1.34236 7.75908 4.56784e-053 1.55251e-063 0 8.65847e-104 32.0816 0.000965427 0.000605991 41.1847
1157 41.4 4.15226e-005 1.23203 6.90357 1.59503e-053 5.34449e-064 0 1.99217e-104 34.2281 0.00135547 0.00110792 42.3662
1158 42.6 3.52051e-005 1.12973 6.11691 5.54496e-054 1.83282e-064 0 4.56327e-105 36.3015 0.00189276 0.00199267 43.5521
1159 43.9 2.98206e-005 1.03497 5.39742 1.91911e-054 6.26151e-065 0 1.04061e-105 38.2722 0.00262867 0.00352571 44.7107
1160 45.2 2.52359e-005 0.947291 4.74281 6.61263e-055 2.13099e-065 0 2.36243e-106 40.1104 0.00363088 0.00613678 45.8103
1161 46.5 2.13358e-005 0.866244 4.15031 2.2684e-055 7.22483e-066 0 5.33943e-107 41.7875 0.00498796 0.010508 46.8195
1162 47.8 1.80215e-005 0.791404 3.61676 7.74708e-056 2.44016e-066 0 1.20141e-107 43.2764 0.00681504 0.0177002 47.7091
1163 48.9 1.52076e-005 0.722366 3.13874 2.63408e-056 8.21017e-067 0 2.69123e-108 44.5525 0.00926082 0.0293308 48.4522
1164 49.8 1.2821e-005 0.658746 2.71259 8.91642e-057 2.75189e-067 0 6.00167e-109 45.5941 0.012516 0.0478137 49.0258
1165 50.6 1.07988e-005 0.600178 2.33459 3.00486e-057 9.18867e-068 0 1.33247e-109 46.3832 0.0168235 0.0766769 49.4115
1166 51 9.08688e-006 0.546315 2.00093 1.00816e-057 3.05646e-068 0 2.94511e-110 46.906 0.0224907 0.120965 49.5967
1167 51.1 7.63916e-006 0.496829 1.70784 3.36752e-058 1.01281e-068 0 6.48051e-111 47.1533 0.0299037 0.187732 49.5756
1168 50.8 6.41604e-006 0.451411 1.45164 1.11985e-058 3.34335e-069 0 1.41964e-111 47.1207 0.039544 0.286617 49.3499
1169 50.2 5.38367e-006 0.409769 1.22875 3.70752e-059 1.09946e-069 0 3.09607e-112 46.8087 0.0520082 0.430475 48.9297
1170 49.3 4.51314e-006 0.371627 1.03578 1.22202e-059 3.60182e-070 0 6.72211e-113 46.2229 0.0680297 0.636031 48.3343
1171 48 3.77981e-006 0.336726 0.869487 4.01e-060 1.17546e-070 0 1.45299e-113 45.3736 0.0885035 0.924468 47.5928
1172 46.6 3.16265e-006 0.304822 0.726868 1.31004e-060 3.82153e-071 0 3.12666e-114 44.2757 0.114514 1.32187 46.7438
1173 45.1 2.64376e-006 0.275688 0.605122 4.26083e-061 1.23769e-071 0 6.69825e-115 42.948 0.147363 1.85939 45.8356
1174 43.6 2.20792e-006 0.24911 0.501679 1.37968e-061 3.99327e-072 0 1.42858e-115 41.413 0.188606 2.57297 44.9254
1175 42.4 1.84219e-006 0.224887 0.414194 4.44768e-062 1.28348e-072 0 3.03326e-116 39.6959 0.240081 3.50253 44.0776
1176 41.6 1.53559e-006 0.202834 0.340547 1.42745e-062 4.10956e-073 0 6.41174e-117 37.8243 0.303945 4.69044 43.362
1177 41.3 1.27881e-006 0.182775 0.278834 4.561e-063 1.31082e-073 0 1.34929e-117 35.8271 0.382707 6.17915 42.8505
1178 41.5 1.06397e-006 0.164549 0.227357 1.45088e-063 4.16522e-074 0 2.82681e-118 33.734 0.479263 8.00807 42.6132
1179 42.3 8.84382e-007 0.148004 0.184615 4.59489e-064 1.31848e-074 0 5.8959e-119 31.5747 0.596921 10.2096 42.7139
1180 43.5 7.34414e-007 0.133001 0.149287 1.44874e-064 4.15773e-075 0 1.22424e-119 29.3783 0.739425 12.8049 43.2049
1181 45.1 6.09302e-007 0.119409 0.120219 4.54756e-065 1.30611e-075 0 2.53072e-120 27.1725 0.910975 15.7989 44.122
1182 47.1 5.05026e-007 0.107107 0.0964087 1.42114e-065 4.08743e-076 0 5.20815e-121 24.9833 1.11623 19.176 45.4791
1183 49.2 4.18201e-007 0.0959847 0.0769938 4.42151e-066 1.27427e-076 0 1.06705e-121 22.8341 1.36031 22.8969 47.2643
1184 51.4 3.45976e-007 0.0859384 0.0612338 1.36954e-066 3.95749e-077 0 2.17646e-122 20.746 1.64875 26.8953 49.4372
1185 53.5 2.85955e-007 0.076873 0.0484978 4.22328e-067 1.22439e-077 0 4.41953e-123 18.737 1.9875 31.0785 51.9284
1186 55.6 2.36123e-007 0.0687007 0.0382514 1.29658e-067 3.77368e-078 0 8.93438e-124 16.8222 2.38284 35.3287 54.6407
1187 57.6 1.94791e-007 0.0613409 0.0300447 3.96295e-068 1.15866e-078 0 1.79811e-124 15.0134 2.84131 39.5075 57.4536
1188 59.5 1.60543e-007 0.0547193 0.0235009 1.2059e-068 3.54394e-079 0 3.6027e-125 13.3197 3.36958 43.4624 60.2299
1189 61.4 1.32191e-007 0.0487676 0.0183061 3.65322e-069 1.07985e-079 0 7.18626e-126 11.7469 3.97438 47.0362 62.8245
1190 63 1.08744e-007 0.0434234 0.0142005 1.10182e-069 3.27781e-080 0 1.42705e-126 10.2983 4.66227 50.0765 65.0948
1191 64.6 8.93706e-008 0.0386294 0.0109699 3.30842e-070 9.9117e-081 0 2.82123e-127 8.97485 5.43952 52.4469 66.9109
1192 66 7.33797e-008 0.0343331 0.0084392 9.89012e-071 2.98577e-081 0 5.55265e-128 7.77505 6.31189 54.0368 68.1665
1193 67.2 6.01932e-008 0.0304866 0.00646538 2.94344e-071 8.96002e-082 0 1.08799e-128 6.69568 7.28438 54.7699 68.7869
1194 67.9 4.93297e-008 0.0270462 0.00493266 8.72127e-072 2.67858e-082 0 2.12231e-129 5.73195 8.36106 54.6108 68.7358
1195 68.2 4.03887e-008 0.0239721 0.0037477 2.57263e-072 7.97711e-083 0 4.12152e-130 4.87782 9.54476 53.5671 68.0174
1196 67.8 3.30371e-008 0.0212278 0.00283559 7.55519e-073 2.36663e-083 0 7.96833e-131 4.12633 10.8369 51.6895 66.6767
1197 66.7 2.69981e-008 0.0187805 0.00213656 2.20895e-073 6.99452e-084 0 1.5337e-131 3.46991 12.2371 49.067 64.7949
1198 64.8 2.20422e-008 0.0166 0.00160319 6.42984e-074 2.05935e-084 0 2.93882e-132 2.90061 13.7432 45.8205 62.4825
1199 62.2 1.7979e-008 0.0146593 0.00119798 1.86331e-074 6.04012e-085 0 5.60621e-133 2.41032 15.3508 42.0935 59.8704
1200 59.3 1.4651e-008 0.0129336 0.000891472 5.3758e-075 1.76484e-085 0 1.0647e-133 1.99102 17.0533 38.0411 57.0993
1201 55.8 1.19277e-008 0.0114005 0.000660636 1.54409e-075 5.137e-086 0 2.01302e-134 1.63491 18.8419 33.8201 54.3089
1202 52.1 9.70151e-009 0.0100399 0.000487542 4.41544e-076 1.48956e-086 0 3.78906e-135 1.33453 20.7049 29.5787 51.6287
1203 48.7 7.88335e-009 0.00883364 0.000358308 1.25704e-076 4.30278e-087 0 7.10029e-136 1.08287 22.6286 25.4489 49.1695
1204 45.6 6.39989e-009 0.00776515 0.000262239 3.56282e-077 1.23818e-087 0 1.3246e-136 0.873454 24.5967 21.5398 47.0179
1205 43.3 5.19067e-009 0.00681963 0.000191132 1.00534e-077 3.54947e-088 0 2.4601e-137 0.700358 26.5908 17.9348 45.233
1206 41.7 4.20596e-009 0.00598375 0.000138728 2.82424e-078 1.01365e-088 0 4.54866e-138 0.558233 28.5904 14.6905 43.8453
1207 41 3.40484e-009 0.0052455 0.000100274 7.89885e-079 2.88373e-089 0 8.37293e-139 0.442311 30.5735 11.8375 42.8587
1208 41 2.75371e-009 0.00459411 7.21789e-005 2.19937e-079 8.17271e-090 0 1.53438e-139 0.348381 32.5166 9.38354 42.2532
1209 41.5 2.225e-009 0.00401992 5.174e-005 6.09683e-080 2.30739e-090 0 2.79931e-140 0.272771 34.3954 7.3174 41.9896
1210 42.2 1.7961e-009 0.00351427 3.6935e-005 1.68261e-080 6.48964e-091 0 5.08429e-141 0.212303 36.1851 5.61346 42.0144
1211 43.1 1.44851e-009 0.0030694 2.6257e-005 4.6231e-081 1.81829e-091 0 9.19332e-142 0.164259 37.8613 4.23632 42.2649
1212 43.9 1.16709e-009 0.00267838 1.85886e-005 1.26461e-081 5.07517e-092 0 1.65492e-142 0.126334 39.3999 3.14507 42.674
1213 44.7 9.39453e-010 0.00233504 1.31052e-005 3.4439e-082 1.41118e-092 0 2.96581e-143 0.0965886 40.7784 2.29697 43.1743
1214 45.3 7.55504e-010 0.00203384 9.20104e-006 9.3372e-083 3.90892e-093 0 5.29141e-144 0.0734087 41.976 1.6503 43.7017
1215 45.7 6.06999e-010 0.00176986 6.43317e-006 2.52032e-083 1.07864e-093 0 9.39857e-145 0.0554606 42.974 1.16642 44.1977
1216 45.8 4.87225e-010 0.00153874 4.47928e-006 6.77277e-084 2.9651e-094 0 1.66194e-145 0.0416521 43.7569 0.811019 44.6111
1217 45.5 3.90716e-010 0.00133656 3.10589e-006 1.81196e-084 8.1198e-095 0 2.9257e-146 0.0310961 44.3121 0.554741 44.8992
1218 45.2 3.13027e-010 0.00115989 2.14467e-006 4.82619e-085 2.21511e-095 0 5.12751e-147 0.0230776 44.6306 0.373278 45.0281
1219 44.8 2.5055e-010 0.00100565 1.47479e-006 1.27977e-085 6.01992e-096 0 8.94634e-148 0.0170251 44.7073 0.247092 44.9724
1220 44.2 2.00353e-010 0.000871114 1.00993e-006 3.37856e-086 1.62978e-096 0 1.55398e-148 0.0124855 44.5409 0.160905 44.7152
1221 43.7 1.60061e-010 0.000753886 6.88736e-007 8.87978e-087 4.39554e-097 0 2.68726e-149 0.009102 44.1342 0.103077 44.2471
1222 42.8 1.27752e-010 0.000651835 4.67743e-007 2.32352e-087 1.18097e-097 0 4.62632e-150 0.00659604 43.4936 0.0649592 43.5658
1223 41.8 1.01868e-010 0.000563081 3.16342e-007 6.05287e-088 3.16089e-098 0 7.92909e-151 0.00475167 42.6297 0.0402718 42.6752
1224 40.5 8.11524e-011 0.000485965 2.1306e-007 1.56982e-088 8.42798e-099 0 1.35292e-151 0.00340271 41.5559 0.024561 41.5844
1225 39.3 6.45882e-011 0.000419026 1.42903e-007 4.0533e-089 2.23863e-099 0 2.29819e-152 0.00242225 40.2892 0.0147358 40.3068
1226 37.9 5.13564e-011 0.000360976 9.54505e-008 1.04193e-089 5.92357e-100 0 3.8865e-153 0.00171407 38.849 0.00869732 38.8598
1227 36.6 4.07968e-011 0.000310682 6.34905e-008 2.66652e-090 1.56146e-100 0 6.54328e-154 0.00120574 37.2569 0.00504988 37.2635
1228 35.4 3.23778e-011 0.00026715 4.20567e-008 6.79392e-091 4.10034e-101 0 1.09672e-154 0.000843131 35.536 0.00288443 35.54
1229 34.5 2.5672e-011 0.000229507 2.77432e-008 1.72333e-091 1.07264e-101 0 1.83001e-155 0.000586073 33.7105 0.00162077 33.7129
1230 34.1 2.03358e-011 0.000196987 1.82252e-008 4.352e-092 2.79532e-102 0 3.04002e-156 0.000404972 31.8051 0.000895918 31.8066
