816 39 0.000116712 9.52047e-011 3.36028e-086 3.23282e-009 36.8981 0.00038069 0.0325529 1.58132e-162 0 8.91474e-190 36.9311
817 39.4 0.000136909 1.18785e-010 1.20901e-085 5.05821e-009 38.7238 0.000717905 0.0413779 1.34502e-161 0 7.85906e-189 38.766
818 40.1 0.000160447 1.48073e-010 4.33213e-085 7.8799e-009 40.4525 0.00132986 0.0523877 1.13707e-160 0 6.89102e-188 40.5064
819 41.3 0.00018785 1.84416e-010 1.54594e-084 1.22223e-008 42.0636 0.00241984 0.0660648 9.55417e-160 0 6.00964e-187 42.1322
820 42.7 0.000219723 2.29472e-010 5.49416e-084 1.88752e-008 43.5372 0.00432525 0.0829835 7.97901e-159 0 5.21273e-186 43.6247
821 44.2 0.000256755 2.85281e-010 1.9446e-083 2.90227e-008 44.8547 0.00759413 0.103823 6.62298e-158 0 4.4971e-185 44.9664
822 45.5 0.000299741 3.54343e-010 6.8545e-083 4.44316e-008 45.9991 0.0130975 0.129383 5.46395e-157 0 3.8588e-184 46.1418
823 46.7 0.000349587 4.39729e-010 2.40625e-082 6.77258e-008 46.9552 0.0221892 0.160598 4.48032e-156 0 3.29324e-183 47.1383
824 47.5 0.00040733 5.45199e-010 8.41248e-082 1.02784e-007 47.7102 0.0369264 0.198557 3.65141e-155 0 2.79541e-182 47.9461
825 48.4 0.000474155 6.7536e-010 2.92904e-081 1.55311e-007 48.2539 0.0603637 0.244518 2.95774e-154 0 2.36004e-181 48.5593
826 48.8 0.000551411 8.35844e-010 1.01565e-080 2.33661e-007 48.5789 0.0969298 0.299929 2.38127e-153 0 1.98173e-180 48.9763
827 49.2 0.000640638 1.03353e-009 3.5074e-080 3.50009e-007 48.6805 0.152891 0.366442 1.90549e-152 0 1.65509e-179 49.2005
828 49.2 0.000743588 1.27683e-009 1.20626e-079 5.2201e-007 48.5575 0.236891 0.445937 1.51549e-151 0 1.37484e-178 49.2411
829 49.2 0.000862252 1.57599e-009 4.1316e-079 7.75153e-007 48.2116 0.360545 0.540532 1.19797e-150 0 1.13588e-177 49.1135
830 49 0.00099889 1.94348e-009 1.40933e-078 1.14605e-006 47.6475 0.539031 0.652606 9.41219e-150 0 9.33388e-177 48.8401
831 49 0.00115607 2.39452e-009 4.78768e-078 1.68704e-006 46.8729 0.791607 0.784804 7.34993e-149 0 7.62861e-176 48.4504
832 48.9 0.00133669 2.94758e-009 1.61978e-077 2.47262e-006 45.8983 1.14196 0.940053 5.70459e-148 0 6.20126e-175 47.9816
833 48.6 0.00154405 3.62512e-009 5.45765e-077 3.60825e-006 44.7368 1.6182 1.12156 4.40063e-147 0 5.01379e-174 47.4781
834 48.2 0.00178186 4.45439e-009 1.83136e-076 5.24255e-006 43.4037 2.25246 1.33284 3.37407e-146 0 4.03184e-173 46.9908
835 47.7 0.00205432 5.46845e-009 6.12013e-076 7.58398e-006 41.9162 3.07981 1.57765 2.57123e-145 0 3.22473e-172 46.5757
836 47.1 0.00236616 6.70733e-009 2.03688e-075 1.09234e-005 40.2931 4.13652 1.86005 1.9475e-144 0 2.56527e-171 46.292
837 46.6 0.00272271 8.21949e-009 6.75134e-075 1.56649e-005 38.5543 5.45745 2.18433 1.4661e-143 0 2.02967e-170 46.1988
838 46.2 0.00312998 1.00635e-008 2.2286e-074 2.23669e-005 36.7204 7.07272 2.55502 1.09698e-142 0 1.59724e-169 46.3513
839 46 0.00359472 1.23102e-008 7.32644e-074 3.17973e-005 34.8126 9.0038 2.97681 8.15793e-142 0 1.25016e-168 46.7968
840 46.2 0.00412448 1.50448e-008 2.39868e-073 4.50073e-005 32.8518 11.2592 3.45452 6.02992e-141 0 9.73221e-168 47.5697
841 46.9 0.00472776 1.83705e-008 7.82113e-073 6.34283e-005 30.8585 13.8304 3.99306 4.42988e-140 0 7.53546e-167 48.6867
842 48.3 0.00541408 2.24111e-008 2.53972e-072 8.90002e-005 28.8525 16.6879 4.59732 3.2346e-139 0 5.8031e-166 50.1433
843 50.4 0.00619406 2.73159e-008 8.21335e-072 0.000124339 26.8526 19.7795 5.27211 2.34747e-138 0 4.44489e-165 51.9104
844 52.9 0.00707959 3.32643e-008 2.64529e-071 0.000172954 24.876 23.0287 6.02205 1.69327e-137 0 3.38621e-164 53.934
845 55.6 0.00808394 4.04715e-008 8.48487e-071 0.00023953 22.9388 26.337 6.8515 1.21395e-136 0 2.56577e-163 56.1356
846 58.6 0.00922189 4.91961e-008 2.71041e-070 0.000330293 21.0549 29.5874 7.76439 8.6502e-136 0 1.93363e-162 58.4162
847 61.8 0.0105099 5.97478e-008 8.62271e-070 0.000453467 19.2366 32.6505 8.76415 6.12631e-135 0 1.44938e-161 60.6622
848 64.9 0.0119663 7.24973e-008 2.73194e-069 0.000619869 17.4944 35.3929 9.85356 4.31242e-134 0 1.08054e-160 62.7534
849 67.8 0.0136114 8.78885e-008 8.62019e-069 0.000843648 15.8366 37.6864 11.0346 3.01712e-133 0 8.01219e-160 64.5721
850 69.5 0.0154678 1.06451e-007 2.70882e-068 0.00114322 14.2698 39.4182 12.3084 2.09803e-132 0 5.90899e-159 66.013
851 69.7 0.0175605 1.28819e-007 8.47741e-068 0.00154244 12.7987 40.4997 13.675 1.45004e-131 0 4.33438e-158 66.9925
852 68.6 0.0199171 1.55747e-007 2.64219e-067 0.00207201 11.4264 40.8742 15.1333 9.96087e-131 0 3.16222e-157 67.456
853 66.9 0.0225682 1.88134e-007 8.20132e-067 0.00277131 10.1542 40.522 16.681 6.80085e-130 0 2.29461e-156 67.3825
854 65.1 0.0255477 2.27052e-007 2.53526e-066 0.0036905 8.98205 39.4616 18.3143 4.61507e-129 0 1.65606e-155 66.7871
855 63.2 0.0288926 2.73774e-007 7.8051e-066 0.00489319 7.90858 37.7486 20.028 3.11273e-128 0 1.18877e-154 65.719
856 61.5 0.0326441 3.29814e-007 2.39306e-065 0.00645963 6.93131 35.4707 21.8156 2.08667e-127 0 8.48726e-154 64.2568
857 59.9 0.0368473 3.96968e-007 7.30713e-065 0.00849045 6.04679 32.7403 23.6689 1.39032e-126 0 6.02685e-153 62.5014
858 58.4 0.0415515 4.77366e-007 2.22208e-064 0.0111112 5.25083 29.6851 25.5782 9.20714e-126 0 4.25662e-152 60.5667
859 57.1 0.0468114 5.73532e-007 6.7296e-064 0.0144777 4.53863 26.4385 27.5322 6.06015e-125 0 2.99013e-151 58.5706
860 56 0.0526863 6.8845e-007 2.02973e-063 0.0187822 3.90495 23.1301 29.5185 3.96452e-124 0 2.08914e-150 56.625
861 55.3 0.0592415 8.25652e-007 6.09686e-063 0.0242605 3.34425 19.8775 31.523 2.57779e-123 0 1.45176e-149 54.8282
862 54.7 0.0665482 9.89308e-007 1.82386e-062 0.0312005 2.85086 16.7799 33.5306 1.66591e-122 0 1.00341e-148 53.2591
863 54.3 0.0746842 1.18434e-006 5.43371e-062 0.0399513 2.41905 13.9142 35.5252 1.07006e-121 0 6.89776e-148 51.9731
864 54 0.0837343 1.41654e-006 1.6122e-061 0.050934 2.04319 11.3337 37.4897 6.83139e-121 0 4.71619e-147 51.0013
865 53.6 0.0937907 1.69275e-006 4.76388e-061 0.0646535 1.71777 9.06835 39.4066 4.33471e-120 0 3.2072e-146 50.3511
866 52.9 0.104954 2.02099e-006 1.40191e-060 0.0817117 1.43753 7.12733 41.2578 2.73376e-119 0 2.16927e-145 50.0093
867 51.7 0.117333 2.41072e-006 4.10865e-060 0.102822 1.19746 5.50261 43.0253 1.7136e-118 0 1.45932e-144 49.9455
868 50.6 0.131046 2.87302e-006 1.19921e-059 0.128822 0.992882 4.17305 44.6913 1.0676e-117 0 9.76428e-144 50.1171
869 49.6 0.14622 3.4209e-006 3.48587e-059 0.160697 0.819461 3.10872 46.2384 6.6108e-117 0 6.49802e-143 50.4735
870 49.2 0.162995 4.06959e-006 1.00913e-058 0.199586 0.673212 2.27484 47.65 4.06864e-116 0 4.30104e-142 50.9606
871 49.1 0.18152 4.83695e-006 2.90936e-058 0.246809 0.550516 1.63518 48.9107 2.48882e-115 0 2.83151e-141 51.5247
872 49.4 0.201955 5.74383e-006 8.3535e-058 0.303878 0.448106 1.15457 50.0064 1.51317e-114 0 1.85401e-140 52.1149
873 49.9 0.224475 6.81461e-006 2.38868e-057 0.372516 0.363065 0.800794 50.9247 9.14384e-114 0 1.20743e-139 52.6856
874 50.6 0.249266 8.07774e-006 6.80246e-057 0.454672 0.292807 0.545586 51.655 5.49186e-113 0 7.82094e-139 53.1973
875 51.7 0.276529 9.5664e-006 1.92927e-056 0.552535 0.235057 0.365131 52.1887 3.27837e-112 0 5.03859e-138 53.6179
876 52.9 0.306479 1.13192e-005 5.44925e-056 0.668542 0.187827 0.240036 52.5196 1.94512e-111 0 3.22857e-137 53.9225
877 54.1 0.339346 1.33812e-005 1.53285e-055 0.805388 0.149395 0.155006 52.6438 1.14705e-110 0 2.05761e-136 54.0929
878 55 0.375376 1.58046e-005 4.2942e-055 0.966027 0.118279 0.0983244 52.5598 6.7231e-110 0 1.30427e-135 54.1178
879 55.6 0.414832 1.865e-005 1.19807e-054 1.15367 0.0932118 0.0612658 52.2686 3.91655e-109 0 8.22289e-135 53.9916
880 55.8 0.457994 2.1988e-005 3.3289e-054 1.37177 0.0731188 0.0374989 51.7737 2.26771e-108 0 5.15623e-134 53.7141
881 55.6 0.505161 2.59001e-005 9.21167e-054 1.62401 0.0570926 0.0225456 51.0808 1.30503e-107 0 3.21582e-133 53.2897
882 55 0.55665 3.04809e-005 2.5386e-053 1.91427 0.0443736 0.0133152 50.1981 7.46449e-107 0 1.99481e-132 52.7268
883 54 0.612797 3.58396e-005 6.96737e-053 2.2466 0.0343291 0.00772459 49.1358 4.24356e-106 0 1.23073e-131 52.0373
884 52.7 0.673958 4.21025e-005 1.90441e-052 2.62517 0.0264359 0.00440197 47.9059 2.39778e-105 0 7.55228e-131 51.2359
885 51.3 0.74051 4.94154e-005 5.18409e-052 3.05418 0.0202637 0.00246412 46.5223 1.34659e-104 0 4.60939e-130 50.3398
886 49.9 0.812852 5.79464e-005 1.40541e-051 3.53786 0.015461 0.00135494 45.0002 7.51644e-104 0 2.79808e-129 49.3677
887 48.6 0.891403 6.78891e-005 3.79447e-051 4.08032 0.0117422 0.000731845 43.3558 4.17001e-103 0 1.68939e-128 48.3401
888 47.1 0.976604 7.94664e-005 1.02028e-050 4.68549 0.00887676 0.000388295 41.6066 2.29938e-102 0 1.01449e-127 47.278
889 45.6 1.06892 9.29343e-005 2.73214e-050 5.35703 0.00667964 0.000202371 39.7701 1.26018e-101 1.38338e-321 6.05927e-127 46.203
890 44.3 1.16884 0.000108587 7.28629e-050 6.09818 0.00500317 0.000103604 37.8645 6.86443e-101 2.0693e-319 3.59951e-126 45.1368
891 43.1 1.27686 0.000126762 1.93521e-049 6.9117 0.00373018 5.21014e-005 35.9078 3.71642e-100 2.66866e-317 2.12675e-125 44.1003
892 42.2 1.39353 0.000147847 5.11881e-049 7.79967 0.00276827 2.57374e-005 33.9177 1.99983e-099 3.38426e-315 1.24981e-124 43.1139
893 41.3 1.5194 0.000172283 1.34843e-048 8.76347 0.00204494 1.24889e-005 31.9113 1.06957e-098 4.2234e-313 7.30501e-124 42.1964
894 40.6 1.65505 0.000200578 3.53758e-048 9.80355 0.00150365 5.95283e-006 29.905 5.68561e-098 5.18668e-311 4.24668e-123 41.3653
895 40 1.80106 0.00023331 9.24277e-048 10.9194 0.00110054 2.78719e-006 27.9141 3.00395e-097 6.26826e-309 2.45545e-122 40.6359
896 39.3 1.95808 0.00027114 2.40501e-047 12.1093 0.000801784 1.2819e-006 25.9528 1.57745e-096 7.45474e-307 1.41209e-121 40.0213
897 38.9 2.12674 0.00031482 6.23232e-047 13.3706 0.000581438 5.7914e-007 24.034 8.23321e-096 8.72464e-305 8.07692e-121 39.5322
898 38.7 2.3077 0.000365209 1.60843e-046 14.699 0.000419703 2.57014e-007 22.1691 4.27101e-095 1.00483e-302 4.59495e-120 39.1766
899 38.6 2.50165 0.000423282 4.13401e-046 16.0892 0.000301561 1.1204e-007 20.3681 2.20212e-094 1.13885e-300 2.59997e-119 38.9597
900 38.7 2.7093 0.000490149 1.05818e-045 17.5343 0.000215675 4.79766e-008 18.6395 1.1285e-093 1.27019e-298 1.46321e-118 38.8837
901 38.9 2.93135 0.000567069 2.69754e-045 19.0261 0.000153539 2.01805e-008 16.9902 5.74789e-093 1.39412e-296 8.19022e-118 38.9483
902 39.3 3.16856 0.00065547 6.84846e-045 20.555 0.000108801 8.33826e-009 15.4256 2.90981e-092 1.50577e-294 4.55971e-117 39.15
903 39.8 3.42167 0.000756971 1.73156e-044 22.1102 7.67429e-005 3.38425e-009 13.9498 1.4641e-091 1.60047e-292 2.52481e-116 39.4826
904 40.4 3.69144 0.000873405 4.36013e-044 23.6798 5.38813e-005 1.34925e-009 12.5654 7.32192e-091 1.67404e-290 1.39051e-115 39.9375
905 41.1 3.97865 0.00100684 1.0934e-043 25.2505 3.76557e-005 5.28404e-010 11.2736 3.63939e-090 1.72312e-288 7.61675e-115 40.5038
906 41.8 4.28408 0.00115962 2.73074e-043 26.8083 2.61949e-005 2.03274e-010 10.0747 1.79796e-089 1.74539e-286 4.1497e-114 41.1682
907 42.8 4.60853 0.00133439 6.79201e-043 28.3384 1.81383e-005 7.6814e-011 8.96769 8.82838e-089 1.73979e-284 2.24862e-113 41.916
908 43.7 4.95277 0.00153411 1.68242e-042 29.8257 1.25017e-005 2.8513e-011 7.95079 4.30854e-088 1.7066e-282 1.2119e-112 42.7308
909 44.9 5.31762 0.00176214 4.1504e-042 31.2545 8.577e-006 1.03965e-011 7.02135 2.08992e-087 1.64739e-280 6.49633e-112 43.5953
910 45.7 5.70384 0.00202225 1.01968e-041 32.6094 5.85727e-006 3.7237e-012 6.17607 1.00757e-086 1.56491e-278 3.46355e-111 44.4913
911 46.6 6.11223 0.00231866 2.49491e-041 33.8751 3.98152e-006 1.3101e-012 5.41108 4.82805e-086 1.46289e-276 1.83665e-110 45.4007
912 47.3 6.54357 0.00265614 6.07947e-041 35.0369 2.69398e-006 4.52771e-013 4.72212 2.29941e-085 1.34574e-274 9.68685e-110 46.3053
913 47.8 6.9986 0.00304 1.47535e-040 36.081 1.81441e-006 1.53708e-013 4.1046 1.08845e-084 1.21827e-272 5.08148e-109 47.1873
914 48.2 7.47808 0.0034762 3.56568e-040 36.9947 1.21638e-006 5.12572e-014 3.55373 5.12097e-084 1.0853e-270 2.65124e-108 48.03
915 48.6 7.98272 0.00397143 8.58239e-040 37.7666 8.11699e-007 1.67902e-014 3.06465 2.39466e-083 9.51459e-269 1.37582e-107 48.818
916 49.1 8.51323 0.00453313 2.05728e-039 38.387 5.39157e-007 5.40259e-015 2.63243 1.11297e-082 8.20838e-267 7.10106e-107 49.5372
917 49.5 9.07025 0.00516962 4.91129e-039 38.848 3.56475e-007 1.70762e-015 2.25223 5.14129e-082 6.96874e-265 3.64533e-106 50.1756
918 49.8 9.65442 0.00589019 1.16766e-038 39.1435 2.34604e-007 5.30178e-016 1.91933 2.36053e-081 5.8221e-263 1.86124e-105 50.7232
919 50 10.2663 0.00670516 2.76476e-038 39.2698 1.53687e-007 1.61695e-016 1.62918 1.0772e-080 4.78668e-261 9.45192e-105 51.1721
920 50 10.9065 0.00762603 6.51952e-038 39.2253 1.00214e-007 4.84409e-017 1.37742 4.88574e-080 3.87274e-259 4.77407e-104 51.5169
921 50.2 11.5755 0.00866557 1.53106e-037 39.0104 6.50454e-008 1.42552e-017 1.15997 2.20249e-079 3.08341e-257 2.39833e-103 51.7546
922 50.3 12.2737 0.00983798 3.58087e-037 38.628 4.2024e-008 4.12074e-018 0.972989 9.86841e-079 2.41587e-255 1.19834e-102 51.8846
923 50.5 13.0015 0.011159 8.34069e-037 38.0831 2.70253e-008 1.17009e-018 0.812923 4.39469e-078 1.8627e-253 5.9553e-102 51.9087
924 50.5 13.7592 0.012646 1.93479e-036 37.3827 1.72997e-008 3.2637e-019 0.676506 1.94517e-077 1.41333e-251 2.9436e-101 51.831
925 50.5 14.547 0.0143182 4.46977e-036 36.5355 1.1023e-008 8.94214e-020 0.560757 8.55732e-077 1.05529e-249 1.44712e-100 51.6576
926 50.5 15.3652 0.016197 1.02838e-035 35.5523 6.99123e-009 2.40667e-020 0.462976 3.74167e-076 7.75409e-248 7.07591e-100 51.3967
927 50.4 16.2138 0.018306 2.35636e-035 34.4452 4.41368e-009 6.36258e-021 0.380735 1.62608e-075 5.60684e-246 3.44121e-099 51.058
928 50.4 17.0928 0.0206709 5.37711e-035 33.2275 2.77359e-009 1.65232e-021 0.311866 7.02372e-075 3.98965e-244 1.66453e-098 50.6528
929 50.3 18.0021 0.0233203 1.22201e-034 31.9134 1.73491e-009 4.21499e-022 0.254445 3.01538e-074 2.7937e-242 8.00801e-098 50.1933
930 50.2 18.9415 0.0262857 2.76578e-034 30.5181 1.0802e-009 1.05619e-022 0.206776 1.28666e-073 1.92511e-240 3.83185e-097 49.6926
931 50.1 19.9108 0.0296015 6.23417e-034 29.0568 6.6946e-010 2.59975e-023 0.167374 5.45678e-073 1.30544e-238 1.82366e-096 49.1646
932 49.7 20.9096 0.0333057 1.39946e-033 27.5453 4.1299e-010 6.28586e-024 0.134945 2.30015e-072 8.71146e-237 8.63238e-096 48.6231
933 49.5 21.9373 0.0374397 3.12866e-033 25.9988 2.53599e-010 1.49293e-024 0.108369 9.63665e-072 5.72074e-235 4.06414e-095 48.082
934 49.2 22.9935 0.042049 6.96587e-033 24.4325 1.55006e-010 3.48303e-025 0.0866833 4.01277e-071 3.69695e-233 1.90309e-094 47.5547
935 48.8 24.0773 0.0471833 1.54458e-032 22.8607 9.43067e-011 7.98212e-026 0.0690631 1.66078e-070 2.35106e-231 8.8634e-094 47.0542
936 48.4 25.1879 0.052897 3.41087e-032 21.2971 5.71124e-011 1.79689e-026 0.0548072 6.83167e-070 1.47134e-229 4.10576e-093 46.5927
937 48 26.3244 0.0592493 7.50133e-032 19.7541 3.4428e-011 3.97346e-027 0.0433221 2.79313e-069 9.06129e-228 1.89164e-092 46.1811
938 47.6 27.4857 0.0663048 1.64297e-031 18.2433 2.06579e-011 8.63095e-028 0.0341085 1.13502e-068 5.49158e-226 8.6683e-092 45.8294
939 47.1 28.6707 0.0741338 3.58376e-031 16.7747 1.23383e-011 1.84158e-028 0.0267483 4.58423e-068 3.27517e-224 3.95077e-091 45.5463
940 46.7 29.878 0.0828127 7.78515e-031 15.3573 7.33528e-012 3.85982e-029 0.0208935 1.84025e-067 1.9222e-222 1.79094e-090 45.339
941 46.3 31.1062 0.0924246 1.68428e-030 13.9986 4.34082e-012 7.94667e-030 0.0162557 7.34239e-067 1.11018e-220 8.07478e-090 45.2134
942 45.8 32.3537 0.103059 3.62894e-030 12.7046 2.55694e-012 1.60711e-030 0.0125974 2.91169e-066 6.30981e-219 3.62104e-089 45.1739
943 45.4 33.6189 0.114815 7.78687e-030 11.48 1.49921e-012 3.19265e-031 0.00972387 1.14763e-065 3.52914e-217 1.61505e-088 45.2234
944 45 34.8999 0.127796 1.66405e-029 10.3284 8.74978e-013 6.23014e-032 0.00747613 4.49582e-065 1.94245e-215 7.1646e-088 45.3636
945 45 36.1949 0.142117 3.54149e-029 9.25194 5.08306e-013 1.19423e-032 0.00572526 1.75051e-064 1.05211e-213 3.16117e-087 45.5947
946 45 37.5019 0.1579 7.50628e-029 8.25163 2.93933e-013 2.24865e-033 0.00436711 6.77435e-064 5.6079e-212 1.38726e-086 45.9158
947 45.1 38.8187 0.175279 1.58447e-028 7.32746 1.69185e-013 4.15908e-034 0.00331799 2.60567e-063 2.9415e-210 6.05503e-086 46.3248
948 45.2 40.1431 0.194396 3.33088e-028 6.47852 9.6933e-014 7.55642e-035 0.00251093 9.96142e-063 1.51833e-208 2.62862e-085 46.8185
949 45.5 41.4727 0.215405 6.97354e-028 5.70302 5.52807e-014 1.34858e-035 0.00189268 3.78504e-062 7.71248e-207 1.13499e-084 47.393
950 45.8 42.8052 0.238469 1.45401e-027 4.99853 3.13812e-014 2.36419e-036 0.00142102 1.42945e-061 3.85523e-205 4.87421e-084 48.0436
951 46.4 44.138 0.263766 3.01924e-027 4.36202 1.7732e-014 4.07128e-037 0.00106268 5.36559e-061 1.89642e-203 2.08195e-083 48.7648
952 47.1 45.4685 0.291483 6.24379e-027 3.79001 9.97334e-015 6.88686e-038 0.000791563 2.00177e-060 9.18014e-202 8.84479e-083 49.5508
953 47.9 46.794 0.321824 1.28593e-026 3.27869 5.58363e-015 1.14434e-038 0.000587287 7.42265e-060 4.37313e-200 3.73729e-082 50.3951
954 48.9 48.1119 0.355005 2.63757e-026 2.82402 3.11161e-015 1.8678e-039 0.000434006 2.7356e-059 2.05005e-198 1.57064e-081 51.2914
955 50 49.4194 0.391254 5.38778e-026 2.42183 1.72603e-015 2.99468e-040 0.000319464 1.00206e-058 9.45727e-197 6.56521e-081 52.2328
956 51.2 50.7135 0.430816 1.09606e-025 2.06789 9.53024e-016 4.71643e-041 0.000234223 3.64827e-058 4.29335e-195 2.72943e-080 53.2124
957 52.5 51.9915 0.473954 2.22063e-025 1.758 5.23785e-016 7.29657e-042 0.000171047 1.32016e-057 1.91803e-193 1.12862e-079 54.2236
958 53.9 53.2504 0.520942 4.48061e-025 1.48805 2.86547e-016 1.10883e-042 0.000124418 4.74807e-057 8.43227e-192 4.64166e-079 55.2595
959 55.4 54.4873 0.572073 9.00362e-025 1.25407 1.56039e-016 1.65523e-043 9.01434e-005 1.69728e-056 3.64806e-190 1.89868e-078 56.3135
960 57 55.6993 0.627659 1.80184e-024 1.05229 8.45788e-017 2.42712e-044 6.50525e-005 6.03033e-056 1.55313e-188 7.72469e-078 57.3793
961 58.7 56.8836 0.688027 3.59113e-024 0.879141 4.56336e-017 3.49598e-045 4.676e-005 2.1295e-055 6.50706e-187 3.12581e-077 58.4508
962 60.3 58.0371 0.753524 7.12798e-024 0.731287 2.45076e-017 4.9464e-046 3.34785e-005 7.47414e-055 2.68281e-185 1.25804e-076 59.5219
963 61.9 59.1571 0.824514 1.40903e-023 0.605655 1.31012e-017 6.87467e-047 2.38747e-005 2.60732e-054 1.08849e-183 5.03592e-076 60.5873
964 63.5 60.2407 0.901382 2.77391e-023 0.499425 6.97129e-018 9.3855e-048 1.69587e-005 9.04016e-054 4.34597e-182 2.005e-075 61.6415
965 65 61.2851 0.98453 5.43854e-023 0.410036 3.69241e-018 1.25865e-048 1.19985e-005 3.11535e-053 1.70757e-180 7.93965e-075 62.6797
966 66.4 62.2877 1.07438 1.06192e-022 0.335183 1.9467e-018 1.65805e-049 8.45552e-006 1.06705e-052 6.60237e-179 3.12709e-074 63.6972
967 67.6 63.2458 1.17138 2.065e-022 0.272804 1.0216e-018 2.14552e-050 5.9352e-006 3.63258e-052 2.51218e-177 1.22498e-073 64.69
968 68.7 64.1568 1.27599 3.99913e-022 0.221068 5.33654e-019 2.72716e-051 4.14965e-006 1.22911e-051 9.40653e-176 4.77279e-073 65.6539
969 69.8 65.0184 1.38869 7.71311e-022 0.178365 2.77479e-019 3.4051e-052 2.88981e-006 4.1335e-051 3.46607e-174 1.84955e-072 66.5855
970 70.6 65.8282 1.50999 1.48154e-021 0.143285 1.43613e-019 4.17632e-053 2.0045e-006 1.38163e-050 1.25683e-172 7.12869e-072 67.4815
971 71.3 66.584 1.6404 2.83409e-021 0.114604 7.3986e-020 5.03153e-054 1.38492e-006 4.59003e-050 4.48478e-171 2.73279e-071 68.339
972 71.8 67.2836 1.78048 5.39926e-021 0.091265 3.79402e-020 5.95455e-055 9.53069e-007 1.51561e-049 1.57484e-169 1.04197e-070 69.1554
973 72.5 67.9252 1.93079 1.02441e-020 0.0723632 1.93662e-020 6.92216e-056 6.53287e-007 4.97403e-049 5.44204e-168 3.95142e-070 69.9284
974 73.1 68.507 2.0919 1.93566e-020 0.0571268 9.83967e-021 7.90454e-057 4.46031e-007 1.62248e-048 1.85061e-166 1.4904e-069 70.6561
975 73.7 69.0273 2.26442 3.64254e-020 0.0449023 4.97635e-021 8.86655e-058 3.03324e-007 5.26014e-048 6.19296e-165 5.59122e-069 71.3367
976 74.1 69.4847 2.44896 6.82651e-020 0.0351403 2.50516e-021 9.76957e-059 2.05461e-007 1.69498e-047 2.03944e-163 2.08622e-068 71.9688
977 74.5 69.8778 2.64617 1.27412e-019 0.0273811 1.25531e-021 1.0574e-059 1.38622e-007 5.42851e-047 6.60924e-162 7.74222e-068 72.5514
978 74.6 70.2056 2.85668 2.36833e-019 0.0212423 6.26127e-022 1.12421e-060 9.31571e-008 1.72801e-046 2.10776e-160 2.85774e-067 73.0835
979 74.7 70.467 3.08117 4.38421e-019 0.0164083 3.10861e-022 1.17407e-061 6.23564e-008 5.46713e-046 6.61486e-159 1.04913e-066 73.5646
980 74.7 70.6614 3.32031 8.08275e-019 0.0126191 1.53626e-022 1.20445e-062 4.15744e-008 1.71918e-045 2.04291e-157 3.83081e-066 73.9944
981 74.7 70.7882 3.57481 1.48404e-018 0.00966285 7.55709e-023 1.21374e-063 2.76091e-008 5.37321e-045 6.20878e-156 1.39124e-065 74.3727
982 74.8 70.847 3.84535 2.71363e-018 0.00736696 3.70032e-023 1.20144e-064 1.82625e-008 1.66914e-044 1.85692e-154 5.02534e-065 74.6997
983 74.8 70.8377 4.13264 4.94167e-018 0.00559215 1.8035e-023 1.16822e-065 1.20323e-008 5.1535e-044 5.46522e-153 1.80543e-064 74.9759
984 74.7 70.7602 4.43741 8.96222e-018 0.00422646 8.74958e-024 1.1158e-066 7.89616e-009 1.58147e-043 1.5829e-151 6.45128e-064 75.2018
985 74.6 70.6148 4.76038 1.61874e-017 0.00318041 4.22524e-024 1.04688e-067 5.16137e-009 4.82355e-043 4.51155e-150 2.29279e-063 75.3784
986 74.3 70.402 5.10226 2.91175e-017 0.00238285 2.031e-024 9.64819e-069 3.36043e-009 1.46225e-042 1.2654e-148 8.10462e-063 75.5066
987 74.2 70.1223 5.46378 5.21617e-017 0.00177753 9.71763e-025 8.73452e-070 2.17924e-009 4.40581e-042 3.49269e-147 2.8494e-062 75.5878
988 74.1 69.7765 5.84566 9.3061e-017 0.00132022 4.62812e-025 7.76739e-071 1.40766e-009 1.31941e-041 9.48683e-146 9.96381e-062 75.6234
989 73.9 69.3656 6.24861 1.65349e-016 0.000976301 2.19403e-025 6.78506e-072 9.0567e-010 3.92718e-041 2.53578e-144 3.46537e-061 75.6152
990 73.7 68.8908 6.67333 2.92587e-016 0.000718833 1.03532e-025 5.82205e-073 5.80395e-010 1.1618e-040 6.67006e-143 1.19874e-060 75.5649
991 73.5 68.3535 7.12052 5.15616e-016 0.000526963 4.86294e-026 4.90728e-074 3.70474e-010 3.4161e-040 1.72655e-141 4.12431e-060 75.4746
992 73.2 67.7551 7.59084 9.04932e-016 0.000384627 2.27362e-026 4.06302e-075 2.35544e-010 9.9834e-040 4.398e-140 1.41133e-059 75.3464
993 72.9 67.0974 8.08497 1.5817e-015 0.000279517 1.0581e-026 3.30445e-076 1.49165e-010 2.89985e-039 1.10246e-138 4.80351e-059 75.1827
994 72.6 66.3822 8.60351 2.75328e-015 0.000202247 4.90155e-027 2.63993e-077 9.40901e-011 8.37185e-039 2.71955e-137 1.62607e-058 74.9859
995 72.5 65.6114 9.14709 4.77305e-015 0.000145702 2.26012e-027 2.07171e-078 5.91154e-011 2.40224e-038 6.60178e-136 5.47486e-058 74.7586
996 72.2 64.7872 9.71628 8.24062e-015 0.00010451 1.03735e-027 1.59701e-079 3.69946e-011 6.85108e-038 1.57708e-134 1.8334e-057 74.5035
997 72.1 63.9118 10.3116 1.41691e-014 7.4637e-005 4.73924e-028 1.20929e-080 2.30599e-011 1.94201e-037 3.70746e-133 6.10651e-057 74.2234
998 71.9 62.9876 10.9336 2.42629e-014 5.30713e-005 2.1552e-028 8.99491e-082 1.43172e-011 5.47132e-037 8.57686e-132 2.02293e-056 73.9212
999 71.8 62.017 11.5826 4.13773e-014 3.75728e-005 9.75571e-029 6.57211e-083 8.85395e-012 1.53208e-036 1.95258e-130 6.66529e-056 73.5997
1000 71.6 61.0027 12.2592 7.02748e-014 2.64847e-005 4.39566e-029 4.71689e-084 5.45378e-012 4.26403e-036 4.3744e-129 2.18429e-055 73.2619
1001 71.5 59.9472 12.9637 1.18865e-013 1.85876e-005 1.97144e-029 3.32545e-085 3.3461e-012 1.17952e-035 9.644e-128 7.11954e-055 72.9109
1002 71.4 58.8534 13.6963 2.00231e-013 1.29885e-005 8.80106e-030 2.30297e-086 2.04485e-012 3.24297e-035 2.09231e-126 2.30805e-054 72.5497
1003 71.2 57.7239 14.4573 3.3591e-013 9.03658e-006 3.91093e-030 1.56663e-087 1.2447e-012 8.86192e-035 4.46706e-125 7.44201e-054 72.1812
1004 70.8 56.5617 15.2468 5.61223e-013 6.25974e-006 1.72989e-030 1.04686e-088 7.54656e-013 2.40692e-034 9.3853e-124 2.38664e-053 71.8085
1005 70.6 55.3695 16.065 9.33824e-013 4.31733e-006 7.61643e-031 6.87157e-090 4.55737e-013 6.49746e-034 1.94045e-122 7.61263e-053 71.4346
1006 70.4 54.1504 16.912 1.54744e-012 2.96471e-006 3.33793e-031 4.43062e-091 2.74132e-013 1.74331e-033 3.94809e-121 2.41509e-052 71.0624
1007 70.1 52.9071 17.7876 2.55377e-012 2.02702e-006 1.45612e-031 2.80619e-092 1.64243e-013 4.64895e-033 7.90497e-120 7.62053e-052 70.6947
1008 70 51.6427 18.6917 4.19727e-012 1.37988e-006 6.32278e-032 1.74587e-093 9.80151e-014 1.23221e-032 1.55755e-118 2.3916e-051 70.3344
1009 70 50.36 19.6241 6.87022e-012 9.35256e-007 2.73284e-032 1.06696e-094 5.82614e-014 3.24609e-032 3.02005e-117 7.46521e-051 69.9841
1010 69.8 49.062 20.5845 1.11994e-011 6.31144e-007 1.17575e-032 6.40515e-096 3.44945e-014 8.49938e-032 5.76255e-116 2.31765e-050 69.6465
1011 69.7 47.7514 21.5725 1.81817e-011 4.24067e-007 5.03507e-033 3.77705e-097 2.03423e-014 2.21188e-031 1.08204e-114 7.15657e-050 69.3239
1012 69.5 46.4311 22.5876 2.93964e-011 2.83692e-007 2.14631e-033 2.18786e-098 1.19489e-014 5.72119e-031 1.99941e-113 2.19793e-049 69.0188
1013 69.5 45.1039 23.6293 4.73339e-011 1.88959e-007 9.10691e-034 1.24488e-099 6.99102e-015 1.47082e-030 3.63572e-112 6.71388e-049 68.7332
1014 69.4 43.7725 24.6967 7.59047e-011 1.25313e-007 3.84631e-034 6.95794e-101 4.0741e-015 3.75821e-030 6.5059e-111 2.03979e-048 68.4693
1015 69.4 42.4396 25.7892 1.21223e-010 8.27435e-008 1.617e-034 3.82011e-102 2.36486e-015 9.54445e-030 1.14565e-109 6.1638e-048 68.2288
1016 69.3 41.1077 26.9058 1.92804e-010 5.43973e-008 6.76659e-035 2.06022e-103 1.36728e-015 2.40918e-029 1.98531e-108 1.85252e-047 68.0135
1017 69.4 39.7792 28.0456 3.054e-010 3.56065e-008 2.81853e-035 1.09143e-104 7.87394e-016 6.04419e-029 3.38557e-107 5.5377e-047 67.8248
1018 69.4 38.4567 29.2073 4.8177e-010 2.32054e-008 1.16861e-035 5.67961e-106 4.51655e-016 1.50714e-028 5.68152e-106 1.64645e-046 67.664
1019 69.4 37.1424 30.3898 7.56883e-010 1.50576e-008 4.82291e-036 2.90326e-107 2.58049e-016 3.73525e-028 9.38268e-105 4.86874e-046 67.5322
1020 69.4 35.8385 31.5918 1.18423e-009 9.72816e-009 1.98126e-036 1.45779e-108 1.46852e-016 9.20098e-028 1.52482e-103 1.43198e-045 67.4303
1021 69.4 34.5471 32.8119 1.84528e-009 6.25768e-009 8.10156e-037 7.19031e-110 8.32407e-017 2.25267e-027 2.43859e-102 4.189e-045 67.359
1022 69.4 33.2702 34.0484 2.86356e-009 4.00777e-009 3.29753e-037 3.48372e-111 4.69974e-017 5.48162e-027 3.83785e-101 1.2188e-044 67.3186
1023 69.4 32.0097 35.2998 4.42557e-009 2.55565e-009 1.33599e-037 1.65799e-112 2.64297e-017 1.32577e-026 5.94383e-100 3.52703e-044 67.3095
1024 69.7 30.7673 36.5643 6.81163e-009 1.62258e-009 5.38776e-038 7.7511e-114 1.48044e-017 3.18698e-026 9.05886e-099 1.01516e-043 67.3316
1025 69.7 29.5447 37.84 1.04412e-008 1.0257e-009 2.16276e-038 3.55949e-115 8.25985e-018 7.61443e-026 1.35866e-097 2.90613e-043 67.3847
1026 69.6 28.3434 39.1251 1.59393e-008 6.45566e-010 8.64176e-039 1.60567e-116 4.59022e-018 1.80819e-025 2.00528e-096 8.27455e-043 67.4685
1027 69.5 27.1648 40.4174 2.42329e-008 4.04547e-010 3.43707e-039 7.11484e-118 2.54083e-018 4.26776e-025 2.91253e-095 2.34329e-042 67.5822
1028 69.2 26.0102 41.715 3.66912e-008 2.52409e-010 1.36072e-039 3.09684e-119 1.40087e-018 1.00116e-024 4.16288e-094 6.60023e-042 67.7251
1029 69.1 24.8807 43.0154 5.53268e-008 1.56801e-010 5.3622e-040 1.32408e-120 7.6931e-019 2.33431e-024 5.85527e-093 1.84903e-041 67.8961
1030 69.1 23.7773 44.3166 8.3086e-008 9.69841e-011 2.10334e-040 5.56101e-122 4.20809e-019 5.40954e-024 8.10455e-092 5.15205e-041 68.0939
1031 69 22.701 45.6161 1.24262e-007 5.97255e-011 8.21241e-041 2.29422e-123 2.29272e-019 1.24598e-023 1.10393e-090 1.4278e-040 68.3172
1032 69 21.6526 46.9116 1.85084e-007 3.66207e-011 3.19172e-041 9.29738e-125 1.24422e-019 2.8524e-023 1.47972e-089 3.93556e-040 68.5642
1033 69.1 20.6327 48.2004 2.74547e-007 2.23564e-011 1.23473e-041 3.70108e-126 6.72547e-020 6.49022e-023 1.95186e-088 1.07894e-039 68.8332
1034 69.1 19.642 49.4802 4.05585e-007 1.35889e-011 4.75458e-042 1.44724e-127 3.62101e-020 1.46777e-022 2.53365e-087 2.94198e-039 69.1222
1035 69.2 18.6809 50.7483 5.96715e-007 8.22382e-012 1.82241e-042 5.55895e-129 1.94186e-020 3.29916e-022 3.23649e-086 7.97872e-039 69.4292
1036 69.4 17.7497 52.0021 8.7432e-007 4.95531e-012 6.95302e-043 2.09744e-130 1.03726e-020 7.37052e-022 4.06847e-085 2.15218e-038 69.7518
1037 69.8 16.8487 53.239 1.27583e-006 2.97287e-012 2.64055e-043 7.77372e-132 5.51869e-021 1.6366e-021 5.03288e-084 5.77398e-038 70.0877
1038 70.1 15.978 54.4564 1.8541e-006 1.77578e-012 9.9818e-044 2.83016e-133 2.9246e-021 3.61189e-021 6.12676e-083 1.54072e-037 70.4344
1039 70.4 15.1378 55.6516 2.68344e-006 1.05611e-012 3.75592e-044 1.01213e-134 1.54375e-021 7.92274e-021 7.33964e-082 4.08906e-037 70.7894
1040 70.8 14.3279 56.8219 3.86784e-006 6.25372e-013 1.40675e-044 3.55554e-136 8.11651e-022 1.72729e-020 8.65261e-081 1.07938e-036 71.1498
1041 70.8 13.5484 57.9646 5.55219e-006 3.68701e-013 5.24459e-045 1.22692e-137 4.25052e-022 3.74287e-020 1.0038e-079 2.83385e-036 71.513
1042 70.8 12.7989 59.0772 7.93741e-006 2.1643e-013 1.94625e-045 4.15883e-139 2.21715e-022 8.06106e-020 1.14599e-078 7.4e-036 71.8761
1043 70.8 12.0793 60.1571 1.13009e-005 1.26494e-013 7.18921e-046 1.38474e-140 1.15194e-022 1.72555e-019 1.28748e-077 1.92193e-035 72.2364
1044 70.6 11.3891 61.2016 1.60237e-005 7.36086e-014 2.64336e-046 4.52906e-142 5.96135e-023 3.67125e-019 1.42341e-076 4.96472e-035 72.5908
1045 70.9 10.7281 62.2083 2.26273e-005 4.26477e-014 9.67439e-047 1.45509e-143 3.07284e-023 7.76333e-019 1.54863e-075 1.27557e-034 72.9365
1046 71.1 10.0957 63.1748 3.18215e-005 2.4602e-014 3.5244e-047 4.59216e-145 1.57767e-023 1.63166e-018 1.65804e-074 3.2596e-034 73.2706
1047 71.5 9.49146 64.0987 4.45685e-005 1.41303e-014 1.27803e-047 1.42359e-146 8.06815e-024 3.40849e-018 1.74691e-073 8.28469e-034 73.5902
1048 71.9 8.9148 64.9776 6.2166e-005 8.08056e-015 4.61305e-048 4.33508e-148 4.10972e-024 7.0769e-018 1.81124e-072 2.0943e-033 73.8924
1049 72.4 8.36511 65.8093 8.63568e-005 4.60086e-015 1.65741e-048 1.29674e-149 2.08512e-024 1.4604e-017 1.84803e-071 5.26568e-033 74.1745
1050 73 7.84177 66.5919 0.00011947 2.60822e-015 5.9274e-049 3.81022e-151 1.05373e-024 2.99537e-017 1.85555e-070 1.3168e-032 74.4338
1051 73.4 7.3441 67.3232 0.000164604 1.47217e-015 2.11005e-049 1.09974e-152 5.30409e-025 6.10628e-017 1.83344e-069 3.27521e-032 74.6674
1052 73.7 6.8714 68.0013 0.00022586 8.27327e-016 7.47678e-050 3.11798e-154 2.65933e-025 1.23724e-016 1.78274e-068 8.10231e-032 74.8729
1053 73.9 6.42294 68.6246 0.000308643 4.6292e-016 2.63712e-050 8.6836e-156 1.32805e-025 2.49159e-016 1.70584e-067 1.99356e-031 75.0478
1054 73.8 5.99797 69.1913 0.000420042 2.57894e-016 9.25845e-051 2.37558e-157 6.60597e-026 4.98712e-016 1.60627e-066 4.87868e-031 75.1897
1055 73.7 5.59574 69.7 0.000569308 1.43049e-016 3.23549e-051 6.38383e-159 3.27296e-026 9.92138e-016 1.48842e-065 1.18748e-030 75.2964
1056 73.6 5.21545 70.1494 0.000768459 7.90016e-017 1.12547e-051 1.68514e-160 1.61519e-026 1.96175e-015 1.35726e-064 2.87476e-030 75.3657
1057 73.6 4.85634 70.5383 0.00103303 4.34405e-017 3.89694e-052 4.36953e-162 7.93943e-027 3.85534e-015 1.21795e-063 6.92197e-030 75.3956
1058 73.7 4.5176 70.8655 0.001383 2.37827e-017 1.34309e-052 1.11295e-163 3.88718e-027 7.53062e-015 1.07554e-062 1.65771e-029 75.3845
1059 74 4.19845 71.1303 0.00184396 1.29639e-017 4.60767e-053 2.78458e-165 1.89567e-027 1.462e-014 9.34657e-062 3.94856e-029 75.3306
1060 74.2 3.8981 71.332 0.00244849 7.03587e-018 1.57344e-053 6.84363e-167 9.20808e-028 2.82107e-014 7.99293e-061 9.35449e-029 75.2325
1061 74.5 3.61575 71.4699 0.0032379 3.80196e-018 5.34827e-054 1.65218e-168 4.4551e-028 5.41039e-014 6.72651e-060 2.20421e-028 75.0889
1062 74.6 3.35062 71.5437 0.0042643 2.04552e-018 1.80954e-054 3.91804e-170 2.14697e-028 1.03132e-013 5.5706e-059 5.16581e-028 74.8986
1063 74.7 3.10195 71.5533 0.00559307 1.09575e-018 6.09422e-055 9.12693e-172 1.03057e-028 1.95391e-013 4.53987e-058 1.20413e-027 74.6608
1064 74.9 2.86897 71.4986 0.00730586 5.84416e-019 2.04296e-055 2.08845e-173 4.92727e-029 3.6793e-013 3.64094e-057 2.79166e-027 74.3748
1065 74.9 2.65094 71.3797 0.0095041 3.10343e-019 6.81705e-056 4.69424e-175 2.34648e-029 6.88614e-013 2.87351e-056 6.43727e-027 74.0401
1066 74.9 2.44712 71.1969 0.0123131 1.64086e-019 2.26426e-056 1.03645e-176 1.11304e-029 1.28096e-012 2.23173e-055 1.47636e-026 73.6564
1067 74.8 2.2568 70.9509 0.0158871 8.63786e-020 7.48597e-057 2.2479e-178 5.25874e-030 2.36833e-012 1.70569e-054 3.36771e-026 73.2235
1068 74.4 2.07928 70.6421 0.0204146 4.52741e-020 2.46357e-057 4.78903e-180 2.47477e-030 4.35209e-012 1.28288e-053 7.64063e-026 72.7418
1069 73.8 1.91388 70.2715 0.0261249 2.36266e-020 8.07e-058 1.00221e-181 1.16003e-030 7.94883e-012 9.49515e-053 1.72415e-025 72.2115
1070 73.2 1.75995 69.84 0.0332955 1.22761e-020 2.63134e-058 2.06023e-183 5.41608e-031 1.44297e-011 6.91587e-052 3.86965e-025 71.6332
1071 73 1.61684 69.3488 0.0422607 6.35076e-021 8.54029e-059 4.16021e-185 2.51873e-031 2.60351e-011 4.95702e-051 8.63813e-025 71.0079
1072 72.2 1.48393 68.7991 0.0534202 3.27114e-021 2.75907e-059 8.25197e-187 1.1667e-031 4.66886e-011 3.49642e-050 1.91787e-024 70.3365
1073 70.9 1.36064 68.1925 0.0672501 1.67757e-021 8.87249e-060 1.60784e-188 5.38288e-032 8.32169e-011 2.42692e-049 4.23518e-024 69.6204
1074 69.4 1.2464 67.5305 0.0843139 8.56586e-022 2.84002e-060 3.0773e-190 2.47373e-032 1.47421e-010 1.65774e-048 9.30196e-024 68.8612
1075 68.2 1.14065 66.8149 0.105275 4.3548e-022 9.04881e-061 5.78551e-192 1.13233e-032 2.59572e-010 1.11431e-047 2.03203e-023 68.0608
1076 67.7 1.04286 66.0474 0.130908 2.20431e-022 2.86982e-061 1.06845e-193 5.16264e-033 4.5426e-010 7.37101e-047 4.41505e-023 67.2211
1077 67.6 0.952547 65.23 0.162117 1.11093e-022 9.05965e-062 1.93826e-195 2.34451e-033 7.90133e-010 4.79817e-046 9.54098e-023 66.3447
1078 67.5 0.869215 64.3649 0.199944 5.57449e-023 2.84683e-062 3.45391e-197 1.06051e-033 1.36598e-009 3.07364e-045 2.0507e-022 65.4341
1079 67 0.792411 63.4542 0.245588 2.78505e-023 8.90441e-063 6.0458e-199 4.7781e-034 2.34713e-009 1.93758e-044 4.38392e-022 64.4922
1080 66.2 0.721697 62.5002 0.300416 1.38538e-023 2.77231e-063 1.03954e-200 2.14426e-034 4.00847e-009 1.20197e-043 9.32127e-022 63.5223
1081 65 0.656662 61.5052 0.365981 6.86139e-024 8.59156e-064 1.75577e-202 9.58477e-035 6.80409e-009 7.3377e-043 1.97124e-021 62.5278
1082 63.9 0.596913 60.4716 0.44403 3.38347e-024 2.6503e-064 2.91299e-204 4.26743e-035 1.14791e-008 4.40812e-042 4.14624e-021 61.5125
1083 62.8 0.542079 59.402 0.536519 1.6612e-024 8.1379e-065 4.74737e-206 1.89248e-035 1.92485e-008 2.60601e-041 8.67403e-021 60.4806
1084 61.6 0.491808 58.2989 0.645618 8.12059e-025 2.48727e-065 7.59994e-208 8.35944e-036 3.208e-008 1.5161e-040 1.80484e-020 59.4363
1085 60.2 0.44577 57.1648 0.773723 3.9524e-025 7.56705e-066 1.19512e-209 3.67793e-036 5.31398e-008 8.67979e-040 3.73516e-020 58.3843
1086 58.7 0.403653 56.0024 0.92345 1.91533e-025 2.29152e-066 1.84609e-211 1.6118e-036 8.74892e-008 4.89012e-039 7.6883e-020 57.3295
1087 57.1 0.365164 54.8144 1.09764 9.24128e-026 6.9074e-067 2.80117e-213 7.03557e-037 1.43165e-007 2.71118e-038 1.57399e-019 56.2772
1088 55.5 0.330027 53.6034 1.29934 4.43945e-026 2.07252e-067 4.17511e-215 3.05892e-037 2.32847e-007 1.4792e-037 3.205e-019 55.2327
1089 53.9 0.297984 52.372 1.53182 2.12341e-026 6.18979e-068 6.1128e-217 1.3247e-037 3.76401e-007 7.9419e-037 6.49088e-019 54.2018
1090 52.4 0.268794 51.1229 1.7985 1.01122e-026 1.84012e-068 8.79133e-219 5.71411e-038 6.04757e-007 4.19615e-036 1.30747e-018 53.1902
1091 50.9 0.24223 49.8588 2.10295 4.79475e-027 5.44516e-069 1.24197e-220 2.45505e-038 9.65737e-007 2.18176e-035 2.61945e-018 52.2039
1092 49.6 0.218081 48.5822 2.44889 2.26357e-027 1.60387e-069 1.72351e-222 1.05064e-038 1.5328e-006 1.11632e-034 5.21964e-018 51.2492
1093 48.4 0.19615 47.2958 2.84005 1.06397e-027 4.70239e-070 2.3494e-224 4.47842e-039 2.41803e-006 5.62088e-034 1.03448e-017 50.332
1094 47.2 0.176256 46.002 3.28021 4.97934e-028 1.37234e-070 3.14589e-226 1.90142e-039 3.79129e-006 2.78514e-033 2.03918e-017 49.4585
1095 46.2 0.158227 44.7035 3.77308 2.32019e-028 3.98658e-071 4.13783e-228 8.04106e-040 5.90828e-006 1.35806e-032 3.99798e-017 48.6348
1096 45.4 0.141905 43.4026 4.32224 1.07642e-028 1.15274e-071 5.34619e-230 3.3871e-040 9.15131e-006 6.51658e-032 7.7961e-017 47.8667
1097 44.7 0.127145 42.1016 4.93106 4.97218e-029 3.31785e-072 6.78516e-232 1.4211e-040 1.40882e-005 3.07715e-031 1.51205e-016 47.1598
1098 44.2 0.11381 40.803 5.6026 2.28676e-029 9.50549e-073 8.45898e-234 5.93883e-041 2.15563e-005 1.42991e-030 2.91679e-016 46.5194
1099 43.8 0.101776 39.5089 6.33955 1.04713e-029 2.71073e-073 1.0359e-235 2.47206e-041 3.27826e-005 6.53877e-030 5.59624e-016 45.9502
1100 43.5 0.0909268 38.2214 7.14406 4.7741e-030 7.69468e-074 1.24613e-237 1.02494e-041 4.9552e-005 2.94248e-029 1.06792e-015 45.4564
1101 43.5 0.081156 36.9427 8.01771 2.16715e-030 2.17414e-074 1.47248e-239 4.23268e-042 7.44437e-005 1.30305e-028 2.0269e-015 45.0416
1102 43.5 0.0723655 35.6747 8.96136 9.79473e-031 6.11477e-075 1.70915e-241 1.74107e-042 0.000111159 5.67852e-028 3.8263e-015 44.7085
1103 43.7 0.064465 34.4192 9.97507 4.40762e-031 1.71185e-075 1.94873e-243 7.13339e-043 0.000164971 2.43523e-027 7.18416e-015 44.4589
1104 44 0.0573719 33.1781 11.058 1.97481e-031 4.77027e-076 2.18257e-245 2.9111e-043 0.000243343 1.02772e-026 1.34161e-014 44.2937
1105 44.3 0.0510101 31.953 12.2083 8.80951e-032 1.32317e-076 2.40119e-247 1.18331e-043 0.000356764 4.26811e-026 2.49187e-014 44.2127
1106 44.8 0.0453101 30.7454 13.4231 3.91279e-032 3.65325e-077 2.59495e-249 4.79096e-044 0.000519866 1.74432e-025 4.60338e-014 44.2144
1107 45.2 0.0402084 29.557 14.6984 1.73033e-032 1.00401e-077 2.75469e-251 1.93209e-044 0.000752923 7.01532e-025 8.45824e-014 44.2963
1108 45.7 0.0356467 28.3889 16.0289 7.61869e-033 2.74657e-078 2.8725e-253 7.76088e-045 0.00108382 2.7765e-024 1.54573e-013 44.4546
1109 46.2 0.0315722 27.2425 17.4084 3.33994e-033 7.47886e-079 2.94233e-255 3.1051e-045 0.00155066 1.08137e-023 2.80958e-013 44.684
1110 46.7 0.0279366 26.1189 18.8291 1.45782e-033 2.02709e-079 2.96049e-257 1.23743e-045 0.00220506 4.14461e-023 5.07924e-013 44.9781
1111 47.3 0.0246958 25.0191 20.2824 6.33546e-034 5.46897e-080 2.92604e-259 4.91189e-046 0.00311656 1.56322e-022 9.1329e-013 45.3294
1112 47.7 0.0218099 23.9442 21.7585 2.74132e-034 1.46869e-080 2.84079e-261 1.94203e-046 0.00437803 5.80212e-022 1.63331e-012 45.7288
1113 48.2 0.0192428 22.8948 23.2464 1.18099e-034 3.926e-081 2.7092e-263 7.64795e-047 0.00611266 2.11925e-021 2.90524e-012 46.1665
1114 48.4 0.0169615 21.8717 24.7344 5.06576e-035 1.04463e-081 2.53797e-265 2.99995e-047 0.00848264 7.61739e-021 5.1398e-012 46.6315
1115 48.6 0.0149362 20.8756 26.2099 2.16346e-035 2.76674e-082 2.33547e-267 1.1721e-047 0.0116999 2.69438e-020 9.04402e-012 47.1121
1116 48.7 0.0131402 19.9069 27.6597 9.19943e-036 7.29402e-083 2.11108e-269 4.56136e-048 0.0160391 9.37868e-020 1.58281e-011 47.5958
1117 48.9 0.011549 18.9661 29.0702 3.89476e-036 1.91408e-083 1.87447e-271 1.7681e-048 0.0218538 3.21257e-019 2.75516e-011 48.0698
1118 49 0.0101407 18.0536 30.4276 1.64175e-036 4.99971e-084 1.63492e-273 6.8265e-049 0.0295953 1.08291e-018 4.76998e-011 48.5209
1119 49.1 0.00889557 17.1695 31.718 6.89037e-037 1.29994e-084 1.40073e-275 2.62525e-049 0.0398352 3.59222e-018 8.2137e-011 48.9362
1120 49.1 0.00779583 16.314 32.9278 2.87929e-037 3.36432e-085 1.17885e-277 1.0056e-049 0.0532918 1.17263e-017 1.40673e-010 49.3029
1121 49.2 0.00682547 15.4872 34.0438 1.19794e-037 8.66688e-086 9.74549e-280 3.83671e-050 0.0708602 3.76695e-017 2.39627e-010 49.6087
1122 49.1 0.00597015 14.6891 35.0535 4.96242e-038 2.2224e-086 7.91393e-282 1.45806e-050 0.0936469 1.19082e-016 4.05987e-010 49.8423
1123 49.1 0.00521699 13.9197 35.9454 2.04672e-038 5.6725e-087 6.31282e-284 5.51913e-051 0.123008 3.70452e-016 6.84132e-010 49.9933
1124 49 0.00455446 13.1786 36.7091 8.40491e-039 1.44119e-087 4.9465e-286 2.08088e-051 0.160591 1.13409e-015 1.14662e-009 50.0529
1125 49 0.00397224 12.4659 37.3356 3.43648e-039 3.64469e-088 3.80728e-288 7.81457e-052 0.208382 3.41658e-015 1.91139e-009 50.0138
1126 48.6 0.00346112 11.781 37.8173 1.39895e-039 9.17473e-089 2.87856e-290 2.9231e-052 0.268748 1.01289e-014 3.16907e-009 49.8705
1127 48.4 0.00301286 11.1238 38.1484 5.67021e-040 2.2989e-089 2.13785e-292 1.08909e-052 0.344493 2.95506e-014 5.22596e-009 49.6197
1128 48 0.00262014 10.4938 38.3249 2.28825e-040 5.73376e-090 1.55964e-294 4.04169e-053 0.438899 8.48394e-014 8.57139e-009 49.2602
1129 47.6 0.00227641 9.89062 38.3446 9.19422e-041 1.42348e-090 1.11767e-296 1.49398e-053 0.555773 2.39694e-013 1.39826e-008 48.7932
1130 47.1 0.00197588 9.31372 38.2072 3.67819e-041 3.5177e-091 7.86765e-299 5.50053e-054 0.699485 6.66418e-013 2.2687e-008 48.2224
1131 46.7 0.00171337 8.76258 37.9145 1.46508e-041 8.65285e-092 5.44026e-301 2.01719e-054 0.875001 1.82333e-012 3.66114e-008 47.5538
1132 46.2 0.00148431 8.23664 37.47 5.81027e-042 2.11862e-092 3.6952e-303 7.36835e-055 1.0879 4.90923e-012 5.87635e-008 46.796
1133 45.6 0.00128464 7.73532 36.8791 2.29424e-042 5.16344e-093 2.46546e-305 2.68086e-055 1.34436 1.30074e-011 9.38103e-008 45.9601
1134 44.9 0.00111075 7.25798 36.149 9.01963e-043 1.25262e-093 1.61585e-307 9.71535e-056 1.65117 3.39153e-011 1.48952e-007 45.0592
1135 44.2 0.000959484 6.80398 35.2882 3.53059e-043 3.02477e-094 1.04027e-309 3.5069e-056 2.01566 8.70222e-011 2.35229e-007 44.1088
1136 43.5 0.000828017 6.37265 34.307 1.37598e-043 7.27042e-095 6.57866e-312 1.26087e-056 2.44563 2.19732e-010 3.69478e-007 43.1261
1137 42.8 0.000713877 5.96329 33.2164 5.33931e-044 1.73948e-095 4.08667e-314 4.51541e-057 2.94927 5.45992e-010 5.77215e-007 42.1297
1138 42 0.000614878 5.57522 32.0289 2.06284e-044 4.1426e-096 2.4937e-316 1.61066e-057 3.53497 1.33508e-009 8.96887e-007 41.1398
1139 41.1 0.000529099 5.20772 30.7575 7.93515e-045 9.8202e-097 1.4946e-318 5.72259e-058 4.21121 3.21262e-009 1.38609e-006 40.1769
1140 40 0.000454849 4.86007 29.4155 3.03914e-045 2.31719e-097 8.68567e-321 2.02517e-058 4.98627 7.60746e-009 2.13056e-006 39.2623
1141 39.2 0.000390642 4.53155 28.017 1.15892e-045 5.44245e-098 0 7.13859e-059 5.86805 1.77276e-008 3.25723e-006 38.417
1142 38.3 0.000335176 4.22145 26.5757 4.40014e-046 1.2724e-098 0 2.50636e-059 6.86374 4.06525e-008 4.95285e-006 37.6613
1143 37.6 0.000287309 3.92903 25.1054 1.66336e-046 2.96103e-099 0 8.76505e-060 7.97952 9.17391e-008 7.49054e-006 37.0142
1144 36.9 0.000246041 3.65358 23.6193 6.26056e-047 6.85893e-100 0 3.05314e-060 9.22022 2.03728e-007 1.12674e-005 36.4934
1145 36.5 0.000210498 3.39439 22.1302 2.34611e-047 1.58148e-100 0 1.0593e-060 10.589 4.45222e-007 1.68572e-005 36.1138
1146 36.1 0.000179916 3.15075 20.6502 8.75366e-048 3.62965e-101 0 3.66078e-061 12.0869 9.57483e-007 2.5084e-005 35.8881
1147 35.9 0.00015363 2.92197 19.1902 3.25192e-048 8.292e-102 0 1.26011e-061 13.7128 2.02635e-006 3.71245e-005 35.8252
1148 36 0.000131058 2.70737 17.7604 1.20281e-048 1.88559e-102 0 4.3204e-062 15.4628 4.22014e-006 5.46483e-005 35.9307
1149 36.3 0.000111694 2.50627 16.3699 4.42958e-049 4.26803e-103 0 1.47543e-062 17.3299 8.64906e-006 8.001e-005 36.2063
1150 36.7 9.51003e-005 2.31803 15.0265 1.62419e-049 9.61617e-104 0 5.01877e-063 19.3042 1.74438e-005 0.00011651 36.649
1151 37.3 8.08938e-005 2.142 13.7369 5.92948e-050 2.1566e-104 0 1.70041e-063 21.3727 3.4621e-005 0.000168746 37.2518
1152 37.9 6.87432e-005 1.97756 12.5065 2.15529e-050 4.81428e-105 0 5.73843e-064 23.5187 6.7619e-005 0.000243083 38.0031
1153 38.5 5.83616e-005 1.8241 11.3397 7.80012e-051 1.06976e-105 0 1.92891e-064 25.7227 0.000129965 0.00034828 38.8871
1154 39.3 4.95001e-005 1.68104 10.2397 2.81064e-051 2.3661e-106 0 6.45821e-065 27.9621 0.000245818 0.00049631 39.8836
1155 40.2 4.19438e-005 1.54781 9.20855 1.00836e-051 5.20925e-107 0 2.15374e-065 30.2114 0.000457541 0.000703444 40.969
1156 41.3 3.55068e-005 1.42385 8.24733 3.60193e-052 1.14159e-107 0 7.1541e-066 32.443 0.000838061 0.000991648 42.116
1157 42.4 3.00287e-005 1.30865 7.35621 1.28104e-052 2.49022e-108 0 2.36699e-066 34.6274 0.0015106 0.00139039 43.2952
1158 43.6 2.53714e-005 1.20168 6.53451 4.53625e-053 5.40704e-109 0 7.80046e-067 36.7339 0.0026795 0.00193896 44.4748
1159 44.8 2.14158e-005 1.10247 5.78084 1.59933e-053 1.16862e-109 0 2.5605e-067 38.7314 0.0046772 0.00268937 45.6221
1160 46.1 1.80595e-005 1.01054 5.09316 5.61421e-054 2.5141e-110 0 8.37161e-068 40.589 0.00803429 0.00371009 46.7045
1161 47.4 1.52146e-005 0.925442 4.46891 1.96221e-054 5.38374e-111 0 2.72631e-068 42.2769 0.0135812 0.00509061 47.6899
1162 48.6 1.28055e-005 0.846749 3.90513 6.82828e-055 1.14757e-111 0 8.84343e-069 43.7669 0.0225922 0.00694716 48.5483
1163 49.8 1.07675e-005 0.774051 3.3985 2.36583e-055 2.43483e-112 0 2.85725e-069 45.0336 0.0369834 0.00942965 49.2526
1164 50.6 9.0451e-006 0.70696 2.94548 8.1614e-056 5.14221e-113 0 9.19508e-070 46.0551 0.0595778 0.0127302 49.7798
1165 51.3 7.59094e-006 0.645103 2.54241 2.80319e-056 1.081e-113 0 2.94743e-070 46.813 0.0944477 0.0170934 50.1121
1166 51.7 6.36443e-006 0.588129 2.18551 9.58625e-057 2.26201e-114 0 9.41051e-071 47.2938 0.147342 0.0228281 50.2376
1167 51.7 5.33097e-006 0.535706 1.87102 3.26402e-057 4.71147e-115 0 2.9927e-071 47.4888 0.2262 0.0303225 50.152
1168 51.3 4.46102e-006 0.487516 1.59523 1.10653e-057 9.76813e-116 0 9.47969e-072 47.3944 0.341733 0.04006 49.8589
1169 50.6 3.72945e-006 0.443263 1.35452 3.73493e-058 2.01586e-116 0 2.99093e-072 47.0122 0.508054 0.0526392 49.3707
1170 49.5 3.11485e-006 0.402665 1.14542 1.25519e-058 4.14098e-117 0 9.39936e-073 46.3494 0.743297 0.0687952 48.7096
1171 48.3 2.59904e-006 0.365456 0.964641 4.19994e-059 8.46717e-118 0 2.9422e-073 45.4178 1.07015 0.089425 47.9074
1172 46.7 2.16655e-006 0.331388 0.809065 1.39922e-059 1.72333e-118 0 9.1733e-074 44.234 1.51619 0.115614 47.0063
1173 45.2 1.8043e-006 0.300226 0.675803 4.64125e-060 3.49132e-119 0 2.84879e-074 42.8189 2.11395 0.148667 46.0576
1174 43.7 1.50117e-006 0.271749 0.56218 1.53282e-060 7.04054e-120 0 8.81203e-075 41.1969 2.90043 0.190139 45.1214
1175 42.6 1.24776e-006 0.245753 0.465746 5.04031e-061 1.41324e-120 0 2.71501e-075 39.395 3.91616 0.241867 44.2645
1176 41.9 1.03614e-006 0.222043 0.384274 1.65017e-061 2.82369e-121 0 8.332e-076 37.4427 5.2034 0.30601 43.5584
1177 41.6 8.59576e-007 0.200441 0.315756 5.37911e-062 5.61583e-122 0 2.54687e-076 35.3705 6.80367 0.385075 43.0755
1178 41.9 7.12416e-007 0.180778 0.258393 1.74582e-062 1.11174e-122 0 7.75435e-077 33.2097 8.75443 0.481955 42.8853
1179 42.7 5.89881e-007 0.162897 0.210585 5.64149e-063 2.19072e-123 0 2.35161e-077 30.9911 11.0852 0.599957 43.0497
1180 44 4.87953e-007 0.146653 0.17092 1.81509e-063 4.29697e-124 0 7.10338e-078 28.7447 13.8129 0.742821 43.618
1181 45.7 4.03249e-007 0.13191 0.138159 5.81445e-064 8.38942e-125 0 2.1372e-078 26.4989 16.9378 0.914746 44.6215
1182 47.7 3.32929e-007 0.118543 0.11122 1.8545e-064 1.6304e-125 0 6.40483e-079 24.2799 20.4389 1.12039 46.069
1183 49.9 2.74607e-007 0.106435 0.0891667 5.88916e-065 3.15392e-126 0 1.91183e-079 22.1113 24.2711 1.36486 47.9428
1184 52.1 2.26283e-007 0.0954771 0.0711939 1.86203e-065 6.07297e-127 0 5.68425e-080 20.0138 28.3627 1.6537 50.1969
1185 54.3 1.86284e-007 0.0855706 0.056611 5.86178e-066 1.16398e-127 0 1.68336e-080 18.0051 32.6164 1.99287 52.7566
1186 56.4 1.53208e-007 0.0766232 0.044831 1.8373e-066 2.22065e-128 0 4.96549e-081 16.0994 36.9108 2.38865 55.5203
1187 58.4 1.25884e-007 0.0685496 0.0353568 5.73372e-067 4.21707e-129 0 1.45891e-081 14.3078 41.1056 2.84759 58.3648
1188 60.4 1.03333e-007 0.0612716 0.0277707 1.78156e-067 7.97139e-130 0 4.26947e-082 12.6381 45.0481 3.37641 61.1517
1189 62.2 8.47409e-008 0.0547171 0.021723 5.51155e-068 1.49986e-130 0 1.24452e-082 11.0954 48.5826 3.98183 63.7363
1190 63.9 6.94268e-008 0.0488199 0.0169227 1.69767e-068 2.80906e-131 0 3.61334e-083 9.68171 51.5602 4.67049 65.9782
1191 65.5 5.68256e-008 0.0435191 0.0131293 5.20645e-069 5.23678e-132 0 1.04496e-083 8.39672 53.849 5.44871 67.7511
1192 66.8 4.64667e-008 0.038759 0.0101444 1.58978e-069 9.71766e-133 0 3.01001e-084 7.23796 55.3439 6.32232 68.9531
1193 67.9 3.79597e-008 0.0344886 0.0078061 4.83326e-070 1.79495e-133 0 8.6361e-085 6.20114 55.9746 7.29644 69.5144
1194 68.5 3.09803e-008 0.030661 0.00598218 1.46302e-070 3.30017e-134 0 2.46802e-085 5.28051 55.711 8.37523 69.4034
1195 68.8 2.52598e-008 0.0272338 0.00456565 4.4093e-071 6.03967e-135 0 7.02523e-086 4.46919 54.5658 9.56167 68.6284
1196 68.5 2.05758e-008 0.0241679 0.00347028 1.32311e-071 1.10023e-135 0 1.99183e-086 3.7595 52.5931 10.8573 67.2375
1197 67.2 1.67442e-008 0.0214279 0.00262691 3.95303e-072 1.99502e-136 0 5.62505e-087 3.14326 49.8845 12.262 65.3139
1198 65.3 1.36131e-008 0.0189815 0.00198036 1.1759e-072 3.60085e-137 0 1.58227e-087 2.61204 46.5621 13.7738 62.9689
1199 62.7 1.10568e-008 0.0167992 0.00148683 3.48274e-073 6.46927e-138 0 4.43318e-088 2.15739 42.7689 15.3886 60.3331
1200 59.8 8.97191e-009 0.0148545 0.00111172 1.02702e-073 1.15691e-138 0 1.23717e-088 1.77103 38.6591 17.0999 57.546
1201 56.3 7.27314e-009 0.0131231 0.000827849 3.01538e-074 2.05938e-139 0 3.43896e-089 1.44501 34.3879 18.899 54.7459
1202 52.6 5.89035e-009 0.0115831 0.000613937 8.81485e-075 3.64895e-140 0 9.52148e-090 1.17183 30.1015 20.7748 52.0604
1203 49.1 4.76588e-009 0.0102147 0.000453435 2.56564e-075 6.43565e-141 0 2.6258e-090 0.944514 25.9299 22.7137 49.5987
1204 46 3.85235e-009 0.00899978 0.000333522 7.43503e-076 1.12982e-141 0 7.21275e-091 0.756659 21.9807 24.6995 47.4462
1205 43.7 3.11094e-009 0.00792226 0.000244317 2.14525e-076 1.97434e-142 0 1.97342e-091 0.602478 18.3363 26.7141 45.661
1206 42.1 2.5098e-009 0.00696748 0.000178238 6.16284e-077 3.4342e-143 0 5.378e-092 0.476794 15.0526 28.7372 44.2737
1207 41.4 2.02288e-009 0.00612226 0.000129499 1.76275e-077 5.94598e-144 0 1.45983e-092 0.375033 12.1601 30.7468 43.2882
1208 41.4 1.62885e-009 0.00537475 9.3702e-005 5.02008e-078 1.02474e-144 0 3.94697e-093 0.293195 9.66708 32.7195 42.6853
1209 41.8 1.31031e-009 0.00471426 6.75229e-005 1.42343e-078 1.75792e-145 0 1.06293e-093 0.22782 7.56278 34.6311 42.4265
1210 42.6 1.05305e-009 0.00413122 4.84587e-005 4.01856e-079 3.00177e-146 0 2.85121e-094 0.175945 5.82233 36.4566 42.459
1211 43.6 8.45491e-010 0.00361704 3.46347e-005 1.12957e-079 5.1021e-147 0 7.61787e-095 0.135055 4.41104 38.1714 42.7211
1212 44.4 6.78187e-010 0.003164 2.46529e-005 3.16126e-080 8.63204e-148 0 2.0273e-095 0.103037 3.28863 39.7513 43.1461
1213 45.2 5.43465e-010 0.00276523 1.74761e-005 8.80881e-081 1.45369e-148 0 5.37383e-096 0.0781311 2.41278 41.1733 43.667
1214 45.9 4.35087e-010 0.00241454 1.23378e-005 2.44389e-081 2.43682e-149 0 1.41883e-096 0.0588849 1.742 42.4162 44.2195
1215 46.3 3.47986e-010 0.00210643 8.67466e-006 6.75078e-082 4.06601e-150 0 3.73128e-097 0.0441096 1.23768 43.461 44.7449
1216 46.4 2.78055e-010 0.00183599 6.07413e-006 1.85667e-082 6.75316e-151 0 9.77386e-098 0.0328405 0.865365 44.2913 45.1914
1217 46.2 2.21963e-010 0.00159883 4.23579e-006 5.08419e-083 1.11645e-151 0 2.55009e-098 0.0243017 0.595413 44.8941 45.5155
1218 45.9 1.77017e-010 0.00139105 2.94173e-006 1.38617e-083 1.83723e-152 0 6.62711e-099 0.0178736 0.40315 45.2597 45.6821
1219 45.5 1.41036e-010 0.00120919 2.03465e-006 3.76287e-084 3.00942e-153 0 1.71544e-099 0.0130658 0.268623 45.3822 45.6651
1220 45 1.1226e-010 0.00105016 1.40151e-006 1.01702e-084 4.90676e-154 0 4.42289e-100 0.0094931 0.176136 45.2596 45.4463
1221 44.4 8.92698e-011 0.000911223 9.61435e-007 2.73683e-085 7.96342e-155 0 1.13584e-100 0.00685535 0.113654 44.894 45.0154
1222 43.5 7.09195e-011 0.000789959 6.56844e-007 7.33287e-086 1.28647e-155 0 2.90543e-101 0.0049204 0.0721686 44.2911 44.369
1223 42.5 5.62871e-011 0.000684217 4.46914e-007 1.95618e-086 2.06867e-156 0 7.40259e-102 0.0035101 0.0450964 43.4607 43.51
1224 41.4 4.46307e-011 0.000592097 3.02833e-007 5.19576e-087 3.31113e-157 0 1.87862e-102 0.00248878 0.0277309 42.4158 42.4466
1225 40.1 3.53542e-011 0.000511919 2.04362e-007 1.37404e-087 5.2754e-158 0 4.74868e-103 0.0017539 0.0167809 41.1728 41.1919
1226 38.9 2.79789e-011 0.000442201 1.37347e-007 3.61788e-088 8.36619e-159 0 1.19561e-103 0.00122848 0.00999301 39.7507 39.7624
1227 37.5 2.21208e-011 0.000381634 9.19291e-008 9.4846e-089 1.32067e-159 0 2.99837e-104 0.000855231 0.00585606 38.1708 38.1779
1228 36.3 1.74725e-011 0.000329067 6.12782e-008 2.47566e-089 2.07516e-160 0 7.48966e-105 0.000591761 0.0033771 36.456 36.4603
1229 35.5 1.37877e-011 0.000283486 4.06798e-008 6.43385e-090 3.24568e-161 0 1.86346e-105 0.000406966 0.00191651 34.6304 34.633
1230 35 1.08695e-011 0.000243999 2.68948e-008 1.66478e-090 5.05302e-162 0 4.61806e-106 0.000278175 0.00107031 32.7189 32.7205
