#	PeakType	Center	Height	Area	FWHM	parameters...						order	m	s	ds	I
%_5	Gaussian	828.568	32.9667	1163.33	33.1508	32.9667	0.837135	828.568	0.523639	16.5754	0.887862	-2	-1	14.07784857	0.754080552	6.6
%_6	Gaussian	850.404	22.9343	295.884	12.12	22.9343	1.25389	850.404	0.187006	6.06	0.295564	-2	0	5.14689011	0.251028949	6.6
%_7	Gaussian	872.619	41.9592	2020.76	45.2435	41.9592	0.314762	872.619	0.520596	22.6217	0.942659	-2	1	19.21310297	0.800620839	6.6
%_1	Gaussian	921.446	25.9236	873.725	31.6627	25.9236	0.8841	921.446	0.377889	-15.8313	0.541072	-1	-1	13.44586822	0.459544245	6.6
%_2	Gaussian	980.444	55.8408	4483.55	75.429	55.8408	0.583553	980.444	0.747632	37.7145	1.09946	-1	0	32.03174704	0.933795347	6.6
%_3	Gaussian	1064.42	56.2759	4808.02	80.2623	56.2759	0.439048	1064.42	0.787264	40.1311	1.19936	1	0	34.0842181	1.018642594	6.6
%_4	Gaussian	1125.89	24.7069	814.98	30.9882	24.7069	0.822702	1125.89	0.36283	15.4941	0.553362	1	1	13.15947691	0.46998241	6.6
%_11	Gaussian	1171.1	37.4038	1538.35	38.6374	37.4038	0.308416	1171.1	0.456895	19.3187	0.826559	2	-1	16.40779306	0.702014578	6.6
%_12	Gaussian	1195.1	36.0039	618.112	16.1282	36.0039	1.99397	1195.1	0.222528	8.06409	0.312398	2	0	6.849007436	0.265326432	6.6
%_13	Gaussian	1217.24	33.6566	980.93	27.3802	33.6566	0.401879	1217.24	0.362931	13.6901	0.619314	2	1	11.62730038	0.525996881	6.6
