#	PeakType	Center	Height	Area	FWHM	parameters...						order	m	s	ds	I
%_11	Gaussian	829.069	31.387	1114.31	33.3522	31.387	0.903664	829.069	0.574861	16.6761	0.889069	-2	-1	14.16337527	0.755105684	6.3
%_12	Gaussian	850.298	21.2711	257.844	11.3877	21.2711	1.1059	850.298	0.178191	5.69385	0.281251	-2	0	4.835910933	0.238872606	6.3
%_13	Gaussian	871.999	41.3403	2016.72	45.829	41.3403	0.327233	871.999	0.567802	22.9145	0.911427	-2	1	19.46178439	0.77409482	6.3
%_1	Gaussian	921.952	24.7343	828.089	31.4517	24.7343	0.851412	921.952	0.358973	15.7259	0.528533	-1	-1	13.3563497	0.448894599	6.3
%_2	Gaussian	979.675	54.4236	4326.86	74.6884	54.4236	0.611898	979.675	0.729286	37.3442	1.07823	-1	0	31.71724317	0.915764245	6.3
%_3	Gaussian	1064.36	55.7872	4890.09	82.3474	55.7872	0.389607	1064.36	0.779025	41.1737	1.22639	1	0	34.96972101	1.041599763	6.3
%_4	Gaussian	1125.32	22.6951	726.28	30.0635	22.6951	0.813742	1125.32	0.340425	15.0318	0.531215	1	1	12.76683544	0.45117248	6.3
%_8	Gaussian	1172.36	37.0904	1597.11	40.4521	37.0904	0.308758	1172.36	0.518518	20.2261	0.809075	2	-1	17.17846766	0.687165036	6.3
%_9	Gaussian	1195.29	32.5284	535.503	15.4656	32.5284	1.88681	1195.29	0.219756	7.7328	0.312832	2	0	6.567635617	0.265695037	6.3
%_10	Gaussian	1216.77	32.4417	945.746	27.3867	32.4417	0.500637	1216.77	0.373865	13.6933	0.594604	2	1	11.63001821	0.50501014	6.3
