#	PeakType	Center	Height	Area	FWHM	parameters...						order	m	s	ds	I
%_6	Gaussian	828.234	34.9489	1229.61	33.0522	34.9489	0.790265	828.234	0.483548	16.5261	0.880187	-2	-1	14.035977	0.747562007	7.2
%_7	Gaussian	850.528	24.699	334.665	12.7291	24.699	1.40797	850.528	0.193453	6.36455	0.306115	-2	0	5.405551064	0.259990143	7.2
%_8	Gaussian	873.167	43.2783	2052.86	44.5611	43.2783	0.312716	873.167	0.47974	22.2806	0.965693	-2	1	18.9233993	0.820184117	7.2
%_1	Gaussian	921.057	27.6339	943.159	32.0635	27.6339	0.926272	921.057	0.394872	16.0317	0.552462	-1	-1	13.61607231	0.46921802	7.2
%_2	Gaussian	980.383	57.3809	4566.09	74.7558	57.3809	0.640938	980.383	0.759464	37.3779	1.09268	-1	0	31.74586532	0.928036945	7.2
%_3	Gaussian	1063.81	58.0811	4983.95	80.6133	58.0811	0.452129	1063.81	0.803813	40.3066	1.21994	1	0	34.23327408	1.036121637	7.2
%_4	Gaussian	1126.35	26.2347	883.59	31.6404	26.2347	0.853151	1126.35	0.382387	15.8202	0.578162	1	1	13.43644074	0.491045591	7.2
%_9	Gaussian	1170.26	38.5257	1526.88	37.2325	38.5257	0.315227	1170.26	0.415746	18.6162	0.822253	2	-1	15.8111445	0.698357398	7.2
%_10	Gaussian	1194.88	38.9209	688.981	16.63	38.9209	2.09986	1194.88	0.225543	8.315	0.314498	2	0	7.062110769	0.267110008	7.2
%_11	Gaussian	1217.52	35.0754	1034.94	27.7193	35.0754	0.366594	1217.52	0.36928	13.8596	0.655173	2	1	11.77126042	0.556452712	7.2
