#	PeakType	Center	Height	Area	FWHM	parameters...						order	m	s	ds	I
%_5	Gaussian	829.358	28.5016	925.509	30.5055	28.5016	0.849783	829.358	0.492301	15.2528	0.829285	-2	-1	12.95453556	0.704329829	6
%_6	Gaussian	849.878	21.1055	255.756	11.3841	21.1055	1.16465	849.878	0.187483	5.69205	0.291144	-2	0	4.834382153	0.247274946	6
%_7	Gaussian	871.119	38.5883	1869.94	45.524	38.5883	0.293881	871.119	0.534864	22.762	0.829223	-2	1	19.33226282	0.704277171	6
%_4	Gaussian	921.91	21.6083	704.145	30.6133	21.6083	0.782926	921.91	0.35641	15.3067	0.541119	-1	-1	13.000314	0.459584163	6
%_1	Gaussian	979.654	51.5363	4168.85	75.9926	51.5363	0.462747	979.654	0.684621	37.9963	1.08583	-1	0	32.27108592	0.92221909	6
%_2	Gaussian	1065.99	51.7062	4449.19	80.8362	51.7062	0.356072	1065.99	0.729291	40.4181	1.1648	1	0	34.32797346	0.989290033	6
%_3	Gaussian	1125.08	20.074	607.88	28.448	20.074	0.738264	1125.08	0.323965	14.224	0.506095	1	1	12.08075329	0.429837517	6
%_8	Gaussian	1174.27	34.5089	1565.51	42.618	34.5089	0.302	1174.27	0.616481	21.309	0.824004	2	-1	18.09819824	0.699844561	6
%_9	Gaussian	1195.93	27.9089	430.452	14.4894	27.9089	1.64872	1195.93	0.22516	7.24469	0.320278	2	0	6.153073153	0.272019088	6
%_10	Gaussian	1216.72	28.7849	802.384	26.187	28.7849	0.674773	1216.72	0.378693	13.0935	0.565558	2	1	11.12059499	0.480340739	6
