#	PeakType	Center	Height	Area	FWHM	parameters...						order	m	s	ds	I
%_5	Gaussian	827.832	44.3432	1711.55	36.2602	44.3432	0.594238	827.832	0.504399	-18.1301	1.08696	-2	-1	15.39828917	0.923178824	8.5
%_6	Gaussian	851.42	31.74	506.5	14.9913	31.74	2.31542	851.42	0.229708	7.49567	0.375024	-2	0	6.366235939	0.318516059	8.5
%_7	Gaussian	875.54	50.5466	2199.15	40.8726	50.5466	0.400049	875.54	0.417655	20.4363	1.05629	-2	1	17.35699511	0.897130124	8.5
%_1	Gaussian	920.192	35.0287	1269.22	34.0392	35.0287	1.26995	920.192	0.501846	17.0196	0.671727	-1	-1	14.45511731	0.570512385	8.5
%_2	Gaussian	981.874	67.6685	5479.49	76.0714	67.6685	0.890704	981.874	0.929589	38.0357	1.29552	-1	0	32.3045492	1.100313379	8.5
%_3	Gaussian	1063.39	67.8515	5684.05	78.6985	67.8515	0.754651	1063.39	0.950983	39.3492	1.38253	1	0	33.42013338	1.174212869	8.5
%_4	Gaussian	1127.94	34.3721	1295.9	35.4187	34.3721	1.05001	1127.94	0.428857	17.7094	0.709623	1	1	15.04097949	0.602698284	8.5
%_9	Gaussian	1168.22	45.4338	1540.22	31.8471	45.4338	0.39049	1168.22	0.311988	15.9236	0.694315	2	-1	13.52426062	0.589696866	8.5
%_8	Gaussian	1193.75	50.1631	951.547	17.8203	50.1631	2.51562	1193.75	0.224523	-8.91013	0.316722	2	0	7.567567652	0.268998899	8.5
%_10	Gaussian	1218.21	42.1569	1417.01	31.5771	42.1569	0.387785	1218.21	0.449665	15.7885	0.863315	2	1	13.40951724	0.73323225	8.5
