#	PeakType	Center	Height	Area	FWHM	parameters...						order	m	s	ds	I
%_5	Gaussian	828.184	38.302	1460.98	35.8336	38.302	0.708121	828.184	0.56175	17.9168	1.01047	-2	-1	15.21712883	0.8582142	7.2
%_6	Gaussian	850.905	26.0178	368.606	13.3095	26.0178	1.5707	850.905	0.200594	6.65473	0.324783	-2	0	5.652007264	0.275845282	7.2
%_7	Gaussian	874.16	45.8882	2104.05	43.0747	45.8882	0.375954	874.16	0.486584	21.5374	1.00632	-2	1	18.29218334	0.854689514	7.2
%_1	Gaussian	920.77	30.1839	1054.16	32.8095	30.1839	1.03816	920.77	0.427836	16.4047	0.588453	-1	-1	13.93286934	0.499785961	7.2
%_2	Gaussian	981.081	61.1654	4920.23	75.5696	61.1654	0.712664	981.081	0.817231	37.7848	1.16309	-1	0	32.09145436	0.987837693	7.2
%_3	Gaussian	1063.86	61.7975	5245.7	79.7445	61.7975	0.55241	1063.86	0.849066	39.8722	1.2624	1	0	33.86432869	1.072183841	7.2
%_4	Gaussian	1127.07	29.2271	1028.97	33.0738	29.2271	0.917013	1127.07	0.396656	16.5369	0.621107	1	1	14.04514968	0.527519715	7.2
%_8	Gaussian	1169.45	41.2495	1529.23	34.8274	41.2495	0.32468	1169.45	0.356187	17.4137	0.764128	2	-1	14.78983503	0.648990569	7.2
%_9	Gaussian	1194.55	44	804.522	17.1773	44	2.23267	1194.55	0.22516	8.58863	0.310972	2	0	7.294510694	0.264115299	7.2
%_10	Gaussian	1217.76	37.9037	1144.99	28.3783	37.9037	0.358754	1217.76	0.387836	14.1891	0.706601	2	1	12.05111196	0.600131633	7.2
