#	PeakType	Center	Height	Area	FWHM	parameters...						order	m	s	ds	I
%_16	Gaussian	828.008	41.2826	1589.94	36.181	41.2826	0.680767	828.008	0.545552	18.0905	1.05555	-2	-1	15.36465603	0.896501626	7.8
%_17	Gaussian	851.149	28.3209	422.415	14.012	28.3209	1.87001	851.149	0.214097	7.006	0.348786	-2	0	5.950348533	0.296231553	7.8
%_18	Gaussian	874.763	48.3495	2176.36	42.287	48.3495	0.395294	874.763	0.462635	21.1435	1.05116	-2	1	17.95763548	0.892773104	7.8
%_12	Gaussian	920.533	32.5046	1156.08	33.4126	32.5046	1.17099	920.533	0.467175	-16.7063	0.631758	-1	-1	14.18902479	0.536565842	7.8
%_13	Gaussian	981.499	64.4808	5213.87	75.9622	64.4808	0.808608	981.499	0.884953	37.9811	1.24411	-1	0	32.25817623	1.056649745	7.8
%_14	Gaussian	1063.61	65.0908	5487.39	79.1979	65.0908	0.661405	1063.61	0.908542	39.599	1.33084	1	0	33.63229397	1.130311425	7.8
%_15	Gaussian	1127.42	31.8436	1160.55	34.2382	31.8436	0.997837	1127.42	0.416964	17.1191	0.66893	1	1	14.53962483	0.568136832	7.8
%_19	Gaussian	1168.81	43.5807	1552.52	33.4666	43.5807	0.342122	1168.81	0.324144	16.7333	0.734303	2	-1	14.21195648	0.623659546	7.8
%_20	Gaussian	1194.05	46.1835	852.073	17.3324	46.1835	2.43014	1194.05	0.220252	8.66618	0.313298	2	0	7.360375599	0.266090821	7.8
%_21	Gaussian	1217.84	40.1569	1325.45	31.0079	40.1569	0.368355	1217.84	0.438522	15.5039	0.800114	2	1	13.16780026	0.679554263	7.8
