#	PeakType	Center	Height	Area	FWHM	parameters...						order	m	s	ds	I
%_5	Gaussian	827.661	46.3447	1765.69	35.7918	46.3447	0.509655	827.661	0.470755	17.8959	1.09776	-2	-1	15.19937801	0.932351499	8.5
%_6	Gaussian	851.697	35.3236	604.774	16.0841	35.3236	2.86218	851.697	0.251792	8.04204	0.406736	-2	0	6.830279891	0.345449752	8.5
%_7	Gaussian	876.184	51.7416	2150.03	39.0367	51.7416	0.394986	876.184	0.387468	19.5183	1.04732	-2	1	16.57731769	0.889511708	8.5
%_3	Gaussian	919.753	36.7468	1364.19	34.8756	36.7468	1.34075	919.753	0.538484	17.4378	0.73076	-1	-1	14.81030369	0.620650399	8.5
%_1	Gaussian	982.084	69.1708	5609.39	76.1835	69.1708	0.985701	982.084	0.988512	38.0917	1.3739	-1	0	32.35211122	1.166883221	8.5
%_2	Gaussian	1063.12	69.563	5823.28	78.6426	69.563	0.849667	1063.12	1.01673	39.3213	1.4418	1	0	33.39643731	1.224552172	8.5
%_4	Gaussian	1128.05	35.9677	1369.02	35.7572	35.9677	1.10244	1128.05	0.441632	17.8786	0.73186	1	1	15.18468474	0.621584653	8.5
%_8	Gaussian	1167.8	46.5887	1557.43	31.4048	46.5887	0.430544	1167.8	0.3148	15.7024	0.695467	2	-1	13.33639064	0.590675284	8.5
%_9	Gaussian	1193.54	52.3572	1006.29	18.0557	52.3572	2.55288	1193.54	0.226993	9.02786	0.31945	2	0	7.667558308	0.271315849	8.5
%_10	Gaussian	1218.43	43.5912	1475.14	31.7908	43.5912	0.402399	1218.43	0.442168	15.8954	0.883357	2	1	13.50030974	0.750254358	8.5
