&a / °	I1 / %
5.459	0.3
5.454	0.3
5.449	0.2
5.443	0.2
5.438	0.2
5.433	0.2
5.428	0.2
5.422	0.2
5.417	0.2
5.412	0.2
5.406	0.2
5.401	0.1
5.396	0.1
5.390	0.1
5.385	0.1
5.380	0.1
5.375	0.1
5.369	0.1
5.364	0.1
5.359	0.2
5.353	0.2
5.348	0.2
5.343	0.2
5.337	0.2
5.332	0.2
5.327	0.1
5.322	0.1
5.316	0.1
5.311	0.1
5.306	0.1
5.300	0.1
5.295	0.1
5.290	0.1
5.284	0.2
5.279	0.2
5.274	0.2
5.269	0.2
5.263	0.2
5.258	0.2
5.253	0.2
5.247	0.2
5.242	0.2
5.237	0.2
5.231	0.2
5.226	0.2
5.221	0.2
5.216	0.2
5.210	0.2
5.205	0.2
5.200	0.2
5.194	0.2
5.189	0.2
5.184	0.2
5.178	0.2
5.173	0.2
5.168	0.2
5.162	0.2
5.157	0.2
5.152	0.2
5.147	0.2
5.141	0.2
5.136	0.2
5.131	0.2
5.125	0.2
5.120	0.2
5.115	0.2
5.109	0.2
5.104	0.2
5.099	0.2
5.094	0.2
5.088	0.3
5.083	0.3
5.078	0.3
5.072	0.3
5.067	0.3
5.062	0.4
5.056	0.4
5.051	0.4
5.046	0.4
5.040	0.4
5.035	0.4
5.030	0.4
5.025	0.4
5.019	0.4
5.014	0.4
5.009	0.4
5.003	0.4
4.998	0.4
4.993	0.4
4.987	0.4
4.982	0.4
4.977	0.4
4.971	0.4
4.966	0.4
4.961	0.4
4.956	0.4
4.950	0.5
4.945	0.8
4.940	1.0
4.934	1.3
4.929	1.3
4.924	1.3
4.918	1.2
4.913	1.2
4.908	1.0
4.902	0.9
4.897	0.8
4.892	0.8
4.887	0.8
4.881	0.8
4.876	1.0
4.871	1.4
4.865	1.8
4.860	2.4
4.855	2.7
4.849	2.7
4.844	2.3
4.839	2.0
4.833	1.6
4.828	1.4
4.823	1.2
4.818	1.2
4.812	1.2
4.807	1.6
4.802	2.0
4.796	2.4
4.791	2.8
4.786	3.3
4.780	3.7
4.775	4.0
4.770	3.8
4.764	3.4
4.759	3.0
4.754	2.5
4.748	2.1
4.743	2.0
4.738	2.1
4.733	2.5
4.727	2.8
4.722	3.2
4.717	3.6
4.711	4.0
4.706	4.1
4.701	4.4
4.695	4.4
4.690	4.4
4.685	4.2
4.679	3.9
4.674	3.5
4.669	3.2
4.663	3.2
4.658	3.4
4.653	3.7
4.648	4.2
4.642	4.7
4.637	5.2
4.632	5.6
4.626	6.0
4.621	6.0
4.616	6.0
4.610	6.0
4.605	5.8
4.600	5.3
4.594	4.8
4.589	4.4
4.584	4.4
4.578	4.8
4.573	5.6
4.568	6.0
4.563	6.4
4.557	6.8
4.552	7.1
4.547	7.1
4.541	7.2
4.536	7.2
4.531	7.0
4.525	6.8
4.520	6.8
4.515	6.4
4.509	6.3
4.504	6.4
4.499	7.0
4.493	7.6
4.488	8.0
4.483	8.2
4.478	8.4
4.472	8.5
4.467	8.5
4.462	8.4
4.456	8.4
4.451	8.2
4.446	7.9
4.440	7.8
4.435	8.0
4.430	8.0
4.424	8.4
4.419	8.8
4.414	9.4
4.408	9.8
4.403	10.1
4.398	10.1
4.392	10.1
4.387	9.9
4.382	9.6
4.377	9.3
4.371	9.0
4.366	8.7
4.361	8.6
4.355	8.6
4.350	9.0
4.345	9.8
4.339	10.8
4.334	11.6
4.329	12.0
4.323	12.1
4.318	12.0
4.313	11.7
4.307	11.4
4.302	11.0
4.297	10.6
4.291	10.2
4.286	9.8
4.281	9.5
4.275	9.3
4.270	9.3
4.265	9.7
4.260	10.8
4.254	12.3
4.249	13.5
4.244	14.0
4.238	14.0
4.233	14.0
4.228	13.6
4.222	13.2
4.217	12.6
4.212	11.9
4.206	11.2
4.201	10.8
4.196	10.4
4.190	10.2
4.185	10.1
4.180	10.1
4.174	10.8
4.169	12.3
4.164	14.1
4.158	15.3
4.153	15.7
4.148	15.7
4.143	15.4
4.137	15.0
4.132	14.3
4.127	13.5
4.121	12.7
4.116	12.0
4.111	11.3
4.105	10.9
4.100	10.8
4.095	10.8
4.089	10.8
4.084	11.6
4.079	13.2
4.073	15.2
4.068	17.0
4.063	17.8
4.057	17.8
4.052	17.2
4.047	16.4
4.041	15.6
4.036	14.8
4.031	14.1
4.025	13.3
4.020	12.8
4.015	12.0
4.009	11.4
4.004	11.0
3.999	10.8
3.994	11.2
3.988	12.4
3.983	14.4
3.978	16.7
3.972	18.2
3.967	18.6
3.962	18.6
3.956	18.2
3.951	17.6
3.946	16.8
3.940	15.8
3.935	14.9
3.930	14.1
3.924	13.3
3.919	12.5
3.914	11.9
3.908	11.2
3.903	10.8
3.898	11.2
3.892	12.4
3.887	14.5
3.882	17.3
3.876	19.9
3.871	21.1
3.866	21.1
3.860	20.4
3.855	19.6
3.850	18.4
3.844	17.3
3.839	16.4
3.834	15.2
3.829	14.4
3.823	13.6
3.818	12.8
3.813	12.0
3.807	11.6
3.802	11.5
3.797	12.0
3.791	13.4
3.786	16.0
3.781	19.2
3.775	21.6
3.770	22.6
3.765	22.7
3.759	21.9
3.754	20.7
3.749	19.4
3.743	18.1
3.738	16.9
3.733	15.7
3.727	14.6
3.722	13.8
3.717	12.9
3.711	12.2
3.706	11.5
3.701	11.2
3.695	11.6
3.690	12.8
3.685	15.2
3.679	18.7
3.674	21.9
3.669	23.9
3.663	24.3
3.658	23.7
3.653	22.4
3.647	21.2
3.642	19.9
3.637	18.4
3.632	17.2
3.626	16.0
3.621	14.8
3.616	14.0
3.610	13.2
3.605	12.4
3.600	11.6
3.594	11.3
3.589	11.6
3.584	13.1
3.578	15.6
3.573	19.3
3.568	22.8
3.562	24.8
3.557	25.1
3.552	24.3
3.546	23.2
3.541	22.0
3.536	20.7
3.530	19.5
3.525	18.2
3.520	17.0
3.514	15.8
3.509	14.7
3.504	13.6
3.498	12.8
3.493	12.0
3.488	11.4
3.482	11.5
3.477	12.3
3.472	14.3
3.466	17.5
3.461	21.6
3.456	24.9
3.450	26.3
3.445	26.1
3.440	25.2
3.434	23.9
3.429	22.4
3.424	21.1
3.418	19.6
3.413	18.1
3.408	16.8
3.402	15.6
3.397	14.4
3.392	13.5
3.386	12.4
3.381	11.6
3.376	11.2
3.370	11.1
3.365	11.9
3.360	13.6
3.354	16.4
3.349	20.5
3.344	24.8
3.338	27.5
3.333	28.4
3.328	27.9
3.322	26.5
3.317	24.9
3.312	23.2
3.306	21.5
3.301	19.9
3.296	18.3
3.291	16.8
3.285	15.6
3.280	14.4
3.275	13.2
3.269	12.2
3.264	11.4
3.259	10.8
3.253	10.6
3.248	11.1
3.243	12.8
3.237	15.6
3.232	19.8
3.227	24.7
3.221	28.3
3.216	29.7
3.211	29.6
3.205	28.4
3.200	26.8
3.195	24.9
3.189	23.1
3.184	21.4
3.179	19.7
3.173	18.1
3.168	16.7
3.163	15.2
3.157	13.9
3.152	12.7
3.147	11.6
3.141	10.8
3.136	10.4
3.131	10.4
3.125	10.9
3.120	12.6
3.115	15.6
3.109	20.0
3.104	25.2
3.099	29.6
3.093	31.6
3.088	31.6
3.083	30.6
3.077	28.9
3.072	26.9
3.067	24.9
3.061	23.1
3.056	21.2
3.051	19.5
3.045	17.7
3.040	16.1
3.035	14.6
3.029	13.3
3.024	12.0
3.019	11.2
3.013	10.4
3.008	10.0
3.003	10.0
2.997	10.6
2.992	12.0
2.987	14.8
2.981	19.4
2.976	25.0
2.971	30.3
2.965	33.2
2.960	34.0
2.955	32.9
2.949	30.9
2.944	28.6
2.939	26.3
2.933	24.2
2.928	21.9
2.923	19.8
2.917	17.9
2.912	16.3
2.907	15.1
2.901	13.8
2.896	12.4
2.891	11.3
2.885	10.4
2.880	9.7
2.875	9.4
2.869	9.5
2.864	10.0
2.859	11.2
2.853	13.7
2.848	18.0
2.843	24.0
2.837	30.2
2.832	34.6
2.827	36.3
2.821	35.9
2.816	34.3
2.811	32.0
2.805	29.6
2.800	27.2
2.795	25.2
2.789	23.0
2.784	20.9
2.779	18.9
2.773	16.9
2.768	14.9
2.763	13.3
2.757	12.0
2.752	10.8
2.747	10.0
2.741	9.6
2.736	9.0
2.731	9.1
2.725	9.4
2.720	10.3
2.715	11.8
2.709	14.5
2.704	19.4
2.699	26.2
2.693	32.9
2.688	37.3
2.683	38.6
2.677	37.8
2.672	35.9
2.667	33.6
2.661	31.1
2.656	28.6
2.651	26.1
2.645	23.9
2.640	21.6
2.635	19.2
2.629	17.2
2.624	15.3
2.619	13.6
2.613	12.0
2.608	10.9
2.602	10.1
2.597	9.6
2.592	9.2
2.586	9.2
2.581	9.2
2.576	9.6
2.570	10.3
2.565	11.9
2.560	14.5
2.554	19.3
2.549	26.1
2.544	33.7
2.538	39.4
2.533	41.8
2.528	41.4
2.522	39.5
2.517	36.9
2.512	34.1
2.506	31.3
2.501	28.6
2.496	26.0
2.490	23.6
2.485	21.2
2.480	18.8
2.474	16.8
2.469	14.8
2.464	13.2
2.458	11.9
2.453	10.8
2.448	10.0
2.442	9.6
2.437	9.2
2.432	9.2
2.426	9.2
2.421	9.3
2.416	9.8
2.410	10.8
2.405	12.4
2.400	15.0
2.394	19.4
2.389	26.2
2.384	34.4
2.378	41.1
2.373	44.4
2.368	44.5
2.362	42.7
2.357	39.9
2.352	36.8
2.346	33.7
2.341	30.8
2.336	28.0
2.330	25.3
2.325	22.7
2.320	20.3
2.314	18.0
2.309	15.8
2.304	14.0
2.298	12.4
2.293	11.2
2.288	10.3
2.282	9.6
2.277	9.0
2.272	8.8
2.266	8.7
2.261	8.8
2.256	8.9
2.250	9.2
2.245	9.8
2.240	10.7
2.234	12.2
2.229	14.6
2.223	18.5
2.218	24.8
2.213	33.0
2.207	41.0
2.202	46.2
2.197	47.8
2.191	46.8
2.186	44.4
2.181	41.2
2.175	37.9
2.170	34.5
2.165	31.4
2.159	28.4
2.154	25.6
2.149	22.8
2.143	20.4
2.138	18.0
2.133	15.9
2.127	14.0
2.122	12.4
2.117	11.2
2.111	10.4
2.106	9.6
2.101	9.1
2.095	8.8
2.090	8.5
2.085	8.4
2.079	8.5
2.074	8.8
2.069	9.2
2.063	9.6
2.058	10.1
2.053	11.2
2.047	12.8
2.042	15.2
2.037	19.2
2.031	25.2
2.026	33.4
2.021	41.8
2.015	48.0
2.010	50.8
2.005	50.8
1.999	48.8
1.994	45.6
1.989	42.1
1.983	38.6
1.978	35.3
1.972	32.0
1.967	28.8
1.962	25.9
1.956	23.1
1.951	20.4
1.946	18.0
1.940	15.9
1.935	14.0
1.930	12.6
1.924	11.4
1.919	10.5
1.914	9.7
1.908	9.2
1.903	8.8
1.898	8.4
1.892	8.3
1.887	8.3
1.882	8.3
1.876	8.4
1.871	8.8
1.866	9.1
1.860	9.6
1.855	10.0
1.850	11.1
1.844	12.4
1.839	14.4
1.834	17.2
1.828	21.6
1.823	28.0
1.818	36.4
1.812	44.8
1.807	50.9
1.802	53.9
1.796	54.0
1.791	52.1
1.786	48.9
1.780	45.2
1.775	41.5
1.769	37.9
1.764	34.3
1.759	30.8
1.753	27.6
1.748	24.7
1.743	22.0
1.737	19.6
1.732	17.5
1.727	15.6
1.721	14.0
1.716	12.8
1.711	11.6
1.705	10.7
1.700	10.0
1.695	9.6
1.689	9.0
1.684	8.6
1.679	8.4
1.673	8.4
1.668	8.2
1.663	8.2
1.657	8.2
1.652	8.3
1.647	8.4
1.641	8.8
1.636	9.2
1.631	9.6
1.625	10.0
1.620	11.2
1.615	12.4
1.609	14.0
1.604	16.4
1.599	20.0
1.593	25.2
1.588	32.4
1.582	40.7
1.577	48.3
1.572	54.0
1.566	57.1
1.561	57.7
1.556	56.4
1.550	54.0
1.545	50.8
1.540	47.2
1.534	43.6
1.529	40.0
1.524	36.6
1.518	33.3
1.513	30.2
1.508	27.2
1.502	24.4
1.497	21.6
1.492	19.2
1.486	17.2
1.481	15.5
1.476	13.9
1.470	12.7
1.465	11.6
1.460	10.8
1.454	10.0
1.449	9.6
1.444	9.0
1.438	8.6
1.433	8.3
1.428	8.0
1.422	7.6
1.417	7.6
1.411	7.6
1.406	7.6
1.401	7.6
1.395	7.6
1.390	7.8
1.385	8.0
1.379	8.4
1.374	8.8
1.369	9.2
1.363	9.6
1.358	10.1
1.353	11.1
1.347	12.1
1.342	13.4
1.337	15.2
1.331	17.4
1.326	20.4
1.321	24.8
1.315	30.7
1.310	37.9
1.305	45.5
1.299	52.2
1.294	57.1
1.289	60.2
1.283	61.3
1.278	60.7
1.273	58.8
1.267	56.1
1.262	52.5
1.256	48.5
1.251	44.0
1.246	39.9
1.240	36.1
1.235	32.8
1.230	29.6
1.224	26.3
1.219	22.8
1.214	20.0
1.208	18.4
1.203	17.6
1.198	16.8
1.192	15.8
1.187	14.8
1.182	13.7
1.176	12.7
1.171	11.7
1.166	10.9
1.160	10.5
1.155	10.0
1.150	9.6
1.144	9.2
1.139	8.8
1.134	8.4
1.128	8.3
1.123	8.0
1.118	8.0
1.112	7.8
1.107	7.7
1.101	7.6
1.096	7.6
1.091	7.6
1.085	7.6
1.080	7.6
1.075	7.6
1.069	7.6
1.064	7.8
1.059	8.0
1.053	8.1
1.048	8.3
1.043	8.7
1.037	9.1
1.032	9.5
1.027	9.9
1.021	10.4
1.016	11.1
1.011	11.9
1.005	12.8
1.000	14.0
0.995	15.6
0.989	17.3
0.984	19.6
0.979	22.5
0.973	26.1
0.968	30.7
0.962	35.9
0.957	41.2
0.952	46.4
0.946	51.8
0.941	56.5
0.936	60.3
0.930	62.4
0.925	62.8
0.920	61.6
0.914	59.6
0.909	57.0
0.904	54.2
0.898	51.3
0.893	48.5
0.888	45.9
0.882	43.9
0.877	42.2
0.872	40.9
0.866	39.7
0.861	38.5
0.856	37.2
0.850	35.7
0.845	33.7
0.840	31.4
0.834	29.0
0.829	26.7
0.823	24.7
0.818	22.8
0.813	20.8
0.807	19.1
0.802	17.7
0.797	16.5
0.791	15.6
0.786	14.8
0.781	13.9
0.775	13.2
0.770	12.4
0.765	12.0
0.759	11.2
0.754	10.8
0.749	10.4
0.743	10.0
0.738	9.6
0.733	9.5
0.727	9.2
0.722	9.0
0.717	8.6
0.711	8.4
0.706	8.4
0.701	8.3
0.695	8.0
0.690	8.0
0.684	7.9
0.679	7.8
0.674	7.6
0.668	7.6
0.663	7.6
0.658	7.6
0.652	7.6
0.647	7.6
0.642	7.6
0.636	7.6
0.631	7.5
0.626	7.5
0.620	7.5
0.615	7.5
0.610	7.5
0.604	7.5
0.599	7.5
0.594	7.5
0.588	7.5
0.583	7.6
0.578	7.6
0.572	7.6
0.567	7.7
0.561	7.9
0.556	8.0
0.551	8.0
0.545	8.0
0.540	8.3
0.535	8.5
0.529	8.8
0.524	8.8
0.519	9.1
0.513	9.2
0.508	9.6
0.503	9.8
0.497	10.0
0.492	10.4
0.487	10.4
0.481	10.8
0.476	11.2
0.471	11.6
0.465	12.0
0.460	12.4
0.455	13.0
0.449	13.6
0.444	14.1
0.438	14.8
0.433	15.6
0.428	16.4
0.422	17.3
0.417	18.2
0.412	19.3
0.406	20.5
0.401	21.9
0.396	23.2
0.390	24.8
0.385	26.5
0.380	28.4
0.374	30.4
0.369	32.7
0.364	34.9
0.358	37.3
0.353	39.8
0.348	42.5
0.342	45.2
0.337	47.7
0.332	50.2
0.326	52.6
0.321	55.0
0.316	57.1
0.310	59.1
0.305	60.8
0.299	62.3
0.294	63.7
0.289	64.7
0.283	65.5
0.278	66.2
0.273	67.0
0.267	67.6
0.262	68.1
0.257	68.4
0.251	68.8
0.246	68.9
0.241	68.9
0.235	68.6
0.230	68.5
0.225	68.4
0.219	68.3
0.214	68.1
0.209	67.9
0.203	67.5
0.198	67.2
0.193	66.8
0.187	66.5
0.182	66.2
0.176	65.9
0.171	65.5
0.166	65.1
0.160	64.8
0.155	64.5
0.150	64.2
0.144	63.9
0.139	63.5
0.134	63.3
0.128	63.0
0.123	62.8
0.118	62.5
0.112	62.2
0.107	61.8
0.102	61.6
0.096	61.3
0.091	61.1
0.086	60.9
0.080	60.7
0.075	60.5
0.070	60.4
0.064	60.3
0.059	60.1
0.053	59.9
0.048	59.9
0.043	59.8
0.037	59.8
0.032	59.7
0.027	59.7
0.021	59.7
0.016	59.7
0.011	59.7
0.005	59.7
0.000	59.9
-0.005	59.9
-0.011	59.8
-0.016	59.7
-0.021	59.6
-0.027	59.5
-0.032	59.5
-0.037	59.4
-0.043	59.4
-0.048	59.4
-0.053	59.5
-0.059	59.7
-0.064	59.9
-0.070	60.3
-0.075	60.6
-0.080	60.9
-0.086	61.3
-0.091	61.6
-0.096	61.6
-0.102	61.7
-0.107	61.7
-0.112	61.7
-0.118	61.9
-0.123	62.4
-0.128	62.9
-0.134	63.7
-0.139	64.5
-0.144	65.2
-0.150	65.6
-0.155	65.8
-0.160	65.8
-0.166	65.8
-0.171	65.8
-0.176	66.0
-0.182	66.3
-0.187	66.7
-0.193	67.1
-0.198	67.5
-0.203	67.9
-0.209	68.1
-0.214	68.2
-0.219	68.4
-0.225	68.4
-0.230	68.4
-0.235	68.3
-0.241	67.9
-0.246	67.4
-0.251	67.2
-0.257	66.5
-0.262	65.3
-0.267	64.0
-0.273	62.8
-0.278	62.5
-0.283	62.5
-0.289	62.2
-0.294	61.7
-0.299	60.6
-0.305	59.3
-0.310	57.6
-0.316	55.9
-0.321	53.9
-0.326	51.8
-0.332	49.5
-0.337	47.1
-0.342	44.5
-0.348	42.0
-0.353	39.5
-0.358	37.0
-0.364	34.5
-0.369	32.1
-0.374	29.8
-0.380	27.8
-0.385	26.0
-0.390	24.3
-0.396	22.7
-0.401	21.2
-0.406	20.0
-0.412	18.8
-0.417	17.6
-0.422	16.8
-0.428	15.9
-0.433	15.1
-0.438	14.4
-0.444	13.6
-0.449	13.0
-0.455	12.6
-0.460	12.0
-0.465	11.5
-0.471	11.1
-0.476	10.8
-0.481	10.4
-0.487	10.0
-0.492	9.6
-0.497	9.3
-0.503	9.2
-0.508	9.0
-0.513	8.7
-0.519	8.4
-0.524	8.3
-0.529	8.2
-0.535	8.0
-0.540	7.9
-0.545	7.6
-0.551	7.6
-0.556	7.5
-0.561	7.5
-0.567	7.3
-0.572	7.2
-0.578	7.2
-0.583	7.2
-0.588	7.1
-0.594	7.0
-0.599	6.8
-0.604	6.8
-0.610	6.8
-0.615	6.8
-0.620	6.8
-0.626	6.8
-0.631	6.8
-0.636	6.8
-0.642	6.7
-0.647	6.7
-0.652	6.7
-0.658	6.7
-0.663	6.7
-0.668	6.8
-0.674	6.8
-0.679	6.8
-0.684	6.8
-0.690	6.9
-0.695	7.0
-0.701	7.2
-0.706	7.2
-0.711	7.5
-0.717	7.6
-0.722	7.8
-0.727	8.0
-0.733	8.1
-0.738	8.5
-0.743	8.8
-0.749	9.1
-0.754	9.3
-0.759	9.7
-0.765	10.1
-0.770	10.4
-0.775	10.8
-0.781	11.4
-0.786	12.2
-0.791	12.9
-0.797	13.7
-0.802	14.8
-0.807	16.0
-0.813	17.2
-0.818	18.8
-0.823	20.5
-0.829	22.6
-0.834	25.0
-0.840	27.8
-0.845	30.7
-0.850	33.9
-0.856	37.1
-0.861	40.3
-0.866	43.5
-0.872	46.7
-0.877	49.5
-0.882	52.1
-0.888	54.4
-0.893	56.7
-0.898	58.7
-0.904	60.5
-0.909	61.8
-0.914	62.6
-0.920	62.7
-0.925	61.8
-0.930	60.0
-0.936	57.1
-0.941	53.5
-0.946	48.8
-0.952	43.3
-0.957	37.6
-0.962	32.1
-0.968	27.3
-0.973	23.2
-0.979	20.0
-0.984	17.2
-0.989	15.2
-0.995	13.6
-1.000	12.0
-1.005	11.1
-1.011	10.3
-1.016	9.6
-1.021	8.9
-1.027	8.4
-1.032	8.0
-1.037	7.6
-1.043	7.4
-1.048	7.1
-1.053	7.0
-1.059	6.8
-1.064	6.8
-1.069	6.7
-1.075	6.6
-1.080	6.5
-1.085	6.5
-1.091	6.4
-1.096	6.4
-1.101	6.4
-1.107	6.4
-1.112	6.4
-1.118	6.4
-1.123	6.4
-1.128	6.7
-1.134	6.8
-1.139	7.0
-1.144	7.2
-1.150	7.5
-1.155	7.9
-1.160	8.2
-1.166	8.6
-1.171	9.2
-1.176	9.7
-1.182	10.5
-1.187	11.3
-1.192	12.4
-1.198	13.7
-1.203	15.3
-1.208	17.4
-1.214	20.1
-1.219	23.3
-1.224	27.1
-1.230	31.4
-1.235	36.0
-1.240	40.7
-1.246	44.9
-1.251	48.8
-1.256	52.2
-1.262	55.4
-1.267	57.9
-1.273	59.5
-1.278	60.0
-1.283	59.3
-1.289	56.9
-1.294	52.6
-1.299	46.4
-1.305	39.2
-1.310	32.3
-1.315	26.3
-1.321	21.5
-1.326	17.6
-1.331	14.8
-1.337	12.8
-1.342	11.2
-1.347	10.0
-1.353	9.2
-1.358	8.4
-1.363	8.0
-1.369	7.6
-1.374	7.2
-1.379	6.8
-1.385	6.5
-1.390	6.4
-1.395	6.4
-1.401	6.3
-1.406	6.2
-1.411	6.2
-1.417	6.2
-1.422	6.2
-1.428	6.2
-1.433	6.4
-1.438	6.5
-1.444	6.7
-1.449	7.1
-1.454	7.3
-1.460	7.7
-1.465	8.1
-1.470	8.8
-1.476	9.6
-1.481	10.4
-1.486	11.6
-1.492	13.2
-1.497	15.2
-1.502	17.6
-1.508	20.9
-1.513	25.2
-1.518	30.0
-1.524	35.5
-1.529	40.7
-1.534	45.5
-1.540	49.7
-1.545	53.4
-1.550	56.3
-1.556	57.9
-1.561	57.8
-1.566	55.0
-1.572	49.3
-1.577	41.3
-1.582	33.2
-1.588	26.1
-1.593	20.7
-1.599	16.7
-1.604	13.6
-1.609	11.6
-1.615	10.1
-1.620	9.0
-1.625	8.2
-1.631	7.6
-1.636	7.2
-1.641	6.8
-1.647	6.4
-1.652	6.4
-1.657	6.1
-1.663	6.0
-1.668	6.0
-1.673	6.1
-1.679	6.1
-1.684	6.3
-1.689	6.4
-1.695	6.8
-1.700	7.1
-1.705	7.4
-1.711	7.8
-1.716	8.4
-1.721	9.2
-1.727	10.0
-1.732	11.2
-1.737	12.8
-1.743	14.8
-1.748	17.7
-1.753	21.6
-1.759	26.8
-1.764	33.0
-1.769	39.5
-1.775	45.3
-1.780	50.2
-1.786	53.8
-1.791	55.6
-1.796	55.3
-1.802	52.1
-1.807	45.6
-1.812	37.1
-1.818	28.9
-1.823	22.3
-1.828	17.4
-1.834	14.0
-1.839	11.6
-1.844	10.0
-1.850	8.8
-1.855	8.0
-1.860	7.2
-1.866	6.8
-1.871	6.4
-1.876	6.2
-1.882	6.0
-1.887	6.0
-1.892	6.0
-1.898	6.0
-1.903	6.0
-1.908	6.3
-1.914	6.4
-1.919	6.8
-1.924	7.2
-1.930	7.6
-1.935	8.4
-1.940	9.3
-1.946	10.5
-1.951	12.1
-1.956	14.4
-1.962	17.6
-1.967	22.0
-1.972	27.9
-1.978	34.7
-1.983	41.8
-1.989	48.0
-1.994	52.7
-1.999	55.4
-2.005	55.3
-2.010	50.6
-2.015	42.2
-2.021	32.7
-2.026	24.7
-2.031	18.7
-2.037	14.7
-2.042	11.9
-2.047	10.0
-2.053	8.5
-2.058	7.6
-2.063	6.9
-2.069	6.5
-2.074	6.1
-2.079	6.0
-2.085	5.9
-2.090	5.9
-2.095	5.9
-2.101	5.9
-2.106	6.0
-2.111	6.4
-2.117	6.8
-2.122	7.2
-2.127	7.9
-2.133	8.8
-2.138	9.9
-2.143	11.6
-2.149	13.9
-2.154	17.1
-2.159	21.7
-2.165	28.0
-2.170	35.5
-2.175	43.1
-2.181	49.2
-2.186	53.5
-2.191	54.4
-2.197	50.3
-2.202	41.5
-2.207	31.8
-2.213	23.8
-2.218	17.8
-2.223	13.7
-2.229	10.9
-2.234	8.9
-2.240	7.6
-2.245	6.8
-2.250	6.4
-2.256	6.0
-2.261	5.6
-2.266	5.6
-2.272	5.6
-2.277	5.6
-2.282	5.6
-2.288	5.9
-2.293	6.3
-2.298	6.7
-2.304	7.3
-2.309	8.1
-2.314	9.3
-2.320	10.9
-2.325	13.3
-2.330	16.5
-2.336	21.3
-2.341	27.8
-2.346	35.6
-2.352	43.2
-2.357	49.2
-2.362	52.1
-2.368	49.9
-2.373	42.0
-2.378	32.3
-2.384	23.9
-2.389	17.6
-2.394	13.5
-2.400	10.7
-2.405	8.8
-2.410	7.6
-2.416	6.8
-2.421	6.4
-2.426	6.0
-2.432	5.6
-2.437	5.6
-2.442	5.6
-2.448	5.6
-2.453	6.0
-2.458	6.3
-2.464	6.7
-2.469	7.3
-2.474	8.3
-2.480	9.5
-2.485	11.5
-2.490	14.3
-2.496	18.3
-2.501	23.6
-2.506	30.6
-2.512	38.4
-2.517	45.5
-2.522	49.7
-2.528	48.2
-2.533	40.8
-2.538	31.1
-2.544	22.8
-2.549	16.8
-2.554	12.7
-2.560	10.0
-2.565	8.2
-2.570	7.1
-2.576	6.3
-2.581	5.9
-2.586	5.6
-2.592	5.6
-2.597	5.5
-2.602	5.6
-2.608	5.6
-2.613	6.0
-2.619	6.4
-2.624	7.2
-2.629	8.2
-2.635	9.7
-2.640	11.7
-2.645	14.9
-2.651	19.3
-2.656	25.3
-2.661	32.7
-2.667	40.7
-2.672	46.4
-2.677	46.8
-2.683	40.5
-2.688	31.0
-2.693	22.6
-2.699	16.4
-2.704	12.3
-2.709	9.6
-2.715	7.8
-2.720	6.6
-2.725	5.9
-2.731	5.5
-2.736	5.2
-2.741	5.2
-2.747	5.2
-2.752	5.6
-2.757	5.9
-2.763	6.4
-2.768	6.9
-2.773	8.0
-2.779	9.2
-2.784	11.3
-2.789	14.1
-2.795	18.5
-2.800	24.1
-2.805	31.1
-2.811	38.5
-2.816	43.7
-2.821	43.1
-2.827	36.1
-2.832	26.9
-2.837	19.4
-2.843	14.2
-2.848	10.7
-2.853	8.4
-2.859	7.0
-2.864	6.0
-2.869	5.5
-2.875	5.1
-2.880	5.1
-2.885	5.1
-2.891	5.4
-2.896	5.7
-2.901	6.3
-2.907	7.0
-2.912	8.2
-2.917	9.8
-2.923	12.0
-2.928	15.2
-2.933	19.6
-2.939	25.5
-2.944	32.3
-2.949	38.5
-2.955	41.1
-2.960	37.3
-2.965	29.1
-2.971	21.1
-2.976	15.2
-2.981	11.2
-2.987	8.8
-2.992	7.2
-2.997	6.0
-3.003	5.4
-3.008	5.2
-3.013	5.1
-3.019	5.2
-3.024	5.6
-3.029	6.0
-3.035	6.8
-3.040	7.6
-3.045	8.9
-3.051	10.8
-3.056	13.3
-3.061	16.9
-3.067	21.6
-3.072	27.6
-3.077	33.2
-3.083	37.0
-3.088	35.9
-3.093	29.3
-3.099	21.6
-3.104	15.6
-3.109	11.2
-3.115	8.5
-3.120	6.8
-3.125	5.8
-3.131	5.1
-3.136	4.8
-3.141	4.8
-3.147	5.1
-3.152	5.5
-3.157	6.1
-3.163	6.9
-3.168	8.4
-3.173	10.0
-3.179	12.3
-3.184	15.1
-3.189	19.2
-3.195	24.3
-3.200	29.2
-3.205	32.7
-3.211	33.2
-3.216	28.8
-3.221	21.8
-3.227	15.7
-3.232	11.4
-3.237	8.6
-3.243	6.9
-3.248	5.7
-3.253	5.1
-3.259	4.8
-3.264	4.8
-3.269	5.2
-3.275	5.6
-3.280	6.1
-3.285	7.1
-3.291	8.4
-3.296	10.1
-3.301	12.4
-3.306	15.9
-3.312	20.0
-3.317	24.1
-3.322	27.3
-3.328	29.2
-3.333	28.0
-3.338	22.7
-3.344	16.7
-3.349	12.0
-3.354	8.8
-3.360	6.9
-3.365	5.7
-3.370	5.0
-3.376	4.7
-3.381	4.8
-3.386	5.2
-3.392	6.0
-3.397	6.8
-3.402	8.0
-3.408	9.6
-3.413	11.8
-3.418	14.7
-3.424	18.3
-3.429	21.9
-3.434	24.7
-3.440	26.2
-3.445	26.3
-3.450	23.5
-3.456	18.3
-3.461	13.2
-3.466	9.6
-3.472	7.2
-3.477	5.6
-3.482	4.8
-3.488	4.4
-3.493	4.4
-3.498	4.8
-3.504	5.6
-3.509	6.4
-3.514	7.8
-3.520	9.6
-3.525	12.0
-3.530	14.9
-3.536	17.9
-3.541	20.5
-3.546	22.4
-3.552	22.9
-3.557	22.5
-3.562	19.9
-3.568	15.5
-3.573	11.2
-3.578	8.3
-3.584	6.3
-3.589	5.2
-3.594	4.7
-3.600	4.4
-3.605	4.4
-3.610	4.8
-3.616	5.6
-3.621	6.9
-3.626	8.8
-3.632	11.2
-3.637	14.0
-3.642	16.5
-3.647	18.5
-3.653	19.7
-3.658	20.1
-3.663	19.7
-3.669	18.0
-3.674	14.6
-3.679	10.9
-3.685	8.0
-3.690	6.0
-3.695	4.8
-3.701	4.4
-3.706	4.1
-3.711	4.1
-3.717	4.8
-3.722	5.7
-3.727	7.1
-3.733	9.0
-3.738	11.5
-3.743	14.0
-3.749	16.0
-3.754	17.2
-3.759	17.7
-3.765	17.3
-3.770	16.5
-3.775	14.4
-3.781	11.2
-3.786	8.4
-3.791	6.3
-3.797	5.0
-3.802	4.2
-3.807	3.8
-3.813	3.8
-3.818	4.1
-3.823	4.9
-3.829	6.1
-3.834	7.9
-3.839	10.0
-3.844	12.4
-3.850	14.4
-3.855	15.5
-3.860	15.8
-3.866	15.3
-3.871	14.4
-3.876	12.4
-3.882	9.6
-3.887	7.0
-3.892	5.4
-3.898	4.4
-3.903	3.6
-3.908	3.2
-3.914	3.2
-3.919	3.6
-3.924	4.4
-3.930	5.6
-3.935	7.2
-3.940	9.1
-3.946	11.1
-3.951	12.7
-3.956	13.5
-3.962	13.3
-3.967	12.6
-3.972	11.3
-3.978	9.2
-3.983	6.9
-3.988	5.2
-3.994	4.4
-3.999	3.6
-4.004	3.2
-4.009	3.1
-4.015	3.2
-4.020	3.6
-4.025	4.4
-4.031	5.6
-4.036	6.9
-4.041	8.5
-4.047	10.1
-4.052	11.2
-4.057	11.2
-4.063	10.6
-4.068	9.4
-4.073	7.6
-4.079	5.6
-4.084	4.3
-4.089	3.2
-4.095	2.5
-4.100	2.1
-4.105	2.2
-4.111	2.4
-4.116	2.8
-4.121	3.3
-4.127	4.4
-4.132	5.6
-4.137	6.8
-4.143	8.0
-4.148	8.8
-4.153	8.7
-4.158	8.0
-4.164	6.7
-4.169	5.2
-4.174	4.3
-4.180	3.2
-4.185	2.4
-4.190	2.0
-4.196	1.7
-4.201	1.7
-4.206	1.7
-4.212	2.2
-4.217	2.9
-4.222	3.8
-4.228	4.9
-4.233	6.0
-4.238	6.8
-4.244	6.8
-4.249	6.0
-4.254	4.9
-4.260	3.7
-4.265	2.8
-4.270	2.0
-4.275	1.6
-4.281	1.2
-4.286	1.2
-4.291	1.2
-4.297	1.2
-4.302	1.6
-4.307	2.0
-4.313	2.8
-4.318	3.6
-4.323	4.4
-4.329	4.9
-4.334	4.8
-4.339	4.0
-4.345	2.9
-4.350	2.1
-4.355	1.6
-4.361	1.2
-4.366	0.9
-4.371	0.9
-4.377	0.8
-4.382	0.8
-4.387	0.8
-4.392	1.1
-4.398	1.5
-4.403	2.0
-4.408	2.4
-4.414	2.8
-4.419	2.8
-4.424	2.6
-4.430	2.0
-4.435	1.6
-4.440	1.2
-4.446	0.8
-4.451	0.6
-4.456	0.6
-4.462	0.5
-4.467	0.5
-4.472	0.5
-4.478	0.5
-4.483	0.6
-4.488	0.8
-4.493	1.1
-4.499	1.3
-4.504	1.3
-4.509	1.2
-4.515	0.9
-4.520	0.7
-4.525	0.5
-4.531	0.4
-4.536	0.4
-4.541	0.4
-4.547	0.4
-4.552	0.4
-4.557	0.4
-4.563	0.4
-4.568	0.4
-4.573	0.4
-4.578	0.4
-4.584	0.4
-4.589	0.4
-4.594	0.4
-4.600	0.4
-4.605	0.4
-4.610	0.4
-4.616	0.3
-4.621	0.2
-4.626	0.2
-4.632	0.2
-4.637	0.2
-4.642	0.2
-4.648	0.2
-4.653	0.2
-4.658	0.2
-4.663	0.2
-4.669	0.2
-4.674	0.2
-4.679	0.2
-4.685	0.2
-4.690	0.1
-4.695	0.1
-4.701	0.1
-4.706	0.1
-4.711	0.1
-4.717	0.1
-4.722	0.1
-4.727	0.1
-4.733	0.1
-4.738	0.1
-4.743	0.1
-4.748	0.0
-4.754	0.0
-4.759	0.0
-4.764	0.0
-4.770	0.0
-4.775	0.0
-4.780	0.0
-4.786	0.0
-4.791	0.0
-4.796	0.0
-4.802	0.0
-4.807	0.0
-4.812	0.0
-4.818	0.0
-4.823	0.0
-4.828	0.0
-4.833	0.0
-4.839	0.0
-4.844	0.0
-4.849	0.0
-4.855	0.0
-4.860	0.0
-4.865	0.0
-4.871	0.0
-4.876	0.0
-4.881	0.0
-4.887	0.0
-4.892	0.0
-4.897	0.0
-4.902	0.0
-4.908	0.0
-4.913	0.0
-4.918	0.0
-4.924	0.0
-4.929	0.0
-4.934	0.0
-4.940	0.0
-4.945	0.0
-4.950	0.0
-4.956	0.0
-4.961	0.0
-4.966	0.0
-4.971	0.0
-4.977	0.0
-4.982	0.0
-4.987	0.0
-4.993	0.0
-4.998	0.0
-5.003	0.0
-5.009	0.0
-5.014	0.0
-5.019	0.0
-5.025	0.0
-5.030	0.0
-5.035	0.0
-5.040	0.0
-5.046	0.0
-5.051	0.0
-5.056	0.0
-5.062	0.0
-5.067	0.0
-5.072	0.0
-5.078	0.0
-5.083	0.0
-5.088	0.0
-5.094	0.0
-5.099	0.0
-5.104	0.0
-5.109	0.0
-5.115	0.0
-5.120	0.0
-5.125	0.0
-5.131	0.0
-5.136	0.0
-5.141	0.0
-5.147	0.0
-5.152	0.0
-5.157	0.0
-5.162	0.0
-5.168	0.0
-5.173	0.0
-5.178	0.0
-5.184	0.0
-5.189	0.0
-5.194	0.0
-5.200	0.0
-5.205	0.0
-5.210	0.0
-5.216	0.0
-5.221	0.0
-5.226	0.0
-5.231	0.0
-5.237	0.0
-5.242	0.0
-5.247	0.0
-5.253	0.0
-5.258	0.0
-5.263	0.0
-5.269	0.0
-5.274	0.0
-5.279	0.0
-5.284	0.0
-5.290	0.0
-5.295	0.0
-5.300	0.0
-5.306	0.0
-5.311	0.0
-5.316	0.0
-5.322	0.0
-5.327	0.0
-5.332	0.0
-5.337	0.0
-5.343	0.0
-5.348	0.0
-5.353	0.0
-5.359	0.0
-5.364	0.0
-5.369	0.0
-5.375	0.0
-5.380	0.0
-5.385	0.0
-5.390	0.0
-5.396	0.0
-5.401	0.0
-5.406	0.0
-5.412	0.0
-5.417	0.0
-5.422	0.0
-5.428	0.0
-5.433	0.0
-5.438	0.0
-5.443	0.0
-5.449	0.0
-5.454	0.0
