-960.00E-06	+187.50000E-03	+0.0E+00	+125.00000E-03
-940.00E-06	+125.00000E-03	-0.0E+00	-31.25000E-03
-920.00E-06	+125.00000E-03	-156.25000E-03	-31.25000E-03
-900.00E-06	+187.50000E-03	+0.0E+00	+125.00000E-03
-880.00E-06	+187.50000E-03	+0.0E+00	+125.00000E-03
-860.00E-06	+187.50000E-03	+0.0E+00	+125.00000E-03
-840.00E-06	+250.00000E-03	+0.0E+00	+125.00000E-03
-820.00E-06	+187.50000E-03	-0.0E+00	+125.00000E-03
-800.00E-06	+125.00000E-03	-156.25000E-03	+125.00000E-03
-780.00E-06	+250.00000E-03	-0.0E+00	-31.25000E-03
-760.00E-06	+250.00000E-03	-156.25000E-03	-31.25000E-03
-740.00E-06	+312.50000E-03	-312.50000E-03	+125.00000E-03
-720.00E-06	+187.50000E-03	-156.25000E-03	+281.25000E-03
-700.00E-06	+187.50000E-03	-156.25000E-03	+125.00000E-03
-680.00E-06	+187.50000E-03	-156.25000E-03	+125.00000E-03
-660.00E-06	+312.50000E-03	-0.0E+00	+125.00000E-03
-640.00E-06	+125.00000E-03	-156.25000E-03	+125.00000E-03
-620.00E-06	+250.00000E-03	+0.0E+00	-31.25000E-03
-600.00E-06	+250.00000E-03	-0.0E+00	-31.25000E-03
-580.00E-06	+250.00000E-03	-156.25000E-03	+125.00000E-03
-560.00E-06	+187.50000E-03	-156.25000E-03	+125.00000E-03
-540.00E-06	+187.50000E-03	-0.0E+00	+125.00000E-03
-520.00E-06	+250.00000E-03	-156.25000E-03	+125.00000E-03
-500.00E-06	+187.50000E-03	-0.0E+00	-31.25000E-03
-480.00E-06	+187.50000E-03	-156.25000E-03	-31.25000E-03
-460.00E-06	+125.00000E-03	+0.0E+00	+125.00000E-03
-440.00E-06	+312.50000E-03	+0.0E+00	+125.00000E-03
-420.00E-06	+187.50000E-03	-0.0E+00	+125.00000E-03
-400.00E-06	+312.50000E-03	-156.25000E-03	+125.00000E-03
-380.00E-06	+187.50000E-03	+0.0E+00	+125.00000E-03
-360.00E-06	+187.50000E-03	+0.0E+00	-31.25000E-03
-340.00E-06	+187.50000E-03	+0.0E+00	-31.25000E-03
-320.00E-06	+187.50000E-03	+0.0E+00	+125.00000E-03
-300.00E-06	+250.00000E-03	+0.0E+00	+125.00000E-03
-280.00E-06	+187.50000E-03	-0.0E+00	-31.25000E-03
-260.00E-06	+250.00000E-03	-156.25000E-03	+125.00000E-03
-240.00E-06	+125.00000E-03	+0.0E+00	+125.00000E-03
-220.00E-06	+187.50000E-03	+0.0E+00	+125.00000E-03
-200.00E-06	+187.50000E-03	+0.0E+00	-31.25000E-03
-180.00E-06	+250.00000E-03	+0.0E+00	+125.00000E-03
-160.00E-06	+250.00000E-03	-0.0E+00	-31.25000E-03
-140.00E-06	+187.50000E-03	-156.25000E-03	-31.25000E-03
-120.00E-06	+125.00000E-03	-0.0E+00	+125.00000E-03
-100.00E-06	+312.50000E-03	-156.25000E-03	+125.00000E-03
-80.00E-06	+250.00000E-03	-156.25000E-03	+125.00000E-03
-60.00E-06	+187.50000E-03	-0.0E+00	+125.00000E-03
-40.00E-06	+250.00000E-03	-156.25000E-03	+281.25000E-03
-20.00E-06	+187.50000E-03	-0.0E+00	+125.00000E-03
+0.0E+00	+187.50000E-03	-156.25000E-03	+125.00000E-03
+20.00E-06	+0.0E+00	-0.0E+00	+125.00000E-03
+40.00E-06	+8.12500000E+00	-156.25000E-03	+1.21875000E+00
+60.00E-06	+9.68750000E+00	+0.0E+00	+1.37500000E+00
+80.00E-06	+9.81250000E+00	+0.0E+00	+1.53125000E+00
+100.00E-06	+9.75000000E+00	+0.0E+00	+1.68750000E+00
+120.00E-06	+9.68750000E+00	-0.0E+00	+1.53125000E+00
+140.00E-06	+9.56250000E+00	-156.25000E-03	+1.53125000E+00
+160.00E-06	+9.56250000E+00	+0.0E+00	+1.53125000E+00
+180.00E-06	+9.56250000E+00	+0.0E+00	+1.53125000E+00
+200.00E-06	+9.50000000E+00	-0.0E+00	+1.53125000E+00
+220.00E-06	+9.50000000E+00	-156.25000E-03	+1.53125000E+00
+240.00E-06	+9.50000000E+00	-0.0E+00	+1.84375000E+00
+260.00E-06	+9.43750000E+00	-156.25000E-03	+1.53125000E+00
+280.00E-06	+9.37500000E+00	-0.0E+00	+1.53125000E+00
+300.00E-06	+9.37500000E+00	-156.25000E-03	+1.53125000E+00
+320.00E-06	+9.25000000E+00	-156.25000E-03	+1.53125000E+00
+340.00E-06	+9.25000000E+00	-156.25000E-03	+1.53125000E+00
+360.00E-06	+9.25000000E+00	-156.25000E-03	+1.37500000E+00
+380.00E-06	+9.12500000E+00	-156.25000E-03	+1.53125000E+00
+400.00E-06	+9.18750000E+00	-312.50000E-03	+1.37500000E+00
+420.00E-06	+9.12500000E+00	-156.25000E-03	+1.53125000E+00
+440.00E-06	+9.06250000E+00	-156.25000E-03	+1.37500000E+00
+460.00E-06	+9.06250000E+00	-156.25000E-03	+1.53125000E+00
+480.00E-06	+9.00000000E+00	-312.50000E-03	+1.53125000E+00
+500.00E-06	+9.00000000E+00	-312.50000E-03	+1.53125000E+00
+520.00E-06	+9.06250000E+00	-156.25000E-03	+1.37500000E+00
+540.00E-06	+9.00000000E+00	-156.25000E-03	+1.21875000E+00
+560.00E-06	+9.00000000E+00	-312.50000E-03	+1.37500000E+00
+580.00E-06	+8.93750000E+00	-156.25000E-03	+1.37500000E+00
+600.00E-06	+8.87500000E+00	-156.25000E-03	+1.37500000E+00
+620.00E-06	+8.93750000E+00	-312.50000E-03	+1.53125000E+00
+640.00E-06	+8.81250000E+00	-156.25000E-03	+1.53125000E+00
+660.00E-06	+8.75000000E+00	-312.50000E-03	+1.37500000E+00
+680.00E-06	+8.75000000E+00	-156.25000E-03	+1.37500000E+00
+700.00E-06	+8.68750000E+00	-312.50000E-03	+1.37500000E+00
+720.00E-06	+8.68750000E+00	-312.50000E-03	+1.37500000E+00
+740.00E-06	+8.68750000E+00	-312.50000E-03	+1.37500000E+00
+760.00E-06	+8.62500000E+00	-312.50000E-03	+1.37500000E+00
+780.00E-06	+8.62500000E+00	-468.75000E-03	+1.21875000E+00
+800.00E-06	+8.50000000E+00	-468.75000E-03	+1.37500000E+00
+820.00E-06	+8.56250000E+00	-156.25000E-03	+1.21875000E+00
+840.00E-06	+8.50000000E+00	-312.50000E-03	+1.37500000E+00
+860.00E-06	+8.50000000E+00	-468.75000E-03	+1.21875000E+00
+880.00E-06	+8.43750000E+00	-468.75000E-03	+1.37500000E+00
+900.00E-06	+8.43750000E+00	-312.50000E-03	+1.37500000E+00
+920.00E-06	+8.43750000E+00	-468.75000E-03	+1.21875000E+00
+940.00E-06	+8.37500000E+00	-312.50000E-03	+1.21875000E+00
+960.00E-06	+8.37500000E+00	-312.50000E-03	+1.06250000E+00
+980.00E-06	+8.37500000E+00	-312.50000E-03	+1.21875000E+00
+1.00000E-03	+8.31250000E+00	-312.50000E-03	+1.06250000E+00
+1.02000E-03	+8.25000000E+00	-468.75000E-03	+1.06250000E+00
+1.04000E-03	+8.25000000E+00	-312.50000E-03	+1.21875000E+00
+1.06000E-03	+8.18750000E+00	-468.75000E-03	+1.21875000E+00
+1.08000E-03	+8.18750000E+00	-312.50000E-03	+1.21875000E+00
+1.10000E-03	+8.06250000E+00	-468.75000E-03	+1.37500000E+00
+1.12000E-03	+8.00000000E+00	-468.75000E-03	+1.21875000E+00
+1.14000E-03	+8.12500000E+00	-468.75000E-03	+1.21875000E+00
+1.16000E-03	+7.93750000E+00	-468.75000E-03	+1.21875000E+00
+1.18000E-03	+8.06250000E+00	-468.75000E-03	+1.21875000E+00
+1.20000E-03	+8.00000000E+00	-468.75000E-03	+1.21875000E+00
+1.22000E-03	+7.87500000E+00	-468.75000E-03	+1.21875000E+00
+1.24000E-03	+7.81250000E+00	-468.75000E-03	+1.06250000E+00
+1.26000E-03	+7.87500000E+00	-312.50000E-03	+1.21875000E+00
+1.28000E-03	+7.81250000E+00	-468.75000E-03	+1.21875000E+00
+1.30000E-03	+7.75000000E+00	-468.75000E-03	+1.06250000E+00
+1.32000E-03	+7.68750000E+00	-625.00000E-03	+1.06250000E+00
+1.34000E-03	+7.75000000E+00	-468.75000E-03	+1.06250000E+00
+1.36000E-03	+7.68750000E+00	-625.00000E-03	+1.21875000E+00
+1.38000E-03	+7.62500000E+00	-625.00000E-03	+1.06250000E+00
+1.40000E-03	+7.62500000E+00	-468.75000E-03	+1.21875000E+00
+1.42000E-03	+7.50000000E+00	-468.75000E-03	+1.06250000E+00
+1.44000E-03	+7.50000000E+00	-625.00000E-03	+1.21875000E+00
+1.46000E-03	+7.50000000E+00	-625.00000E-03	+1.06250000E+00
+1.48000E-03	+7.50000000E+00	-468.75000E-03	+1.06250000E+00
+1.50000E-03	+7.50000000E+00	-468.75000E-03	+1.21875000E+00
+1.52000E-03	+7.37500000E+00	-625.00000E-03	+1.06250000E+00
+1.54000E-03	+7.37500000E+00	-625.00000E-03	+1.06250000E+00
+1.56000E-03	+7.37500000E+00	-468.75000E-03	+1.21875000E+00
+1.58000E-03	+7.31250000E+00	-468.75000E-03	+906.25000E-03
+1.60000E-03	+7.25000000E+00	-625.00000E-03	+906.25000E-03
+1.62000E-03	+7.18750000E+00	-468.75000E-03	+1.06250000E+00
+1.64000E-03	+7.25000000E+00	-468.75000E-03	+1.06250000E+00
+1.66000E-03	+7.12500000E+00	-625.00000E-03	+906.25000E-03
+1.68000E-03	+7.12500000E+00	-625.00000E-03	+1.06250000E+00
+1.70000E-03	+7.06250000E+00	-468.75000E-03	+1.06250000E+00
+1.72000E-03	+7.06250000E+00	-625.00000E-03	+1.06250000E+00
+1.74000E-03	+7.06250000E+00	-625.00000E-03	+750.00000E-03
+1.76000E-03	+7.00000000E+00	-625.00000E-03	+906.25000E-03
+1.78000E-03	+7.00000000E+00	-781.25000E-03	+750.00000E-03
+1.80000E-03	+6.93750000E+00	-468.75000E-03	+906.25000E-03
+1.82000E-03	+6.87500000E+00	-468.75000E-03	+1.06250000E+00
+1.84000E-03	+6.93750000E+00	-625.00000E-03	+906.25000E-03
+1.86000E-03	+6.87500000E+00	-625.00000E-03	+1.06250000E+00
+1.88000E-03	+6.81250000E+00	-625.00000E-03	+1.06250000E+00
+1.90000E-03	+6.81250000E+00	-625.00000E-03	+906.25000E-03
+1.92000E-03	+6.75000000E+00	-468.75000E-03	+906.25000E-03
+1.94000E-03	+6.75000000E+00	-625.00000E-03	+906.25000E-03
+1.96000E-03	+6.68750000E+00	-625.00000E-03	+906.25000E-03
+1.98000E-03	+6.68750000E+00	-468.75000E-03	+906.25000E-03
+2.00000E-03	+6.62500000E+00	-468.75000E-03	+906.25000E-03
+2.02000E-03	+6.62500000E+00	-625.00000E-03	+750.00000E-03
+2.04000E-03	+6.50000000E+00	-625.00000E-03	+906.25000E-03
+2.06000E-03	+6.56250000E+00	-625.00000E-03	+906.25000E-03
+2.08000E-03	+6.43750000E+00	-468.75000E-03	+750.00000E-03
+2.10000E-03	+6.37500000E+00	-468.75000E-03	+750.00000E-03
+2.12000E-03	+6.37500000E+00	-781.25000E-03	+750.00000E-03
+2.14000E-03	+6.37500000E+00	-781.25000E-03	+906.25000E-03
+2.16000E-03	+6.43750000E+00	-625.00000E-03	+750.00000E-03
+2.18000E-03	+6.31250000E+00	-781.25000E-03	+593.75000E-03
+2.20000E-03	+6.25000000E+00	-625.00000E-03	+750.00000E-03
+2.22000E-03	+6.31250000E+00	-625.00000E-03	+750.00000E-03
+2.24000E-03	+6.31250000E+00	-625.00000E-03	+750.00000E-03
+2.26000E-03	+6.25000000E+00	-625.00000E-03	+750.00000E-03
+2.28000E-03	+6.18750000E+00	-625.00000E-03	+750.00000E-03
+2.30000E-03	+6.18750000E+00	-781.25000E-03	+750.00000E-03
+2.32000E-03	+6.12500000E+00	-625.00000E-03	+750.00000E-03
+2.34000E-03	+6.18750000E+00	-625.00000E-03	+750.00000E-03
+2.36000E-03	+6.06250000E+00	-781.25000E-03	+750.00000E-03
+2.38000E-03	+6.06250000E+00	-468.75000E-03	+750.00000E-03
+2.40000E-03	+6.00000000E+00	-625.00000E-03	+593.75000E-03
+2.42000E-03	+6.00000000E+00	-781.25000E-03	+750.00000E-03
+2.44000E-03	+6.00000000E+00	-625.00000E-03	+593.75000E-03
+2.46000E-03	+5.93750000E+00	-625.00000E-03	+750.00000E-03
+2.48000E-03	+5.93750000E+00	-625.00000E-03	+750.00000E-03
+2.50000E-03	+5.93750000E+00	-625.00000E-03	+750.00000E-03
+2.52000E-03	+5.87500000E+00	-781.25000E-03	+593.75000E-03
+2.54000E-03	+5.81250000E+00	-625.00000E-03	+593.75000E-03
+2.56000E-03	+5.75000000E+00	-781.25000E-03	+593.75000E-03
+2.58000E-03	+5.81250000E+00	-625.00000E-03	+593.75000E-03
+2.60000E-03	+5.87500000E+00	-781.25000E-03	+593.75000E-03
+2.62000E-03	+5.68750000E+00	-625.00000E-03	+593.75000E-03
+2.64000E-03	+5.75000000E+00	-781.25000E-03	+593.75000E-03
+2.66000E-03	+5.68750000E+00	-781.25000E-03	+750.00000E-03
+2.68000E-03	+5.68750000E+00	-625.00000E-03	+593.75000E-03
+2.70000E-03	+5.56250000E+00	-625.00000E-03	+593.75000E-03
+2.72000E-03	+5.56250000E+00	-625.00000E-03	+593.75000E-03
+2.74000E-03	+5.56250000E+00	-625.00000E-03	+593.75000E-03
+2.76000E-03	+5.50000000E+00	-781.25000E-03	+437.50000E-03
+2.78000E-03	+5.50000000E+00	-625.00000E-03	+593.75000E-03
+2.80000E-03	+5.56250000E+00	-625.00000E-03	+437.50000E-03
+2.82000E-03	+5.62500000E+00	-625.00000E-03	+593.75000E-03
+2.84000E-03	+5.50000000E+00	-625.00000E-03	+437.50000E-03
+2.86000E-03	+5.37500000E+00	-625.00000E-03	+437.50000E-03
+2.88000E-03	+5.31250000E+00	-625.00000E-03	+437.50000E-03
+2.90000E-03	+5.43750000E+00	-781.25000E-03	+593.75000E-03
+2.92000E-03	+5.25000000E+00	-625.00000E-03	+437.50000E-03
+2.94000E-03	+5.31250000E+00	-625.00000E-03	+281.25000E-03
+2.96000E-03	+5.25000000E+00	-781.25000E-03	+437.50000E-03
+2.98000E-03	+5.31250000E+00	-625.00000E-03	+437.50000E-03
+3.00000E-03	+5.25000000E+00	-625.00000E-03	+437.50000E-03
+3.02000E-03	+5.18750000E+00	-625.00000E-03	+437.50000E-03
+3.04000E-03	+5.12500000E+00	-625.00000E-03	+437.50000E-03
+3.06000E-03	+5.18750000E+00	-625.00000E-03	+437.50000E-03
+3.08000E-03	+5.12500000E+00	-625.00000E-03	+281.25000E-03
+3.10000E-03	+5.12500000E+00	-625.00000E-03	+281.25000E-03
+3.12000E-03	+5.06250000E+00	-625.00000E-03	+437.50000E-03
+3.14000E-03	+5.06250000E+00	-781.25000E-03	+437.50000E-03
+3.16000E-03	+5.06250000E+00	-625.00000E-03	+281.25000E-03
+3.18000E-03	+5.06250000E+00	-625.00000E-03	+437.50000E-03
+3.20000E-03	+5.00000000E+00	-625.00000E-03	+593.75000E-03
+3.22000E-03	+4.93750000E+00	-625.00000E-03	+437.50000E-03
+3.24000E-03	+5.00000000E+00	-625.00000E-03	+437.50000E-03
+3.26000E-03	+4.87500000E+00	-781.25000E-03	+281.25000E-03
+3.28000E-03	+4.81250000E+00	-781.25000E-03	+437.50000E-03
+3.30000E-03	+4.87500000E+00	-625.00000E-03	+437.50000E-03
+3.32000E-03	+4.87500000E+00	-781.25000E-03	+281.25000E-03
+3.34000E-03	+4.75000000E+00	-468.75000E-03	+281.25000E-03
+3.36000E-03	+4.75000000E+00	-625.00000E-03	+437.50000E-03
+3.38000E-03	+4.81250000E+00	-781.25000E-03	+437.50000E-03
+3.40000E-03	+4.75000000E+00	-625.00000E-03	+437.50000E-03
+3.42000E-03	+4.75000000E+00	-625.00000E-03	+281.25000E-03
+3.44000E-03	+4.68750000E+00	-625.00000E-03	+437.50000E-03
+3.46000E-03	+4.75000000E+00	-625.00000E-03	+281.25000E-03
+3.48000E-03	+4.62500000E+00	-625.00000E-03	+281.25000E-03
+3.50000E-03	+4.68750000E+00	-781.25000E-03	+281.25000E-03
+3.52000E-03	+4.62500000E+00	-625.00000E-03	+281.25000E-03
+3.54000E-03	+4.56250000E+00	-781.25000E-03	+281.25000E-03
+3.56000E-03	+4.56250000E+00	-781.25000E-03	+281.25000E-03
+3.58000E-03	+4.50000000E+00	-781.25000E-03	+125.00000E-03
+3.60000E-03	+4.37500000E+00	-625.00000E-03	+281.25000E-03
+3.62000E-03	+4.37500000E+00	-625.00000E-03	+437.50000E-03
+3.64000E-03	+4.43750000E+00	-468.75000E-03	+281.25000E-03
+3.66000E-03	+4.43750000E+00	-625.00000E-03	+125.00000E-03
+3.68000E-03	+4.43750000E+00	-625.00000E-03	+125.00000E-03
+3.70000E-03	+4.31250000E+00	-625.00000E-03	+281.25000E-03
+3.72000E-03	+4.37500000E+00	-625.00000E-03	+125.00000E-03
+3.74000E-03	+4.31250000E+00	-781.25000E-03	+125.00000E-03
+3.76000E-03	+4.25000000E+00	-625.00000E-03	+281.25000E-03
+3.78000E-03	+4.31250000E+00	-625.00000E-03	+281.25000E-03
+3.80000E-03	+4.25000000E+00	-625.00000E-03	+281.25000E-03
+3.82000E-03	+4.25000000E+00	-625.00000E-03	+281.25000E-03
+3.84000E-03	+4.18750000E+00	-468.75000E-03	+281.25000E-03
+3.86000E-03	+4.25000000E+00	-781.25000E-03	+125.00000E-03
+3.88000E-03	+4.12500000E+00	-625.00000E-03	+281.25000E-03
+3.90000E-03	+4.06250000E+00	-625.00000E-03	+281.25000E-03
+3.92000E-03	+4.18750000E+00	-625.00000E-03	+281.25000E-03
+3.94000E-03	+4.06250000E+00	-625.00000E-03	+125.00000E-03
+3.96000E-03	+4.00000000E+00	-625.00000E-03	+125.00000E-03
+3.98000E-03	+4.06250000E+00	-625.00000E-03	+281.25000E-03
+4.00000E-03	+4.00000000E+00	-468.75000E-03	+125.00000E-03
+4.02000E-03	+4.00000000E+00	-468.75000E-03	+125.00000E-03
+4.04000E-03	+4.00000000E+00	-781.25000E-03	+125.00000E-03
+4.06000E-03	+3.93750000E+00	-625.00000E-03	+125.00000E-03
+4.08000E-03	+3.87500000E+00	-468.75000E-03	+125.00000E-03
+4.10000E-03	+3.93750000E+00	-468.75000E-03	-31.25000E-03
+4.12000E-03	+3.81250000E+00	-625.00000E-03	+125.00000E-03
+4.14000E-03	+3.81250000E+00	-625.00000E-03	+125.00000E-03
+4.16000E-03	+3.87500000E+00	-625.00000E-03	+125.00000E-03
+4.18000E-03	+3.81250000E+00	-468.75000E-03	+125.00000E-03
+4.20000E-03	+3.87500000E+00	-625.00000E-03	+281.25000E-03
+4.22000E-03	+3.75000000E+00	-468.75000E-03	+125.00000E-03
+4.24000E-03	+3.75000000E+00	-625.00000E-03	-31.25000E-03
+4.26000E-03	+3.62500000E+00	-625.00000E-03	+125.00000E-03
+4.28000E-03	+3.68750000E+00	-625.00000E-03	-31.25000E-03
+4.30000E-03	+3.62500000E+00	-625.00000E-03	+125.00000E-03
+4.32000E-03	+3.68750000E+00	-312.50000E-03	-31.25000E-03
+4.34000E-03	+3.62500000E+00	-625.00000E-03	-31.25000E-03
+4.36000E-03	+3.68750000E+00	-468.75000E-03	+125.00000E-03
+4.38000E-03	+3.56250000E+00	-625.00000E-03	+125.00000E-03
+4.40000E-03	+3.56250000E+00	-468.75000E-03	-31.25000E-03
+4.42000E-03	+3.56250000E+00	-468.75000E-03	+125.00000E-03
+4.44000E-03	+3.50000000E+00	-312.50000E-03	+125.00000E-03
+4.46000E-03	+3.56250000E+00	-625.00000E-03	+281.25000E-03
+4.48000E-03	+3.50000000E+00	-625.00000E-03	+125.00000E-03
+4.50000E-03	+3.37500000E+00	-468.75000E-03	-31.25000E-03
+4.52000E-03	+3.50000000E+00	-468.75000E-03	-31.25000E-03
+4.54000E-03	+3.43750000E+00	-468.75000E-03	+125.00000E-03
+4.56000E-03	+3.37500000E+00	-625.00000E-03	-31.25000E-03
+4.58000E-03	+3.50000000E+00	-312.50000E-03	+125.00000E-03
+4.60000E-03	+3.37500000E+00	-625.00000E-03	-31.25000E-03
+4.62000E-03	+3.43750000E+00	-468.75000E-03	-31.25000E-03
+4.64000E-03	+3.31250000E+00	-468.75000E-03	-31.25000E-03
+4.66000E-03	+3.31250000E+00	-468.75000E-03	+125.00000E-03
+4.68000E-03	+3.25000000E+00	-468.75000E-03	-31.25000E-03
+4.70000E-03	+3.25000000E+00	-468.75000E-03	-31.25000E-03
+4.72000E-03	+3.18750000E+00	-468.75000E-03	+125.00000E-03
+4.74000E-03	+3.25000000E+00	-468.75000E-03	-31.25000E-03
+4.76000E-03	+3.18750000E+00	-468.75000E-03	+125.00000E-03
+4.78000E-03	+3.18750000E+00	-468.75000E-03	-31.25000E-03
+4.80000E-03	+3.18750000E+00	-625.00000E-03	-31.25000E-03
+4.82000E-03	+3.18750000E+00	-468.75000E-03	+125.00000E-03
+4.84000E-03	+3.18750000E+00	-468.75000E-03	-31.25000E-03
+4.86000E-03	+3.18750000E+00	-468.75000E-03	-31.25000E-03
+4.88000E-03	+3.18750000E+00	-468.75000E-03	-31.25000E-03
+4.90000E-03	+3.12500000E+00	-468.75000E-03	-31.25000E-03
+4.92000E-03	+3.18750000E+00	-312.50000E-03	+125.00000E-03
+4.94000E-03	+3.06250000E+00	-468.75000E-03	+125.00000E-03
+4.96000E-03	+3.06250000E+00	-468.75000E-03	+125.00000E-03
+4.98000E-03	+3.06250000E+00	-468.75000E-03	-187.50000E-03
+5.00000E-03	+3.00000000E+00	-468.75000E-03	-31.25000E-03
+5.02000E-03	+3.00000000E+00	-625.00000E-03	+125.00000E-03
+5.04000E-03	+3.06250000E+00	-468.75000E-03	-31.25000E-03
+5.06000E-03	+3.00000000E+00	-468.75000E-03	+125.00000E-03
+5.08000E-03	+2.93750000E+00	-312.50000E-03	-31.25000E-03
+5.10000E-03	+3.06250000E+00	-468.75000E-03	-31.25000E-03
+5.12000E-03	+2.93750000E+00	-468.75000E-03	-187.50000E-03
+5.14000E-03	+3.00000000E+00	-468.75000E-03	-31.25000E-03
+5.16000E-03	+2.87500000E+00	-312.50000E-03	-31.25000E-03
+5.18000E-03	+2.87500000E+00	-312.50000E-03	-31.25000E-03
+5.20000E-03	+2.81250000E+00	-312.50000E-03	-31.25000E-03
+5.22000E-03	+2.81250000E+00	-468.75000E-03	-31.25000E-03
+5.24000E-03	+2.87500000E+00	-312.50000E-03	-31.25000E-03
+5.26000E-03	+2.87500000E+00	-312.50000E-03	-31.25000E-03
+5.28000E-03	+2.81250000E+00	-312.50000E-03	+125.00000E-03
+5.30000E-03	+2.81250000E+00	-468.75000E-03	-187.50000E-03
+5.32000E-03	+2.75000000E+00	-468.75000E-03	+125.00000E-03
+5.34000E-03	+2.81250000E+00	-312.50000E-03	-31.25000E-03
+5.36000E-03	+2.68750000E+00	-468.75000E-03	+125.00000E-03
+5.38000E-03	+2.75000000E+00	-312.50000E-03	-187.50000E-03
+5.40000E-03	+2.68750000E+00	-468.75000E-03	-31.25000E-03
+5.42000E-03	+2.75000000E+00	-468.75000E-03	-187.50000E-03
+5.44000E-03	+2.68750000E+00	-468.75000E-03	-31.25000E-03
+5.46000E-03	+2.68750000E+00	-312.50000E-03	-31.25000E-03
+5.48000E-03	+2.62500000E+00	-468.75000E-03	-31.25000E-03
+5.50000E-03	+2.62500000E+00	-312.50000E-03	-31.25000E-03
+5.52000E-03	+2.75000000E+00	-468.75000E-03	-31.25000E-03
+5.54000E-03	+2.68750000E+00	-312.50000E-03	-31.25000E-03
+5.56000E-03	+2.62500000E+00	-312.50000E-03	-31.25000E-03
+5.58000E-03	+2.62500000E+00	-312.50000E-03	-187.50000E-03
+5.60000E-03	+2.56250000E+00	-312.50000E-03	-31.25000E-03
+5.62000E-03	+2.62500000E+00	-312.50000E-03	-31.25000E-03
+5.64000E-03	+2.56250000E+00	-312.50000E-03	-31.25000E-03
+5.66000E-03	+2.62500000E+00	-468.75000E-03	-31.25000E-03
+5.68000E-03	+2.50000000E+00	-468.75000E-03	-187.50000E-03
+5.70000E-03	+2.50000000E+00	-312.50000E-03	-31.25000E-03
+5.72000E-03	+2.50000000E+00	-156.25000E-03	-31.25000E-03
+5.74000E-03	+2.50000000E+00	-312.50000E-03	-187.50000E-03
+5.76000E-03	+2.43750000E+00	-312.50000E-03	-187.50000E-03
+5.78000E-03	+2.37500000E+00	-312.50000E-03	-31.25000E-03
+5.80000E-03	+2.43750000E+00	-312.50000E-03	-31.25000E-03
+5.82000E-03	+2.43750000E+00	-312.50000E-03	-31.25000E-03
+5.84000E-03	+2.43750000E+00	-312.50000E-03	-187.50000E-03
+5.86000E-03	+2.43750000E+00	-312.50000E-03	-31.25000E-03
+5.88000E-03	+2.50000000E+00	-468.75000E-03	-31.25000E-03
+5.90000E-03	+2.37500000E+00	-312.50000E-03	-187.50000E-03
+5.92000E-03	+2.37500000E+00	-312.50000E-03	-31.25000E-03
+5.94000E-03	+2.37500000E+00	-312.50000E-03	-187.50000E-03
+5.96000E-03	+2.31250000E+00	-156.25000E-03	-187.50000E-03
+5.98000E-03	+2.31250000E+00	-312.50000E-03	-31.25000E-03
+6.00000E-03	+2.31250000E+00	-312.50000E-03	-187.50000E-03
+6.02000E-03	+2.25000000E+00	-0.0E+00	-31.25000E-03
+6.04000E-03	+2.31250000E+00	-312.50000E-03	-187.50000E-03
+6.06000E-03	+2.25000000E+00	-312.50000E-03	-31.25000E-03
+6.08000E-03	+2.31250000E+00	-156.25000E-03	-187.50000E-03
+6.10000E-03	+2.31250000E+00	-312.50000E-03	-31.25000E-03
+6.12000E-03	+2.31250000E+00	-312.50000E-03	-31.25000E-03
+6.14000E-03	+2.25000000E+00	-312.50000E-03	-31.25000E-03
+6.16000E-03	+2.25000000E+00	-156.25000E-03	-187.50000E-03
+6.18000E-03	+2.18750000E+00	-156.25000E-03	-187.50000E-03
+6.20000E-03	+2.18750000E+00	-312.50000E-03	-187.50000E-03
+6.22000E-03	+2.18750000E+00	-156.25000E-03	-31.25000E-03
+6.24000E-03	+2.18750000E+00	-156.25000E-03	-187.50000E-03
+6.26000E-03	+2.18750000E+00	-156.25000E-03	-31.25000E-03
+6.28000E-03	+2.12500000E+00	-156.25000E-03	-343.75000E-03
+6.30000E-03	+2.12500000E+00	-156.25000E-03	-187.50000E-03
+6.32000E-03	+2.12500000E+00	-312.50000E-03	-187.50000E-03
+6.34000E-03	+2.06250000E+00	-156.25000E-03	-343.75000E-03
+6.36000E-03	+2.06250000E+00	-312.50000E-03	-187.50000E-03
+6.38000E-03	+2.12500000E+00	-156.25000E-03	-31.25000E-03
+6.40000E-03	+2.06250000E+00	-312.50000E-03	-31.25000E-03
+6.42000E-03	+2.12500000E+00	-156.25000E-03	-187.50000E-03
+6.44000E-03	+2.12500000E+00	-312.50000E-03	-187.50000E-03
+6.46000E-03	+2.06250000E+00	-156.25000E-03	-187.50000E-03
+6.48000E-03	+2.06250000E+00	-156.25000E-03	-187.50000E-03
+6.50000E-03	+2.00000000E+00	-156.25000E-03	-187.50000E-03
+6.52000E-03	+2.00000000E+00	-156.25000E-03	-31.25000E-03
+6.54000E-03	+1.93750000E+00	-156.25000E-03	-187.50000E-03
+6.56000E-03	+2.06250000E+00	-312.50000E-03	-31.25000E-03
+6.58000E-03	+2.00000000E+00	-156.25000E-03	-187.50000E-03
+6.60000E-03	+2.00000000E+00	-156.25000E-03	-343.75000E-03
+6.62000E-03	+2.00000000E+00	-156.25000E-03	-187.50000E-03
+6.64000E-03	+2.00000000E+00	-156.25000E-03	-187.50000E-03
+6.66000E-03	+2.00000000E+00	-156.25000E-03	-187.50000E-03
+6.68000E-03	+1.93750000E+00	-468.75000E-03	-187.50000E-03
+6.70000E-03	+1.93750000E+00	-156.25000E-03	-187.50000E-03
+6.72000E-03	+1.93750000E+00	-156.25000E-03	-31.25000E-03
+6.74000E-03	+1.87500000E+00	-156.25000E-03	-31.25000E-03
+6.76000E-03	+1.87500000E+00	-312.50000E-03	-31.25000E-03
+6.78000E-03	+1.93750000E+00	-156.25000E-03	-31.25000E-03
+6.80000E-03	+1.87500000E+00	-156.25000E-03	-31.25000E-03
+6.82000E-03	+1.93750000E+00	+0.0E+00	-187.50000E-03
+6.84000E-03	+1.75000000E+00	-0.0E+00	-343.75000E-03
+6.86000E-03	+1.75000000E+00	-156.25000E-03	-187.50000E-03
+6.88000E-03	+1.75000000E+00	-156.25000E-03	-31.25000E-03
+6.90000E-03	+1.81250000E+00	-156.25000E-03	-187.50000E-03
+6.92000E-03	+1.75000000E+00	-156.25000E-03	-187.50000E-03
+6.94000E-03	+1.81250000E+00	-312.50000E-03	-187.50000E-03
+6.96000E-03	+1.75000000E+00	-156.25000E-03	-187.50000E-03
+6.98000E-03	+1.68750000E+00	-156.25000E-03	-31.25000E-03
+7.00000E-03	+1.75000000E+00	-0.0E+00	-187.50000E-03
+7.02000E-03	+1.68750000E+00	-156.25000E-03	-31.25000E-03
+7.04000E-03	+1.68750000E+00	+0.0E+00	-343.75000E-03
+7.06000E-03	+1.68750000E+00	-0.0E+00	-31.25000E-03
+7.08000E-03	+1.81250000E+00	-156.25000E-03	-187.50000E-03
+7.10000E-03	+1.75000000E+00	-0.0E+00	-31.25000E-03
+7.12000E-03	+1.75000000E+00	-156.25000E-03	-187.50000E-03
+7.14000E-03	+1.68750000E+00	-156.25000E-03	-31.25000E-03
+7.16000E-03	+1.68750000E+00	+0.0E+00	-31.25000E-03
+7.18000E-03	+1.68750000E+00	-0.0E+00	-31.25000E-03
+7.20000E-03	+1.62500000E+00	-156.25000E-03	-187.50000E-03
+7.22000E-03	+1.68750000E+00	+0.0E+00	-187.50000E-03
+7.24000E-03	+1.68750000E+00	+0.0E+00	-187.50000E-03
+7.26000E-03	+1.62500000E+00	-0.0E+00	-187.50000E-03
+7.28000E-03	+1.56250000E+00	-156.25000E-03	-31.25000E-03
+7.30000E-03	+1.56250000E+00	-156.25000E-03	-31.25000E-03
+7.32000E-03	+1.62500000E+00	-0.0E+00	-187.50000E-03
+7.34000E-03	+1.62500000E+00	-156.25000E-03	-31.25000E-03
+7.36000E-03	+1.62500000E+00	-156.25000E-03	-31.25000E-03
+7.38000E-03	+1.56250000E+00	-156.25000E-03	-31.25000E-03
+7.40000E-03	+1.56250000E+00	+0.0E+00	-31.25000E-03
+7.42000E-03	+1.56250000E+00	-0.0E+00	-187.50000E-03
+7.44000E-03	+1.56250000E+00	-156.25000E-03	-31.25000E-03
+7.46000E-03	+1.56250000E+00	-156.25000E-03	-31.25000E-03
+7.48000E-03	+1.56250000E+00	+0.0E+00	-31.25000E-03
+7.50000E-03	+1.56250000E+00	-0.0E+00	-187.50000E-03
+7.52000E-03	+1.50000000E+00	-156.25000E-03	-31.25000E-03
+7.54000E-03	+1.56250000E+00	-0.0E+00	-31.25000E-03
+7.56000E-03	+1.50000000E+00	-156.25000E-03	-31.25000E-03
+7.58000E-03	+1.50000000E+00	-0.0E+00	-187.50000E-03
+7.60000E-03	+1.43750000E+00	-156.25000E-03	-31.25000E-03
+7.62000E-03	+1.50000000E+00	-156.25000E-03	-31.25000E-03
+7.64000E-03	+1.50000000E+00	+0.0E+00	-31.25000E-03
+7.66000E-03	+1.56250000E+00	+0.0E+00	-187.50000E-03
+7.68000E-03	+1.43750000E+00	-0.0E+00	+125.00000E-03
+7.70000E-03	+1.43750000E+00	-156.25000E-03	-31.25000E-03
+7.72000E-03	+1.50000000E+00	-0.0E+00	-31.25000E-03
+7.74000E-03	+1.43750000E+00	-156.25000E-03	-187.50000E-03
+7.76000E-03	+1.43750000E+00	-156.25000E-03	-31.25000E-03
+7.78000E-03	+1.37500000E+00	-0.0E+00	-31.25000E-03
+7.80000E-03	+1.31250000E+00	-156.25000E-03	-187.50000E-03
+7.82000E-03	+1.43750000E+00	-156.25000E-03	-187.50000E-03
+7.84000E-03	+1.37500000E+00	+0.0E+00	-187.50000E-03
+7.86000E-03	+1.37500000E+00	-0.0E+00	-31.25000E-03
+7.88000E-03	+1.43750000E+00	-156.25000E-03	-187.50000E-03
+7.90000E-03	+1.37500000E+00	-156.25000E-03	+125.00000E-03
+7.92000E-03	+1.37500000E+00	-156.25000E-03	-187.50000E-03
+7.94000E-03	+1.31250000E+00	+0.0E+00	-187.50000E-03
+7.96000E-03	+1.37500000E+00	-0.0E+00	-31.25000E-03
+7.98000E-03	+1.31250000E+00	-156.25000E-03	-31.25000E-03
+8.00000E-03	+1.25000000E+00	+0.0E+00	-31.25000E-03
+8.02000E-03	+1.25000000E+00	+0.0E+00	-187.50000E-03
+8.04000E-03	+1.31250000E+00	+0.0E+00	-31.25000E-03
+8.06000E-03	+1.25000000E+00	+0.0E+00	-187.50000E-03
+8.08000E-03	+1.18750000E+00	+0.0E+00	-31.25000E-03
+8.10000E-03	+1.25000000E+00	+0.0E+00	-31.25000E-03
+8.12000E-03	+1.18750000E+00	+156.25000E-03	-187.50000E-03
+8.14000E-03	+1.25000000E+00	+156.25000E-03	-31.25000E-03
+8.16000E-03	+1.31250000E+00	-156.25000E-03	-31.25000E-03
+8.18000E-03	+1.25000000E+00	-156.25000E-03	-31.25000E-03
+8.20000E-03	+1.31250000E+00	-0.0E+00	-187.50000E-03
+8.22000E-03	+1.25000000E+00	-156.25000E-03	-187.50000E-03
+8.24000E-03	+1.18750000E+00	-0.0E+00	-31.25000E-03
+8.26000E-03	+1.18750000E+00	-156.25000E-03	-31.25000E-03
+8.28000E-03	+1.12500000E+00	-156.25000E-03	-31.25000E-03
+8.30000E-03	+1.25000000E+00	-156.25000E-03	-31.25000E-03
+8.32000E-03	+1.18750000E+00	+0.0E+00	-31.25000E-03
+8.34000E-03	+1.18750000E+00	-156.25000E-03	-187.50000E-03
+8.36000E-03	+1.18750000E+00	-0.0E+00	-187.50000E-03
+8.38000E-03	+1.12500000E+00	+0.0E+00	-31.25000E-03
+8.40000E-03	+1.06250000E+00	+0.0E+00	+125.00000E-03
+8.42000E-03	+1.06250000E+00	+0.0E+00	-31.25000E-03
+8.44000E-03	+1.12500000E+00	+0.0E+00	-31.25000E-03
+8.46000E-03	+1.12500000E+00	-156.25000E-03	-31.25000E-03
+8.48000E-03	+1.18750000E+00	-0.0E+00	-31.25000E-03
+8.50000E-03	+1.18750000E+00	+0.0E+00	-31.25000E-03
+8.52000E-03	+1.12500000E+00	+0.0E+00	-31.25000E-03
+8.54000E-03	+1.12500000E+00	+0.0E+00	+125.00000E-03
+8.56000E-03	+1.12500000E+00	+0.0E+00	-31.25000E-03
+8.58000E-03	+1.12500000E+00	-156.25000E-03	-31.25000E-03
+8.60000E-03	+1.06250000E+00	-0.0E+00	-31.25000E-03
+8.62000E-03	+1.12500000E+00	-156.25000E-03	-31.25000E-03
+8.64000E-03	+1.18750000E+00	-0.0E+00	-31.25000E-03
+8.66000E-03	+1.00000000E+00	-156.25000E-03	+125.00000E-03
+8.68000E-03	+1.12500000E+00	-0.0E+00	+125.00000E-03
+8.70000E-03	+1.06250000E+00	-156.25000E-03	-187.50000E-03
+8.72000E-03	+1.12500000E+00	-0.0E+00	-31.25000E-03
+8.74000E-03	+1.00000000E+00	+156.25000E-03	-31.25000E-03
+8.76000E-03	+1.00000000E+00	+0.0E+00	-31.25000E-03
+8.78000E-03	+1.00000000E+00	+0.0E+00	-31.25000E-03
+8.80000E-03	+1.06250000E+00	+0.0E+00	-31.25000E-03
+8.82000E-03	+1.06250000E+00	+0.0E+00	-31.25000E-03
+8.84000E-03	+1.06250000E+00	-156.25000E-03	-31.25000E-03
+8.86000E-03	+1.06250000E+00	-156.25000E-03	-31.25000E-03
+8.88000E-03	+1.06250000E+00	-0.0E+00	+125.00000E-03
+8.90000E-03	+1.06250000E+00	+0.0E+00	+125.00000E-03
+8.92000E-03	+937.50000E-03	+0.0E+00	-31.25000E-03
+8.94000E-03	+937.50000E-03	+0.0E+00	-31.25000E-03
+8.96000E-03	+1.00000000E+00	+0.0E+00	-31.25000E-03
+8.98000E-03	+937.50000E-03	+0.0E+00	-31.25000E-03
+9.00000E-03	+1.00000000E+00	+0.0E+00	-31.25000E-03
+9.02000E-03	+1.00000000E+00	-156.25000E-03	-31.25000E-03
+9.04000E-03	+1.00000000E+00	-0.0E+00	-187.50000E-03
+9.06000E-03	+1.00000000E+00	-156.25000E-03	-31.25000E-03
+9.08000E-03	+875.00000E-03	-156.25000E-03	-31.25000E-03
+9.10000E-03	+937.50000E-03	-0.0E+00	+125.00000E-03
+9.12000E-03	+1.00000000E+00	+0.0E+00	-31.25000E-03
+9.14000E-03	+937.50000E-03	+0.0E+00	-31.25000E-03
+9.16000E-03	+875.00000E-03	+0.0E+00	+125.00000E-03
+9.18000E-03	+875.00000E-03	+0.0E+00	-187.50000E-03
+9.20000E-03	+937.50000E-03	+0.0E+00	-31.25000E-03
+9.22000E-03	+875.00000E-03	-156.25000E-03	-31.25000E-03
+9.24000E-03	+937.50000E-03	-0.0E+00	-31.25000E-03
+9.26000E-03	+812.50000E-03	+0.0E+00	-31.25000E-03
+9.28000E-03	+875.00000E-03	-156.25000E-03	-31.25000E-03
+9.30000E-03	+812.50000E-03	-0.0E+00	+125.00000E-03
+9.32000E-03	+812.50000E-03	+0.0E+00	+125.00000E-03
+9.34000E-03	+875.00000E-03	+0.0E+00	-187.50000E-03
+9.36000E-03	+812.50000E-03	+156.25000E-03	-187.50000E-03
+9.38000E-03	+875.00000E-03	+156.25000E-03	-31.25000E-03
+9.40000E-03	+875.00000E-03	+0.0E+00	-31.25000E-03
+9.42000E-03	+875.00000E-03	+0.0E+00	-31.25000E-03
+9.44000E-03	+875.00000E-03	+0.0E+00	+125.00000E-03
+9.46000E-03	+812.50000E-03	+156.25000E-03	+125.00000E-03
+9.48000E-03	+812.50000E-03	-156.25000E-03	+125.00000E-03
+9.50000E-03	+812.50000E-03	-0.0E+00	-31.25000E-03
+9.52000E-03	+875.00000E-03	+0.0E+00	-31.25000E-03
+9.54000E-03	+750.00000E-03	+156.25000E-03	-31.25000E-03
+9.56000E-03	+875.00000E-03	+0.0E+00	+125.00000E-03
+9.58000E-03	+812.50000E-03	+0.0E+00	-31.25000E-03
+9.60000E-03	+812.50000E-03	+0.0E+00	-31.25000E-03
+9.62000E-03	+812.50000E-03	+0.0E+00	+125.00000E-03
+9.64000E-03	+812.50000E-03	+0.0E+00	+125.00000E-03
+9.66000E-03	+812.50000E-03	+0.0E+00	+125.00000E-03
+9.68000E-03	+812.50000E-03	+0.0E+00	-31.25000E-03
+9.70000E-03	+812.50000E-03	+0.0E+00	-31.25000E-03
+9.72000E-03	+687.50000E-03	+0.0E+00	-31.25000E-03
+9.74000E-03	+812.50000E-03	+0.0E+00	-31.25000E-03
+9.76000E-03	+750.00000E-03	-156.25000E-03	-31.25000E-03
+9.78000E-03	+625.00000E-03	-0.0E+00	-31.25000E-03
+9.80000E-03	+750.00000E-03	+0.0E+00	-31.25000E-03
+9.82000E-03	+750.00000E-03	+156.25000E-03	-31.25000E-03
+9.84000E-03	+812.50000E-03	+0.0E+00	+125.00000E-03
+9.86000E-03	+812.50000E-03	+0.0E+00	-31.25000E-03
+9.88000E-03	+687.50000E-03	+0.0E+00	+281.25000E-03
+9.90000E-03	+812.50000E-03	+0.0E+00	+125.00000E-03
+9.92000E-03	+687.50000E-03	+0.0E+00	-31.25000E-03
+9.94000E-03	+687.50000E-03	+0.0E+00	-31.25000E-03
+9.96000E-03	+750.00000E-03	+0.0E+00	+125.00000E-03
+9.98000E-03	+750.00000E-03	+0.0E+00	+125.00000E-03
+10.00000E-03	+625.00000E-03	+0.0E+00	-31.25000E-03
+10.02000E-03	+687.50000E-03	+156.25000E-03	-31.25000E-03
+10.04000E-03	+625.00000E-03	+156.25000E-03	-31.25000E-03
+10.06000E-03	+687.50000E-03	+0.0E+00	+125.00000E-03
+10.08000E-03	+687.50000E-03	+0.0E+00	-31.25000E-03
+10.10000E-03	+750.00000E-03	+0.0E+00	-31.25000E-03
+10.12000E-03	+687.50000E-03	+0.0E+00	+125.00000E-03
+10.14000E-03	+687.50000E-03	+0.0E+00	-31.25000E-03
+10.16000E-03	+687.50000E-03	+0.0E+00	-31.25000E-03
+10.18000E-03	+687.50000E-03	+156.25000E-03	+125.00000E-03
+10.20000E-03	+562.50000E-03	+0.0E+00	+125.00000E-03
+10.22000E-03	+625.00000E-03	-156.25000E-03	+125.00000E-03
+10.24000E-03	+625.00000E-03	-0.0E+00	-31.25000E-03
+10.26000E-03	+625.00000E-03	+0.0E+00	-187.50000E-03
+10.28000E-03	+625.00000E-03	+0.0E+00	+125.00000E-03
+10.30000E-03	+625.00000E-03	+0.0E+00	+125.00000E-03
+10.32000E-03	+625.00000E-03	+0.0E+00	+125.00000E-03
+10.34000E-03	+625.00000E-03	+156.25000E-03	+125.00000E-03
+10.36000E-03	+562.50000E-03	+156.25000E-03	+125.00000E-03
+10.38000E-03	+625.00000E-03	+0.0E+00	+125.00000E-03
+10.40000E-03	+625.00000E-03	+156.25000E-03	-31.25000E-03
+10.42000E-03	+562.50000E-03	+0.0E+00	+125.00000E-03
+10.44000E-03	+562.50000E-03	+0.0E+00	+125.00000E-03
+10.46000E-03	+562.50000E-03	+156.25000E-03	+125.00000E-03
+10.48000E-03	+562.50000E-03	-156.25000E-03	+125.00000E-03
+10.50000E-03	+562.50000E-03	-0.0E+00	-31.25000E-03
+10.52000E-03	+562.50000E-03	+0.0E+00	+125.00000E-03
+10.54000E-03	+500.00000E-03	+0.0E+00	-31.25000E-03
+10.56000E-03	+562.50000E-03	+0.0E+00	-31.25000E-03
+10.58000E-03	+562.50000E-03	+156.25000E-03	-31.25000E-03
+10.60000E-03	+625.00000E-03	+0.0E+00	-31.25000E-03
+10.62000E-03	+500.00000E-03	+0.0E+00	+125.00000E-03
+10.64000E-03	+562.50000E-03	+0.0E+00	-187.50000E-03
+10.66000E-03	+562.50000E-03	-156.25000E-03	-31.25000E-03
+10.68000E-03	+562.50000E-03	-0.0E+00	-31.25000E-03
+10.70000E-03	+562.50000E-03	+0.0E+00	+125.00000E-03
+10.72000E-03	+625.00000E-03	+0.0E+00	-31.25000E-03
+10.74000E-03	+562.50000E-03	+156.25000E-03	+125.00000E-03
+10.76000E-03	+500.00000E-03	+156.25000E-03	+125.00000E-03
+10.78000E-03	+500.00000E-03	+0.0E+00	-31.25000E-03
+10.80000E-03	+562.50000E-03	-156.25000E-03	-31.25000E-03
+10.82000E-03	+500.00000E-03	-156.25000E-03	-31.25000E-03
+10.84000E-03	+562.50000E-03	-0.0E+00	+125.00000E-03
+10.86000E-03	+500.00000E-03	+156.25000E-03	+125.00000E-03
+10.88000E-03	+562.50000E-03	+156.25000E-03	-187.50000E-03
+10.90000E-03	+437.50000E-03	+0.0E+00	+125.00000E-03
+10.92000E-03	+562.50000E-03	+0.0E+00	+125.00000E-03
+10.94000E-03	+562.50000E-03	+0.0E+00	-31.25000E-03
+10.96000E-03	+500.00000E-03	-156.25000E-03	-31.25000E-03
+10.98000E-03	+500.00000E-03	-0.0E+00	+125.00000E-03
+11.00000E-03	+500.00000E-03	+156.25000E-03	+125.00000E-03
+11.02000E-03	+562.50000E-03	+0.0E+00	-31.25000E-03
+11.04000E-03	+500.00000E-03	+0.0E+00	+125.00000E-03
+11.06000E-03	+500.00000E-03	+0.0E+00	-31.25000E-03
+11.08000E-03	+437.50000E-03	+156.25000E-03	+125.00000E-03
+11.10000E-03	+437.50000E-03	+156.25000E-03	+125.00000E-03
+11.12000E-03	+562.50000E-03	-156.25000E-03	-31.25000E-03
+11.14000E-03	+500.00000E-03	-0.0E+00	+125.00000E-03
+11.16000E-03	+500.00000E-03	+0.0E+00	-31.25000E-03
+11.18000E-03	+500.00000E-03	+156.25000E-03	+125.00000E-03
+11.20000E-03	+375.00000E-03	-156.25000E-03	+125.00000E-03
+11.22000E-03	+500.00000E-03	-0.0E+00	-31.25000E-03
+11.24000E-03	+500.00000E-03	-156.25000E-03	+125.00000E-03
+11.26000E-03	+500.00000E-03	-0.0E+00	+125.00000E-03
+11.28000E-03	+375.00000E-03	+0.0E+00	-31.25000E-03
+11.30000E-03	+562.50000E-03	+0.0E+00	-31.25000E-03
+11.32000E-03	+500.00000E-03	+0.0E+00	+125.00000E-03
+11.34000E-03	+437.50000E-03	+156.25000E-03	-31.25000E-03
+11.36000E-03	+500.00000E-03	+0.0E+00	+125.00000E-03
+11.38000E-03	+437.50000E-03	+0.0E+00	+125.00000E-03
+11.40000E-03	+437.50000E-03	+0.0E+00	+125.00000E-03
+11.42000E-03	+500.00000E-03	+0.0E+00	+125.00000E-03
+11.44000E-03	+437.50000E-03	+0.0E+00	+125.00000E-03
+11.46000E-03	+500.00000E-03	-156.25000E-03	+125.00000E-03
+11.48000E-03	+375.00000E-03	-0.0E+00	+125.00000E-03
+11.50000E-03	+437.50000E-03	+0.0E+00	-31.25000E-03
+11.52000E-03	+500.00000E-03	+0.0E+00	-31.25000E-03
+11.54000E-03	+437.50000E-03	+156.25000E-03	+125.00000E-03
+11.56000E-03	+500.00000E-03	-156.25000E-03	+125.00000E-03
+11.58000E-03	+437.50000E-03	+156.25000E-03	-31.25000E-03
+11.60000E-03	+375.00000E-03	+0.0E+00	-31.25000E-03
+11.62000E-03	+562.50000E-03	+0.0E+00	+125.00000E-03
+11.64000E-03	+437.50000E-03	+156.25000E-03	+125.00000E-03
+11.66000E-03	+437.50000E-03	+0.0E+00	+125.00000E-03
+11.68000E-03	+375.00000E-03	+0.0E+00	+125.00000E-03
+11.70000E-03	+500.00000E-03	+0.0E+00	-31.25000E-03
+11.72000E-03	+375.00000E-03	+156.25000E-03	+125.00000E-03
+11.74000E-03	+312.50000E-03	+0.0E+00	+125.00000E-03
+11.76000E-03	+437.50000E-03	+0.0E+00	+125.00000E-03
+11.78000E-03	+375.00000E-03	+0.0E+00	-31.25000E-03
+11.80000E-03	+437.50000E-03	-156.25000E-03	-31.25000E-03
+11.82000E-03	+437.50000E-03	-0.0E+00	-31.25000E-03
+11.84000E-03	+375.00000E-03	+156.25000E-03	-31.25000E-03
+11.86000E-03	+375.00000E-03	-156.25000E-03	+125.00000E-03
+11.88000E-03	+375.00000E-03	-0.0E+00	+125.00000E-03
+11.90000E-03	+375.00000E-03	+156.25000E-03	+125.00000E-03
+11.92000E-03	+437.50000E-03	+0.0E+00	+125.00000E-03
+11.94000E-03	+437.50000E-03	+0.0E+00	-31.25000E-03
+11.96000E-03	+375.00000E-03	-156.25000E-03	+281.25000E-03
+11.98000E-03	+375.00000E-03	-0.0E+00	-31.25000E-03
+12.00000E-03	+312.50000E-03	+0.0E+00	-31.25000E-03
+12.02000E-03	+375.00000E-03	+0.0E+00	+125.00000E-03
+12.04000E-03	+375.00000E-03	+0.0E+00	+125.00000E-03
+12.06000E-03	+312.50000E-03	+0.0E+00	-31.25000E-03
+12.08000E-03	+375.00000E-03	+0.0E+00	+125.00000E-03
+12.10000E-03	+437.50000E-03	+156.25000E-03	+125.00000E-03
+12.12000E-03	+312.50000E-03	+0.0E+00	-31.25000E-03
+12.14000E-03	+375.00000E-03	+0.0E+00	-31.25000E-03
+12.16000E-03	+375.00000E-03	+0.0E+00	-31.25000E-03
+12.18000E-03	+437.50000E-03	+156.25000E-03	+125.00000E-03
+12.20000E-03	+375.00000E-03	+0.0E+00	+125.00000E-03
+12.22000E-03	+375.00000E-03	-156.25000E-03	-31.25000E-03
+12.24000E-03	+312.50000E-03	-0.0E+00	-31.25000E-03
+12.26000E-03	+375.00000E-03	-156.25000E-03	-31.25000E-03
+12.28000E-03	+437.50000E-03	-0.0E+00	-31.25000E-03
+12.30000E-03	+500.00000E-03	+0.0E+00	+125.00000E-03
+12.32000E-03	+375.00000E-03	+0.0E+00	+125.00000E-03
+12.34000E-03	+375.00000E-03	+156.25000E-03	-187.50000E-03
+12.36000E-03	+375.00000E-03	+0.0E+00	+125.00000E-03
+12.38000E-03	+375.00000E-03	+0.0E+00	+125.00000E-03
+12.40000E-03	+375.00000E-03	+0.0E+00	+125.00000E-03
+12.42000E-03	+312.50000E-03	+0.0E+00	+125.00000E-03
+12.44000E-03	+250.00000E-03	+0.0E+00	+125.00000E-03
+12.46000E-03	+312.50000E-03	+0.0E+00	+125.00000E-03
+12.48000E-03	+375.00000E-03	+0.0E+00	-31.25000E-03
+12.50000E-03	+375.00000E-03	+0.0E+00	-31.25000E-03
+12.52000E-03	+312.50000E-03	+0.0E+00	+125.00000E-03
+12.54000E-03	+375.00000E-03	+0.0E+00	-31.25000E-03
+12.56000E-03	+312.50000E-03	+0.0E+00	+125.00000E-03
+12.58000E-03	+375.00000E-03	+0.0E+00	-31.25000E-03
+12.60000E-03	+375.00000E-03	+0.0E+00	+125.00000E-03
+12.62000E-03	+375.00000E-03	+0.0E+00	-187.50000E-03
+12.64000E-03	+312.50000E-03	+156.25000E-03	+125.00000E-03
+12.66000E-03	+312.50000E-03	+0.0E+00	-31.25000E-03
+12.68000E-03	+312.50000E-03	+0.0E+00	+125.00000E-03
+12.70000E-03	+375.00000E-03	-156.25000E-03	+125.00000E-03
+12.72000E-03	+312.50000E-03	-0.0E+00	+125.00000E-03
+12.74000E-03	+312.50000E-03	+0.0E+00	-31.25000E-03
+12.76000E-03	+375.00000E-03	+0.0E+00	+125.00000E-03
+12.78000E-03	+312.50000E-03	+0.0E+00	-31.25000E-03
+12.80000E-03	+312.50000E-03	+0.0E+00	-31.25000E-03
+12.82000E-03	+375.00000E-03	-156.25000E-03	+125.00000E-03
+12.84000E-03	+312.50000E-03	-0.0E+00	+125.00000E-03
+12.86000E-03	+312.50000E-03	+0.0E+00	+125.00000E-03
+12.88000E-03	+312.50000E-03	+156.25000E-03	+125.00000E-03
+12.90000E-03	+375.00000E-03	+0.0E+00	-31.25000E-03
+12.92000E-03	+375.00000E-03	-156.25000E-03	-31.25000E-03
+12.94000E-03	+250.00000E-03	+156.25000E-03	-31.25000E-03
+12.96000E-03	+312.50000E-03	+0.0E+00	+281.25000E-03
+12.98000E-03	+312.50000E-03	+0.0E+00	+125.00000E-03
+13.00000E-03	+250.00000E-03	+0.0E+00	+125.00000E-03
+13.02000E-03	+312.50000E-03	+0.0E+00	-31.25000E-03
+13.04000E-03	+375.00000E-03	+0.0E+00	+125.00000E-03
+13.06000E-03	+312.50000E-03	-156.25000E-03	-31.25000E-03
+13.08000E-03	+250.00000E-03	-0.0E+00	+125.00000E-03
+13.10000E-03	+312.50000E-03	+0.0E+00	+125.00000E-03
+13.12000E-03	+250.00000E-03	+0.0E+00	+125.00000E-03
+13.14000E-03	+312.50000E-03	-156.25000E-03	-31.25000E-03
+13.16000E-03	+250.00000E-03	-156.25000E-03	+125.00000E-03
+13.18000E-03	+250.00000E-03	+156.25000E-03	-31.25000E-03
+13.20000E-03	+250.00000E-03	+0.0E+00	-31.25000E-03
+13.22000E-03	+312.50000E-03	+0.0E+00	-187.50000E-03
+13.24000E-03	+312.50000E-03	-156.25000E-03	+125.00000E-03
+13.26000E-03	+312.50000E-03	-0.0E+00	+125.00000E-03
+13.28000E-03	+250.00000E-03	-156.25000E-03	+125.00000E-03
+13.30000E-03	+312.50000E-03	-156.25000E-03	+125.00000E-03
+13.32000E-03	+312.50000E-03	-0.0E+00	+125.00000E-03
+13.34000E-03	+250.00000E-03	+0.0E+00	+125.00000E-03
+13.36000E-03	+312.50000E-03	+0.0E+00	+125.00000E-03
+13.38000E-03	+312.50000E-03	+0.0E+00	+281.25000E-03
+13.40000E-03	+312.50000E-03	+0.0E+00	-31.25000E-03
+13.42000E-03	+312.50000E-03	-156.25000E-03	+125.00000E-03
+13.44000E-03	+375.00000E-03	+156.25000E-03	+125.00000E-03
+13.46000E-03	+187.50000E-03	+0.0E+00	+125.00000E-03
+13.48000E-03	+312.50000E-03	+0.0E+00	-31.25000E-03
+13.50000E-03	+312.50000E-03	+156.25000E-03	-31.25000E-03
+13.52000E-03	+312.50000E-03	+0.0E+00	+125.00000E-03
+13.54000E-03	+312.50000E-03	+0.0E+00	+125.00000E-03
+13.56000E-03	+312.50000E-03	+0.0E+00	+125.00000E-03
+13.58000E-03	+250.00000E-03	+0.0E+00	+125.00000E-03
+13.60000E-03	+312.50000E-03	+0.0E+00	+125.00000E-03
+13.62000E-03	+250.00000E-03	+0.0E+00	+281.25000E-03
+13.64000E-03	+250.00000E-03	+156.25000E-03	-31.25000E-03
+13.66000E-03	+312.50000E-03	+156.25000E-03	-31.25000E-03
+13.68000E-03	+312.50000E-03	+156.25000E-03	+125.00000E-03
+13.70000E-03	+250.00000E-03	+0.0E+00	-31.25000E-03
+13.72000E-03	+250.00000E-03	-156.25000E-03	+125.00000E-03
+13.74000E-03	+312.50000E-03	-0.0E+00	+125.00000E-03
+13.76000E-03	+312.50000E-03	+0.0E+00	+125.00000E-03
+13.78000E-03	+312.50000E-03	-156.25000E-03	-31.25000E-03
+13.80000E-03	+250.00000E-03	-0.0E+00	+125.00000E-03
+13.82000E-03	+312.50000E-03	+0.0E+00	-187.50000E-03
+13.84000E-03	+250.00000E-03	+0.0E+00	+125.00000E-03
+13.86000E-03	+250.00000E-03	-156.25000E-03	+125.00000E-03
+13.88000E-03	+312.50000E-03	-0.0E+00	+125.00000E-03
+13.90000E-03	+250.00000E-03	+0.0E+00	-31.25000E-03
+13.92000E-03	+312.50000E-03	+0.0E+00	+125.00000E-03
+13.94000E-03	+312.50000E-03	+156.25000E-03	+125.00000E-03
+13.96000E-03	+250.00000E-03	+0.0E+00	+125.00000E-03
+13.98000E-03	+312.50000E-03	+0.0E+00	-31.25000E-03
+14.00000E-03	+312.50000E-03	+156.25000E-03	-31.25000E-03
+14.02000E-03	+312.50000E-03	-156.25000E-03	+125.00000E-03
+14.04000E-03	+375.00000E-03	-0.0E+00	+125.00000E-03
+14.06000E-03	+250.00000E-03	+0.0E+00	+125.00000E-03
+14.08000E-03	+125.00000E-03	+0.0E+00	+125.00000E-03
+14.10000E-03	+250.00000E-03	+0.0E+00	-31.25000E-03
+14.12000E-03	+312.50000E-03	+0.0E+00	-31.25000E-03
+14.14000E-03	+250.00000E-03	+0.0E+00	+281.25000E-03
+14.16000E-03	+250.00000E-03	+0.0E+00	+125.00000E-03
+14.18000E-03	+312.50000E-03	+0.0E+00	-31.25000E-03
+14.20000E-03	+312.50000E-03	+0.0E+00	+125.00000E-03
+14.22000E-03	+312.50000E-03	+0.0E+00	+125.00000E-03
+14.24000E-03	+312.50000E-03	+0.0E+00	-31.25000E-03
+14.26000E-03	+250.00000E-03	+156.25000E-03	+125.00000E-03
+14.28000E-03	+250.00000E-03	+0.0E+00	+125.00000E-03
+14.30000E-03	+250.00000E-03	-156.25000E-03	-31.25000E-03
+14.32000E-03	+312.50000E-03	-156.25000E-03	+125.00000E-03
+14.34000E-03	+312.50000E-03	-0.0E+00	+281.25000E-03
+14.36000E-03	+312.50000E-03	+0.0E+00	+125.00000E-03
+14.38000E-03	+312.50000E-03	+0.0E+00	+125.00000E-03
+14.40000E-03	+250.00000E-03	+0.0E+00	-31.25000E-03
+14.42000E-03	+250.00000E-03	+0.0E+00	+125.00000E-03
+14.44000E-03	+312.50000E-03	+0.0E+00	+281.25000E-03
+14.46000E-03	+312.50000E-03	+0.0E+00	+125.00000E-03
+14.48000E-03	+312.50000E-03	+0.0E+00	-31.25000E-03
+14.50000E-03	+250.00000E-03	+0.0E+00	-31.25000E-03
+14.52000E-03	+312.50000E-03	+0.0E+00	+125.00000E-03
+14.54000E-03	+250.00000E-03	+0.0E+00	-31.25000E-03
+14.56000E-03	+187.50000E-03	-156.25000E-03	+125.00000E-03
+14.58000E-03	+250.00000E-03	-156.25000E-03	+125.00000E-03
+14.60000E-03	+250.00000E-03	-156.25000E-03	+125.00000E-03
+14.62000E-03	+312.50000E-03	-0.0E+00	+125.00000E-03
+14.64000E-03	+312.50000E-03	+0.0E+00	+125.00000E-03
+14.66000E-03	+250.00000E-03	-156.25000E-03	+125.00000E-03
+14.68000E-03	+250.00000E-03	-156.25000E-03	+125.00000E-03
+14.70000E-03	+187.50000E-03	-0.0E+00	+125.00000E-03
+14.72000E-03	+312.50000E-03	-156.25000E-03	+125.00000E-03
+14.74000E-03	+250.00000E-03	-0.0E+00	+125.00000E-03
+14.76000E-03	+312.50000E-03	+0.0E+00	+125.00000E-03
+14.78000E-03	+187.50000E-03	+0.0E+00	+125.00000E-03
+14.80000E-03	+250.00000E-03	+156.25000E-03	+125.00000E-03
+14.82000E-03	+250.00000E-03	+0.0E+00	+281.25000E-03
+14.84000E-03	+312.50000E-03	+0.0E+00	+125.00000E-03
+14.86000E-03	+312.50000E-03	+0.0E+00	-31.25000E-03
+14.88000E-03	+250.00000E-03	+0.0E+00	+125.00000E-03
+14.90000E-03	+250.00000E-03	+0.0E+00	+281.25000E-03
+14.92000E-03	+375.00000E-03	+0.0E+00	+125.00000E-03
+14.94000E-03	+250.00000E-03	+0.0E+00	+125.00000E-03
+14.96000E-03	+312.50000E-03	+0.0E+00	-31.25000E-03
+14.98000E-03	+312.50000E-03	-156.25000E-03	+125.00000E-03
+15.00000E-03	+250.00000E-03	+156.25000E-03	+125.00000E-03
+15.02000E-03	+250.00000E-03	+0.0E+00	+125.00000E-03
+15.04000E-03	+312.50000E-03	-156.25000E-03	-31.25000E-03
+15.06000E-03	+375.00000E-03	-0.0E+00	+125.00000E-03
+15.08000E-03	+250.00000E-03	+0.0E+00	+125.00000E-03
+15.10000E-03	+250.00000E-03	-156.25000E-03	+125.00000E-03
+15.12000E-03	+250.00000E-03	-0.0E+00	+125.00000E-03
+15.14000E-03	+312.50000E-03	-156.25000E-03	+125.00000E-03
+15.16000E-03	+312.50000E-03	-0.0E+00	+281.25000E-03
+15.18000E-03	+250.00000E-03	+0.0E+00	+125.00000E-03
+15.20000E-03	+250.00000E-03	+0.0E+00	+281.25000E-03
+15.22000E-03	+312.50000E-03	+0.0E+00	+125.00000E-03
+15.24000E-03	+312.50000E-03	+0.0E+00	+125.00000E-03
+15.26000E-03	+250.00000E-03	+0.0E+00	-31.25000E-03
+15.28000E-03	+250.00000E-03	-156.25000E-03	+125.00000E-03
+15.30000E-03	+250.00000E-03	-156.25000E-03	+125.00000E-03
+15.32000E-03	+312.50000E-03	-0.0E+00	+125.00000E-03
+15.34000E-03	+250.00000E-03	+0.0E+00	+281.25000E-03
+15.36000E-03	+250.00000E-03	-156.25000E-03	+125.00000E-03
+15.38000E-03	+312.50000E-03	-0.0E+00	+125.00000E-03
+15.40000E-03	+312.50000E-03	+0.0E+00	+281.25000E-03
+15.42000E-03	+312.50000E-03	-156.25000E-03	+125.00000E-03
+15.44000E-03	+312.50000E-03	-0.0E+00	-31.25000E-03
+15.46000E-03	+312.50000E-03	+0.0E+00	+125.00000E-03
+15.48000E-03	+312.50000E-03	+0.0E+00	+125.00000E-03
+15.50000E-03	+312.50000E-03	+156.25000E-03	-31.25000E-03
+15.52000E-03	+250.00000E-03	+0.0E+00	+125.00000E-03
+15.54000E-03	+375.00000E-03	+156.25000E-03	-31.25000E-03
+15.56000E-03	+250.00000E-03	+156.25000E-03	+125.00000E-03
+15.58000E-03	+250.00000E-03	+0.0E+00	+125.00000E-03
+15.60000E-03	+312.50000E-03	+0.0E+00	+125.00000E-03
+15.62000E-03	+375.00000E-03	+0.0E+00	+125.00000E-03
+15.64000E-03	+312.50000E-03	+0.0E+00	-31.25000E-03
+15.66000E-03	+187.50000E-03	+156.25000E-03	+125.00000E-03
+15.68000E-03	+312.50000E-03	-156.25000E-03	+125.00000E-03
+15.70000E-03	+312.50000E-03	-0.0E+00	+125.00000E-03
+15.72000E-03	+312.50000E-03	-156.25000E-03	+125.00000E-03
+15.74000E-03	+312.50000E-03	-0.0E+00	+281.25000E-03
+15.76000E-03	+250.00000E-03	-156.25000E-03	+125.00000E-03
+15.78000E-03	+312.50000E-03	-156.25000E-03	+125.00000E-03
+15.80000E-03	+312.50000E-03	-0.0E+00	+125.00000E-03
+15.82000E-03	+250.00000E-03	+0.0E+00	+125.00000E-03
+15.84000E-03	+312.50000E-03	+0.0E+00	-31.25000E-03
+15.86000E-03	+312.50000E-03	-156.25000E-03	+125.00000E-03
+15.88000E-03	+250.00000E-03	-0.0E+00	+281.25000E-03
+15.90000E-03	+250.00000E-03	-156.25000E-03	+125.00000E-03
+15.92000E-03	+312.50000E-03	-0.0E+00	-31.25000E-03
+15.94000E-03	+250.00000E-03	+0.0E+00	+281.25000E-03
+15.96000E-03	+187.50000E-03	-156.25000E-03	+125.00000E-03
+15.98000E-03	+312.50000E-03	-0.0E+00	+281.25000E-03
+16.00000E-03	+250.00000E-03	+0.0E+00	+125.00000E-03
+16.02000E-03	+250.00000E-03	+0.0E+00	-31.25000E-03
+16.04000E-03	+375.00000E-03	+0.0E+00	+125.00000E-03
+16.06000E-03	+250.00000E-03	+0.0E+00	+125.00000E-03
+16.08000E-03	+250.00000E-03	+0.0E+00	+125.00000E-03
+16.10000E-03	+250.00000E-03	+0.0E+00	+125.00000E-03
+16.12000E-03	+187.50000E-03	-156.25000E-03	+125.00000E-03
+16.14000E-03	+250.00000E-03	-0.0E+00	+125.00000E-03
+16.16000E-03	+312.50000E-03	+0.0E+00	+125.00000E-03
+16.18000E-03	+250.00000E-03	-156.25000E-03	+125.00000E-03
+16.20000E-03	+312.50000E-03	-156.25000E-03	-31.25000E-03
+16.22000E-03	+250.00000E-03	-0.0E+00	+125.00000E-03
+16.24000E-03	+312.50000E-03	+0.0E+00	+281.25000E-03
+16.26000E-03	+250.00000E-03	+0.0E+00	-31.25000E-03
+16.28000E-03	+312.50000E-03	+0.0E+00	+125.00000E-03
+16.30000E-03	+312.50000E-03	-156.25000E-03	+125.00000E-03
+16.32000E-03	+250.00000E-03	-0.0E+00	+281.25000E-03
+16.34000E-03	+312.50000E-03	+0.0E+00	+125.00000E-03
+16.36000E-03	+187.50000E-03	-156.25000E-03	+281.25000E-03
+16.38000E-03	+375.00000E-03	-0.0E+00	+125.00000E-03
+16.40000E-03	+375.00000E-03	+0.0E+00	+125.00000E-03
+16.42000E-03	+312.50000E-03	+0.0E+00	-31.25000E-03
+16.44000E-03	+312.50000E-03	+156.25000E-03	+125.00000E-03
+16.46000E-03	+250.00000E-03	+0.0E+00	+125.00000E-03
+16.48000E-03	+312.50000E-03	+0.0E+00	+125.00000E-03
+16.50000E-03	+187.50000E-03	-156.25000E-03	+125.00000E-03
+16.52000E-03	+312.50000E-03	-156.25000E-03	+125.00000E-03
+16.54000E-03	+187.50000E-03	-156.25000E-03	+125.00000E-03
+16.56000E-03	+250.00000E-03	-156.25000E-03	-31.25000E-03
+16.58000E-03	+187.50000E-03	-0.0E+00	+125.00000E-03
+16.60000E-03	+312.50000E-03	+0.0E+00	+125.00000E-03
+16.62000E-03	+250.00000E-03	-156.25000E-03	+125.00000E-03
+16.64000E-03	+312.50000E-03	-0.0E+00	+125.00000E-03
+16.66000E-03	+250.00000E-03	+0.0E+00	-31.25000E-03
+16.68000E-03	+250.00000E-03	-156.25000E-03	+125.00000E-03
+16.70000E-03	+312.50000E-03	-156.25000E-03	-187.50000E-03
+16.72000E-03	+250.00000E-03	-0.0E+00	+125.00000E-03
+16.74000E-03	+312.50000E-03	+156.25000E-03	+125.00000E-03
+16.76000E-03	+250.00000E-03	-156.25000E-03	+125.00000E-03
+16.78000E-03	+375.00000E-03	-0.0E+00	+281.25000E-03
+16.80000E-03	+187.50000E-03	+0.0E+00	-31.25000E-03
+16.82000E-03	+375.00000E-03	+0.0E+00	+281.25000E-03
+16.84000E-03	+250.00000E-03	+0.0E+00	+125.00000E-03
+16.86000E-03	+312.50000E-03	+0.0E+00	+125.00000E-03
+16.88000E-03	+312.50000E-03	+0.0E+00	+125.00000E-03
+16.90000E-03	+312.50000E-03	+0.0E+00	+125.00000E-03
+16.92000E-03	+312.50000E-03	+0.0E+00	+125.00000E-03
+16.94000E-03	+250.00000E-03	-156.25000E-03	+125.00000E-03
+16.96000E-03	+312.50000E-03	-312.50000E-03	-31.25000E-03
+16.98000E-03	+312.50000E-03	-0.0E+00	+125.00000E-03
+17.00000E-03	+312.50000E-03	+0.0E+00	+125.00000E-03
+17.02000E-03	+312.50000E-03	+0.0E+00	+125.00000E-03
+17.04000E-03	+250.00000E-03	+0.0E+00	-31.25000E-03
+17.06000E-03	+250.00000E-03	+0.0E+00	+125.00000E-03
+17.08000E-03	+312.50000E-03	-156.25000E-03	-31.25000E-03
+17.10000E-03	+312.50000E-03	-156.25000E-03	+125.00000E-03
+17.12000E-03	+187.50000E-03	+156.25000E-03	+125.00000E-03
+17.14000E-03	+250.00000E-03	-156.25000E-03	+125.00000E-03
+17.16000E-03	+312.50000E-03	-156.25000E-03	+125.00000E-03
+17.18000E-03	+375.00000E-03	-0.0E+00	+125.00000E-03
+17.20000E-03	+312.50000E-03	+0.0E+00	+125.00000E-03
+17.22000E-03	+250.00000E-03	-156.25000E-03	+125.00000E-03
+17.24000E-03	+250.00000E-03	-156.25000E-03	+125.00000E-03
+17.26000E-03	+187.50000E-03	-156.25000E-03	+125.00000E-03
+17.28000E-03	+312.50000E-03	+156.25000E-03	+281.25000E-03
+17.30000E-03	+250.00000E-03	+0.0E+00	+125.00000E-03
+17.32000E-03	+250.00000E-03	+0.0E+00	-31.25000E-03
+17.34000E-03	+250.00000E-03	+0.0E+00	+125.00000E-03
+17.36000E-03	+312.50000E-03	+0.0E+00	-31.25000E-03
+17.38000E-03	+312.50000E-03	-156.25000E-03	-31.25000E-03
+17.40000E-03	+312.50000E-03	-156.25000E-03	+125.00000E-03
+17.42000E-03	+312.50000E-03	-156.25000E-03	+125.00000E-03
+17.44000E-03	+250.00000E-03	-156.25000E-03	+125.00000E-03
+17.46000E-03	+250.00000E-03	-0.0E+00	-31.25000E-03
+17.48000E-03	+312.50000E-03	-156.25000E-03	+125.00000E-03
+17.50000E-03	+250.00000E-03	+156.25000E-03	+125.00000E-03
+17.52000E-03	+250.00000E-03	+0.0E+00	-31.25000E-03
+17.54000E-03	+312.50000E-03	-156.25000E-03	+125.00000E-03
+17.56000E-03	+312.50000E-03	+156.25000E-03	+125.00000E-03
+17.58000E-03	+312.50000E-03	+0.0E+00	+125.00000E-03
+17.60000E-03	+250.00000E-03	+0.0E+00	+125.00000E-03
+17.62000E-03	+250.00000E-03	-156.25000E-03	-31.25000E-03
+17.64000E-03	+250.00000E-03	-156.25000E-03	+125.00000E-03
+17.66000E-03	+312.50000E-03	-156.25000E-03	+281.25000E-03
+17.68000E-03	+375.00000E-03	-0.0E+00	+125.00000E-03
+17.70000E-03	+312.50000E-03	+0.0E+00	-31.25000E-03
+17.72000E-03	+312.50000E-03	-156.25000E-03	+125.00000E-03
+17.74000E-03	+375.00000E-03	-0.0E+00	+125.00000E-03
+17.76000E-03	+312.50000E-03	-156.25000E-03	-31.25000E-03
+17.78000E-03	+312.50000E-03	-156.25000E-03	+125.00000E-03
+17.80000E-03	+250.00000E-03	-0.0E+00	+125.00000E-03
+17.82000E-03	+312.50000E-03	+0.0E+00	+281.25000E-03
+17.84000E-03	+250.00000E-03	+0.0E+00	-31.25000E-03
+17.86000E-03	+187.50000E-03	-156.25000E-03	-31.25000E-03
+17.88000E-03	+312.50000E-03	-156.25000E-03	+125.00000E-03
+17.90000E-03	+250.00000E-03	-0.0E+00	-31.25000E-03
+17.92000E-03	+312.50000E-03	+0.0E+00	+125.00000E-03
+17.94000E-03	+312.50000E-03	-156.25000E-03	-31.25000E-03
+17.96000E-03	+312.50000E-03	-0.0E+00	+125.00000E-03
+17.98000E-03	+187.50000E-03	-156.25000E-03	+281.25000E-03
+18.00000E-03	+187.50000E-03	-0.0E+00	+125.00000E-03
+18.02000E-03	+312.50000E-03	+0.0E+00	+125.00000E-03
+18.04000E-03	+312.50000E-03	-156.25000E-03	+125.00000E-03
+18.06000E-03	+312.50000E-03	-0.0E+00	+125.00000E-03
+18.08000E-03	+312.50000E-03	+0.0E+00	+125.00000E-03
+18.10000E-03	+375.00000E-03	+0.0E+00	+125.00000E-03
+18.12000E-03	+312.50000E-03	-156.25000E-03	+281.25000E-03
+18.14000E-03	+312.50000E-03	-0.0E+00	+281.25000E-03
+18.16000E-03	+250.00000E-03	+0.0E+00	+125.00000E-03
+18.18000E-03	+250.00000E-03	-156.25000E-03	+125.00000E-03
+18.20000E-03	+312.50000E-03	-156.25000E-03	+125.00000E-03
+18.22000E-03	+312.50000E-03	-156.25000E-03	+125.00000E-03
+18.24000E-03	+312.50000E-03	-0.0E+00	+125.00000E-03
+18.26000E-03	+250.00000E-03	+0.0E+00	+125.00000E-03
+18.28000E-03	+250.00000E-03	+156.25000E-03	-31.25000E-03
+18.30000E-03	+312.50000E-03	+0.0E+00	+125.00000E-03
+18.32000E-03	+250.00000E-03	-156.25000E-03	+125.00000E-03
+18.34000E-03	+312.50000E-03	-0.0E+00	+125.00000E-03
+18.36000E-03	+187.50000E-03	+0.0E+00	+125.00000E-03
+18.38000E-03	+312.50000E-03	+0.0E+00	-31.25000E-03
+18.40000E-03	+312.50000E-03	+0.0E+00	+125.00000E-03
+18.42000E-03	+312.50000E-03	-156.25000E-03	+125.00000E-03
+18.44000E-03	+250.00000E-03	-0.0E+00	+125.00000E-03
+18.46000E-03	+312.50000E-03	+0.0E+00	+125.00000E-03
+18.48000E-03	+187.50000E-03	-156.25000E-03	-31.25000E-03
+18.50000E-03	+375.00000E-03	-156.25000E-03	+125.00000E-03
+18.52000E-03	+312.50000E-03	-0.0E+00	+281.25000E-03
+18.54000E-03	+250.00000E-03	+0.0E+00	+125.00000E-03
+18.56000E-03	+250.00000E-03	-156.25000E-03	+125.00000E-03
+18.58000E-03	+312.50000E-03	-0.0E+00	-187.50000E-03
+18.60000E-03	+250.00000E-03	-156.25000E-03	+125.00000E-03
+18.62000E-03	+312.50000E-03	-0.0E+00	+125.00000E-03
+18.64000E-03	+312.50000E-03	-156.25000E-03	-31.25000E-03
+18.66000E-03	+250.00000E-03	-0.0E+00	+281.25000E-03
+18.68000E-03	+250.00000E-03	+0.0E+00	+125.00000E-03
+18.70000E-03	+250.00000E-03	+0.0E+00	+125.00000E-03
+18.72000E-03	+312.50000E-03	-156.25000E-03	+125.00000E-03
+18.74000E-03	+250.00000E-03	-0.0E+00	+125.00000E-03
+18.76000E-03	+187.50000E-03	+0.0E+00	-31.25000E-03
+18.78000E-03	+375.00000E-03	+0.0E+00	+125.00000E-03
+18.80000E-03	+250.00000E-03	+0.0E+00	+125.00000E-03
+18.82000E-03	+312.50000E-03	+0.0E+00	+125.00000E-03
+18.84000E-03	+250.00000E-03	+156.25000E-03	+125.00000E-03
+18.86000E-03	+250.00000E-03	-156.25000E-03	+125.00000E-03
+18.88000E-03	+312.50000E-03	-156.25000E-03	+125.00000E-03
+18.90000E-03	+375.00000E-03	-0.0E+00	+125.00000E-03
+18.92000E-03	+312.50000E-03	-156.25000E-03	+281.25000E-03
+18.94000E-03	+250.00000E-03	-156.25000E-03	+125.00000E-03
+18.96000E-03	+250.00000E-03	-0.0E+00	-31.25000E-03
+18.98000E-03	+250.00000E-03	+156.25000E-03	-31.25000E-03
+19.00000E-03	+250.00000E-03	-156.25000E-03	+125.00000E-03
+19.02000E-03	+312.50000E-03	-0.0E+00	-31.25000E-03
+19.02000E-03	+312.50000E-03	-0.0E+00	-31.25000E-03
